Area:(-30.0, -30.0)(379.1, -30.0)(379.1, 1069.3)(-30.0, 1069.3)
Rule:GATE(5,5);SD(5,5);GATE_SD(0.5);GATE_ITO(0.5);SD_ITO(0.5)
Module:M14
Boundary:(319.0, 431.4)(319.0, 531.1)(116.9, 531.1)(116.9, 431.4);GATE
Port:(116.9, 443.2)(122.7, 443.2)(122.7, 519.3)(116.9, 519.3);SD
Port:(319.0, 431.4)(319.0, 531.1)(125.7, 531.1)(125.7, 431.4);GATE
Port:(309.4, 437.3)(314.1, 437.3)(314.1, 525.2)(309.4, 525.2);SD
Module:M9
Boundary:(259.2, 213.4)(338.1, 213.4)(338.1, 377.1)(259.2, 377.1);GATE
Port:(271.7, 373.1)(325.6, 373.1)(325.6, 377.1)(271.7, 377.1);SD
Port:(259.2, 213.4)(338.1, 213.4)(338.1, 371.4)(259.2, 371.4);GATE
Port:(264.8, 218.0)(332.5, 218.0)(332.5, 223.8)(264.8, 223.8);SD
Module:M5
Boundary:(20.0, 20.0)(67.6, 20.0)(67.6, 20.2)(81.5, 20.2)(81.5, 138.1)(20.0, 138.1);GATE
Port:(33.7, 132.4)(67.8, 132.4)(67.8, 138.1)(33.7, 138.1);SD
Port:(20.0, 20.0)(67.6, 20.0)(67.6, 20.2)(81.5, 20.2)(81.5, 129.8)(20.0, 129.8);GATE
Port:(26.0, 25.0)(61.6, 25.0)(61.6, 32.0)(26.0, 32.0);SD
Module:M11
Boundary:(82.5, 173.5)(193.8, 173.5)(193.8, 293.5)(82.5, 293.5);GATE
Port:(96.4, 288.1)(179.9, 288.1)(179.9, 293.5)(96.4, 293.5);SD
Port:(82.5, 173.5)(193.8, 173.5)(193.8, 286.7)(82.5, 286.7);GATE
Port:(87.7, 177.7)(188.6, 177.7)(188.6, 184.1)(87.7, 184.1);SD
Module:M1
Boundary:(315.9, 591.1)(315.9, 669.7)(135.9, 669.7)(135.9, 591.1);GATE
Port:(135.9, 604.3)(140.3, 604.3)(140.3, 656.5)(135.9, 656.5);SD
Port:(315.9, 591.1)(315.9, 669.7)(141.9, 669.7)(141.9, 591.1);GATE
Port:(304.8, 596.8)(311.2, 596.8)(311.2, 664.0)(304.8, 664.0);SD
Module:M6
Boundary:(273.2, 853.2)(339.1, 853.2)(339.1, 1001.8)(273.2, 1001.8);GATE
Port:(286.1, 996.1)(326.2, 996.1)(326.2, 1001.8)(286.1, 1001.8);SD
Port:(273.2, 853.2)(339.1, 853.2)(339.1, 993.3)(273.2, 993.3);GATE
Port:(279.3, 858.3)(333.0, 858.3)(333.0, 862.6)(279.3, 862.6);SD
Module:M2
Boundary:(121.5, 20.0)(189.2, 20.0)(189.2, 143.5)(121.5, 143.5);GATE
Port:(134.9, 139.3)(175.8, 139.3)(175.8, 143.5)(134.9, 143.5);SD
Port:(121.5, 20.0)(189.2, 20.0)(189.2, 136.4)(121.5, 136.4);GATE
Port:(126.9, 24.4)(183.8, 24.4)(183.8, 30.2)(126.9, 30.2);SD
Module:M16
Boundary:(201.5, 853.2)(253.2, 853.2)(253.2, 959.6)(201.5, 959.6);GATE
Port:(214.7, 953.9)(240.0, 953.9)(240.0, 959.6)(214.7, 959.6);SD
Port:(201.5, 853.2)(253.2, 853.2)(253.2, 952.6)(201.5, 952.6);GATE
Port:(206.6, 857.3)(248.1, 857.3)(248.1, 863.0)(206.6, 863.0);SD
Module:M13
Boundary:(10.0, 344.2)(76.9, 344.2)(76.9, 569.4)(10.0, 569.4);GATE
Port:(24.3, 565.2)(62.6, 565.2)(62.6, 569.4)(24.3, 569.4);SD
Port:(10.0, 344.2)(76.9, 344.2)(76.9, 562.9)(10.0, 562.9);GATE
Port:(15.9, 349.1)(71.0, 349.1)(71.0, 355.6)(15.9, 355.6);SD
Module:M10
Boundary:(10.0, 168.1)(62.5, 168.1)(62.5, 324.2)(10.0, 324.2);GATE
Port:(23.4, 320.1)(49.1, 320.1)(49.1, 324.2)(23.4, 324.2);SD
Port:(10.0, 168.1)(62.5, 168.1)(62.5, 318.5)(10.0, 318.5);GATE
Port:(15.3, 172.4)(57.2, 172.4)(57.2, 178.5)(15.3, 178.5);SD
Module:M7
Boundary:(20.0, 599.4)(70.5, 599.4)(70.5, 599.6)(85.9, 599.6)(85.9, 821.4)(20.0, 821.4);GATE
Port:(34.2, 816.3)(71.7, 816.3)(71.7, 821.4)(34.2, 821.4);SD
Port:(20.0, 599.4)(70.5, 599.4)(70.5, 599.6)(85.9, 599.6)(85.9, 813.6)(20.0, 813.6);GATE
Port:(25.7, 604.1)(64.8, 604.1)(64.8, 611.6)(25.7, 611.6);SD
Module:M3
Boundary:(219.2, 10.0)(334.3, 10.0)(334.3, 193.4)(219.2, 193.4);GATE
Port:(231.8, 188.3)(321.7, 188.3)(321.7, 193.4)(231.8, 193.4);SD
Port:(219.2, 10.0)(334.3, 10.0)(334.3, 185.9)(219.2, 185.9);GATE
Port:(225.7, 15.5)(327.8, 15.5)(327.8, 20.1)(225.7, 20.1);SD
Module:M15
Boundary:(239.2, 313.5)(239.2, 376.6)(239.1, 376.6)(239.1, 391.4)(96.9, 391.4)(96.9, 313.5);GATE
Port:(96.9, 327.2)(101.8, 327.2)(101.8, 377.7)(96.9, 377.7);SD
Port:(239.2, 313.5)(239.2, 376.6)(239.1, 376.6)(239.1, 391.4)(104.3, 391.4)(104.3, 313.5);GATE
Port:(227.6, 318.9)(234.8, 318.9)(234.8, 371.2)(227.6, 371.2);SD
Module:M12
Boundary:(181.5, 941.4)(181.5, 1029.3)(10.0, 1029.3)(10.0, 941.4);GATE
Port:(10.0, 955.2)(14.8, 955.2)(14.8, 1015.5)(10.0, 1015.5);SD
Port:(181.5, 941.4)(181.5, 1029.3)(17.8, 1029.3)(17.8, 941.4);GATE
Port:(170.2, 947.4)(176.5, 947.4)(176.5, 1023.3)(170.2, 1023.3);SD
Module:M8
Boundary:(328.4, 719.7)(328.4, 806.2)(328.0, 806.2)(328.0, 823.2)(125.9, 823.2)(125.9, 719.7);GATE
Port:(125.9, 734.2)(131.4, 734.2)(131.4, 808.7)(125.9, 808.7);SD
Port:(328.4, 719.7)(328.4, 806.2)(328.0, 806.2)(328.0, 823.2)(132.7, 823.2)(132.7, 719.7);GATE
Port:(316.9, 725.4)(323.7, 725.4)(323.7, 800.5)(316.9, 800.5);SD
Module:M4
Boundary:(153.1, 863.2)(153.1, 895.2)(153.0, 895.2)(153.0, 911.4)(20.0, 911.4)(20.0, 863.2);GATE
Port:(20.0, 875.9)(25.1, 875.9)(25.1, 898.7)(20.0, 898.7);SD
Port:(153.1, 863.2)(153.1, 895.2)(153.0, 895.2)(153.0, 911.4)(26.9, 911.4)(26.9, 863.2);GATE
Port:(142.9, 868.2)(149.1, 868.2)(149.1, 890.2)(142.9, 890.2);SD
