Area:(-30.0, -30.0)(364.4, -30.0)(364.4, 1053.1)(-30.0, 1053.1)
Rule:GATE(5,5);SD(5,5);GATE_SD(0.5);GATE_ITO(0.5);SD_ITO(0.5)
Module:M14
Boundary:(225.8, 365.1)(294.5, 365.1)(294.5, 492.3)(225.8, 492.3);GATE
Port:(239.6, 487.7)(280.7, 487.7)(280.7, 492.3)(239.6, 492.3);SD
Port:(225.8, 365.1)(294.5, 365.1)(294.5, 485.2)(225.8, 485.2);GATE
Port:(231.9, 370.2)(288.4, 370.2)(288.4, 377.0)(231.9, 377.0);SD
Module:M9
Boundary:(324.4, 237.3)(324.4, 325.1)(224.3, 325.1)(224.3, 237.3);GATE
Port:(224.3, 252.6)(229.1, 252.6)(229.1, 309.8)(224.3, 309.8);SD
Port:(324.4, 237.3)(324.4, 325.1)(230.8, 325.1)(230.8, 237.3);GATE
Port:(312.2, 243.7)(319.0, 243.7)(319.0, 318.7)(312.2, 318.7);SD
Module:M5
Boundary:(170.2, 663.7)(170.2, 713.9)(170.2, 713.9)(170.2, 728.9)(20.0, 728.9)(20.0, 663.7);GATE
Port:(20.0, 677.9)(25.8, 677.9)(25.8, 714.7)(20.0, 714.7);SD
Port:(170.2, 663.7)(170.2, 713.9)(170.2, 713.9)(170.2, 728.9)(28.0, 728.9)(28.0, 663.7);GATE
Port:(158.0, 669.9)(165.0, 669.9)(165.0, 707.7)(158.0, 707.7);SD
Module:M11
Boundary:(304.3, 920.4)(304.3, 998.2)(303.9, 998.2)(303.9, 1013.1)(165.3, 1013.1)(165.3, 920.4);GATE
Port:(165.3, 933.2)(170.1, 933.2)(170.1, 1000.3)(165.3, 1000.3);SD
Port:(304.3, 920.4)(304.3, 998.2)(303.9, 998.2)(303.9, 1013.1)(172.1, 1013.1)(172.1, 920.4);GATE
Port:(293.0, 925.5)(300.2, 925.5)(300.2, 993.1)(293.0, 993.1);SD
Module:M1
Boundary:(165.8, 348.7)(165.8, 451.0)(165.7, 451.0)(165.7, 467.7)(30.0, 467.7)(30.0, 348.7);GATE
Port:(30.0, 363.3)(34.3, 363.3)(34.3, 453.1)(30.0, 453.1);SD
Port:(165.8, 348.7)(165.8, 451.0)(165.7, 451.0)(165.7, 467.7)(36.7, 467.7)(36.7, 348.7);GATE
Port:(154.1, 355.7)(159.8, 355.7)(159.8, 444.0)(154.1, 444.0);SD
Module:M6
Boundary:(145.3, 930.5)(145.3, 996.2)(145.3, 996.2)(145.3, 1011.8)(10.0, 1011.8)(10.0, 930.5);GATE
Port:(10.0, 943.9)(14.4, 943.9)(14.4, 998.4)(10.0, 998.4);SD
Port:(145.3, 930.5)(145.3, 996.2)(145.3, 996.2)(145.3, 1011.8)(16.8, 1011.8)(16.8, 930.5);GATE
Port:(134.0, 936.6)(140.2, 936.6)(140.2, 990.1)(134.0, 990.1);SD
Module:M2
Boundary:(210.2, 542.3)(297.4, 542.3)(297.4, 542.8)(311.6, 542.8)(311.6, 740.3)(210.2, 740.3);GATE
Port:(221.8, 735.5)(300.0, 735.5)(300.0, 740.3)(221.8, 740.3);SD
Port:(210.2, 542.3)(297.4, 542.3)(297.4, 542.8)(311.6, 542.8)(311.6, 733.7)(210.2, 733.7);GATE
Port:(216.2, 547.3)(291.4, 547.3)(291.4, 552.0)(216.2, 552.0);SD
Module:M16
Boundary:(130.6, 758.9)(162.8, 758.9)(162.8, 758.9)(178.1, 758.9)(178.1, 865.4)(130.6, 865.4);GATE
Port:(143.5, 860.9)(165.2, 860.9)(165.2, 865.4)(143.5, 865.4);SD
Port:(130.6, 758.9)(162.8, 758.9)(162.8, 758.9)(178.1, 758.9)(178.1, 859.5)(130.6, 859.5);GATE
Port:(135.9, 763.2)(157.5, 763.2)(157.5, 769.6)(135.9, 769.6);SD
Module:M13
Boundary:(116.2, 10.0)(215.8, 10.0)(215.8, 204.7)(116.2, 204.7);GATE
Port:(130.5, 200.5)(201.5, 200.5)(201.5, 204.7)(130.5, 204.7);SD
Port:(116.2, 10.0)(215.8, 10.0)(215.8, 197.6)(116.2, 197.6);GATE
Port:(122.4, 15.2)(209.6, 15.2)(209.6, 21.5)(122.4, 21.5);SD
Module:M10
Boundary:(10.0, 194.0)(76.4, 194.0)(76.4, 194.2)(93.2, 194.2)(93.2, 308.7)(10.0, 308.7);GATE
Port:(23.1, 304.0)(80.1, 304.0)(80.1, 308.7)(23.1, 308.7);SD
Port:(10.0, 194.0)(76.4, 194.0)(76.4, 194.2)(93.2, 194.2)(93.2, 301.4)(10.0, 301.4);GATE
Port:(15.2, 198.2)(71.2, 198.2)(71.2, 203.9)(15.2, 203.9);SD
Module:M7
Boundary:(160.1, 517.7)(160.1, 608.5)(160.0, 608.5)(160.0, 623.7)(20.0, 623.7)(20.0, 517.7);GATE
Port:(20.0, 529.1)(24.6, 529.1)(24.6, 612.3)(20.0, 612.3);SD
Port:(160.1, 517.7)(160.1, 608.5)(160.0, 608.5)(160.0, 623.7)(25.9, 623.7)(25.9, 517.7);GATE
Port:(151.2, 523.0)(155.8, 523.0)(155.8, 603.2)(151.2, 603.2);SD
Module:M3
Boundary:(10.0, 10.0)(79.0, 10.0)(79.0, 10.1)(96.2, 10.1)(96.2, 174.0)(10.0, 174.0);GATE
Port:(23.8, 168.4)(82.4, 168.4)(82.4, 174.0)(23.8, 174.0);SD
Port:(10.0, 10.0)(79.0, 10.0)(79.0, 10.1)(96.2, 10.1)(96.2, 166.6)(10.0, 166.6);GATE
Port:(16.1, 15.1)(72.9, 15.1)(72.9, 20.5)(16.1, 20.5);SD
Module:M15
Boundary:(10.0, 758.9)(93.9, 758.9)(93.9, 759.4)(110.6, 759.4)(110.6, 910.5)(10.0, 910.5);GATE
Port:(23.5, 905.2)(97.1, 905.2)(97.1, 910.5)(23.5, 910.5);SD
Port:(10.0, 758.9)(93.9, 758.9)(93.9, 759.4)(110.6, 759.4)(110.6, 904.0)(10.0, 904.0);GATE
Port:(15.3, 763.2)(88.6, 763.2)(88.6, 769.7)(15.3, 769.7);SD
Module:M12
Boundary:(204.3, 224.7)(204.3, 292.4)(204.1, 292.4)(204.1, 308.7)(113.2, 308.7)(113.2, 224.7);GATE
Port:(113.2, 238.3)(118.0, 238.3)(118.0, 295.1)(113.2, 295.1);SD
Port:(204.3, 224.7)(204.3, 292.4)(204.1, 292.4)(204.1, 308.7)(119.9, 308.7)(119.9, 224.7);GATE
Port:(192.8, 230.0)(200.0, 230.0)(200.0, 287.1)(192.8, 287.1);SD
Module:M8
Boundary:(245.8, 20.0)(298.7, 20.0)(298.7, 20.1)(314.5, 20.1)(314.5, 207.3)(245.8, 207.3);GATE
Port:(261.1, 203.2)(299.2, 203.2)(299.2, 207.3)(261.1, 207.3);SD
Port:(245.8, 20.0)(298.7, 20.0)(298.7, 20.1)(314.5, 20.1)(314.5, 200.8)(245.8, 200.8);GATE
Port:(252.4, 25.6)(292.1, 25.6)(292.1, 33.1)(252.4, 33.1);SD
Module:M4
Boundary:(210.2, 780.3)(273.9, 780.3)(273.9, 780.3)(290.2, 780.3)(290.2, 890.4)(210.2, 890.4);GATE
Port:(221.8, 886.2)(278.6, 886.2)(278.6, 890.4)(221.8, 890.4);SD
Port:(210.2, 780.3)(273.9, 780.3)(273.9, 780.3)(290.2, 780.3)(290.2, 884.8)(210.2, 884.8);GATE
Port:(215.3, 784.4)(268.8, 784.4)(268.8, 789.4)(215.3, 789.4);SD
