Area:(-30.0, -30.0)(674.7, -30.0)(674.7, 594.0)(-30.0, 594.0)
Rule:GATE(5,5);SD(5,5);GATE_SD(0.5);GATE_ITO(0.5);SD_ITO(0.5)
Module:M14
Boundary:(190.0, 174.9)(190.0, 248.5)(30.0, 248.5)(30.0, 174.9);GATE
Port:(30.0, 189.4)(35.1, 189.4)(35.1, 234.0)(30.0, 234.0);SD
Port:(190.0, 174.9)(190.0, 248.5)(37.0, 248.5)(37.0, 174.9);GATE
Port:(178.6, 180.3)(185.6, 180.3)(185.6, 243.1)(178.6, 243.1);SD
Module:M9
Boundary:(634.7, 10.0)(634.7, 89.7)(634.4, 89.7)(634.4, 105.3)(523.9, 105.3)(523.9, 10.0);GATE
Port:(523.9, 23.0)(528.4, 23.0)(528.4, 92.3)(523.9, 92.3);SD
Port:(634.7, 10.0)(634.7, 89.7)(634.4, 89.7)(634.4, 105.3)(531.2, 105.3)(531.2, 10.0);GATE
Port:(624.0, 15.3)(630.4, 15.3)(630.4, 84.4)(624.0, 84.4);SD
Module:M5
Boundary:(378.5, 20.0)(493.9, 20.0)(493.9, 186.7)(378.5, 186.7);GATE
Port:(393.7, 182.5)(478.7, 182.5)(478.7, 186.7)(393.7, 186.7);SD
Port:(378.5, 20.0)(493.9, 20.0)(493.9, 181.4)(378.5, 181.4);GATE
Port:(385.4, 25.9)(487.0, 25.9)(487.0, 32.5)(385.4, 32.5);SD
Module:M11
Boundary:(193.0, 288.5)(193.0, 372.1)(10.0, 372.1)(10.0, 288.5);GATE
Port:(10.0, 301.1)(14.5, 301.1)(14.5, 359.5)(10.0, 359.5);SD
Port:(193.0, 288.5)(193.0, 372.1)(16.4, 372.1)(16.4, 288.5);GATE
Port:(183.2, 293.6)(188.9, 293.6)(188.9, 367.0)(183.2, 367.0);SD
Module:M1
Boundary:(255.1, 332.6)(306.1, 332.6)(306.1, 332.7)(322.4, 332.7)(322.4, 512.8)(255.1, 512.8);GATE
Port:(269.1, 508.0)(308.4, 508.0)(308.4, 512.8)(269.1, 512.8);SD
Port:(255.1, 332.6)(306.1, 332.6)(306.1, 332.7)(322.4, 332.7)(322.4, 505.1)(255.1, 505.1);GATE
Port:(260.7, 337.2)(300.5, 337.2)(300.5, 344.0)(260.7, 344.0);SD
Module:M6
Boundary:(172.9, 462.8)(172.9, 550.3)(10.0, 550.3)(10.0, 462.8);GATE
Port:(10.0, 478.5)(15.8, 478.5)(15.8, 534.6)(10.0, 534.6);SD
Port:(172.9, 462.8)(172.9, 550.3)(18.1, 550.3)(18.1, 462.8);GATE
Port:(159.5, 469.3)(167.4, 469.3)(167.4, 543.8)(159.5, 543.8);SD
Module:M2
Boundary:(378.5, 364.2)(450.8, 364.2)(450.8, 364.2)(465.3, 364.2)(465.3, 431.6)(378.5, 431.6);GATE
Port:(389.2, 426.1)(454.6, 426.1)(454.6, 431.6)(389.2, 431.6);SD
Port:(378.5, 364.2)(450.8, 364.2)(450.8, 364.2)(465.3, 364.2)(465.3, 423.8)(378.5, 423.8);GATE
Port:(383.7, 368.4)(445.6, 368.4)(445.6, 373.2)(383.7, 373.2);SD
Module:M16
Boundary:(599.9, 125.3)(599.9, 184.9)(599.5, 184.9)(599.5, 198.9)(523.9, 198.9)(523.9, 125.3);GATE
Port:(523.9, 137.9)(528.0, 137.9)(528.0, 186.3)(523.9, 186.3);SD
Port:(599.9, 125.3)(599.9, 184.9)(599.5, 184.9)(599.5, 198.9)(529.4, 198.9)(529.4, 125.3);GATE
Port:(589.4, 131.4)(594.8, 131.4)(594.8, 178.8)(589.4, 178.8);SD
Module:M13
Boundary:(614.9, 218.9)(614.9, 326.0)(434.4, 326.0)(434.4, 218.9);GATE
Port:(434.4, 231.7)(439.0, 231.7)(439.0, 313.2)(434.4, 313.2);SD
Port:(614.9, 218.9)(614.9, 326.0)(441.1, 326.0)(441.1, 218.9);GATE
Port:(604.0, 224.8)(610.0, 224.8)(610.0, 320.1)(604.0, 320.1);SD
Module:M10
Boundary:(215.1, 392.1)(215.1, 427.9)(214.9, 427.9)(214.9, 442.8)(10.0, 442.8)(10.0, 392.1);GATE
Port:(10.0, 406.3)(14.5, 406.3)(14.5, 428.6)(10.0, 428.6);SD
Port:(215.1, 392.1)(215.1, 427.9)(214.9, 427.9)(214.9, 442.8)(17.4, 442.8)(17.4, 392.1);GATE
Port:(202.6, 398.6)(209.6, 398.6)(209.6, 421.4)(202.6, 421.4);SD
Module:M7
Boundary:(253.6, 20.0)(322.8, 20.0)(322.8, 20.1)(338.5, 20.1)(338.5, 216.8)(253.6, 216.8);GATE
Port:(268.6, 212.3)(323.5, 212.3)(323.5, 216.8)(268.6, 216.8);SD
Port:(253.6, 20.0)(322.8, 20.0)(322.8, 20.1)(338.5, 20.1)(338.5, 211.0)(253.6, 211.0);GATE
Port:(260.5, 25.9)(315.9, 25.9)(315.9, 33.3)(260.5, 33.3);SD
Module:M3
Boundary:(465.3, 461.6)(465.3, 538.9)(465.0, 538.9)(465.0, 554.0)(362.4, 554.0)(362.4, 461.6);GATE
Port:(362.4, 474.6)(367.5, 474.6)(367.5, 541.0)(362.4, 541.0);SD
Port:(465.3, 461.6)(465.3, 538.9)(465.0, 538.9)(465.0, 554.0)(369.2, 554.0)(369.2, 461.6);GATE
Port:(455.1, 467.9)(460.0, 467.9)(460.0, 532.6)(455.1, 532.6);SD
Module:M15
Boundary:(343.1, 246.8)(343.1, 278.3)(343.0, 278.3)(343.0, 292.6)(230.0, 292.6)(230.0, 246.8);GATE
Port:(230.0, 259.5)(234.6, 259.5)(234.6, 279.9)(230.0, 279.9);SD
Port:(343.1, 246.8)(343.1, 278.3)(343.0, 278.3)(343.0, 292.6)(236.0, 292.6)(236.0, 246.8);GATE
Port:(332.4, 252.4)(338.5, 252.4)(338.5, 272.7)(332.4, 272.7);SD
Module:M12
Boundary:(368.5, 216.7)(414.4, 216.7)(414.4, 334.2)(368.5, 334.2);GATE
Port:(380.4, 329.2)(402.5, 329.2)(402.5, 334.2)(380.4, 334.2);SD
Port:(368.5, 216.7)(414.4, 216.7)(414.4, 327.1)(368.5, 327.1);GATE
Port:(373.9, 221.1)(409.0, 221.1)(409.0, 227.0)(373.9, 227.0);SD
Module:M8
Boundary:(213.6, 20.0)(213.6, 124.9)(20.0, 124.9)(20.0, 20.0);GATE
Port:(20.0, 32.9)(25.6, 32.9)(25.6, 112.0)(20.0, 112.0);SD
Port:(213.6, 20.0)(213.6, 124.9)(28.0, 124.9)(28.0, 20.0);GATE
Port:(202.3, 25.7)(208.9, 25.7)(208.9, 119.2)(202.3, 119.2);SD
Module:M4
Boundary:(505.3, 356.0)(605.2, 356.0)(605.2, 356.2)(621.5, 356.2)(621.5, 542.6)(505.3, 542.6);GATE
Port:(519.3, 537.2)(607.5, 537.2)(607.5, 542.6)(519.3, 542.6);SD
Port:(505.3, 356.0)(605.2, 356.0)(605.2, 356.2)(621.5, 356.2)(621.5, 534.9)(505.3, 534.9);GATE
Port:(510.3, 360.0)(600.2, 360.0)(600.2, 367.6)(510.3, 367.6);SD
