Area:(-30.0, -30.0)(967.2, -30.0)(967.2, 412.6)(-30.0, 412.6)
Rule:GATE(5,5);SD(5,5);GATE_SD(0.5);GATE_ITO(0.5);SD_ITO(0.5)
Module:M14
Boundary:(718.9, 284.1)(718.9, 358.1)(579.8, 358.1)(579.8, 284.1);GATE
Port:(579.8, 296.1)(583.8, 296.1)(583.8, 346.1)(579.8, 346.1);SD
Port:(718.9, 284.1)(718.9, 358.1)(586.2, 358.1)(586.2, 284.1);GATE
Port:(708.9, 289.3)(714.7, 289.3)(714.7, 352.9)(708.9, 352.9);SD
Module:M9
Boundary:(756.3, 147.6)(756.3, 244.1)(617.2, 244.1)(617.2, 147.6);GATE
Port:(617.2, 163.9)(621.6, 163.9)(621.6, 227.8)(617.2, 227.8);SD
Port:(756.3, 147.6)(756.3, 244.1)(624.5, 244.1)(624.5, 147.6);GATE
Port:(743.1, 154.6)(750.3, 154.6)(750.3, 237.1)(743.1, 237.1);SD
Module:M5
Boundary:(687.7, 20.0)(687.7, 101.3)(687.3, 101.3)(687.3, 117.6)(509.4, 117.6)(509.4, 20.0);GATE
Port:(509.4, 32.3)(514.5, 32.3)(514.5, 105.3)(509.4, 105.3);SD
Port:(687.7, 20.0)(687.7, 101.3)(687.3, 101.3)(687.3, 117.6)(515.9, 117.6)(515.9, 20.0);GATE
Port:(677.7, 26.1)(682.6, 26.1)(682.6, 95.2)(677.7, 95.2);SD
Module:M11
Boundary:(176.1, 10.0)(176.1, 117.1)(175.7, 117.1)(175.7, 135.0)(10.0, 135.0)(10.0, 10.0);GATE
Port:(10.0, 23.8)(15.9, 23.8)(15.9, 121.2)(10.0, 121.2);SD
Port:(176.1, 10.0)(176.1, 117.1)(175.7, 117.1)(175.7, 135.0)(18.3, 135.0)(18.3, 10.0);GATE
Port:(165.5, 16.2)(170.9, 16.2)(170.9, 110.9)(165.5, 110.9);SD
Module:M1
Boundary:(796.3, 258.2)(902.8, 258.2)(902.8, 258.6)(920.0, 258.6)(920.0, 361.7)(796.3, 361.7);GATE
Port:(811.8, 357.2)(904.5, 357.2)(904.5, 361.7)(811.8, 361.7);SD
Port:(796.3, 258.2)(902.8, 258.2)(902.8, 258.6)(920.0, 258.6)(920.0, 355.1)(796.3, 355.1);GATE
Port:(802.5, 263.4)(896.6, 263.4)(896.6, 270.8)(802.5, 270.8);SD
Module:M6
Boundary:(390.4, 10.0)(479.4, 10.0)(479.4, 119.3)(390.4, 119.3);GATE
Port:(401.8, 114.5)(468.0, 114.5)(468.0, 119.3)(401.8, 119.3);SD
Port:(390.4, 10.0)(479.4, 10.0)(479.4, 113.2)(390.4, 113.2);GATE
Port:(395.7, 14.3)(474.1, 14.3)(474.1, 19.5)(395.7, 19.5);SD
Module:M2
Boundary:(145.3, 165.0)(257.2, 165.0)(257.2, 165.0)(276.1, 165.0)(276.1, 371.4)(145.3, 371.4);GATE
Port:(159.5, 365.8)(261.9, 365.8)(261.9, 371.4)(159.5, 371.4);SD
Port:(145.3, 165.0)(257.2, 165.0)(257.2, 165.0)(276.1, 165.0)(276.1, 363.6)(145.3, 363.6);GATE
Port:(151.2, 169.9)(251.3, 169.9)(251.3, 175.9)(151.2, 175.9);SD
Module:M16
Boundary:(468.5, 139.3)(468.5, 222.6)(306.1, 222.6)(306.1, 139.3);GATE
Port:(306.1, 150.9)(311.2, 150.9)(311.2, 211.0)(306.1, 211.0);SD
Port:(468.5, 139.3)(468.5, 222.6)(312.6, 222.6)(312.6, 139.3);GATE
Port:(458.8, 144.9)(463.9, 144.9)(463.9, 217.0)(458.8, 217.0);SD
Module:M13
Boundary:(904.8, 142.7)(904.8, 218.2)(776.3, 218.2)(776.3, 142.7);GATE
Port:(776.3, 154.8)(781.1, 154.8)(781.1, 206.1)(776.3, 206.1);SD
Port:(904.8, 142.7)(904.8, 218.2)(783.4, 218.2)(783.4, 142.7);GATE
Port:(894.7, 148.0)(900.5, 148.0)(900.5, 212.9)(894.7, 212.9);SD
Module:M10
Boundary:(196.1, 10.0)(267.1, 10.0)(267.1, 129.7)(196.1, 129.7);GATE
Port:(210.7, 125.5)(252.5, 125.5)(252.5, 129.7)(210.7, 129.7);SD
Port:(196.1, 10.0)(267.1, 10.0)(267.1, 123.0)(196.1, 123.0);GATE
Port:(202.1, 15.0)(261.1, 15.0)(261.1, 21.2)(202.1, 21.2);SD
Module:M7
Boundary:(587.2, 157.6)(587.2, 202.1)(587.0, 202.1)(587.0, 216.2)(498.5, 216.2)(498.5, 157.6);GATE
Port:(498.5, 169.4)(502.9, 169.4)(502.9, 204.4)(498.5, 204.4);SD
Port:(587.2, 157.6)(587.2, 202.1)(587.0, 202.1)(587.0, 216.2)(505.3, 216.2)(505.3, 157.6);GATE
Port:(577.3, 163.5)(582.3, 163.5)(582.3, 196.2)(577.3, 196.2);SD
Module:M3
Boundary:(287.1, 10.0)(353.3, 10.0)(353.3, 10.3)(370.4, 10.3)(370.4, 107.6)(287.1, 107.6);GATE
Port:(299.7, 102.6)(357.8, 102.6)(357.8, 107.6)(299.7, 107.6);SD
Port:(287.1, 10.0)(353.3, 10.0)(353.3, 10.3)(370.4, 10.3)(370.4, 100.5)(287.1, 100.5);GATE
Port:(292.4, 14.3)(348.0, 14.3)(348.0, 19.4)(292.4, 19.4);SD
Module:M15
Boundary:(717.7, 10.0)(815.2, 10.0)(815.2, 122.7)(717.7, 122.7);GATE
Port:(731.8, 117.5)(801.1, 117.5)(801.1, 122.7)(731.8, 122.7);SD
Port:(717.7, 10.0)(815.2, 10.0)(815.2, 115.7)(717.7, 115.7);GATE
Port:(724.5, 15.8)(808.4, 15.8)(808.4, 21.3)(724.5, 21.3);SD
Module:M12
Boundary:(835.2, 10.0)(927.2, 10.0)(927.2, 116.3)(835.2, 116.3);GATE
Port:(849.0, 110.5)(913.4, 110.5)(913.4, 116.3)(849.0, 116.3);SD
Port:(835.2, 10.0)(927.2, 10.0)(927.2, 108.7)(835.2, 108.7);GATE
Port:(841.2, 15.0)(921.2, 15.0)(921.2, 21.0)(841.2, 21.0);SD
Module:M8
Boundary:(529.8, 256.2)(529.8, 372.6)(316.1, 372.6)(316.1, 256.2);GATE
Port:(316.1, 269.9)(322.0, 269.9)(322.0, 358.9)(316.1, 358.9);SD
Port:(529.8, 256.2)(529.8, 372.6)(323.6, 372.6)(323.6, 256.2);GATE
Port:(518.9, 261.7)(525.3, 261.7)(525.3, 367.1)(518.9, 367.1);SD
Module:M4
Boundary:(20.0, 165.0)(89.2, 165.0)(89.2, 165.2)(105.3, 165.2)(105.3, 350.5)(20.0, 350.5);GATE
Port:(35.2, 346.0)(90.1, 346.0)(90.1, 350.5)(35.2, 350.5);SD
Port:(20.0, 165.0)(89.2, 165.0)(89.2, 165.2)(105.3, 165.2)(105.3, 345.0)(20.0, 345.0);GATE
Port:(26.9, 170.9)(82.3, 170.9)(82.3, 177.0)(26.9, 177.0);SD
