Area:(-30.0, -30.0)(359.1, -30.0)(359.1, 994.8)(-30.0, 994.8)
Rule:GATE(5,5);SD(5,5);GATE_SD(0.5);GATE_ITO(0.5);SD_ITO(0.5)
Module:M14
Boundary:(184.7, 677.8)(284.6, 677.8)(284.6, 793.5)(184.7, 793.5);GATE
Port:(197.5, 789.2)(271.8, 789.2)(271.8, 793.5)(197.5, 793.5);SD
Port:(184.7, 677.8)(284.6, 677.8)(284.6, 787.9)(184.7, 787.9);GATE
Port:(189.8, 681.9)(279.5, 681.9)(279.5, 687.4)(189.8, 687.4);SD
Module:M9
Boundary:(119.8, 433.9)(166.7, 433.9)(166.7, 627.1)(119.8, 627.1);GATE
Port:(131.9, 621.9)(154.6, 621.9)(154.6, 627.1)(131.9, 627.1);SD
Port:(119.8, 433.9)(166.7, 433.9)(166.7, 620.5)(119.8, 620.5);GATE
Port:(125.1, 438.2)(161.4, 438.2)(161.4, 444.4)(125.1, 444.4);SD
Module:M5
Boundary:(134.7, 657.1)(134.7, 758.5)(20.0, 758.5)(20.0, 657.1);GATE
Port:(20.0, 671.1)(25.9, 671.1)(25.9, 744.5)(20.0, 744.5);SD
Port:(134.7, 657.1)(134.7, 758.5)(27.7, 758.5)(27.7, 657.1);GATE
Port:(122.6, 663.0)(129.8, 663.0)(129.8, 752.6)(122.6, 752.6);SD
Module:M11
Boundary:(307.3, 327.7)(307.3, 413.9)(166.6, 413.9)(166.6, 327.7);GATE
Port:(166.6, 342.8)(171.1, 342.8)(171.1, 398.8)(166.6, 398.8);SD
Port:(307.3, 327.7)(307.3, 413.9)(173.3, 413.9)(173.3, 327.7);GATE
Port:(293.9, 334.3)(301.7, 334.3)(301.7, 407.3)(293.9, 407.3);SD
Module:M1
Boundary:(285.3, 152.7)(285.3, 186.0)(285.3, 186.0)(285.3, 200.7)(148.1, 200.7)(148.1, 152.7);GATE
Port:(148.1, 166.3)(153.4, 166.3)(153.4, 187.1)(148.1, 187.1);SD
Port:(285.3, 152.7)(285.3, 186.0)(285.3, 186.0)(285.3, 200.7)(154.9, 200.7)(154.9, 152.7);GATE
Port:(273.9, 158.6)(280.4, 158.6)(280.4, 180.1)(273.9, 180.1);SD
Module:M6
Boundary:(311.7, 240.7)(311.7, 307.7)(166.6, 307.7)(166.6, 240.7);GATE
Port:(166.6, 254.1)(172.2, 254.1)(172.2, 294.3)(166.6, 294.3);SD
Port:(311.7, 240.7)(311.7, 307.7)(175.0, 307.7)(175.0, 240.7);GATE
Port:(301.2, 245.9)(307.5, 245.9)(307.5, 302.5)(301.2, 302.5);SD
Module:M2
Boundary:(122.0, 20.0)(122.0, 80.8)(122.0, 80.8)(122.0, 95.5)(20.0, 95.5)(20.0, 20.0);GATE
Port:(20.0, 31.8)(25.1, 31.8)(25.1, 83.7)(20.0, 83.7);SD
Port:(122.0, 20.0)(122.0, 80.8)(122.0, 80.8)(122.0, 95.5)(27.9, 95.5)(27.9, 20.0);GATE
Port:(111.7, 25.2)(117.8, 25.2)(117.8, 75.6)(111.7, 75.6);SD
Module:M16
Boundary:(10.0, 788.5)(87.2, 788.5)(87.2, 788.7)(102.6, 788.7)(102.6, 954.8)(10.0, 954.8);GATE
Port:(22.2, 950.8)(90.4, 950.8)(90.4, 954.8)(22.2, 954.8);SD
Port:(10.0, 788.5)(87.2, 788.5)(87.2, 788.7)(102.6, 788.7)(102.6, 949.4)(10.0, 949.4);GATE
Port:(15.3, 792.8)(81.9, 792.8)(81.9, 798.2)(15.3, 798.2);SD
Module:M13
Boundary:(10.0, 237.5)(37.3, 237.5)(37.3, 237.6)(50.3, 237.6)(50.3, 416.3)(10.0, 416.3);GATE
Port:(20.5, 410.4)(39.8, 410.4)(39.8, 416.3)(20.5, 416.3);SD
Port:(10.0, 237.5)(37.3, 237.5)(37.3, 237.6)(50.3, 237.6)(50.3, 408.2)(10.0, 408.2);GATE
Port:(15.4, 241.9)(31.9, 241.9)(31.9, 246.4)(15.4, 246.4);SD
Module:M10
Boundary:(319.1, 833.5)(319.1, 954.2)(122.6, 954.2)(122.6, 833.5);GATE
Port:(122.6, 848.4)(127.5, 848.4)(127.5, 939.3)(122.6, 939.3);SD
Port:(319.1, 833.5)(319.1, 954.2)(130.1, 954.2)(130.1, 833.5);GATE
Port:(306.4, 839.6)(314.0, 839.6)(314.0, 948.1)(306.4, 948.1);SD
Module:M7
Boundary:(20.0, 446.3)(72.5, 446.3)(72.5, 446.4)(89.8, 446.4)(89.8, 616.7)(20.0, 616.7);GATE
Port:(34.1, 612.2)(75.7, 612.2)(75.7, 616.7)(34.1, 616.7);SD
Port:(20.0, 446.3)(72.5, 446.3)(72.5, 446.4)(89.8, 446.4)(89.8, 609.8)(20.0, 609.8);GATE
Port:(25.6, 450.9)(66.9, 450.9)(66.9, 457.0)(25.6, 457.0);SD
Module:M3
Boundary:(315.4, 433.9)(315.4, 518.4)(186.7, 518.4)(186.7, 433.9);GATE
Port:(186.7, 447.9)(190.8, 447.9)(190.8, 504.4)(186.7, 504.4);SD
Port:(315.4, 433.9)(315.4, 518.4)(193.1, 518.4)(193.1, 433.9);GATE
Port:(303.9, 439.7)(310.6, 439.7)(310.6, 512.6)(303.9, 512.6);SD
Module:M15
Boundary:(311.9, 10.0)(311.9, 98.2)(311.5, 98.2)(311.5, 112.7)(152.0, 112.7)(152.0, 10.0);GATE
Port:(152.0, 21.6)(156.0, 21.6)(156.0, 101.1)(152.0, 101.1);SD
Port:(311.9, 10.0)(311.9, 98.2)(311.5, 98.2)(311.5, 112.7)(158.3, 112.7)(158.3, 10.0);GATE
Port:(302.5, 15.8)(307.1, 15.8)(307.1, 92.4)(302.5, 92.4);SD
Module:M12
Boundary:(108.1, 125.5)(108.1, 217.5)(10.0, 217.5)(10.0, 125.5);GATE
Port:(10.0, 140.2)(14.4, 140.2)(14.4, 202.8)(10.0, 202.8);SD
Port:(108.1, 125.5)(108.1, 217.5)(16.2, 217.5)(16.2, 125.5);GATE
Port:(96.5, 132.0)(102.6, 132.0)(102.6, 211.0)(96.5, 211.0);SD
Module:M8
Boundary:(80.3, 250.7)(136.6, 250.7)(136.6, 396.0)(80.3, 396.0);GATE
Port:(95.8, 390.7)(121.1, 390.7)(121.1, 396.0)(95.8, 396.0);SD
Port:(80.3, 250.7)(136.6, 250.7)(136.6, 388.0)(80.3, 388.0);GATE
Port:(87.3, 256.7)(129.6, 256.7)(129.6, 263.0)(87.3, 263.0);SD
Module:M4
Boundary:(277.1, 548.4)(277.1, 627.8)(196.7, 627.8)(196.7, 548.4);GATE
Port:(196.7, 561.2)(201.7, 561.2)(201.7, 615.0)(196.7, 615.0);SD
Port:(277.1, 548.4)(277.1, 627.8)(203.1, 627.8)(203.1, 548.4);GATE
Port:(266.4, 554.8)(271.7, 554.8)(271.7, 621.4)(266.4, 621.4);SD
