Area:(-20.0, -30.0)(452.6, -30.0)(452.6, 913.9)(-20.0, 913.9)
Rule:GATE(5,5);SD(5,5);GATE_SD(0.5);GATE_ITO(0.5);SD_ITO(0.5)
Module:M14
Boundary:(30.0, 30.0)(95.9, 30.0)(95.9, 208.5)(30.0, 208.5);GATE
Port:(43.3, 203.1)(82.6, 203.1)(82.6, 208.5)(43.3, 208.5);SD
Port:(30.0, 30.0)(95.9, 30.0)(95.9, 200.3)(30.0, 200.3);GATE
Port:(35.5, 34.5)(90.4, 34.5)(90.4, 40.8)(35.5, 40.8);SD
Module:M9
Boundary:(329.7, 10.0)(404.2, 10.0)(404.2, 153.5)(329.7, 153.5);GATE
Port:(340.9, 148.5)(393.0, 148.5)(393.0, 153.5)(340.9, 153.5);SD
Port:(329.7, 10.0)(404.2, 10.0)(404.2, 146.5)(329.7, 146.5);GATE
Port:(335.3, 14.6)(398.6, 14.6)(398.6, 19.2)(335.3, 19.2);SD
Module:M5
Boundary:(210.9, 786.0)(210.9, 865.5)(20.0, 865.5)(20.0, 786.0);GATE
Port:(20.0, 799.4)(25.2, 799.4)(25.2, 852.1)(20.0, 852.1);SD
Port:(210.9, 786.0)(210.9, 865.5)(26.4, 865.5)(26.4, 786.0);GATE
Port:(199.2, 792.6)(205.3, 792.6)(205.3, 858.9)(199.2, 858.9);SD
Module:M11
Boundary:(208.7, 10.0)(295.4, 10.0)(295.4, 10.1)(309.7, 10.1)(309.7, 132.9)(208.7, 132.9);GATE
Port:(220.3, 128.2)(298.1, 128.2)(298.1, 132.9)(220.3, 132.9);SD
Port:(208.7, 10.0)(295.4, 10.0)(295.4, 10.1)(309.7, 10.1)(309.7, 126.5)(208.7, 126.5);GATE
Port:(213.9, 14.2)(290.2, 14.2)(290.2, 19.3)(213.9, 19.3);SD
Module:M1
Boundary:(157.5, 663.9)(157.5, 736.0)(30.0, 736.0)(30.0, 663.9);GATE
Port:(30.0, 677.0)(35.3, 677.0)(35.3, 722.9)(30.0, 722.9);SD
Port:(157.5, 663.9)(157.5, 736.0)(37.4, 736.0)(37.4, 663.9);GATE
Port:(145.9, 669.6)(152.8, 669.6)(152.8, 730.3)(145.9, 730.3);SD
Module:M6
Boundary:(135.9, 10.0)(171.5, 10.0)(171.5, 10.1)(188.7, 10.1)(188.7, 91.7)(135.9, 91.7);GATE
Port:(149.9, 85.9)(174.7, 85.9)(174.7, 91.7)(149.9, 91.7);SD
Port:(135.9, 10.0)(171.5, 10.0)(171.5, 10.1)(188.7, 10.1)(188.7, 83.5)(135.9, 83.5);GATE
Port:(142.8, 15.9)(164.6, 15.9)(164.6, 21.1)(142.8, 21.1);SD
Module:M2
Boundary:(271.2, 162.9)(271.2, 251.1)(145.9, 251.1)(145.9, 162.9);GATE
Port:(145.9, 178.0)(151.6, 178.0)(151.6, 236.0)(145.9, 236.0);SD
Port:(271.2, 162.9)(271.2, 251.1)(154.1, 251.1)(154.1, 162.9);GATE
Port:(258.8, 169.3)(265.8, 169.3)(265.8, 244.7)(258.8, 244.7);SD
Module:M16
Boundary:(337.1, 551.6)(403.0, 551.6)(403.0, 747.4)(337.1, 747.4);GATE
Port:(350.4, 742.0)(389.7, 742.0)(389.7, 747.4)(350.4, 747.4);SD
Port:(337.1, 551.6)(403.0, 551.6)(403.0, 740.6)(337.1, 740.6);GATE
Port:(342.3, 555.8)(397.8, 555.8)(397.8, 561.5)(342.3, 561.5);SD
Module:M13
Boundary:(406.9, 771.1)(406.9, 860.1)(406.6, 860.1)(406.6, 873.9)(240.9, 873.9)(240.9, 771.1);GATE
Port:(240.9, 785.0)(245.7, 785.0)(245.7, 860.0)(240.9, 860.0);SD
Port:(406.9, 771.1)(406.9, 860.1)(406.6, 860.1)(406.6, 873.9)(246.8, 873.9)(246.8, 771.1);GATE
Port:(394.7, 777.4)(401.6, 777.4)(401.6, 853.8)(394.7, 853.8);SD
Module:M10
Boundary:(317.1, 643.9)(317.1, 751.1)(197.5, 751.1)(197.5, 643.9);GATE
Port:(197.5, 657.7)(202.3, 657.7)(202.3, 737.3)(197.5, 737.3);SD
Port:(317.1, 643.9)(317.1, 751.1)(204.1, 751.1)(204.1, 643.9);GATE
Port:(306.0, 649.4)(312.6, 649.4)(312.6, 745.6)(306.0, 745.6);SD
Module:M7
Boundary:(20.0, 446.1)(65.8, 446.1)(65.8, 446.3)(79.7, 446.3)(79.7, 604.9)(20.0, 604.9);GATE
Port:(32.8, 600.5)(66.9, 600.5)(66.9, 604.9)(32.8, 604.9);SD
Port:(20.0, 446.1)(65.8, 446.1)(65.8, 446.3)(79.7, 446.3)(79.7, 598.0)(20.0, 598.0);GATE
Port:(26.8, 451.9)(59.0, 451.9)(59.0, 456.8)(26.8, 456.8);SD
Module:M3
Boundary:(316.7, 551.6)(316.7, 623.9)(109.7, 623.9)(109.7, 551.6);GATE
Port:(109.7, 565.9)(114.0, 565.9)(114.0, 609.6)(109.7, 609.6);SD
Port:(316.7, 551.6)(316.7, 623.9)(116.7, 623.9)(116.7, 551.6);GATE
Port:(305.8, 557.7)(311.6, 557.7)(311.6, 617.8)(305.8, 617.8);SD
Module:M15
Boundary:(301.2, 173.5)(397.2, 173.5)(397.2, 173.6)(412.6, 173.6)(412.6, 394.2)(301.2, 394.2);GATE
Port:(315.2, 388.8)(398.6, 388.8)(398.6, 394.2)(315.2, 394.2);SD
Port:(301.2, 173.5)(397.2, 173.5)(397.2, 173.6)(412.6, 173.6)(412.6, 385.8)(301.2, 385.8);GATE
Port:(306.7, 178.0)(391.7, 178.0)(391.7, 185.4)(306.7, 185.4);SD
Module:M12
Boundary:(278.7, 281.1)(278.7, 396.3)(135.9, 396.3)(135.9, 281.1);GATE
Port:(135.9, 294.2)(141.9, 294.2)(141.9, 383.2)(135.9, 383.2);SD
Port:(278.7, 281.1)(278.7, 396.3)(143.7, 396.3)(143.7, 281.1);GATE
Port:(267.8, 286.7)(274.1, 286.7)(274.1, 390.7)(267.8, 390.7);SD
Module:M8
Boundary:(353.0, 426.3)(353.0, 521.6)(145.9, 521.6)(145.9, 426.3);GATE
Port:(145.9, 439.6)(151.0, 439.6)(151.0, 508.3)(145.9, 508.3);SD
Port:(353.0, 426.3)(353.0, 521.6)(152.6, 521.6)(152.6, 426.3);GATE
Port:(341.8, 432.8)(347.5, 432.8)(347.5, 515.1)(341.8, 515.1);SD
Module:M4
Boundary:(20.0, 258.5)(86.9, 258.5)(86.9, 258.5)(103.8, 258.5)(103.8, 406.1)(20.0, 406.1);GATE
Port:(33.2, 400.5)(90.6, 400.5)(90.6, 406.1)(33.2, 406.1);SD
Port:(20.0, 258.5)(86.9, 258.5)(86.9, 258.5)(103.8, 258.5)(103.8, 399.0)(20.0, 399.0);GATE
Port:(25.6, 263.1)(81.3, 263.1)(81.3, 268.9)(25.6, 268.9);SD
