Area:(-30.0, -30.0)(417.1, -30.0)(417.1, 949.0)(-30.0, 949.0)
Rule:GATE(5,5);SD(5,5);GATE_SD(0.5);GATE_ITO(0.5);SD_ITO(0.5)
Module:M14
Boundary:(30.0, 709.7)(147.9, 709.7)(147.9, 909.0)(30.0, 909.0);GATE
Port:(43.7, 903.3)(134.2, 903.3)(134.2, 909.0)(43.7, 909.0);SD
Port:(30.0, 709.7)(147.9, 709.7)(147.9, 902.0)(30.0, 902.0);GATE
Port:(35.7, 714.4)(142.2, 714.4)(142.2, 721.2)(35.7, 721.2);SD
Module:M9
Boundary:(245.4, 77.8)(245.4, 127.7)(245.3, 127.7)(245.3, 143.5)(137.2, 143.5)(137.2, 77.8);GATE
Port:(137.2, 91.7)(142.3, 91.7)(142.3, 129.6)(137.2, 129.6);SD
Port:(245.4, 77.8)(245.4, 127.7)(245.3, 127.7)(245.3, 143.5)(145.0, 143.5)(145.0, 77.8);GATE
Port:(234.6, 84.2)(240.0, 84.2)(240.0, 121.3)(234.6, 121.3);SD
Module:M5
Boundary:(238.2, 452.9)(238.2, 537.0)(20.0, 537.0)(20.0, 452.9);GATE
Port:(20.0, 467.1)(24.2, 467.1)(24.2, 522.8)(20.0, 522.8);SD
Port:(238.2, 452.9)(238.2, 537.0)(27.1, 537.0)(27.1, 452.9);GATE
Port:(226.8, 459.3)(232.8, 459.3)(232.8, 530.6)(226.8, 530.6);SD
Module:M11
Boundary:(367.8, 341.0)(367.8, 422.9)(153.1, 422.9)(153.1, 341.0);GATE
Port:(153.1, 353.6)(157.3, 353.6)(157.3, 410.3)(153.1, 410.3);SD
Port:(367.8, 341.0)(367.8, 422.9)(158.5, 422.9)(158.5, 341.0);GATE
Port:(358.5, 346.1)(363.7, 346.1)(363.7, 417.8)(358.5, 417.8);SD
Module:M1
Boundary:(239.0, 218.3)(342.1, 218.3)(342.1, 218.5)(359.6, 218.5)(359.6, 301.0)(239.0, 301.0);GATE
Port:(252.3, 295.8)(346.3, 295.8)(346.3, 301.0)(252.3, 301.0);SD
Port:(239.0, 218.3)(342.1, 218.3)(342.1, 218.5)(359.6, 218.5)(359.6, 293.5)(239.0, 293.5);GATE
Port:(244.0, 222.3)(337.1, 222.3)(337.1, 228.6)(244.0, 228.6);SD
Module:M6
Boundary:(377.1, 10.0)(377.1, 84.7)(376.8, 84.7)(376.8, 99.1)(274.4, 99.1)(274.4, 10.0);GATE
Port:(274.4, 22.3)(279.3, 22.3)(279.3, 86.8)(274.4, 86.8);SD
Port:(377.1, 10.0)(377.1, 84.7)(376.8, 84.7)(376.8, 99.1)(280.3, 99.1)(280.3, 10.0);GATE
Port:(366.8, 15.0)(373.1, 15.0)(373.1, 79.7)(366.8, 79.7);SD
Module:M2
Boundary:(209.8, 641.4)(273.5, 641.4)(273.5, 755.5)(209.8, 755.5);GATE
Port:(222.7, 750.8)(260.6, 750.8)(260.6, 755.5)(222.7, 755.5);SD
Port:(209.8, 641.4)(273.5, 641.4)(273.5, 748.2)(209.8, 748.2);GATE
Port:(215.2, 645.8)(268.1, 645.8)(268.1, 652.8)(215.2, 652.8);SD
Module:M16
Boundary:(153.1, 163.5)(184.4, 163.5)(184.4, 163.5)(199.0, 163.5)(199.0, 308.6)(153.1, 308.6);GATE
Port:(165.6, 302.7)(186.5, 302.7)(186.5, 308.6)(165.6, 308.6);SD
Port:(153.1, 163.5)(184.4, 163.5)(184.4, 163.5)(199.0, 163.5)(199.0, 300.2)(153.1, 300.2);GATE
Port:(159.4, 168.8)(178.1, 168.8)(178.1, 173.4)(159.4, 173.4);SD
Module:M13
Boundary:(303.5, 631.4)(367.7, 631.4)(367.7, 786.0)(303.5, 786.0);GATE
Port:(317.5, 781.7)(353.7, 781.7)(353.7, 786.0)(317.5, 786.0);SD
Port:(303.5, 631.4)(367.7, 631.4)(367.7, 778.8)(303.5, 778.8);GATE
Port:(309.2, 636.1)(362.0, 636.1)(362.0, 643.0)(309.2, 643.0);SD
Module:M10
Boundary:(179.8, 567.0)(179.8, 652.7)(179.5, 652.7)(179.5, 669.7)(10.0, 669.7)(10.0, 567.0);GATE
Port:(10.0, 580.6)(15.6, 580.6)(15.6, 656.1)(10.0, 656.1);SD
Port:(179.8, 567.0)(179.8, 652.7)(179.5, 652.7)(179.5, 669.7)(17.1, 669.7)(17.1, 567.0);GATE
Port:(169.2, 573.1)(174.7, 573.1)(174.7, 646.6)(169.2, 646.6);SD
Module:M7
Boundary:(278.2, 452.9)(368.1, 452.9)(368.1, 601.4)(278.2, 601.4);GATE
Port:(292.9, 596.5)(353.4, 596.5)(353.4, 601.4)(292.9, 601.4);SD
Port:(278.2, 452.9)(368.1, 452.9)(368.1, 593.6)(278.2, 593.6);GATE
Port:(283.6, 457.3)(362.7, 457.3)(362.7, 464.3)(283.6, 464.3);SD
Module:M3
Boundary:(10.0, 175.9)(116.1, 175.9)(116.1, 176.1)(133.1, 176.1)(133.1, 389.0)(10.0, 389.0);GATE
Port:(25.4, 383.3)(117.7, 383.3)(117.7, 389.0)(25.4, 389.0);SD
Port:(10.0, 175.9)(116.1, 175.9)(116.1, 176.1)(133.1, 176.1)(133.1, 382.2)(10.0, 382.2);GATE
Port:(16.5, 181.4)(109.6, 181.4)(109.6, 188.9)(16.5, 188.9);SD
Module:M15
Boundary:(372.8, 119.1)(372.8, 164.9)(372.6, 164.9)(372.6, 178.3)(265.4, 178.3)(265.4, 119.1);GATE
Port:(265.4, 132.3)(269.6, 132.3)(269.6, 165.1)(265.4, 165.1);SD
Port:(372.8, 119.1)(372.8, 164.9)(372.6, 164.9)(372.6, 178.3)(272.5, 178.3)(272.5, 119.1);GATE
Port:(361.7, 125.6)(367.3, 125.6)(367.3, 158.4)(361.7, 158.4);SD
Module:M12
Boundary:(254.4, 10.0)(254.4, 42.1)(254.3, 42.1)(254.3, 57.8)(137.2, 57.8)(137.2, 10.0);GATE
Port:(137.2, 22.2)(142.2, 22.2)(142.2, 45.6)(137.2, 45.6);SD
Port:(254.4, 10.0)(254.4, 42.1)(254.3, 42.1)(254.3, 57.8)(145.1, 57.8)(145.1, 10.0);GATE
Port:(244.4, 15.6)(249.8, 15.6)(249.8, 36.5)(244.4, 36.5);SD
Module:M8
Boundary:(369.0, 816.0)(369.0, 884.5)(197.9, 884.5)(197.9, 816.0);GATE
Port:(197.9, 830.8)(203.4, 830.8)(203.4, 869.7)(197.9, 869.7);SD
Port:(369.0, 816.0)(369.0, 884.5)(204.6, 884.5)(204.6, 816.0);GATE
Port:(356.3, 822.2)(363.8, 822.2)(363.8, 878.3)(356.3, 878.3);SD
Module:M4
Boundary:(20.0, 20.0)(107.2, 20.0)(107.2, 145.9)(20.0, 145.9);GATE
Port:(33.0, 141.1)(94.2, 141.1)(94.2, 145.9)(33.0, 145.9);SD
Port:(20.0, 20.0)(107.2, 20.0)(107.2, 139.9)(20.0, 139.9);GATE
Port:(26.3, 25.3)(100.9, 25.3)(100.9, 30.9)(26.3, 30.9);SD
