Area:(-30.0, -30.0)(662.0, -30.0)(662.0, 636.6)(-30.0, 636.6)
Rule:GATE(5,5);SD(5,5);GATE_SD(0.5);GATE_ITO(0.5);SD_ITO(0.5)
Module:M14
Boundary:(30.0, 206.6)(121.8, 206.6)(121.8, 207.0)(136.2, 207.0)(136.2, 381.2)(30.0, 381.2);GATE
Port:(43.7, 376.5)(122.5, 376.5)(122.5, 381.2)(43.7, 381.2);SD
Port:(30.0, 206.6)(121.8, 206.6)(121.8, 207.0)(136.2, 207.0)(136.2, 375.2)(30.0, 375.2);GATE
Port:(36.7, 212.3)(115.1, 212.3)(115.1, 218.6)(36.7, 218.6);SD
Module:M9
Boundary:(338.9, 10.0)(432.9, 10.0)(432.9, 189.1)(338.9, 189.1);GATE
Port:(351.8, 184.4)(420.0, 184.4)(420.0, 189.1)(351.8, 189.1);SD
Port:(338.9, 10.0)(432.9, 10.0)(432.9, 182.1)(338.9, 182.1);GATE
Port:(344.6, 14.7)(427.2, 14.7)(427.2, 20.8)(344.6, 20.8);SD
Module:M5
Boundary:(560.6, 20.0)(608.7, 20.0)(608.7, 209.4)(560.6, 209.4);GATE
Port:(572.6, 203.9)(596.7, 203.9)(596.7, 209.4)(572.6, 209.4);SD
Port:(560.6, 20.0)(608.7, 20.0)(608.7, 201.1)(560.6, 201.1);GATE
Port:(566.1, 24.5)(603.2, 24.5)(603.2, 29.4)(566.1, 29.4);SD
Module:M11
Boundary:(145.0, 421.2)(145.0, 475.7)(144.9, 475.7)(144.9, 492.9)(10.0, 492.9)(10.0, 421.2);GATE
Port:(10.0, 435.9)(14.3, 435.9)(14.3, 478.2)(10.0, 478.2);SD
Port:(145.0, 421.2)(145.0, 475.7)(144.9, 475.7)(144.9, 492.9)(16.6, 492.9)(16.6, 421.2);GATE
Port:(133.4, 428.1)(139.1, 428.1)(139.1, 468.8)(133.4, 468.8);SD
Module:M1
Boundary:(196.2, 216.2)(264.1, 216.2)(264.1, 216.3)(280.6, 216.3)(280.6, 414.2)(196.2, 414.2);GATE
Port:(209.9, 409.7)(266.9, 409.7)(266.9, 414.2)(209.9, 414.2);SD
Port:(196.2, 216.2)(264.1, 216.2)(264.1, 216.3)(280.6, 216.3)(280.6, 408.1)(196.2, 408.1);GATE
Port:(201.4, 220.4)(258.9, 220.4)(258.9, 227.6)(201.4, 227.6);SD
Module:M6
Boundary:(587.4, 488.4)(587.4, 594.9)(416.8, 594.9)(416.8, 488.4);GATE
Port:(416.8, 502.0)(422.2, 502.0)(422.2, 581.3)(416.8, 581.3);SD
Port:(587.4, 488.4)(587.4, 594.9)(424.5, 594.9)(424.5, 488.4);GATE
Port:(577.0, 493.7)(583.1, 493.7)(583.1, 589.6)(577.0, 589.6);SD
Module:M2
Boundary:(186.2, 464.2)(267.3, 464.2)(267.3, 464.5)(282.6, 464.5)(282.6, 580.2)(186.2, 580.2);GATE
Port:(199.9, 575.6)(268.9, 575.6)(268.9, 580.2)(199.9, 580.2);SD
Port:(186.2, 464.2)(267.3, 464.2)(267.3, 464.5)(282.6, 464.5)(282.6, 574.1)(186.2, 574.1);GATE
Port:(192.6, 469.6)(260.9, 469.6)(260.9, 475.7)(192.6, 475.7);SD
Module:M16
Boundary:(452.9, 10.0)(530.6, 10.0)(530.6, 181.3)(452.9, 181.3);GATE
Port:(466.2, 177.1)(517.3, 177.1)(517.3, 181.3)(466.2, 181.3);SD
Port:(452.9, 10.0)(530.6, 10.0)(530.6, 175.2)(452.9, 175.2);GATE
Port:(459.3, 15.4)(524.2, 15.4)(524.2, 20.9)(459.3, 20.9);SD
Module:M13
Boundary:(10.0, 10.0)(74.7, 10.0)(74.7, 166.6)(10.0, 166.6);GATE
Port:(23.6, 161.6)(61.1, 161.6)(61.1, 166.6)(23.6, 166.6);SD
Port:(10.0, 10.0)(74.7, 10.0)(74.7, 160.1)(10.0, 160.1);GATE
Port:(15.5, 14.5)(69.2, 14.5)(69.2, 21.2)(15.5, 21.2);SD
Module:M10
Boundary:(94.7, 10.0)(185.7, 10.0)(185.7, 151.8)(94.7, 151.8);GATE
Port:(107.7, 146.2)(172.7, 146.2)(172.7, 151.8)(107.7, 151.8);SD
Port:(94.7, 10.0)(185.7, 10.0)(185.7, 144.8)(94.7, 144.8);GATE
Port:(100.5, 14.8)(179.9, 14.8)(179.9, 21.0)(100.5, 21.0);SD
Module:M7
Boundary:(492.5, 219.1)(492.5, 339.4)(348.9, 339.4)(348.9, 219.1);GATE
Port:(348.9, 234.2)(354.6, 234.2)(354.6, 324.3)(348.9, 324.3);SD
Port:(492.5, 219.1)(492.5, 339.4)(357.3, 339.4)(357.3, 219.1);GATE
Port:(479.8, 225.4)(487.2, 225.4)(487.2, 333.1)(479.8, 333.1);SD
Module:M3
Boundary:(312.6, 468.6)(396.8, 468.6)(396.8, 580.0)(312.6, 580.0);GATE
Port:(326.7, 574.6)(382.7, 574.6)(382.7, 580.0)(326.7, 580.0);SD
Port:(312.6, 468.6)(396.8, 468.6)(396.8, 572.0)(312.6, 572.0);GATE
Port:(318.9, 473.9)(390.5, 473.9)(390.5, 480.3)(318.9, 480.3);SD
Module:M15
Boundary:(138.3, 512.9)(138.3, 579.2)(138.0, 579.2)(138.0, 596.6)(10.0, 596.6)(10.0, 512.9);GATE
Port:(10.0, 525.0)(14.4, 525.0)(14.4, 584.5)(10.0, 584.5);SD
Port:(138.3, 512.9)(138.3, 579.2)(138.0, 579.2)(138.0, 596.6)(17.1, 596.6)(17.1, 512.9);GATE
Port:(129.5, 518.1)(134.1, 518.1)(134.1, 574.0)(129.5, 574.0);SD
Module:M12
Boundary:(522.5, 239.4)(622.0, 239.4)(622.0, 468.4)(522.5, 468.4);GATE
Port:(536.7, 463.3)(607.8, 463.3)(607.8, 468.4)(536.7, 468.4);SD
Port:(522.5, 239.4)(622.0, 239.4)(622.0, 460.7)(522.5, 460.7);GATE
Port:(529.4, 245.3)(615.1, 245.3)(615.1, 251.3)(529.4, 251.3);SD
Module:M8
Boundary:(215.7, 20.0)(290.1, 20.0)(290.1, 20.5)(308.9, 20.5)(308.9, 166.2)(215.7, 166.2);GATE
Port:(230.5, 160.5)(294.1, 160.5)(294.1, 166.2)(230.5, 166.2);SD
Port:(215.7, 20.0)(290.1, 20.0)(290.1, 20.5)(308.9, 20.5)(308.9, 158.6)(215.7, 158.6);GATE
Port:(221.6, 24.9)(284.2, 24.9)(284.2, 31.4)(221.6, 31.4);SD
Module:M4
Boundary:(488.9, 379.4)(488.9, 438.6)(330.6, 438.6)(330.6, 379.4);GATE
Port:(330.6, 391.4)(336.3, 391.4)(336.3, 426.6)(330.6, 426.6);SD
Port:(488.9, 379.4)(488.9, 438.6)(339.1, 438.6)(339.1, 379.4);GATE
Port:(478.5, 386.0)(483.3, 386.0)(483.3, 432.0)(478.5, 432.0);SD
