Area:(-30.0, -30.0)(584.6, -30.0)(584.6, 663.9)(-30.0, 663.9)
Rule:GATE(5,5);SD(5,5);GATE_SD(0.5);GATE_ITO(0.5);SD_ITO(0.5)
Module:M14
Boundary:(277.8, 347.9)(366.1, 347.9)(366.1, 466.0)(277.8, 466.0);GATE
Port:(291.7, 460.9)(352.2, 460.9)(352.2, 466.0)(291.7, 466.0);SD
Port:(277.8, 347.9)(366.1, 347.9)(366.1, 458.7)(277.8, 458.7);GATE
Port:(284.1, 353.2)(359.8, 353.2)(359.8, 358.4)(284.1, 358.4);SD
Module:M9
Boundary:(130.0, 548.1)(130.0, 623.9)(10.0, 623.9)(10.0, 548.1);GATE
Port:(10.0, 561.4)(14.2, 561.4)(14.2, 610.6)(10.0, 610.6);SD
Port:(130.0, 548.1)(130.0, 623.9)(16.4, 623.9)(16.4, 548.1);GATE
Port:(118.7, 554.2)(124.9, 554.2)(124.9, 617.8)(118.7, 617.8);SD
Module:M5
Boundary:(395.5, 230.2)(395.5, 297.9)(210.8, 297.9)(210.8, 230.2);GATE
Port:(210.8, 244.2)(215.7, 244.2)(215.7, 283.9)(210.8, 283.9);SD
Port:(395.5, 230.2)(395.5, 297.9)(217.9, 297.9)(217.9, 230.2);GATE
Port:(384.0, 236.3)(390.4, 236.3)(390.4, 291.8)(384.0, 291.8);SD
Module:M11
Boundary:(180.8, 213.3)(180.8, 296.9)(10.0, 296.9)(10.0, 213.3);GATE
Port:(10.0, 226.1)(14.5, 226.1)(14.5, 284.1)(10.0, 284.1);SD
Port:(180.8, 213.3)(180.8, 296.9)(15.9, 296.9)(15.9, 213.3);GATE
Port:(170.4, 218.8)(176.3, 218.8)(176.3, 291.4)(170.4, 291.4);SD
Module:M1
Boundary:(454.7, 146.7)(509.5, 146.7)(509.5, 146.9)(527.8, 146.9)(527.8, 332.0)(454.7, 332.0);GATE
Port:(469.2, 327.7)(513.3, 327.7)(513.3, 332.0)(469.2, 332.0);SD
Port:(454.7, 146.7)(509.5, 146.7)(509.5, 146.9)(527.8, 146.9)(527.8, 326.0)(454.7, 326.0);GATE
Port:(461.2, 152.2)(503.0, 152.2)(503.0, 157.7)(461.2, 157.7);SD
Module:M6
Boundary:(10.0, 10.0)(116.3, 10.0)(116.3, 174.0)(10.0, 174.0);GATE
Port:(24.8, 168.1)(101.5, 168.1)(101.5, 174.0)(24.8, 174.0);SD
Port:(10.0, 10.0)(116.3, 10.0)(116.3, 166.3)(10.0, 166.3);GATE
Port:(16.0, 15.0)(110.3, 15.0)(110.3, 21.9)(16.0, 21.9);SD
Module:M2
Boundary:(163.7, 337.9)(227.8, 337.9)(227.8, 440.9)(163.7, 440.9);GATE
Port:(177.2, 436.4)(214.3, 436.4)(214.3, 440.9)(177.2, 440.9);SD
Port:(163.7, 337.9)(227.8, 337.9)(227.8, 434.4)(163.7, 434.4);GATE
Port:(170.4, 343.6)(221.1, 343.6)(221.1, 349.5)(170.4, 349.5);SD
Module:M16
Boundary:(150.0, 470.9)(201.1, 470.9)(201.1, 610.3)(150.0, 610.3);GATE
Port:(163.4, 605.9)(187.7, 605.9)(187.7, 610.3)(163.4, 610.3);SD
Port:(150.0, 470.9)(201.1, 470.9)(201.1, 603.9)(150.0, 603.9);GATE
Port:(155.3, 475.2)(195.8, 475.2)(195.8, 481.7)(155.3, 481.7);SD
Module:M13
Boundary:(10.0, 431.7)(127.8, 431.7)(127.8, 528.1)(10.0, 528.1);GATE
Port:(22.8, 523.7)(115.0, 523.7)(115.0, 528.1)(22.8, 528.1);SD
Port:(10.0, 431.7)(127.8, 431.7)(127.8, 520.9)(10.0, 520.9);GATE
Port:(15.1, 435.8)(122.7, 435.8)(122.7, 441.4)(15.1, 441.4);SD
Module:M10
Boundary:(414.7, 153.8)(414.7, 200.2)(231.9, 200.2)(231.9, 153.8);GATE
Port:(231.9, 166.3)(237.8, 166.3)(237.8, 187.7)(231.9, 187.7);SD
Port:(414.7, 153.8)(414.7, 200.2)(239.0, 200.2)(239.0, 153.8);GATE
Port:(404.4, 159.8)(409.7, 159.8)(409.7, 194.2)(404.4, 194.2);SD
Module:M7
Boundary:(350.8, 516.0)(350.8, 597.2)(231.1, 597.2)(231.1, 516.0);GATE
Port:(231.1, 527.1)(236.4, 527.1)(236.4, 586.1)(231.1, 586.1);SD
Port:(350.8, 516.0)(350.8, 597.2)(238.7, 597.2)(238.7, 516.0);GATE
Port:(341.6, 521.6)(346.2, 521.6)(346.2, 591.6)(341.6, 591.6);SD
Module:M3
Boundary:(544.6, 10.0)(544.6, 106.7)(431.2, 106.7)(431.2, 10.0);GATE
Port:(431.2, 22.2)(435.5, 22.2)(435.5, 94.5)(431.2, 94.5);SD
Port:(544.6, 10.0)(544.6, 106.7)(437.5, 106.7)(437.5, 10.0);GATE
Port:(534.3, 15.8)(539.8, 15.8)(539.8, 100.9)(534.3, 100.9);SD
Module:M15
Boundary:(133.7, 316.9)(133.7, 411.7)(10.0, 411.7)(10.0, 316.9);GATE
Port:(10.0, 330.7)(15.7, 330.7)(15.7, 397.9)(10.0, 397.9);SD
Port:(133.7, 316.9)(133.7, 411.7)(18.5, 411.7)(18.5, 316.9);GATE
Port:(121.9, 323.5)(128.1, 323.5)(128.1, 405.1)(121.9, 405.1);SD
Module:M12
Boundary:(136.3, 10.0)(211.9, 10.0)(211.9, 193.3)(136.3, 193.3);GATE
Port:(149.5, 187.7)(198.7, 187.7)(198.7, 193.3)(149.5, 193.3);SD
Port:(136.3, 10.0)(211.9, 10.0)(211.9, 184.8)(136.3, 184.8);GATE
Port:(141.9, 14.6)(206.3, 14.6)(206.3, 21.4)(141.9, 21.4);SD
Module:M8
Boundary:(416.1, 382.0)(534.7, 382.0)(534.7, 611.3)(416.1, 611.3);GATE
Port:(430.2, 606.3)(520.6, 606.3)(520.6, 611.3)(430.2, 611.3);SD
Port:(416.1, 382.0)(534.7, 382.0)(534.7, 604.3)(416.1, 604.3);GATE
Port:(422.2, 387.1)(528.6, 387.1)(528.6, 393.8)(422.2, 393.8);SD
Module:M4
Boundary:(401.2, 20.0)(401.2, 109.3)(400.9, 109.3)(400.9, 123.8)(241.9, 123.8)(241.9, 20.0);GATE
Port:(241.9, 32.2)(246.8, 32.2)(246.8, 111.6)(241.9, 111.6);SD
Port:(401.2, 20.0)(401.2, 109.3)(400.9, 109.3)(400.9, 123.8)(248.8, 123.8)(248.8, 20.0);GATE
Port:(391.0, 26.6)(395.6, 26.6)(395.6, 102.7)(391.0, 102.7);SD
