Area:(-30.0, -20.0)(386.7, -20.0)(386.7, 1119.6)(-30.0, 1119.6)
Rule:GATE(5,5);SD(5,5);GATE_SD(0.5);GATE_ITO(0.5);SD_ITO(0.5)
Module:M14
Boundary:(323.7, 30.0)(323.7, 110.4)(203.9, 110.4)(203.9, 30.0);GATE
Port:(203.9, 42.2)(209.8, 42.2)(209.8, 98.2)(203.9, 98.2);SD
Port:(323.7, 30.0)(323.7, 110.4)(212.7, 110.4)(212.7, 30.0);GATE
Port:(314.8, 35.0)(319.7, 35.0)(319.7, 105.4)(314.8, 105.4);SD
Module:M9
Boundary:(277.8, 373.0)(346.7, 373.0)(346.7, 584.2)(277.8, 584.2);GATE
Port:(292.9, 578.8)(331.6, 578.8)(331.6, 584.2)(292.9, 584.2);SD
Port:(277.8, 373.0)(346.7, 373.0)(346.7, 576.4)(277.8, 576.4);GATE
Port:(284.7, 378.9)(339.8, 378.9)(339.8, 385.7)(284.7, 385.7);SD
Module:M5
Boundary:(153.9, 20.0)(153.9, 101.6)(20.0, 101.6)(20.0, 20.0);GATE
Port:(20.0, 33.8)(24.8, 33.8)(24.8, 87.8)(20.0, 87.8);SD
Port:(153.9, 20.0)(153.9, 101.6)(26.8, 101.6)(26.8, 20.0);GATE
Port:(142.6, 26.0)(148.9, 26.0)(148.9, 95.6)(142.6, 95.6);SD
Module:M11
Boundary:(131.8, 150.4)(183.9, 150.4)(183.9, 150.6)(199.2, 150.6)(199.2, 309.8)(131.8, 309.8);GATE
Port:(147.0, 305.6)(184.0, 305.6)(184.0, 309.8)(147.0, 309.8);SD
Port:(131.8, 150.4)(183.9, 150.4)(183.9, 150.6)(199.2, 150.6)(199.2, 303.5)(131.8, 303.5);GATE
Port:(138.7, 156.3)(177.0, 156.3)(177.0, 163.6)(138.7, 163.6);SD
Module:M1
Boundary:(213.1, 837.2)(213.1, 916.4)(30.0, 916.4)(30.0, 837.2);GATE
Port:(30.0, 851.8)(35.9, 851.8)(35.9, 901.8)(30.0, 901.8);SD
Port:(213.1, 837.2)(213.1, 916.4)(38.9, 916.4)(38.9, 837.2);GATE
Port:(200.6, 843.7)(207.6, 843.7)(207.6, 909.9)(200.6, 909.9);SD
Module:M6
Boundary:(253.1, 701.7)(337.1, 701.7)(337.1, 919.5)(253.1, 919.5);GATE
Port:(266.3, 914.4)(323.9, 914.4)(323.9, 919.5)(266.3, 919.5);SD
Port:(253.1, 701.7)(337.1, 701.7)(337.1, 911.7)(253.1, 911.7);GATE
Port:(258.3, 705.9)(331.9, 705.9)(331.9, 713.0)(258.3, 713.0);SD
Module:M2
Boundary:(216.2, 679.3)(216.2, 769.9)(216.0, 769.9)(216.0, 787.2)(20.0, 787.2)(20.0, 679.3);GATE
Port:(20.0, 695.2)(25.1, 695.2)(25.1, 771.3)(20.0, 771.3);SD
Port:(216.2, 679.3)(216.2, 769.9)(216.0, 769.9)(216.0, 787.2)(27.7, 787.2)(27.7, 679.3);GATE
Port:(203.1, 685.7)(210.8, 685.7)(210.8, 763.5)(203.1, 763.5);SD
Module:M16
Boundary:(257.8, 525.4)(257.8, 637.9)(182.9, 637.9)(182.9, 525.4);GATE
Port:(182.9, 541.5)(187.3, 541.5)(187.3, 621.8)(182.9, 621.8);SD
Port:(257.8, 525.4)(257.8, 637.9)(190.0, 637.9)(190.0, 525.4);GATE
Port:(244.7, 532.3)(251.9, 532.3)(251.9, 631.0)(244.7, 631.0);SD
Module:M13
Boundary:(162.9, 553.0)(162.9, 649.3)(10.0, 649.3)(10.0, 553.0);GATE
Port:(10.0, 566.9)(15.6, 566.9)(15.6, 635.4)(10.0, 635.4);SD
Port:(162.9, 553.0)(162.9, 649.3)(16.9, 649.3)(16.9, 553.0);GATE
Port:(151.1, 558.2)(158.7, 558.2)(158.7, 644.1)(151.1, 644.1);SD
Module:M10
Boundary:(10.0, 346.4)(104.1, 346.4)(104.1, 346.9)(119.2, 346.9)(119.2, 533.0)(10.0, 533.0);GATE
Port:(23.3, 527.6)(105.9, 527.6)(105.9, 533.0)(23.3, 533.0);SD
Port:(10.0, 346.4)(104.1, 346.4)(104.1, 346.9)(119.2, 346.9)(119.2, 526.5)(10.0, 526.5);GATE
Port:(15.8, 351.2)(98.3, 351.2)(98.3, 357.4)(15.8, 357.4);SD
Module:M7
Boundary:(149.2, 383.0)(229.3, 383.0)(229.3, 383.5)(245.4, 383.5)(245.4, 495.4)(149.2, 495.4);GATE
Port:(161.9, 491.3)(232.7, 491.3)(232.7, 495.4)(161.9, 495.4);SD
Port:(149.2, 383.0)(229.3, 383.0)(229.3, 383.5)(245.4, 383.5)(245.4, 489.0)(149.2, 489.0);GATE
Port:(154.7, 387.5)(223.8, 387.5)(223.8, 392.7)(154.7, 392.7);SD
Module:M3
Boundary:(330.9, 956.4)(330.9, 1062.0)(330.9, 1062.0)(330.9, 1079.6)(128.7, 1079.6)(128.7, 956.4);GATE
Port:(128.7, 970.0)(134.4, 970.0)(134.4, 1066.0)(128.7, 1066.0);SD
Port:(330.9, 956.4)(330.9, 1062.0)(330.9, 1062.0)(330.9, 1079.6)(136.1, 1079.6)(136.1, 956.4);GATE
Port:(320.1, 962.4)(325.9, 962.4)(325.9, 1056.0)(320.1, 1056.0);SD
Module:M15
Boundary:(277.8, 604.2)(343.0, 604.2)(343.0, 681.7)(277.8, 681.7);GATE
Port:(292.0, 676.2)(328.8, 676.2)(328.8, 681.7)(292.0, 681.7);SD
Port:(277.8, 604.2)(343.0, 604.2)(343.0, 675.0)(277.8, 675.0);GATE
Port:(284.1, 609.5)(336.7, 609.5)(336.7, 616.3)(284.1, 616.3);SD
Module:M12
Boundary:(108.7, 956.4)(108.7, 1041.8)(108.3, 1041.8)(108.3, 1059.0)(10.0, 1059.0)(10.0, 956.4);GATE
Port:(10.0, 969.6)(14.7, 969.6)(14.7, 1045.8)(10.0, 1045.8);SD
Port:(108.7, 956.4)(108.7, 1041.8)(108.3, 1041.8)(108.3, 1059.0)(15.9, 1059.0)(15.9, 956.4);GATE
Port:(98.6, 962.6)(103.5, 962.6)(103.5, 1035.6)(98.6, 1035.6);SD
Module:M8
Boundary:(20.0, 141.6)(85.8, 141.6)(85.8, 141.9)(101.8, 141.9)(101.8, 316.4)(20.0, 316.4);GATE
Port:(33.2, 311.0)(88.6, 311.0)(88.6, 316.4)(33.2, 316.4);SD
Port:(20.0, 141.6)(85.8, 141.6)(85.8, 141.9)(101.8, 141.9)(101.8, 309.6)(20.0, 309.6);GATE
Port:(26.0, 146.6)(79.8, 146.6)(79.8, 152.6)(26.0, 152.6);SD
Module:M4
Boundary:(229.2, 160.4)(333.1, 160.4)(333.1, 343.0)(229.2, 343.0);GATE
Port:(242.5, 337.5)(319.8, 337.5)(319.8, 343.0)(242.5, 343.0);SD
Port:(229.2, 160.4)(333.1, 160.4)(333.1, 336.1)(229.2, 336.1);GATE
Port:(235.5, 165.7)(326.8, 165.7)(326.8, 170.4)(235.5, 170.4);SD
