Area:(-30.0, -30.0)(395.8, -30.0)(395.8, 1117.4)(-30.0, 1117.4)
Rule:GATE(5,5);SD(5,5);GATE_SD(0.5);GATE_ITO(0.5);SD_ITO(0.5)
Module:M14
Boundary:(225.5, 670.6)(291.2, 670.6)(291.2, 670.8)(307.0, 670.8)(307.0, 823.9)(225.5, 823.9);GATE
Port:(239.3, 818.2)(293.2, 818.2)(293.2, 823.9)(239.3, 823.9);SD
Port:(225.5, 670.6)(291.2, 670.6)(291.2, 670.8)(307.0, 670.8)(307.0, 817.0)(225.5, 817.0);GATE
Port:(230.7, 674.8)(286.0, 674.8)(286.0, 681.8)(230.7, 681.8);SD
Module:M9
Boundary:(185.5, 736.2)(185.5, 842.6)(185.0, 842.6)(185.0, 860.9)(10.0, 860.9)(10.0, 736.2);GATE
Port:(10.0, 749.4)(14.4, 749.4)(14.4, 847.7)(10.0, 847.7);SD
Port:(185.5, 736.2)(185.5, 842.6)(185.0, 842.6)(185.0, 860.9)(16.4, 860.9)(16.4, 736.2);GATE
Port:(175.8, 741.2)(181.5, 741.2)(181.5, 837.6)(175.8, 837.6);SD
Module:M5
Boundary:(343.2, 528.8)(343.2, 620.6)(184.0, 620.6)(184.0, 528.8);GATE
Port:(184.0, 542.2)(189.1, 542.2)(189.1, 607.2)(184.0, 607.2);SD
Port:(343.2, 528.8)(343.2, 620.6)(190.5, 620.6)(190.5, 528.8);GATE
Port:(332.1, 535.1)(337.9, 535.1)(337.9, 614.3)(332.1, 614.3);SD
Module:M11
Boundary:(193.5, 985.4)(193.5, 1077.4)(10.0, 1077.4)(10.0, 985.4);GATE
Port:(10.0, 998.9)(15.8, 998.9)(15.8, 1063.9)(10.0, 1063.9);SD
Port:(193.5, 985.4)(193.5, 1077.4)(18.6, 1077.4)(18.6, 985.4);GATE
Port:(182.0, 991.0)(188.9, 991.0)(188.9, 1071.8)(182.0, 1071.8);SD
Module:M1
Boundary:(335.1, 416.0)(335.1, 463.9)(335.0, 463.9)(335.0, 478.8)(202.0, 478.8)(202.0, 416.0);GATE
Port:(202.0, 429.1)(207.5, 429.1)(207.5, 465.7)(202.0, 465.7);SD
Port:(335.1, 416.0)(335.1, 463.9)(335.0, 463.9)(335.0, 478.8)(209.3, 478.8)(209.3, 416.0);GATE
Port:(323.8, 421.9)(330.2, 421.9)(330.2, 458.0)(323.8, 458.0);SD
Module:M6
Boundary:(228.1, 274.9)(228.1, 343.3)(108.3, 343.3)(108.3, 274.9);GATE
Port:(108.3, 288.4)(113.1, 288.4)(113.1, 329.8)(108.3, 329.8);SD
Port:(228.1, 274.9)(228.1, 343.3)(114.9, 343.3)(114.9, 274.9);GATE
Port:(217.0, 280.6)(223.4, 280.6)(223.4, 337.6)(217.0, 337.6);SD
Module:M2
Boundary:(256.6, 129.9)(256.6, 226.2)(256.4, 226.2)(256.4, 244.9)(118.3, 244.9)(118.3, 129.9);GATE
Port:(118.3, 146.5)(122.6, 146.5)(122.6, 228.3)(118.3, 228.3);SD
Port:(256.6, 129.9)(256.6, 226.2)(256.4, 226.2)(256.4, 244.9)(124.7, 244.9)(124.7, 129.9);GATE
Port:(243.4, 136.3)(251.2, 136.3)(251.2, 219.8)(243.4, 219.8);SD
Module:M16
Boundary:(248.1, 274.9)(355.7, 274.9)(355.7, 376.0)(248.1, 376.0);GATE
Port:(262.6, 371.6)(341.2, 371.6)(341.2, 376.0)(262.6, 376.0);SD
Port:(248.1, 274.9)(355.7, 274.9)(355.7, 369.2)(248.1, 369.2);GATE
Port:(254.5, 280.3)(349.3, 280.3)(349.3, 287.8)(254.5, 287.8);SD
Module:M13
Boundary:(10.0, 116.9)(73.3, 116.9)(73.3, 117.2)(88.3, 117.2)(88.3, 317.8)(10.0, 317.8);GATE
Port:(23.5, 312.2)(74.8, 312.2)(74.8, 317.8)(23.5, 317.8);SD
Port:(10.0, 116.9)(73.3, 116.9)(73.3, 117.2)(88.3, 117.2)(88.3, 310.4)(10.0, 310.4);GATE
Port:(16.1, 122.0)(67.2, 122.0)(67.2, 127.9)(16.1, 127.9);SD
Module:M10
Boundary:(162.0, 363.3)(162.0, 463.7)(122.9, 463.7)(122.9, 479.4)(10.0, 479.4)(10.0, 363.3);GATE
Port:(10.0, 375.8)(15.2, 375.8)(15.2, 466.9)(10.0, 466.9);SD
Port:(162.0, 363.3)(162.0, 463.7)(122.9, 463.7)(122.9, 479.4)(18.0, 479.4)(18.0, 363.3);GATE
Port:(152.3, 368.9)(157.4, 368.9)(157.4, 457.1)(152.3, 457.1);SD
Module:M7
Boundary:(245.9, 873.9)(317.2, 873.9)(317.2, 874.2)(335.6, 874.2)(335.6, 1060.3)(245.9, 1060.3);GATE
Port:(259.3, 1056.3)(322.2, 1056.3)(322.2, 1060.3)(259.3, 1060.3);SD
Port:(245.9, 873.9)(317.2, 873.9)(317.2, 874.2)(335.6, 874.2)(335.6, 1054.3)(245.9, 1054.3);GATE
Port:(251.1, 878.1)(312.0, 878.1)(312.0, 884.2)(251.1, 884.2);SD
Module:M3
Boundary:(287.3, 10.0)(355.8, 10.0)(355.8, 221.6)(287.3, 221.6);GATE
Port:(301.1, 217.3)(342.0, 217.3)(342.0, 221.6)(301.1, 221.6);SD
Port:(287.3, 10.0)(355.8, 10.0)(355.8, 214.6)(287.3, 214.6);GATE
Port:(292.9, 14.6)(350.2, 14.6)(350.2, 20.6)(292.9, 20.6);SD
Module:M15
Boundary:(102.9, 10.0)(102.9, 96.9)(10.0, 96.9)(10.0, 10.0);GATE
Port:(10.0, 21.8)(15.2, 21.8)(15.2, 85.1)(10.0, 85.1);SD
Port:(102.9, 10.0)(102.9, 96.9)(16.4, 96.9)(16.4, 10.0);GATE
Port:(93.1, 15.3)(98.6, 15.3)(98.6, 91.6)(93.1, 91.6);SD
Module:M12
Boundary:(267.3, 10.0)(267.3, 86.0)(267.2, 86.0)(267.2, 99.9)(122.9, 99.9)(122.9, 10.0);GATE
Port:(122.9, 23.6)(128.7, 23.6)(128.7, 86.3)(122.9, 86.3);SD
Port:(267.3, 10.0)(267.3, 86.0)(267.2, 86.0)(267.2, 99.9)(131.6, 99.9)(131.6, 10.0);GATE
Port:(255.2, 16.5)(261.8, 16.5)(261.8, 79.5)(255.2, 79.5);SD
Module:M8
Boundary:(20.0, 509.4)(126.3, 509.4)(126.3, 510.0)(144.0, 510.0)(144.0, 706.2)(20.0, 706.2);GATE
Port:(34.2, 701.6)(129.8, 701.6)(129.8, 706.2)(34.2, 706.2);SD
Port:(20.0, 509.4)(126.3, 509.4)(126.3, 510.0)(144.0, 510.0)(144.0, 699.2)(20.0, 699.2);GATE
Port:(25.5, 513.9)(120.8, 513.9)(120.8, 520.5)(25.5, 520.5);SD
Module:M4
Boundary:(205.9, 890.9)(205.9, 955.4)(20.0, 955.4)(20.0, 890.9);GATE
Port:(20.0, 905.6)(25.4, 905.6)(25.4, 940.7)(20.0, 940.7);SD
Port:(205.9, 890.9)(205.9, 955.4)(27.1, 955.4)(27.1, 890.9);GATE
Port:(192.9, 897.8)(200.0, 897.8)(200.0, 948.5)(192.9, 948.5);SD
