Area:(-30.0, -30.0)(356.9, -30.0)(356.9, 1002.5)(-30.0, 1002.5)
Rule:GATE(5,5);SD(5,5);GATE_SD(0.5);GATE_ITO(0.5);SD_ITO(0.5)
Module:M14
Boundary:(255.7, 892.3)(255.7, 962.5)(30.0, 962.5)(30.0, 892.3);GATE
Port:(30.0, 906.5)(36.0, 906.5)(36.0, 948.3)(30.0, 948.3);SD
Port:(255.7, 892.3)(255.7, 962.5)(37.2, 962.5)(37.2, 892.3);GATE
Port:(244.5, 898.2)(250.8, 898.2)(250.8, 956.6)(244.5, 956.6);SD
Module:M9
Boundary:(111.4, 148.2)(223.1, 148.2)(223.1, 368.0)(111.4, 368.0);GATE
Port:(123.2, 363.0)(211.3, 363.0)(211.3, 368.0)(123.2, 368.0);SD
Port:(111.4, 148.2)(223.1, 148.2)(223.1, 360.7)(111.4, 360.7);GATE
Port:(116.6, 152.4)(217.9, 152.4)(217.9, 157.7)(116.6, 157.7);SD
Module:M5
Boundary:(223.7, 20.0)(223.7, 102.7)(223.6, 102.7)(223.6, 118.2)(148.3, 118.2)(148.3, 20.0);GATE
Port:(148.3, 35.1)(153.0, 35.1)(153.0, 103.1)(148.3, 103.1);SD
Port:(223.7, 20.0)(223.7, 102.7)(223.6, 102.7)(223.6, 118.2)(154.5, 118.2)(154.5, 20.0);GATE
Port:(211.2, 26.9)(217.8, 26.9)(217.8, 95.8)(211.2, 95.8);SD
Module:M11
Boundary:(160.8, 784.2)(160.8, 851.1)(10.0, 851.1)(10.0, 784.2);GATE
Port:(10.0, 798.9)(14.8, 798.9)(14.8, 836.4)(10.0, 836.4);SD
Port:(160.8, 784.2)(160.8, 851.1)(15.9, 851.1)(15.9, 784.2);GATE
Port:(148.1, 791.0)(155.0, 791.0)(155.0, 844.3)(148.1, 844.3);SD
Module:M1
Boundary:(299.0, 630.5)(299.0, 723.1)(190.1, 723.1)(190.1, 630.5);GATE
Port:(190.1, 642.4)(195.3, 642.4)(195.3, 711.2)(190.1, 711.2);SD
Port:(299.0, 630.5)(299.0, 723.1)(197.2, 723.1)(197.2, 630.5);GATE
Port:(288.8, 636.6)(293.9, 636.6)(293.9, 717.0)(288.8, 717.0);SD
Module:M6
Boundary:(97.4, 576.0)(97.4, 647.1)(10.0, 647.1)(10.0, 576.0);GATE
Port:(10.0, 588.4)(15.4, 588.4)(15.4, 634.7)(10.0, 634.7);SD
Port:(97.4, 576.0)(97.4, 647.1)(17.1, 647.1)(17.1, 576.0);GATE
Port:(86.9, 582.0)(92.4, 582.0)(92.4, 641.1)(86.9, 641.1);SD
Module:M2
Boundary:(295.0, 773.1)(295.0, 826.0)(294.9, 826.0)(294.9, 842.3)(190.8, 842.3)(190.8, 773.1);GATE
Port:(190.8, 787.5)(196.0, 787.5)(196.0, 827.9)(190.8, 827.9);SD
Port:(295.0, 773.1)(295.0, 826.0)(294.9, 826.0)(294.9, 842.3)(197.4, 842.3)(197.4, 773.1);GATE
Port:(283.2, 779.8)(289.3, 779.8)(289.3, 819.3)(283.2, 819.3);SD
Module:M16
Boundary:(150.1, 667.1)(150.1, 747.9)(150.0, 747.9)(150.0, 764.2)(10.0, 764.2)(10.0, 667.1);GATE
Port:(10.0, 679.1)(14.0, 679.1)(14.0, 752.2)(10.0, 752.2);SD
Port:(150.1, 667.1)(150.1, 747.9)(150.0, 747.9)(150.0, 764.2)(15.9, 764.2)(15.9, 667.1);GATE
Port:(140.6, 672.9)(145.3, 672.9)(145.3, 742.1)(140.6, 742.1);SD
Module:M13
Boundary:(253.7, 10.0)(316.9, 10.0)(316.9, 197.1)(253.7, 197.1);GATE
Port:(266.0, 193.0)(304.6, 193.0)(304.6, 197.1)(266.0, 197.1);SD
Port:(253.7, 10.0)(316.9, 10.0)(316.9, 190.8)(253.7, 190.8);GATE
Port:(259.2, 14.5)(311.4, 14.5)(311.4, 20.6)(259.2, 20.6);SD
Module:M10
Boundary:(10.0, 263.0)(73.0, 263.0)(73.0, 396.6)(10.0, 396.6);GATE
Port:(22.5, 390.7)(60.5, 390.7)(60.5, 396.6)(22.5, 396.6);SD
Port:(10.0, 263.0)(73.0, 263.0)(73.0, 388.7)(10.0, 388.7);GATE
Port:(15.4, 267.4)(67.6, 267.4)(67.6, 273.9)(15.4, 273.9);SD
Module:M7
Boundary:(253.1, 227.1)(303.1, 227.1)(303.1, 355.2)(253.1, 355.2);GATE
Port:(267.3, 350.9)(288.9, 350.9)(288.9, 355.2)(267.3, 355.2);SD
Port:(253.1, 227.1)(303.1, 227.1)(303.1, 348.7)(253.1, 348.7);GATE
Port:(259.2, 232.2)(297.0, 232.2)(297.0, 238.7)(259.2, 238.7);SD
Module:M3
Boundary:(10.0, 416.6)(91.4, 416.6)(91.4, 556.0)(10.0, 556.0);GATE
Port:(23.3, 550.8)(78.1, 550.8)(78.1, 556.0)(23.3, 556.0);SD
Port:(10.0, 416.6)(91.4, 416.6)(91.4, 549.0)(10.0, 549.0);GATE
Port:(16.4, 422.0)(85.0, 422.0)(85.0, 427.8)(16.4, 427.8);SD
Module:M15
Boundary:(10.0, 140.8)(46.4, 140.8)(46.4, 141.0)(64.2, 141.0)(64.2, 243.0)(10.0, 243.0);GATE
Port:(24.7, 237.1)(49.5, 237.1)(49.5, 243.0)(24.7, 243.0);SD
Port:(10.0, 140.8)(46.4, 140.8)(46.4, 141.0)(64.2, 141.0)(64.2, 235.4)(10.0, 235.4);GATE
Port:(15.2, 145.0)(41.2, 145.0)(41.2, 152.4)(15.2, 152.4);SD
Module:M12
Boundary:(315.3, 523.1)(315.3, 590.5)(117.4, 590.5)(117.4, 523.1);GATE
Port:(117.4, 535.6)(122.9, 535.6)(122.9, 578.0)(117.4, 578.0);SD
Port:(315.3, 523.1)(315.3, 590.5)(125.5, 590.5)(125.5, 523.1);GATE
Port:(305.8, 528.7)(310.7, 528.7)(310.7, 584.9)(305.8, 584.9);SD
Module:M8
Boundary:(305.7, 398.0)(305.7, 493.1)(121.4, 493.1)(121.4, 398.0);GATE
Port:(121.4, 411.2)(125.9, 411.2)(125.9, 479.9)(121.4, 479.9);SD
Port:(305.7, 398.0)(305.7, 493.1)(128.7, 493.1)(128.7, 398.0);GATE
Port:(294.0, 403.6)(301.1, 403.6)(301.1, 487.5)(294.0, 487.5);SD
Module:M4
Boundary:(20.0, 20.0)(90.4, 20.0)(90.4, 20.2)(108.3, 20.2)(108.3, 110.8)(20.0, 110.8);GATE
Port:(33.5, 105.1)(94.8, 105.1)(94.8, 110.8)(33.5, 110.8);SD
Port:(20.0, 20.0)(90.4, 20.0)(90.4, 20.2)(108.3, 20.2)(108.3, 103.5)(20.0, 103.5);GATE
Port:(26.4, 25.4)(84.0, 25.4)(84.0, 30.1)(26.4, 30.1);SD
