Area:(-30.0, -30.0)(699.8, -30.0)(699.8, 613.4)(-30.0, 613.4)
Rule:GATE(5,5);SD(5,5);GATE_SD(0.5);GATE_ITO(0.5);SD_ITO(0.5)
Module:M14
Boundary:(638.3, 507.5)(638.3, 543.3)(638.2, 543.3)(638.2, 559.6)(444.4, 559.6)(444.4, 507.5);GATE
Port:(444.4, 522.3)(449.5, 522.3)(449.5, 544.8)(444.4, 544.8);SD
Port:(638.3, 507.5)(638.3, 543.3)(638.2, 543.3)(638.2, 559.6)(451.5, 559.6)(451.5, 507.5);GATE
Port:(626.9, 514.1)(632.7, 514.1)(632.7, 536.7)(626.9, 536.7);SD
Module:M9
Boundary:(368.0, 10.0)(495.4, 10.0)(495.4, 130.3)(368.0, 130.3);GATE
Port:(383.2, 124.4)(480.2, 124.4)(480.2, 130.3)(383.2, 130.3);SD
Port:(368.0, 10.0)(495.4, 10.0)(495.4, 122.2)(368.0, 122.2);GATE
Port:(374.8, 15.8)(488.6, 15.8)(488.6, 22.1)(374.8, 22.1);SD
Module:M5
Boundary:(338.0, 20.0)(338.0, 112.6)(337.9, 112.6)(337.9, 127.3)(134.5, 127.3)(134.5, 20.0);GATE
Port:(134.5, 33.4)(139.5, 33.4)(139.5, 113.9)(134.5, 113.9);SD
Port:(338.0, 20.0)(338.0, 112.6)(337.9, 112.6)(337.9, 127.3)(141.8, 127.3)(141.8, 20.0);GATE
Port:(326.7, 26.3)(332.7, 26.3)(332.7, 106.3)(326.7, 106.3);SD
Module:M11
Boundary:(10.0, 201.7)(88.5, 201.7)(88.5, 201.7)(103.8, 201.7)(103.8, 344.5)(10.0, 344.5);GATE
Port:(23.0, 339.8)(90.8, 339.8)(90.8, 344.5)(23.0, 344.5);SD
Port:(10.0, 201.7)(88.5, 201.7)(88.5, 201.7)(103.8, 201.7)(103.8, 337.9)(10.0, 337.9);GATE
Port:(16.2, 206.9)(82.3, 206.9)(82.3, 212.1)(16.2, 212.1);SD
Module:M1
Boundary:(384.4, 495.7)(384.4, 542.8)(384.2, 542.8)(384.2, 557.3)(208.7, 557.3)(208.7, 495.7);GATE
Port:(208.7, 508.9)(213.3, 508.9)(213.3, 544.1)(208.7, 544.1);SD
Port:(384.4, 495.7)(384.4, 542.8)(384.2, 542.8)(384.2, 557.3)(214.6, 557.3)(214.6, 495.7);GATE
Port:(373.3, 502.0)(379.1, 502.0)(379.1, 536.5)(373.3, 536.5);SD
Module:M6
Boundary:(479.6, 397.5)(479.6, 442.1)(479.4, 442.1)(479.4, 455.7)(308.1, 455.7)(308.1, 397.5);GATE
Port:(308.1, 410.0)(313.0, 410.0)(313.0, 443.2)(308.1, 443.2);SD
Port:(479.6, 397.5)(479.6, 442.1)(479.4, 442.1)(479.4, 455.7)(314.6, 455.7)(314.6, 397.5);GATE
Port:(469.4, 404.2)(473.9, 404.2)(473.9, 435.4)(469.4, 435.4);SD
Module:M2
Boundary:(399.3, 160.3)(509.2, 160.3)(509.2, 268.9)(399.3, 268.9);GATE
Port:(411.1, 263.3)(497.4, 263.3)(497.4, 268.9)(411.1, 268.9);SD
Port:(399.3, 160.3)(509.2, 160.3)(509.2, 260.9)(399.3, 260.9);GATE
Port:(404.3, 164.3)(504.2, 164.3)(504.2, 170.3)(404.3, 170.3);SD
Module:M16
Boundary:(168.7, 468.6)(168.7, 573.4)(10.0, 573.4)(10.0, 468.6);GATE
Port:(10.0, 482.8)(14.0, 482.8)(14.0, 559.2)(10.0, 559.2);SD
Port:(168.7, 468.6)(168.7, 573.4)(16.4, 573.4)(16.4, 468.6);GATE
Port:(157.0, 474.8)(163.5, 474.8)(163.5, 567.2)(157.0, 567.2);SD
Module:M13
Boundary:(659.8, 246.1)(659.8, 364.6)(539.2, 364.6)(539.2, 246.1);GATE
Port:(539.2, 260.5)(543.6, 260.5)(543.6, 350.2)(539.2, 350.2);SD
Port:(659.8, 246.1)(659.8, 364.6)(546.2, 364.6)(546.2, 246.1);GATE
Port:(648.7, 252.2)(654.7, 252.2)(654.7, 358.5)(648.7, 358.5);SD
Module:M10
Boundary:(539.2, 10.0)(630.2, 10.0)(630.2, 10.2)(648.1, 10.2)(648.1, 226.1)(539.2, 226.1);GATE
Port:(554.0, 220.8)(633.3, 220.8)(633.3, 226.1)(554.0, 226.1);SD
Port:(539.2, 10.0)(630.2, 10.0)(630.2, 10.2)(648.1, 10.2)(648.1, 219.5)(539.2, 219.5);GATE
Port:(545.6, 15.4)(623.8, 15.4)(623.8, 22.0)(545.6, 22.0);SD
Module:M7
Boundary:(202.9, 281.8)(260.0, 281.8)(260.0, 282.0)(278.1, 282.0)(278.1, 443.3)(202.9, 443.3);GATE
Port:(218.6, 437.3)(262.4, 437.3)(262.4, 443.3)(218.6, 443.3);SD
Port:(202.9, 281.8)(260.0, 281.8)(260.0, 282.0)(278.1, 282.0)(278.1, 435.8)(202.9, 435.8);GATE
Port:(209.7, 287.6)(253.2, 287.6)(253.2, 294.5)(209.7, 294.5);SD
Module:M3
Boundary:(10.0, 10.0)(88.8, 10.0)(88.8, 10.1)(104.5, 10.1)(104.5, 181.7)(10.0, 181.7);GATE
Port:(22.5, 176.8)(92.0, 176.8)(92.0, 181.7)(22.5, 181.7);SD
Port:(10.0, 10.0)(88.8, 10.0)(88.8, 10.1)(104.5, 10.1)(104.5, 173.9)(10.0, 173.9);GATE
Port:(15.4, 14.4)(83.4, 14.4)(83.4, 19.8)(15.4, 19.8);SD
Module:M15
Boundary:(172.9, 364.5)(172.9, 435.3)(172.8, 435.3)(172.8, 448.6)(10.0, 448.6)(10.0, 364.5);GATE
Port:(10.0, 376.9)(15.8, 376.9)(15.8, 436.2)(10.0, 436.2);SD
Port:(172.9, 364.5)(172.9, 435.3)(172.8, 435.3)(172.8, 448.6)(18.3, 448.6)(18.3, 364.5);GATE
Port:(162.3, 369.8)(168.6, 369.8)(168.6, 430.0)(162.3, 430.0);SD
Module:M12
Boundary:(492.2, 298.9)(492.2, 377.5)(308.1, 377.5)(308.1, 298.9);GATE
Port:(308.1, 311.9)(313.3, 311.9)(313.3, 364.5)(308.1, 364.5);SD
Port:(492.2, 298.9)(492.2, 377.5)(315.5, 377.5)(315.5, 298.9);GATE
Port:(481.7, 303.9)(488.2, 303.9)(488.2, 372.5)(481.7, 372.5);SD
Module:M8
Boundary:(359.3, 167.3)(359.3, 241.8)(134.5, 241.8)(134.5, 167.3);GATE
Port:(134.5, 179.4)(140.0, 179.4)(140.0, 229.7)(134.5, 229.7);SD
Port:(359.3, 167.3)(359.3, 241.8)(141.0, 241.8)(141.0, 167.3);GATE
Port:(349.9, 173.6)(354.0, 173.6)(354.0, 235.5)(349.9, 235.5);SD
Module:M4
Boundary:(650.6, 394.6)(650.6, 442.9)(650.5, 442.9)(650.5, 457.5)(522.2, 457.5)(522.2, 394.6);GATE
Port:(522.2, 407.6)(527.5, 407.6)(527.5, 444.5)(522.2, 444.5);SD
Port:(650.6, 394.6)(650.6, 442.9)(650.5, 442.9)(650.5, 457.5)(530.4, 457.5)(530.4, 394.6);GATE
Port:(639.2, 400.4)(645.8, 400.4)(645.8, 437.1)(639.2, 437.1);SD
