Area:(-30.0, -30.0)(597.7, -30.0)(597.7, 595.0)(-30.0, 595.0)
Rule:GATE(5,5);SD(5,5);GATE_SD(0.5);GATE_ITO(0.5);SD_ITO(0.5)
Module:M14
Boundary:(428.5, 304.2)(428.5, 356.0)(326.4, 356.0)(326.4, 304.2);GATE
Port:(326.4, 318.0)(331.1, 318.0)(331.1, 342.2)(326.4, 342.2);SD
Port:(428.5, 304.2)(428.5, 356.0)(332.6, 356.0)(332.6, 304.2);GATE
Port:(417.8, 311.1)(422.6, 311.1)(422.6, 349.1)(417.8, 349.1);SD
Module:M9
Boundary:(10.0, 10.0)(96.6, 10.0)(96.6, 79.6)(10.0, 79.6);GATE
Port:(22.0, 73.9)(84.6, 73.9)(84.6, 79.6)(22.0, 79.6);SD
Port:(10.0, 10.0)(96.6, 10.0)(96.6, 71.3)(10.0, 71.3);GATE
Port:(15.2, 14.2)(91.4, 14.2)(91.4, 19.8)(15.2, 19.8);SD
Module:M5
Boundary:(215.2, 20.0)(310.1, 20.0)(310.1, 211.0)(215.2, 211.0);GATE
Port:(230.8, 205.8)(294.5, 205.8)(294.5, 211.0)(230.8, 211.0);SD
Port:(215.2, 20.0)(310.1, 20.0)(310.1, 203.6)(215.2, 203.6);GATE
Port:(222.1, 25.9)(303.2, 25.9)(303.2, 32.2)(222.1, 32.2);SD
Module:M11
Boundary:(187.1, 241.0)(286.4, 241.0)(286.4, 412.7)(187.1, 412.7);GATE
Port:(200.7, 407.5)(272.8, 407.5)(272.8, 412.7)(200.7, 412.7);SD
Port:(187.1, 241.0)(286.4, 241.0)(286.4, 406.2)(187.1, 406.2);GATE
Port:(192.6, 245.5)(280.9, 245.5)(280.9, 251.3)(192.6, 251.3);SD
Module:M1
Boundary:(435.6, 416.0)(435.6, 536.1)(333.9, 536.1)(333.9, 416.0);GATE
Port:(333.9, 429.3)(339.5, 429.3)(339.5, 522.8)(333.9, 522.8);SD
Port:(435.6, 416.0)(435.6, 536.1)(342.1, 536.1)(342.1, 416.0);GATE
Port:(425.6, 421.0)(431.6, 421.0)(431.6, 531.1)(425.6, 531.1);SD
Module:M6
Boundary:(479.0, 10.0)(479.0, 59.9)(478.8, 59.9)(478.8, 76.2)(340.1, 76.2)(340.1, 10.0);GATE
Port:(340.1, 23.8)(345.2, 23.8)(345.2, 62.4)(340.1, 62.4);SD
Port:(479.0, 10.0)(479.0, 59.9)(478.8, 59.9)(478.8, 76.2)(347.7, 76.2)(347.7, 10.0);GATE
Port:(468.6, 16.5)(473.5, 16.5)(473.5, 53.4)(468.6, 53.4);SD
Module:M2
Boundary:(478.5, 159.9)(557.7, 159.9)(557.7, 311.4)(478.5, 311.4);GATE
Port:(490.0, 307.1)(546.2, 307.1)(546.2, 311.4)(490.0, 311.4);SD
Port:(478.5, 159.9)(557.7, 159.9)(557.7, 304.7)(478.5, 304.7);GATE
Port:(483.9, 164.3)(552.3, 164.3)(552.3, 169.1)(483.9, 169.1);SD
Module:M16
Boundary:(116.6, 10.0)(168.1, 10.0)(168.1, 10.2)(185.2, 10.2)(185.2, 204.1)(116.6, 204.1);GATE
Port:(130.0, 199.6)(171.8, 199.6)(171.8, 204.1)(130.0, 204.1);SD
Port:(116.6, 10.0)(168.1, 10.0)(168.1, 10.2)(185.2, 10.2)(185.2, 197.6)(116.6, 197.6);GATE
Port:(122.9, 15.3)(161.8, 15.3)(161.8, 20.4)(122.9, 20.4);SD
Module:M13
Boundary:(499.0, 10.0)(538.2, 10.0)(538.2, 10.0)(555.2, 10.0)(555.2, 129.9)(499.0, 129.9);GATE
Port:(514.8, 124.1)(539.4, 124.1)(539.4, 129.9)(514.8, 129.9);SD
Port:(499.0, 10.0)(538.2, 10.0)(538.2, 10.0)(555.2, 10.0)(555.2, 122.9)(499.0, 122.9);GATE
Port:(506.0, 16.0)(531.2, 16.0)(531.2, 23.3)(506.0, 23.3);SD
Module:M10
Boundary:(10.0, 212.7)(58.5, 212.7)(58.5, 212.9)(73.9, 212.9)(73.9, 409.4)(10.0, 409.4);GATE
Port:(23.0, 405.4)(60.9, 405.4)(60.9, 409.4)(23.0, 409.4);SD
Port:(10.0, 212.7)(58.5, 212.7)(58.5, 212.9)(73.9, 212.9)(73.9, 403.4)(10.0, 403.4);GATE
Port:(15.9, 217.6)(52.6, 217.6)(52.6, 223.4)(15.9, 223.4);SD
Module:M7
Boundary:(485.6, 351.4)(540.0, 351.4)(540.0, 351.5)(557.7, 351.5)(557.7, 545.4)(485.6, 545.4);GATE
Port:(500.4, 539.9)(542.9, 539.9)(542.9, 545.4)(500.4, 545.4);SD
Port:(485.6, 351.4)(540.0, 351.4)(540.0, 351.5)(557.7, 351.5)(557.7, 538.8)(485.6, 538.8);GATE
Port:(490.8, 355.6)(534.8, 355.6)(534.8, 363.3)(490.8, 363.3);SD
Module:M3
Boundary:(94.2, 99.6)(94.2, 192.7)(10.0, 192.7)(10.0, 99.6);GATE
Port:(10.0, 114.3)(15.6, 114.3)(15.6, 178.0)(10.0, 178.0);SD
Port:(94.2, 99.6)(94.2, 192.7)(16.7, 192.7)(16.7, 99.6);GATE
Port:(82.6, 105.2)(89.6, 105.2)(89.6, 187.1)(82.6, 187.1);SD
Module:M15
Boundary:(93.9, 224.1)(149.1, 224.1)(149.1, 224.4)(167.1, 224.4)(167.1, 429.8)(93.9, 429.8);GATE
Port:(108.6, 425.4)(152.4, 425.4)(152.4, 429.8)(108.6, 429.8);SD
Port:(93.9, 224.1)(149.1, 224.1)(149.1, 224.4)(167.1, 224.4)(167.1, 423.3)(93.9, 423.3);GATE
Port:(99.3, 228.5)(143.7, 228.5)(143.7, 235.9)(99.3, 235.9);SD
Module:M12
Boundary:(10.0, 449.8)(114.1, 449.8)(114.1, 450.2)(130.9, 450.2)(130.9, 555.0)(10.0, 555.0);GATE
Port:(25.4, 550.0)(115.5, 550.0)(115.5, 555.0)(25.4, 555.0);SD
Port:(10.0, 449.8)(114.1, 449.8)(114.1, 450.2)(130.9, 450.2)(130.9, 547.3)(10.0, 547.3);GATE
Port:(16.5, 455.3)(107.6, 455.3)(107.6, 461.9)(16.5, 461.9);SD
Module:M8
Boundary:(283.9, 459.8)(283.9, 523.7)(274.3, 523.7)(274.3, 537.5)(160.9, 537.5)(160.9, 459.8);GATE
Port:(160.9, 473.3)(165.9, 473.3)(165.9, 524.0)(160.9, 524.0);SD
Port:(283.9, 459.8)(283.9, 523.7)(274.3, 523.7)(274.3, 537.5)(168.1, 537.5)(168.1, 459.8);GATE
Port:(272.2, 465.2)(279.5, 465.2)(279.5, 517.3)(272.2, 517.3);SD
Module:M4
Boundary:(350.1, 106.2)(423.8, 106.2)(423.8, 106.5)(437.8, 106.5)(437.8, 254.2)(350.1, 254.2);GATE
Port:(362.7, 249.4)(425.2, 249.4)(425.2, 254.2)(362.7, 254.2);SD
Port:(350.1, 106.2)(423.8, 106.2)(423.8, 106.5)(437.8, 106.5)(437.8, 246.5)(350.1, 246.5);GATE
Port:(355.3, 110.4)(418.6, 110.4)(418.6, 116.8)(355.3, 116.8);SD
