Area:(-30.0, -30.0)(376.2, -30.0)(376.2, 1020.0)(-30.0, 1020.0)
Rule:GATE(5,5);SD(5,5);GATE_SD(0.5);GATE_ITO(0.5);SD_ITO(0.5)
Module:M14
Boundary:(184.7, 778.3)(184.7, 840.1)(184.4, 840.1)(184.4, 855.0)(30.0, 855.0)(30.0, 778.3);GATE
Port:(30.0, 791.1)(35.6, 791.1)(35.6, 842.2)(30.0, 842.2);SD
Port:(184.7, 778.3)(184.7, 840.1)(184.4, 840.1)(184.4, 855.0)(36.7, 855.0)(36.7, 778.3);GATE
Port:(174.5, 785.1)(178.9, 785.1)(178.9, 833.3)(174.5, 833.3);SD
Module:M9
Boundary:(327.8, 10.0)(327.8, 104.2)(327.6, 104.2)(327.6, 119.9)(231.0, 119.9)(231.0, 10.0);GATE
Port:(231.0, 22.4)(235.9, 22.4)(235.9, 107.5)(231.0, 107.5);SD
Port:(327.8, 10.0)(327.8, 104.2)(327.6, 104.2)(327.6, 119.9)(237.4, 119.9)(237.4, 10.0);GATE
Port:(317.8, 15.3)(323.5, 15.3)(323.5, 98.9)(317.8, 98.9);SD
Module:M5
Boundary:(190.4, 684.1)(190.4, 713.6)(190.4, 713.6)(190.4, 728.3)(109.6, 728.3)(109.6, 684.1);GATE
Port:(109.6, 695.1)(114.2, 695.1)(114.2, 717.3)(109.6, 717.3);SD
Port:(190.4, 684.1)(190.4, 713.6)(190.4, 713.6)(190.4, 728.3)(115.8, 728.3)(115.8, 684.1);GATE
Port:(181.0, 689.1)(186.4, 689.1)(186.4, 708.6)(181.0, 708.6);SD
Module:M11
Boundary:(10.0, 649.4)(62.2, 649.4)(62.2, 649.7)(79.6, 649.7)(79.6, 730.0)(10.0, 730.0);GATE
Port:(23.5, 724.8)(66.1, 724.8)(66.1, 730.0)(23.5, 730.0);SD
Port:(10.0, 649.4)(62.2, 649.4)(62.2, 649.7)(79.6, 649.7)(79.6, 722.7)(10.0, 722.7);GATE
Port:(15.1, 653.5)(57.1, 653.5)(57.1, 660.3)(15.1, 660.3);SD
Module:M1
Boundary:(30.0, 305.1)(106.0, 305.1)(106.0, 305.2)(124.7, 305.2)(124.7, 402.1)(30.0, 402.1);GATE
Port:(45.5, 396.1)(109.2, 396.1)(109.2, 402.1)(45.5, 402.1);SD
Port:(30.0, 305.1)(106.0, 305.1)(106.0, 305.2)(124.7, 305.2)(124.7, 393.7)(30.0, 393.7);GATE
Port:(36.0, 310.1)(100.0, 310.1)(100.0, 317.3)(36.0, 317.3);SD
Module:M6
Boundary:(10.0, 10.0)(124.5, 10.0)(124.5, 133.0)(10.0, 133.0);GATE
Port:(24.1, 128.2)(110.4, 128.2)(110.4, 133.0)(24.1, 133.0);SD
Port:(10.0, 10.0)(124.5, 10.0)(124.5, 126.9)(10.0, 126.9);GATE
Port:(17.0, 16.0)(117.5, 16.0)(117.5, 21.5)(17.0, 21.5);SD
Module:M2
Boundary:(324.5, 529.4)(324.5, 644.1)(147.2, 644.1)(147.2, 529.4);GATE
Port:(147.2, 545.5)(152.9, 545.5)(152.9, 628.0)(147.2, 628.0);SD
Port:(324.5, 529.4)(324.5, 644.1)(154.6, 644.1)(154.6, 529.4);GATE
Port:(311.4, 535.7)(319.2, 535.7)(319.2, 637.8)(311.4, 637.8);SD
Module:M16
Boundary:(144.5, 10.0)(194.4, 10.0)(194.4, 10.1)(211.0, 10.1)(211.0, 99.1)(144.5, 99.1);GATE
Port:(157.3, 93.5)(198.2, 93.5)(198.2, 99.1)(157.3, 99.1);SD
Port:(144.5, 10.0)(194.4, 10.0)(194.4, 10.1)(211.0, 10.1)(211.0, 91.5)(144.5, 91.5);GATE
Port:(150.8, 15.3)(188.1, 15.3)(188.1, 20.1)(150.8, 20.1);SD
Module:M13
Boundary:(336.2, 267.6)(336.2, 353.9)(336.1, 353.9)(336.1, 371.1)(164.7, 371.1)(164.7, 267.6);GATE
Port:(164.7, 281.8)(170.6, 281.8)(170.6, 356.9)(164.7, 356.9);SD
Port:(336.2, 267.6)(336.2, 353.9)(336.1, 353.9)(336.1, 371.1)(173.0, 371.1)(173.0, 267.6);GATE
Port:(325.1, 273.8)(331.0, 273.8)(331.0, 347.7)(325.1, 347.7);SD
Module:M10
Boundary:(10.0, 153.0)(91.7, 153.0)(91.7, 153.2)(107.2, 153.2)(107.2, 265.1)(10.0, 265.1);GATE
Port:(24.0, 259.8)(93.2, 259.8)(93.2, 265.1)(24.0, 265.1);SD
Port:(10.0, 153.0)(91.7, 153.0)(91.7, 153.2)(107.2, 153.2)(107.2, 257.1)(10.0, 257.1);GATE
Port:(16.9, 158.9)(84.8, 158.9)(84.8, 165.3)(16.9, 165.3);SD
Module:M7
Boundary:(305.5, 401.1)(305.5, 472.0)(305.3, 472.0)(305.3, 489.4)(174.7, 489.4)(174.7, 401.1);GATE
Port:(174.7, 415.5)(180.3, 415.5)(180.3, 475.0)(174.7, 475.0);SD
Port:(305.5, 401.1)(305.5, 472.0)(305.3, 472.0)(305.3, 489.4)(182.0, 489.4)(182.0, 401.1);GATE
Port:(293.7, 407.1)(300.5, 407.1)(300.5, 466.0)(293.7, 466.0);SD
Module:M3
Boundary:(10.0, 442.1)(117.2, 442.1)(117.2, 539.9)(10.0, 539.9);GATE
Port:(23.3, 534.8)(103.9, 534.8)(103.9, 539.9)(23.3, 539.9);SD
Port:(10.0, 442.1)(117.2, 442.1)(117.2, 532.8)(10.0, 532.8);GATE
Port:(15.1, 446.2)(112.1, 446.2)(112.1, 452.4)(15.1, 452.4);SD
Module:M15
Boundary:(330.1, 139.9)(330.1, 232.3)(330.0, 232.3)(330.0, 247.6)(144.5, 247.6)(144.5, 139.9);GATE
Port:(144.5, 151.8)(148.5, 151.8)(148.5, 235.7)(144.5, 235.7);SD
Port:(330.1, 139.9)(330.1, 232.3)(330.0, 232.3)(330.0, 247.6)(150.6, 247.6)(150.6, 139.9);GATE
Port:(320.4, 145.1)(325.9, 145.1)(325.9, 227.1)(320.4, 227.1);SD
Module:M12
Boundary:(105.1, 559.9)(105.1, 629.4)(10.0, 629.4)(10.0, 559.9);GATE
Port:(10.0, 573.8)(14.8, 573.8)(14.8, 615.5)(10.0, 615.5);SD
Port:(105.1, 559.9)(105.1, 629.4)(15.9, 629.4)(15.9, 559.9);GATE
Port:(94.5, 565.3)(100.7, 565.3)(100.7, 624.0)(94.5, 624.0);SD
Module:M8
Boundary:(251.2, 909.6)(251.2, 962.4)(251.1, 962.4)(251.1, 980.0)(20.0, 980.0)(20.0, 909.6);GATE
Port:(20.0, 923.9)(25.2, 923.9)(25.2, 965.7)(20.0, 965.7);SD
Port:(251.2, 909.6)(251.2, 962.4)(251.1, 962.4)(251.1, 980.0)(28.0, 980.0)(28.0, 909.6);GATE
Port:(239.9, 915.9)(245.9, 915.9)(245.9, 956.1)(239.9, 956.1);SD
Module:M4
Boundary:(234.7, 684.1)(310.4, 684.1)(310.4, 684.2)(324.4, 684.2)(324.4, 869.6)(234.7, 869.6);GATE
Port:(248.5, 864.3)(310.6, 864.3)(310.6, 869.6)(248.5, 869.6);SD
Port:(234.7, 684.1)(310.4, 684.1)(310.4, 684.2)(324.4, 684.2)(324.4, 861.8)(234.7, 861.8);GATE
Port:(240.5, 688.9)(304.6, 688.9)(304.6, 696.4)(240.5, 696.4);SD
