Area:(-20.0, -20.0)(543.2, -20.0)(543.2, 647.6)(-20.0, 647.6)
Rule:GATE(5,5);SD(5,5);GATE_SD(0.5);GATE_ITO(0.5);SD_ITO(0.5)
Module:M14
Boundary:(30.0, 30.0)(139.8, 30.0)(139.8, 30.1)(157.9, 30.1)(157.9, 194.7)(30.0, 194.7);GATE
Port:(44.8, 190.3)(143.1, 190.3)(143.1, 194.7)(44.8, 194.7);SD
Port:(30.0, 30.0)(139.8, 30.0)(139.8, 30.1)(157.9, 30.1)(157.9, 189.1)(30.0, 189.1);GATE
Port:(35.3, 34.3)(134.5, 34.3)(134.5, 42.0)(35.3, 42.0);SD
Module:M9
Boundary:(501.9, 206.4)(501.9, 308.1)(396.2, 308.1)(396.2, 206.4);GATE
Port:(396.2, 218.5)(400.5, 218.5)(400.5, 296.0)(396.2, 296.0);SD
Port:(501.9, 206.4)(501.9, 308.1)(401.5, 308.1)(401.5, 206.4);GATE
Port:(492.4, 211.8)(497.5, 211.8)(497.5, 302.7)(492.4, 302.7);SD
Module:M5
Boundary:(433.2, 20.0)(496.8, 20.0)(496.8, 176.4)(433.2, 176.4);GATE
Port:(445.8, 172.1)(484.2, 172.1)(484.2, 176.4)(445.8, 176.4);SD
Port:(433.2, 20.0)(496.8, 20.0)(496.8, 169.2)(433.2, 169.2);GATE
Port:(439.5, 25.3)(490.5, 25.3)(490.5, 30.6)(439.5, 30.6);SD
Module:M11
Boundary:(122.8, 234.7)(186.2, 234.7)(186.2, 326.8)(122.8, 326.8);GATE
Port:(136.4, 321.3)(172.6, 321.3)(172.6, 326.8)(136.4, 326.8);SD
Port:(122.8, 234.7)(186.2, 234.7)(186.2, 318.4)(122.8, 318.4);GATE
Port:(129.8, 240.7)(179.2, 240.7)(179.2, 246.1)(129.8, 246.1);SD
Module:M1
Boundary:(30.0, 398.6)(62.2, 398.6)(62.2, 398.7)(77.4, 398.7)(77.4, 581.9)(30.0, 581.9);GATE
Port:(43.0, 577.8)(64.4, 577.8)(64.4, 581.9)(43.0, 581.9);SD
Port:(30.0, 398.6)(62.2, 398.6)(62.2, 398.7)(77.4, 398.7)(77.4, 575.0)(30.0, 575.0);GATE
Port:(36.3, 403.9)(55.9, 403.9)(55.9, 409.2)(36.3, 409.2);SD
Module:M6
Boundary:(503.2, 531.0)(503.2, 593.1)(503.0, 593.1)(503.0, 607.6)(393.1, 607.6)(393.1, 531.0);GATE
Port:(393.1, 544.4)(398.8, 544.4)(398.8, 594.2)(393.1, 594.2);SD
Port:(503.2, 531.0)(503.2, 593.1)(503.0, 593.1)(503.0, 607.6)(401.7, 607.6)(401.7, 531.0);GATE
Port:(491.4, 536.8)(498.4, 536.8)(498.4, 587.3)(491.4, 587.3);SD
Module:M2
Boundary:(92.8, 244.7)(92.8, 348.6)(20.0, 348.6)(20.0, 244.7);GATE
Port:(20.0, 258.4)(25.6, 258.4)(25.6, 334.9)(20.0, 334.9);SD
Port:(92.8, 244.7)(92.8, 348.6)(27.9, 348.6)(27.9, 244.7);GATE
Port:(82.5, 250.3)(88.2, 250.3)(88.2, 343.0)(82.5, 343.0);SD
Module:M16
Boundary:(373.1, 527.1)(373.1, 591.0)(372.9, 591.0)(372.9, 606.5)(254.1, 606.5)(254.1, 527.1);GATE
Port:(254.1, 539.6)(259.5, 539.6)(259.5, 594.0)(254.1, 594.0);SD
Port:(373.1, 527.1)(373.1, 591.0)(372.9, 591.0)(372.9, 606.5)(261.2, 606.5)(261.2, 527.1);GATE
Port:(362.7, 532.2)(369.0, 532.2)(369.0, 585.9)(362.7, 585.9);SD
Module:M13
Boundary:(234.1, 348.6)(234.1, 426.4)(122.8, 426.4)(122.8, 348.6);GATE
Port:(122.8, 361.3)(128.0, 361.3)(128.0, 413.7)(122.8, 413.7);SD
Port:(234.1, 348.6)(234.1, 426.4)(130.9, 426.4)(130.9, 348.6);GATE
Port:(223.8, 354.3)(229.4, 354.3)(229.4, 420.7)(223.8, 420.7);SD
Module:M10
Boundary:(117.4, 446.4)(217.2, 446.4)(217.2, 446.7)(233.6, 446.7)(233.6, 598.1)(117.4, 598.1);GATE
Port:(131.4, 593.3)(219.6, 593.3)(219.6, 598.1)(131.4, 598.1);SD
Port:(117.4, 446.4)(217.2, 446.4)(217.2, 446.7)(233.6, 446.7)(233.6, 591.9)(117.4, 591.9);GATE
Port:(122.6, 450.6)(212.0, 450.6)(212.0, 457.5)(122.6, 457.5);SD
Module:M7
Boundary:(393.2, 20.0)(393.2, 102.3)(392.9, 102.3)(392.9, 118.7)(207.9, 118.7)(207.9, 20.0);GATE
Port:(207.9, 32.7)(212.4, 32.7)(212.4, 106.0)(207.9, 106.0);SD
Port:(393.2, 20.0)(393.2, 102.3)(392.9, 102.3)(392.9, 118.7)(213.5, 118.7)(213.5, 20.0);GATE
Port:(383.0, 25.1)(389.1, 25.1)(389.1, 97.2)(383.0, 97.2);SD
Module:M3
Boundary:(474.4, 437.1)(474.4, 511.0)(398.2, 511.0)(398.2, 437.1);GATE
Port:(398.2, 449.1)(403.1, 449.1)(403.1, 499.0)(398.2, 499.0);SD
Port:(474.4, 437.1)(474.4, 511.0)(405.5, 511.0)(405.5, 437.1);GATE
Port:(464.2, 442.3)(470.2, 442.3)(470.2, 505.8)(464.2, 505.8);SD
Module:M15
Boundary:(398.2, 328.1)(503.0, 328.1)(503.0, 417.1)(398.2, 417.1);GATE
Port:(412.7, 412.1)(488.5, 412.1)(488.5, 417.1)(412.7, 417.1);SD
Port:(398.2, 328.1)(503.0, 328.1)(503.0, 409.2)(398.2, 409.2);GATE
Port:(404.0, 332.9)(497.2, 332.9)(497.2, 339.3)(404.0, 339.3);SD
Module:M12
Boundary:(325.6, 148.7)(376.2, 148.7)(376.2, 348.7)(325.6, 348.7);GATE
Port:(339.1, 344.1)(362.7, 344.1)(362.7, 348.7)(339.1, 348.7);SD
Port:(325.6, 148.7)(376.2, 148.7)(376.2, 343.0)(325.6, 343.0);GATE
Port:(331.3, 153.4)(370.5, 153.4)(370.5, 159.2)(331.3, 159.2);SD
Module:M8
Boundary:(216.2, 158.7)(295.6, 158.7)(295.6, 318.6)(216.2, 318.6);GATE
Port:(228.4, 314.3)(283.4, 314.3)(283.4, 318.6)(228.4, 318.6);SD
Port:(216.2, 158.7)(295.6, 158.7)(295.6, 312.3)(216.2, 312.3);GATE
Port:(221.8, 163.3)(290.0, 163.3)(290.0, 168.9)(221.8, 168.9);SD
Module:M4
Boundary:(264.1, 378.7)(368.2, 378.7)(368.2, 497.1)(264.1, 497.1);GATE
Port:(278.2, 492.9)(354.1, 492.9)(354.1, 497.1)(278.2, 497.1);SD
Port:(264.1, 378.7)(368.2, 378.7)(368.2, 490.6)(264.1, 490.6);GATE
Port:(270.7, 384.3)(361.6, 384.3)(361.6, 390.0)(270.7, 390.0);SD
