Area:(-30.0, -30.0)(738.7, -30.0)(738.7, 622.7)(-30.0, 622.7)
Rule:GATE(5,5);SD(5,5);GATE_SD(0.5);GATE_ITO(0.5);SD_ITO(0.5)
Module:M14
Boundary:(574.2, 30.0)(667.2, 30.0)(667.2, 30.1)(682.3, 30.1)(682.3, 175.2)(574.2, 175.2);GATE
Port:(586.5, 169.7)(670.0, 169.7)(670.0, 175.2)(586.5, 175.2);SD
Port:(574.2, 30.0)(667.2, 30.0)(667.2, 30.1)(682.3, 30.1)(682.3, 168.0)(574.2, 168.0);GATE
Port:(580.6, 35.4)(660.8, 35.4)(660.8, 40.7)(580.6, 40.7);SD
Module:M9
Boundary:(491.9, 158.4)(491.9, 204.5)(417.2, 204.5)(417.2, 158.4);GATE
Port:(417.2, 170.7)(421.9, 170.7)(421.9, 192.2)(417.2, 192.2);SD
Port:(491.9, 158.4)(491.9, 204.5)(423.5, 204.5)(423.5, 158.4);GATE
Port:(482.5, 163.8)(487.5, 163.8)(487.5, 199.1)(482.5, 199.1);SD
Module:M5
Boundary:(524.2, 20.0)(524.2, 113.8)(523.9, 113.8)(523.9, 128.4)(427.2, 128.4)(427.2, 20.0);GATE
Port:(427.2, 34.4)(432.3, 34.4)(432.3, 114.0)(427.2, 114.0);SD
Port:(524.2, 20.0)(524.2, 113.8)(523.9, 113.8)(523.9, 128.4)(433.7, 128.4)(433.7, 20.0);GATE
Port:(511.5, 26.3)(518.9, 26.3)(518.9, 107.5)(511.5, 107.5);SD
Module:M11
Boundary:(168.3, 94.9)(168.3, 157.8)(10.0, 157.8)(10.0, 94.9);GATE
Port:(10.0, 107.5)(14.7, 107.5)(14.7, 145.2)(10.0, 145.2);SD
Port:(168.3, 94.9)(168.3, 157.8)(17.6, 157.8)(17.6, 94.9);GATE
Port:(157.7, 101.2)(163.0, 101.2)(163.0, 151.5)(157.7, 151.5);SD
Module:M1
Boundary:(256.8, 30.0)(360.2, 30.0)(360.2, 30.0)(377.2, 30.0)(377.2, 204.0)(256.8, 204.0);GATE
Port:(271.2, 199.5)(362.8, 199.5)(362.8, 204.0)(271.2, 204.0);SD
Port:(256.8, 30.0)(360.2, 30.0)(360.2, 30.0)(377.2, 30.0)(377.2, 196.8)(256.8, 196.8);GATE
Port:(263.3, 35.5)(353.7, 35.5)(353.7, 41.6)(263.3, 41.6);SD
Module:M6
Boundary:(570.8, 450.6)(570.8, 535.5)(570.4, 535.5)(570.4, 549.1)(459.7, 549.1)(459.7, 450.6);GATE
Port:(459.7, 462.5)(464.7, 462.5)(464.7, 537.2)(459.7, 537.2);SD
Port:(570.8, 450.6)(570.8, 535.5)(570.4, 535.5)(570.4, 549.1)(466.3, 549.1)(466.3, 450.6);GATE
Port:(560.7, 456.6)(565.8, 456.6)(565.8, 529.5)(560.7, 529.5);SD
Module:M2
Boundary:(427.9, 383.0)(427.9, 447.8)(427.6, 447.8)(427.6, 464.2)(220.0, 464.2)(220.0, 383.0);GATE
Port:(220.0, 395.1)(226.0, 395.1)(226.0, 452.1)(220.0, 452.1);SD
Port:(427.9, 383.0)(427.9, 447.8)(427.6, 447.8)(427.6, 464.2)(228.2, 464.2)(228.2, 383.0);GATE
Port:(418.4, 388.1)(423.8, 388.1)(423.8, 442.7)(418.4, 442.7);SD
Module:M16
Boundary:(216.8, 10.0)(216.8, 74.9)(10.0, 74.9)(10.0, 10.0);GATE
Port:(10.0, 24.0)(15.2, 24.0)(15.2, 60.9)(10.0, 60.9);SD
Port:(216.8, 10.0)(216.8, 74.9)(18.1, 74.9)(18.1, 10.0);GATE
Port:(205.1, 15.5)(212.3, 15.5)(212.3, 69.4)(205.1, 69.4);SD
Module:M13
Boundary:(183.5, 444.5)(183.5, 553.6)(10.0, 553.6)(10.0, 444.5);GATE
Port:(10.0, 457.8)(14.5, 457.8)(14.5, 540.3)(10.0, 540.3);SD
Port:(183.5, 444.5)(183.5, 553.6)(16.1, 553.6)(16.1, 444.5);GATE
Port:(172.2, 451.3)(177.7, 451.3)(177.7, 546.8)(172.2, 546.8);SD
Module:M10
Boundary:(421.1, 494.2)(421.1, 582.7)(203.5, 582.7)(203.5, 494.2);GATE
Port:(203.5, 509.3)(209.1, 509.3)(209.1, 567.6)(203.5, 567.6);SD
Port:(421.1, 494.2)(421.1, 582.7)(211.2, 582.7)(211.2, 494.2);GATE
Port:(409.3, 499.7)(416.6, 499.7)(416.6, 577.2)(409.3, 577.2);SD
Module:M7
Boundary:(600.8, 451.2)(673.6, 451.2)(673.6, 451.3)(687.5, 451.3)(687.5, 566.8)(600.8, 566.8);GATE
Port:(613.1, 562.2)(675.2, 562.2)(675.2, 566.8)(613.1, 566.8);SD
Port:(600.8, 451.2)(673.6, 451.2)(673.6, 451.3)(687.5, 451.3)(687.5, 561.0)(600.8, 561.0);GATE
Port:(606.4, 455.8)(668.0, 455.8)(668.0, 461.8)(606.4, 461.8);SD
Module:M3
Boundary:(185.8, 177.8)(185.8, 283.6)(10.0, 283.6)(10.0, 177.8);GATE
Port:(10.0, 192.0)(14.3, 192.0)(14.3, 269.4)(10.0, 269.4);SD
Port:(185.8, 177.8)(185.8, 283.6)(15.9, 283.6)(15.9, 177.8);GATE
Port:(173.5, 184.7)(179.9, 184.7)(179.9, 276.7)(173.5, 276.7);SD
Module:M15
Boundary:(190.0, 303.6)(190.0, 406.8)(189.3, 406.8)(189.3, 424.5)(10.0, 424.5)(10.0, 303.6);GATE
Port:(10.0, 316.2)(15.1, 316.2)(15.1, 411.9)(10.0, 411.9);SD
Port:(190.0, 303.6)(190.0, 406.8)(189.3, 406.8)(189.3, 424.5)(17.1, 424.5)(17.1, 303.6);GATE
Port:(180.7, 308.8)(185.8, 308.8)(185.8, 401.6)(180.7, 401.6);SD
Module:M12
Boundary:(459.7, 224.5)(532.3, 224.5)(532.3, 224.7)(550.3, 224.7)(550.3, 430.6)(459.7, 430.6);GATE
Port:(474.6, 425.2)(535.4, 425.2)(535.4, 430.6)(474.6, 430.6);SD
Port:(459.7, 224.5)(532.3, 224.5)(532.3, 224.7)(550.3, 224.7)(550.3, 423.8)(459.7, 423.8);GATE
Port:(465.4, 229.2)(526.6, 229.2)(526.6, 236.2)(465.4, 236.2);SD
Module:M8
Boundary:(580.3, 225.2)(681.5, 225.2)(681.5, 225.7)(698.7, 225.7)(698.7, 411.2)(580.3, 411.2);GATE
Port:(593.0, 406.5)(686.0, 406.5)(686.0, 411.2)(593.0, 411.2);SD
Port:(580.3, 225.2)(681.5, 225.2)(681.5, 225.7)(698.7, 225.7)(698.7, 404.8)(580.3, 404.8);GATE
Port:(585.5, 229.4)(676.3, 229.4)(676.3, 235.1)(585.5, 235.1);SD
Module:M4
Boundary:(429.7, 254.0)(429.7, 325.6)(429.7, 325.6)(429.7, 343.0)(246.8, 343.0)(246.8, 254.0);GATE
Port:(246.8, 268.6)(251.6, 268.6)(251.6, 328.4)(246.8, 328.4);SD
Port:(429.7, 254.0)(429.7, 325.6)(429.7, 325.6)(429.7, 343.0)(253.0, 343.0)(253.0, 254.0);GATE
Port:(417.8, 259.9)(424.8, 259.9)(424.8, 319.7)(417.8, 319.7);SD
