Area:(-30.0, -30.0)(381.8, -30.0)(381.8, 1066.1)(-30.0, 1066.1)
Rule:GATE(5,5);SD(5,5);GATE_SD(0.5);GATE_ITO(0.5);SD_ITO(0.5)
Module:M14
Boundary:(234.1, 362.0)(234.1, 394.6)(234.0, 394.6)(234.0, 409.0)(120.7, 409.0)(120.7, 362.0);GATE
Port:(120.7, 374.6)(125.7, 374.6)(125.7, 396.4)(120.7, 396.4);SD
Port:(234.1, 362.0)(234.1, 394.6)(234.0, 394.6)(234.0, 409.0)(128.1, 409.0)(128.1, 362.0);GATE
Port:(223.2, 368.5)(228.6, 368.5)(228.6, 388.1)(223.2, 388.1);SD
Module:M9
Boundary:(10.0, 257.4)(62.9, 257.4)(62.9, 257.6)(79.9, 257.6)(79.9, 437.3)(10.0, 437.3);GATE
Port:(24.4, 431.8)(65.5, 431.8)(65.5, 437.3)(24.4, 437.3);SD
Port:(10.0, 257.4)(62.9, 257.4)(62.9, 257.6)(79.9, 257.6)(79.9, 429.8)(10.0, 429.8);GATE
Port:(15.8, 262.2)(57.1, 262.2)(57.1, 269.0)(15.8, 269.0);SD
Module:M5
Boundary:(20.0, 20.0)(70.7, 20.0)(70.7, 227.4)(20.0, 227.4);GATE
Port:(33.9, 222.6)(56.8, 222.6)(56.8, 227.4)(33.9, 227.4);SD
Port:(20.0, 20.0)(70.7, 20.0)(70.7, 219.6)(20.0, 219.6);GATE
Port:(25.8, 24.8)(64.9, 24.8)(64.9, 31.2)(25.8, 31.2);SD
Module:M11
Boundary:(228.0, 751.5)(310.7, 751.5)(310.7, 751.6)(326.4, 751.6)(326.4, 829.0)(228.0, 829.0);GATE
Port:(242.1, 824.8)(312.3, 824.8)(312.3, 829.0)(242.1, 829.0);SD
Port:(228.0, 751.5)(310.7, 751.5)(310.7, 751.6)(326.4, 751.6)(326.4, 823.4)(228.0, 823.4);GATE
Port:(234.4, 756.9)(304.3, 756.9)(304.3, 763.5)(234.4, 763.5);SD
Module:M1
Boundary:(188.0, 766.0)(188.0, 850.8)(30.0, 850.8)(30.0, 766.0);GATE
Port:(30.0, 779.4)(34.6, 779.4)(34.6, 837.4)(30.0, 837.4);SD
Port:(188.0, 766.0)(188.0, 850.8)(36.0, 850.8)(36.0, 766.0);GATE
Port:(176.9, 771.2)(183.8, 771.2)(183.8, 845.6)(176.9, 845.6);SD
Module:M6
Boundary:(191.9, 457.3)(191.9, 553.6)(191.6, 553.6)(191.6, 569.6)(10.0, 569.6)(10.0, 457.3);GATE
Port:(10.0, 469.5)(15.9, 469.5)(15.9, 557.4)(10.0, 557.4);SD
Port:(191.9, 457.3)(191.9, 553.6)(191.6, 553.6)(191.6, 569.6)(18.3, 569.6)(18.3, 457.3);GATE
Port:(181.3, 462.6)(187.6, 462.6)(187.6, 548.3)(181.3, 548.3);SD
Module:M2
Boundary:(213.5, 232.6)(213.5, 312.0)(110.7, 312.0)(110.7, 232.6);GATE
Port:(110.7, 246.1)(116.6, 246.1)(116.6, 298.5)(110.7, 298.5);SD
Port:(213.5, 232.6)(213.5, 312.0)(118.2, 312.0)(118.2, 232.6);GATE
Port:(201.9, 238.2)(208.9, 238.2)(208.9, 306.4)(201.9, 306.4);SD
Module:M16
Boundary:(100.7, 10.0)(134.1, 10.0)(134.1, 10.1)(150.8, 10.1)(150.8, 125.2)(100.7, 125.2);GATE
Port:(113.6, 121.0)(137.9, 121.0)(137.9, 125.2)(113.6, 125.2);SD
Port:(100.7, 10.0)(134.1, 10.0)(134.1, 10.1)(150.8, 10.1)(150.8, 119.6)(100.7, 119.6);GATE
Port:(105.8, 14.1)(129.0, 14.1)(129.0, 20.6)(105.8, 20.6);SD
Module:M13
Boundary:(170.8, 10.0)(227.7, 10.0)(227.7, 202.6)(170.8, 202.6);GATE
Port:(186.3, 197.9)(212.2, 197.9)(212.2, 202.6)(186.3, 202.6);SD
Port:(170.8, 10.0)(227.7, 10.0)(227.7, 195.6)(170.8, 195.6);GATE
Port:(177.1, 15.3)(221.4, 15.3)(221.4, 22.8)(177.1, 22.8);SD
Module:M10
Boundary:(274.1, 165.7)(341.8, 165.7)(341.8, 386.2)(274.1, 386.2);GATE
Port:(289.3, 381.2)(326.6, 381.2)(326.6, 386.2)(289.3, 386.2);SD
Port:(274.1, 165.7)(341.8, 165.7)(341.8, 378.2)(274.1, 378.2);GATE
Port:(280.6, 171.2)(335.3, 171.2)(335.3, 178.2)(280.6, 178.2);SD
Module:M7
Boundary:(199.3, 599.6)(199.3, 716.0)(20.0, 716.0)(20.0, 599.6);GATE
Port:(20.0, 616.2)(25.3, 616.2)(25.3, 699.4)(20.0, 699.4);SD
Port:(199.3, 599.6)(199.3, 716.0)(26.5, 716.0)(26.5, 599.6);GATE
Port:(186.0, 606.3)(193.6, 606.3)(193.6, 709.3)(186.0, 709.3);SD
Module:M3
Boundary:(259.8, 849.0)(340.7, 849.0)(340.7, 986.1)(259.8, 986.1);GATE
Port:(274.4, 981.6)(326.1, 981.6)(326.1, 986.1)(274.4, 986.1);SD
Port:(259.8, 849.0)(340.7, 849.0)(340.7, 979.5)(259.8, 979.5);GATE
Port:(266.5, 854.7)(334.0, 854.7)(334.0, 861.2)(266.5, 861.2);SD
Module:M15
Boundary:(247.7, 10.0)(315.7, 10.0)(315.7, 10.2)(331.9, 10.2)(331.9, 145.7)(247.7, 145.7);GATE
Port:(261.8, 140.4)(317.8, 140.4)(317.8, 145.7)(261.8, 145.7);SD
Port:(247.7, 10.0)(315.7, 10.0)(315.7, 10.2)(331.9, 10.2)(331.9, 137.6)(247.7, 137.6);GATE
Port:(253.4, 14.7)(310.0, 14.7)(310.0, 21.8)(253.4, 21.8);SD
Module:M12
Boundary:(211.9, 449.0)(336.4, 449.0)(336.4, 566.4)(211.9, 566.4);GATE
Port:(226.0, 561.8)(322.3, 561.8)(322.3, 566.4)(226.0, 566.4);SD
Port:(211.9, 449.0)(336.4, 449.0)(336.4, 559.1)(211.9, 559.1);GATE
Port:(218.0, 454.1)(330.3, 454.1)(330.3, 459.7)(218.0, 459.7);SD
Module:M8
Boundary:(229.8, 900.8)(229.8, 1026.1)(20.0, 1026.1)(20.0, 900.8);GATE
Port:(20.0, 916.1)(25.4, 916.1)(25.4, 1010.8)(20.0, 1010.8);SD
Port:(229.8, 900.8)(229.8, 1026.1)(27.2, 1026.1)(27.2, 900.8);GATE
Port:(216.9, 907.1)(224.5, 907.1)(224.5, 1019.8)(216.9, 1019.8);SD
Module:M4
Boundary:(330.8, 596.4)(330.8, 704.1)(330.2, 704.1)(330.2, 721.5)(239.3, 721.5)(239.3, 596.4);GATE
Port:(239.3, 611.6)(243.7, 611.6)(243.7, 706.3)(239.3, 706.3);SD
Port:(330.8, 596.4)(330.8, 704.1)(330.2, 704.1)(330.2, 721.5)(246.7, 721.5)(246.7, 596.4);GATE
Port:(318.9, 603.3)(324.9, 603.3)(324.9, 697.2)(318.9, 697.2);SD
