Area:(-30.0, -30.0)(615.9, -30.0)(615.9, 582.1)(-30.0, 582.1)
Rule:GATE(5,5);SD(5,5);GATE_SD(0.5);GATE_ITO(0.5);SD_ITO(0.5)
Module:M14
Boundary:(350.8, 407.7)(350.8, 507.3)(350.7, 507.3)(350.7, 523.8)(279.2, 523.8)(279.2, 407.7);GATE
Port:(279.2, 420.7)(283.9, 420.7)(283.9, 510.8)(279.2, 510.8);SD
Port:(350.8, 407.7)(350.8, 507.3)(350.7, 507.3)(350.7, 523.8)(285.0, 523.8)(285.0, 407.7);GATE
Port:(339.9, 413.4)(346.1, 413.4)(346.1, 501.6)(339.9, 501.6);SD
Module:M9
Boundary:(198.0, 10.0)(264.6, 10.0)(264.6, 184.3)(198.0, 184.3);GATE
Port:(211.6, 178.7)(251.0, 178.7)(251.0, 184.3)(211.6, 184.3);SD
Port:(198.0, 10.0)(264.6, 10.0)(264.6, 176.2)(198.0, 176.2);GATE
Port:(204.7, 15.7)(257.9, 15.7)(257.9, 20.6)(204.7, 20.6);SD
Module:M5
Boundary:(230.2, 231.3)(230.2, 315.5)(139.3, 315.5)(139.3, 231.3);GATE
Port:(139.3, 245.6)(144.8, 245.6)(144.8, 301.2)(139.3, 301.2);SD
Port:(230.2, 231.3)(230.2, 315.5)(146.8, 315.5)(146.8, 231.3);GATE
Port:(218.8, 236.9)(225.6, 236.9)(225.6, 309.9)(218.8, 309.9);SD
Module:M11
Boundary:(498.2, 376.7)(549.7, 376.7)(549.7, 376.8)(565.3, 376.8)(565.3, 542.1)(498.2, 542.1);GATE
Port:(513.0, 537.1)(550.5, 537.1)(550.5, 542.1)(513.0, 542.1);SD
Port:(498.2, 376.7)(549.7, 376.7)(549.7, 376.8)(565.3, 376.8)(565.3, 535.0)(498.2, 535.0);GATE
Port:(504.8, 382.3)(543.1, 382.3)(543.1, 388.5)(504.8, 388.5);SD
Module:M1
Boundary:(392.7, 30.0)(441.4, 30.0)(441.4, 30.1)(456.2, 30.1)(456.2, 134.2)(392.7, 134.2);GATE
Port:(406.6, 129.3)(442.3, 129.3)(442.3, 134.2)(406.6, 134.2);SD
Port:(392.7, 30.0)(441.4, 30.0)(441.4, 30.1)(456.2, 30.1)(456.2, 126.7)(392.7, 126.7);GATE
Port:(399.6, 35.9)(434.5, 35.9)(434.5, 41.8)(399.6, 41.8);SD
Module:M6
Boundary:(496.2, 10.0)(575.9, 10.0)(575.9, 166.6)(496.2, 166.6);GATE
Port:(508.9, 162.1)(563.2, 162.1)(563.2, 166.6)(508.9, 166.6);SD
Port:(496.2, 10.0)(575.9, 10.0)(575.9, 159.6)(496.2, 159.6);GATE
Port:(502.8, 15.6)(569.3, 15.6)(569.3, 19.9)(502.8, 19.9);SD
Module:M2
Boundary:(482.6, 196.6)(572.1, 196.6)(572.1, 346.7)(482.6, 346.7);GATE
Port:(497.5, 342.4)(557.2, 342.4)(557.2, 346.7)(497.5, 346.7);SD
Port:(482.6, 196.6)(572.1, 196.6)(572.1, 340.5)(482.6, 340.5);GATE
Port:(488.3, 201.3)(566.4, 201.3)(566.4, 208.4)(488.3, 208.4);SD
Module:M16
Boundary:(10.0, 10.0)(60.3, 10.0)(60.3, 10.1)(77.5, 10.1)(77.5, 196.6)(10.0, 196.6);GATE
Port:(22.8, 190.8)(64.7, 190.8)(64.7, 196.6)(22.8, 196.6);SD
Port:(10.0, 10.0)(60.3, 10.0)(60.3, 10.1)(77.5, 10.1)(77.5, 188.2)(10.0, 188.2);GATE
Port:(15.5, 14.5)(54.8, 14.5)(54.8, 19.6)(15.5, 19.6);SD
Module:M13
Boundary:(109.3, 221.3)(109.3, 298.7)(108.8, 298.7)(108.8, 314.1)(10.0, 314.1)(10.0, 221.3);GATE
Port:(10.0, 233.6)(15.7, 233.6)(15.7, 301.8)(10.0, 301.8);SD
Port:(109.3, 221.3)(109.3, 298.7)(108.8, 298.7)(108.8, 314.1)(17.1, 314.1)(17.1, 221.3);GATE
Port:(99.8, 226.9)(104.7, 226.9)(104.7, 293.1)(99.8, 293.1);SD
Module:M10
Boundary:(97.5, 10.0)(162.5, 10.0)(162.5, 10.0)(178.0, 10.0)(178.0, 201.3)(97.5, 201.3);GATE
Port:(111.1, 195.4)(164.4, 195.4)(164.4, 201.3)(111.1, 201.3);SD
Port:(97.5, 10.0)(162.5, 10.0)(162.5, 10.0)(178.0, 10.0)(178.0, 192.6)(97.5, 192.6);GATE
Port:(102.8, 14.3)(157.2, 14.3)(157.2, 21.7)(102.8, 21.7);SD
Module:M7
Boundary:(270.2, 248.4)(320.8, 248.4)(320.8, 248.7)(337.0, 248.7)(337.0, 357.7)(270.2, 357.7);GATE
Port:(284.2, 351.8)(323.0, 351.8)(323.0, 357.7)(284.2, 357.7);SD
Port:(270.2, 248.4)(320.8, 248.4)(320.8, 248.7)(337.0, 248.7)(337.0, 349.0)(270.2, 349.0);GATE
Port:(275.6, 252.8)(315.4, 252.8)(315.4, 259.5)(275.6, 259.5);SD
Module:M3
Boundary:(239.2, 345.5)(239.2, 435.5)(10.0, 435.5)(10.0, 345.5);GATE
Port:(10.0, 360.5)(15.4, 360.5)(15.4, 420.5)(10.0, 420.5);SD
Port:(239.2, 345.5)(239.2, 435.5)(17.6, 435.5)(17.6, 345.5);GATE
Port:(227.4, 352.3)(233.4, 352.3)(233.4, 428.7)(227.4, 428.7);SD
Module:M15
Boundary:(372.7, 174.2)(437.4, 174.2)(437.4, 174.4)(452.6, 174.4)(452.6, 363.5)(372.7, 363.5);GATE
Port:(386.7, 358.5)(438.6, 358.5)(438.6, 363.5)(386.7, 363.5);SD
Port:(372.7, 174.2)(437.4, 174.2)(437.4, 174.4)(452.6, 174.4)(452.6, 357.0)(372.7, 357.0);GATE
Port:(379.5, 180.0)(430.6, 180.0)(430.6, 185.4)(379.5, 185.4);SD
Module:M12
Boundary:(284.6, 10.0)(336.5, 10.0)(336.5, 10.1)(352.7, 10.1)(352.7, 218.4)(284.6, 218.4);GATE
Port:(298.9, 214.0)(338.4, 214.0)(338.4, 218.4)(298.9, 218.4);SD
Port:(284.6, 10.0)(336.5, 10.0)(336.5, 10.1)(352.7, 10.1)(352.7, 211.5)(284.6, 211.5);GATE
Port:(290.6, 15.0)(330.5, 15.0)(330.5, 22.2)(290.6, 22.2);SD
Module:M8
Boundary:(206.5, 465.5)(206.5, 517.1)(206.2, 517.1)(206.2, 532.7)(20.0, 532.7)(20.0, 465.5);GATE
Port:(20.0, 480.1)(25.7, 480.1)(25.7, 518.1)(20.0, 518.1);SD
Port:(206.5, 465.5)(206.5, 517.1)(206.2, 517.1)(206.2, 532.7)(27.0, 532.7)(27.0, 465.5);GATE
Port:(194.5, 472.3)(200.7, 472.3)(200.7, 510.3)(194.5, 510.3);SD
Module:M4
Boundary:(400.8, 393.5)(451.8, 393.5)(451.8, 393.7)(468.2, 393.7)(468.2, 527.7)(400.8, 527.7);GATE
Port:(414.4, 523.4)(454.6, 523.4)(454.6, 527.7)(414.4, 527.7);SD
Port:(400.8, 393.5)(451.8, 393.5)(451.8, 393.7)(468.2, 393.7)(468.2, 520.9)(400.8, 520.9);GATE
Port:(406.6, 398.3)(446.0, 398.3)(446.0, 404.8)(406.6, 404.8);SD
