Area:(-30.0, -30.0)(623.8, -30.0)(623.8, 619.8)(-30.0, 619.8)
Rule:GATE(5,5);SD(5,5);GATE_SD(0.5);GATE_ITO(0.5);SD_ITO(0.5)
Module:M14
Boundary:(457.6, 30.0)(457.6, 126.4)(457.4, 126.4)(457.4, 142.6)(234.4, 142.6)(234.4, 30.0);GATE
Port:(234.4, 41.9)(239.4, 41.9)(239.4, 130.7)(234.4, 130.7);SD
Port:(457.6, 30.0)(457.6, 126.4)(457.4, 126.4)(457.4, 142.6)(241.8, 142.6)(241.8, 30.0);GATE
Port:(448.3, 36.0)(452.6, 36.0)(452.6, 120.4)(448.3, 120.4);SD
Module:M9
Boundary:(103.2, 10.0)(103.2, 87.5)(103.1, 87.5)(103.1, 102.5)(10.0, 102.5)(10.0, 10.0);GATE
Port:(10.0, 22.3)(15.2, 22.3)(15.2, 90.2)(10.0, 90.2);SD
Port:(103.2, 10.0)(103.2, 87.5)(103.1, 87.5)(103.1, 102.5)(17.5, 102.5)(17.5, 10.0);GATE
Port:(92.6, 16.5)(97.7, 16.5)(97.7, 81.0)(92.6, 81.0);SD
Module:M5
Boundary:(184.0, 136.2)(184.0, 197.3)(183.8, 197.3)(183.8, 212.6)(20.0, 212.6)(20.0, 136.2);GATE
Port:(20.0, 148.4)(24.5, 148.4)(24.5, 200.4)(20.0, 200.4);SD
Port:(184.0, 136.2)(184.0, 197.3)(183.8, 197.3)(183.8, 212.6)(26.5, 212.6)(26.5, 136.2);GATE
Port:(174.4, 141.2)(180.0, 141.2)(180.0, 192.3)(174.4, 192.3);SD
Module:M11
Boundary:(333.6, 287.2)(427.9, 287.2)(427.9, 489.5)(333.6, 489.5);GATE
Port:(347.8, 485.5)(413.7, 485.5)(413.7, 489.5)(347.8, 489.5);SD
Port:(333.6, 287.2)(427.9, 287.2)(427.9, 482.6)(333.6, 482.6);GATE
Port:(339.1, 291.7)(422.4, 291.7)(422.4, 297.9)(339.1, 297.9);SD
Module:M1
Boundary:(467.9, 280.6)(549.4, 280.6)(549.4, 281.1)(564.8, 281.1)(564.8, 462.0)(467.9, 462.0);GATE
Port:(482.0, 457.1)(550.7, 457.1)(550.7, 462.0)(482.0, 462.0);SD
Port:(467.9, 280.6)(549.4, 280.6)(549.4, 281.1)(564.8, 281.1)(564.8, 455.7)(467.9, 455.7);GATE
Port:(474.3, 286.0)(543.0, 286.0)(543.0, 292.2)(474.3, 292.2);SD
Module:M6
Boundary:(527.3, 509.5)(527.3, 579.8)(333.6, 579.8)(333.6, 509.5);GATE
Port:(333.6, 523.0)(338.0, 523.0)(338.0, 566.3)(333.6, 566.3);SD
Port:(527.3, 509.5)(527.3, 579.8)(340.4, 579.8)(340.4, 509.5);GATE
Port:(516.6, 515.4)(522.4, 515.4)(522.4, 573.9)(516.6, 573.9);SD
Module:M2
Boundary:(303.6, 476.8)(303.6, 570.3)(161.4, 570.3)(161.4, 476.8);GATE
Port:(161.4, 490.0)(165.9, 490.0)(165.9, 557.1)(161.4, 557.1);SD
Port:(303.6, 476.8)(303.6, 570.3)(167.0, 570.3)(167.0, 476.8);GATE
Port:(292.4, 482.4)(299.0, 482.4)(299.0, 564.7)(292.4, 564.7);SD
Module:M16
Boundary:(576.5, 188.9)(576.5, 240.6)(406.2, 240.6)(406.2, 188.9);GATE
Port:(406.2, 202.3)(410.8, 202.3)(410.8, 227.2)(406.2, 227.2);SD
Port:(576.5, 188.9)(576.5, 240.6)(413.6, 240.6)(413.6, 188.9);GATE
Port:(566.1, 195.0)(571.4, 195.0)(571.4, 234.5)(566.1, 234.5);SD
Module:M13
Boundary:(497.6, 10.0)(583.8, 10.0)(583.8, 168.9)(497.6, 168.9);GATE
Port:(511.7, 163.9)(569.7, 163.9)(569.7, 168.9)(511.7, 168.9);SD
Port:(497.6, 10.0)(583.8, 10.0)(583.8, 161.0)(497.6, 161.0);GATE
Port:(503.6, 15.0)(577.8, 15.0)(577.8, 21.4)(503.6, 21.4);SD
Module:M10
Boundary:(297.8, 385.0)(297.8, 432.1)(297.6, 432.1)(297.6, 446.8)(134.0, 446.8)(134.0, 385.0);GATE
Port:(134.0, 397.7)(138.9, 397.7)(138.9, 434.1)(134.0, 434.1);SD
Port:(297.8, 385.0)(297.8, 432.1)(297.6, 432.1)(297.6, 446.8)(141.0, 446.8)(141.0, 385.0);GATE
Port:(287.2, 391.8)(292.0, 391.8)(292.0, 425.3)(287.2, 425.3);SD
Module:M7
Boundary:(20.0, 480.6)(121.4, 480.6)(121.4, 570.4)(20.0, 570.4);GATE
Port:(34.7, 564.7)(106.7, 564.7)(106.7, 570.4)(34.7, 570.4);SD
Port:(20.0, 480.6)(121.4, 480.6)(121.4, 561.8)(20.0, 561.8);GATE
Port:(26.5, 486.1)(114.9, 486.1)(114.9, 493.3)(26.5, 493.3);SD
Module:M3
Boundary:(305.4, 287.2)(305.4, 365.0)(214.4, 365.0)(214.4, 287.2);GATE
Port:(214.4, 299.8)(220.2, 299.8)(220.2, 352.4)(214.4, 352.4);SD
Port:(305.4, 287.2)(305.4, 365.0)(221.9, 365.0)(221.9, 287.2);GATE
Port:(294.4, 292.9)(300.7, 292.9)(300.7, 359.3)(294.4, 359.3);SD
Module:M15
Boundary:(10.0, 364.9)(97.4, 364.9)(97.4, 365.3)(114.0, 365.3)(114.0, 450.6)(10.0, 450.6);GATE
Port:(25.1, 445.1)(98.9, 445.1)(98.9, 450.6)(25.1, 450.6);SD
Port:(10.0, 364.9)(97.4, 364.9)(97.4, 365.3)(114.0, 365.3)(114.0, 442.8)(10.0, 442.8);GATE
Port:(17.0, 370.9)(90.4, 370.9)(90.4, 377.2)(17.0, 377.2);SD
Module:M12
Boundary:(123.2, 10.0)(194.4, 10.0)(194.4, 106.2)(123.2, 106.2);GATE
Port:(137.7, 100.2)(179.9, 100.2)(179.9, 106.2)(137.7, 106.2);SD
Port:(123.2, 10.0)(194.4, 10.0)(194.4, 98.1)(123.2, 98.1);GATE
Port:(129.8, 15.6)(187.8, 15.6)(187.8, 21.5)(129.8, 21.5);SD
Module:M8
Boundary:(376.2, 192.6)(376.2, 241.8)(376.2, 241.8)(376.2, 257.2)(224.4, 257.2)(224.4, 192.6);GATE
Port:(224.4, 206.1)(229.4, 206.1)(229.4, 243.7)(224.4, 243.7);SD
Port:(376.2, 192.6)(376.2, 241.8)(376.2, 241.8)(376.2, 257.2)(231.4, 257.2)(231.4, 192.6);GATE
Port:(365.4, 199.2)(370.6, 199.2)(370.6, 235.2)(365.4, 235.2);SD
Module:M4
Boundary:(180.3, 252.6)(180.3, 319.6)(180.1, 319.6)(180.1, 334.9)(20.0, 334.9)(20.0, 252.6);GATE
Port:(20.0, 267.7)(25.7, 267.7)(25.7, 319.8)(20.0, 319.8);SD
Port:(180.3, 252.6)(180.3, 319.6)(180.1, 319.6)(180.1, 334.9)(28.7, 334.9)(28.7, 252.6);GATE
Port:(167.3, 259.3)(174.6, 259.3)(174.6, 312.9)(167.3, 312.9);SD
