Area:(-30.0, -30.0)(392.6, -30.0)(392.6, 1094.7)(-30.0, 1094.7)
Rule:GATE(5,5);SD(5,5);GATE_SD(0.5);GATE_ITO(0.5);SD_ITO(0.5)
Module:M14
Boundary:(332.1, 478.9)(332.1, 557.8)(332.0, 557.8)(332.0, 573.5)(178.8, 573.5)(178.8, 478.9);GATE
Port:(178.8, 491.6)(183.8, 491.6)(183.8, 560.8)(178.8, 560.8);SD
Port:(332.1, 478.9)(332.1, 557.8)(332.0, 557.8)(332.0, 573.5)(185.1, 573.5)(185.1, 478.9);GATE
Port:(321.6, 484.0)(328.0, 484.0)(328.0, 552.7)(321.6, 552.7);SD
Module:M9
Boundary:(137.3, 851.3)(137.3, 898.5)(137.1, 898.5)(137.1, 913.1)(10.0, 913.1)(10.0, 851.3);GATE
Port:(10.0, 863.7)(14.8, 863.7)(14.8, 900.7)(10.0, 900.7);SD
Port:(137.3, 851.3)(137.3, 898.5)(137.1, 898.5)(137.1, 913.1)(16.0, 913.1)(16.0, 851.3);GATE
Port:(126.5, 857.6)(132.0, 857.6)(132.0, 892.2)(126.5, 892.2);SD
Module:M5
Boundary:(20.0, 566.0)(84.7, 566.0)(84.7, 566.4)(100.5, 566.4)(100.5, 754.9)(20.0, 754.9);GATE
Port:(33.1, 749.2)(87.4, 749.2)(87.4, 754.9)(33.1, 754.9);SD
Port:(20.0, 566.0)(84.7, 566.0)(84.7, 566.4)(100.5, 566.4)(100.5, 746.7)(20.0, 746.7);GATE
Port:(25.4, 570.4)(79.3, 570.4)(79.3, 576.7)(25.4, 576.7);SD
Module:M11
Boundary:(155.2, 784.9)(155.2, 817.8)(155.1, 817.8)(155.1, 831.3)(10.0, 831.3)(10.0, 784.9);GATE
Port:(10.0, 797.7)(15.6, 797.7)(15.6, 818.5)(10.0, 818.5);SD
Port:(155.2, 784.9)(155.2, 817.8)(155.1, 817.8)(155.1, 831.3)(17.9, 831.3)(17.9, 784.9);GATE
Port:(144.0, 791.3)(149.8, 791.3)(149.8, 811.4)(144.0, 811.4);SD
Module:M1
Boundary:(30.0, 268.3)(71.8, 268.3)(71.8, 268.4)(85.8, 268.4)(85.8, 357.6)(30.0, 357.6);GATE
Port:(40.9, 351.8)(74.9, 351.8)(74.9, 357.6)(40.9, 357.6);SD
Port:(30.0, 268.3)(71.8, 268.3)(71.8, 268.4)(85.8, 268.4)(85.8, 350.0)(30.0, 350.0);GATE
Port:(35.2, 272.5)(66.6, 272.5)(66.6, 276.7)(35.2, 276.7);SD
Module:M6
Boundary:(233.0, 864.3)(324.2, 864.3)(324.2, 864.5)(342.1, 864.5)(342.1, 1054.7)(233.0, 1054.7);GATE
Port:(248.3, 1049.6)(326.8, 1049.6)(326.8, 1054.7)(248.3, 1054.7);SD
Port:(233.0, 864.3)(324.2, 864.3)(324.2, 864.5)(342.1, 864.5)(342.1, 1047.8)(233.0, 1047.8);GATE
Port:(239.2, 869.5)(318.0, 869.5)(318.0, 876.6)(239.2, 876.6);SD
Module:M2
Boundary:(20.0, 417.0)(110.7, 417.0)(110.7, 417.6)(128.8, 417.6)(128.8, 526.0)(20.0, 526.0);GATE
Port:(34.7, 520.8)(114.1, 520.8)(114.1, 526.0)(34.7, 526.0);SD
Port:(20.0, 417.0)(110.7, 417.0)(110.7, 417.6)(128.8, 417.6)(128.8, 518.7)(20.0, 518.7);GATE
Port:(25.4, 421.4)(105.3, 421.4)(105.3, 428.3)(25.4, 428.3);SD
Module:M16
Boundary:(227.3, 366.7)(308.2, 366.7)(308.2, 367.0)(324.4, 367.0)(324.4, 438.9)(227.3, 438.9);GATE
Port:(239.9, 433.9)(311.8, 433.9)(311.8, 438.9)(239.9, 438.9);SD
Port:(227.3, 366.7)(308.2, 366.7)(308.2, 367.0)(324.4, 367.0)(324.4, 432.0)(227.3, 432.0);GATE
Port:(233.2, 371.6)(302.3, 371.6)(302.3, 376.4)(233.2, 376.4);SD
Module:M13
Boundary:(350.7, 10.0)(350.7, 95.9)(350.5, 95.9)(350.5, 112.7)(214.7, 112.7)(214.7, 10.0);GATE
Port:(214.7, 24.1)(219.0, 24.1)(219.0, 98.6)(214.7, 98.6);SD
Port:(350.7, 10.0)(350.7, 95.9)(350.5, 95.9)(350.5, 112.7)(221.3, 112.7)(221.3, 10.0);GATE
Port:(339.4, 16.2)(345.5, 16.2)(345.5, 89.7)(339.4, 89.7);SD
Module:M10
Boundary:(316.0, 767.4)(316.0, 844.3)(175.2, 844.3)(175.2, 767.4);GATE
Port:(175.2, 781.2)(180.2, 781.2)(180.2, 830.5)(175.2, 830.5);SD
Port:(316.0, 767.4)(316.0, 844.3)(183.1, 844.3)(183.1, 767.4);GATE
Port:(304.5, 774.1)(310.3, 774.1)(310.3, 837.6)(304.5, 837.6);SD
Module:M7
Boundary:(203.0, 943.1)(203.0, 1053.9)(20.0, 1053.9)(20.0, 943.1);GATE
Port:(20.0, 956.5)(25.0, 956.5)(25.0, 1040.5)(20.0, 1040.5);SD
Port:(203.0, 943.1)(203.0, 1053.9)(26.4, 1053.9)(26.4, 943.1);GATE
Port:(191.4, 949.8)(197.3, 949.8)(197.3, 1047.2)(191.4, 1047.2);SD
Module:M3
Boundary:(125.8, 183.9)(191.2, 183.9)(191.2, 184.0)(207.3, 184.0)(207.3, 387.0)(125.8, 387.0);GATE
Port:(138.5, 381.4)(194.6, 381.4)(194.6, 387.0)(138.5, 387.0);SD
Port:(125.8, 183.9)(191.2, 183.9)(191.2, 184.0)(207.3, 184.0)(207.3, 379.2)(125.8, 379.2);GATE
Port:(131.8, 188.9)(185.2, 188.9)(185.2, 194.4)(131.8, 194.4);SD
Module:M15
Boundary:(227.3, 132.7)(352.6, 132.7)(352.6, 346.7)(227.3, 346.7);GATE
Port:(241.5, 340.8)(338.4, 340.8)(338.4, 346.7)(241.5, 346.7);SD
Port:(227.3, 132.7)(352.6, 132.7)(352.6, 337.8)(227.3, 337.8);GATE
Port:(233.7, 138.1)(346.2, 138.1)(346.2, 143.4)(233.7, 143.4);SD
Module:M12
Boundary:(125.4, 10.0)(177.6, 10.0)(177.6, 10.1)(194.7, 10.1)(194.7, 163.9)(125.4, 163.9);GATE
Port:(139.6, 158.9)(180.5, 158.9)(180.5, 163.9)(139.6, 163.9);SD
Port:(125.4, 10.0)(177.6, 10.0)(177.6, 10.1)(194.7, 10.1)(194.7, 156.2)(125.4, 156.2);GATE
Port:(131.8, 15.4)(171.2, 15.4)(171.2, 21.4)(131.8, 21.4);SD
Module:M8
Boundary:(20.0, 20.0)(80.7, 20.0)(80.7, 20.0)(95.4, 20.0)(95.4, 218.3)(20.0, 218.3);GATE
Port:(32.4, 213.6)(83.0, 213.6)(83.0, 218.3)(32.4, 218.3);SD
Port:(20.0, 20.0)(80.7, 20.0)(80.7, 20.0)(95.4, 20.0)(95.4, 212.5)(20.0, 212.5);GATE
Port:(25.2, 24.2)(75.5, 24.2)(75.5, 30.5)(25.2, 30.5);SD
Module:M4
Boundary:(341.1, 623.5)(341.1, 737.4)(140.5, 737.4)(140.5, 623.5);GATE
Port:(140.5, 639.3)(145.5, 639.3)(145.5, 721.6)(140.5, 721.6);SD
Port:(341.1, 623.5)(341.1, 737.4)(147.5, 737.4)(147.5, 623.5);GATE
Port:(328.7, 630.0)(335.6, 630.0)(335.6, 730.9)(328.7, 730.9);SD
