Area:(-30.0, -30.0)(1106.5, -30.0)(1106.5, 393.3)(-30.0, 393.3)
Rule:GATE(5,5);SD(5,5);GATE_SD(0.5);GATE_ITO(0.5);SD_ITO(0.5)
Module:M14
Boundary:(578.3, 30.0)(679.7, 30.0)(679.7, 30.7)(696.2, 30.7)(696.2, 201.7)(578.3, 201.7);GATE
Port:(592.8, 196.1)(681.7, 196.1)(681.7, 201.7)(592.8, 201.7);SD
Port:(578.3, 30.0)(679.7, 30.0)(679.7, 30.7)(696.2, 30.7)(696.2, 194.3)(578.3, 194.3);GATE
Port:(584.9, 35.6)(673.1, 35.6)(673.1, 41.0)(584.9, 41.0);SD
Module:M9
Boundary:(171.6, 10.0)(279.0, 10.0)(279.0, 10.2)(296.2, 10.2)(296.2, 135.7)(171.6, 135.7);GATE
Port:(187.2, 130.6)(280.6, 130.6)(280.6, 135.7)(187.2, 135.7);SD
Port:(171.6, 10.0)(279.0, 10.0)(279.0, 10.2)(296.2, 10.2)(296.2, 128.0)(171.6, 128.0);GATE
Port:(178.4, 15.8)(272.2, 15.8)(272.2, 22.7)(178.4, 22.7);SD
Module:M5
Boundary:(20.0, 129.4)(72.6, 129.4)(72.6, 129.5)(90.7, 129.5)(90.7, 228.5)(20.0, 228.5);GATE
Port:(33.6, 224.1)(77.1, 224.1)(77.1, 228.5)(33.6, 228.5);SD
Port:(20.0, 129.4)(72.6, 129.4)(72.6, 129.5)(90.7, 129.5)(90.7, 222.8)(20.0, 222.8);GATE
Port:(25.5, 133.9)(67.1, 133.9)(67.1, 139.5)(25.5, 139.5);SD
Module:M11
Boundary:(184.1, 265.7)(184.1, 329.1)(183.9, 329.1)(183.9, 344.3)(10.0, 344.3)(10.0, 265.7);GATE
Port:(10.0, 279.0)(15.4, 279.0)(15.4, 331.0)(10.0, 331.0);SD
Port:(184.1, 265.7)(184.1, 329.1)(183.9, 329.1)(183.9, 344.3)(16.6, 344.3)(16.6, 265.7);GATE
Port:(172.9, 271.6)(179.2, 271.6)(179.2, 323.2)(172.9, 323.2);SD
Module:M1
Boundary:(441.4, 30.0)(499.9, 30.0)(499.9, 30.0)(518.3, 30.0)(518.3, 197.5)(441.4, 197.5);GATE
Port:(457.7, 192.3)(502.0, 192.3)(502.0, 197.5)(457.7, 197.5);SD
Port:(441.4, 30.0)(499.9, 30.0)(499.9, 30.0)(518.3, 30.0)(518.3, 190.6)(441.4, 190.6);GATE
Port:(448.0, 35.6)(493.3, 35.6)(493.3, 43.3)(448.0, 43.3);SD
Module:M6
Boundary:(151.6, 10.0)(151.6, 82.1)(151.4, 82.1)(151.4, 99.4)(10.0, 99.4)(10.0, 10.0);GATE
Port:(10.0, 25.5)(14.7, 25.5)(14.7, 83.9)(10.0, 83.9);SD
Port:(151.6, 10.0)(151.6, 82.1)(151.4, 82.1)(151.4, 99.4)(16.4, 99.4)(16.4, 10.0);GATE
Port:(139.3, 15.9)(146.7, 15.9)(146.7, 76.2)(139.3, 76.2);SD
Module:M2
Boundary:(1049.8, 20.0)(1049.8, 128.5)(849.7, 128.5)(849.7, 20.0);GATE
Port:(849.7, 34.7)(854.9, 34.7)(854.9, 113.8)(849.7, 113.8);SD
Port:(1049.8, 20.0)(1049.8, 128.5)(857.4, 128.5)(857.4, 20.0);GATE
Port:(1037.6, 26.0)(1044.8, 26.0)(1044.8, 122.5)(1037.6, 122.5);SD
Module:M16
Boundary:(388.3, 267.3)(388.3, 334.0)(204.1, 334.0)(204.1, 267.3);GATE
Port:(204.1, 281.8)(209.1, 281.8)(209.1, 319.5)(204.1, 319.5);SD
Port:(388.3, 267.3)(388.3, 334.0)(211.4, 334.0)(211.4, 267.3);GATE
Port:(376.6, 274.1)(382.5, 274.1)(382.5, 327.2)(376.6, 327.2);SD
Module:M13
Boundary:(912.3, 270.5)(912.3, 322.0)(912.2, 322.0)(912.2, 338.5)(752.8, 338.5)(752.8, 270.5);GATE
Port:(752.8, 284.0)(758.2, 284.0)(758.2, 325.0)(752.8, 325.0);SD
Port:(912.3, 270.5)(912.3, 322.0)(912.2, 322.0)(912.2, 338.5)(759.7, 338.5)(759.7, 270.5);GATE
Port:(901.1, 277.2)(906.6, 277.2)(906.6, 315.3)(901.1, 315.3);SD
Module:M10
Boundary:(421.4, 237.5)(482.4, 237.5)(482.4, 353.3)(421.4, 353.3);GATE
Port:(434.1, 348.7)(469.7, 348.7)(469.7, 353.3)(434.1, 353.3);SD
Port:(421.4, 237.5)(482.4, 237.5)(482.4, 347.4)(421.4, 347.4);GATE
Port:(427.0, 242.1)(476.8, 242.1)(476.8, 248.2)(427.0, 248.2);SD
Module:M7
Boundary:(326.2, 20.0)(391.4, 20.0)(391.4, 237.3)(326.2, 237.3);GATE
Port:(339.6, 232.3)(378.0, 232.3)(378.0, 237.3)(339.6, 237.3);SD
Port:(326.2, 20.0)(391.4, 20.0)(391.4, 230.2)(326.2, 230.2);GATE
Port:(332.4, 25.2)(385.2, 25.2)(385.2, 30.9)(332.4, 30.9);SD
Module:M3
Boundary:(276.5, 155.7)(276.5, 245.7)(120.7, 245.7)(120.7, 155.7);GATE
Port:(120.7, 170.6)(125.7, 170.6)(125.7, 230.8)(120.7, 230.8);SD
Port:(276.5, 155.7)(276.5, 245.7)(127.3, 245.7)(127.3, 155.7);GATE
Port:(264.1, 161.7)(271.5, 161.7)(271.5, 239.7)(264.1, 239.7);SD
Module:M15
Boundary:(946.5, 158.5)(1049.8, 158.5)(1049.8, 158.9)(1066.5, 158.9)(1066.5, 290.9)(946.5, 290.9);GATE
Port:(960.9, 285.9)(1052.1, 285.9)(1052.1, 290.9)(960.9, 290.9);SD
Port:(946.5, 158.5)(1049.8, 158.5)(1049.8, 158.9)(1066.5, 158.9)(1066.5, 283.2)(946.5, 283.2);GATE
Port:(953.1, 164.1)(1043.2, 164.1)(1043.2, 170.8)(953.1, 170.8);SD
Module:M12
Boundary:(736.2, 10.0)(819.7, 10.0)(819.7, 138.3)(736.2, 138.3);GATE
Port:(749.4, 134.3)(806.5, 134.3)(806.5, 138.3)(749.4, 138.3);SD
Port:(736.2, 10.0)(819.7, 10.0)(819.7, 132.4)(736.2, 132.4);GATE
Port:(743.1, 15.9)(812.8, 15.9)(812.8, 20.5)(743.1, 20.5);SD
Module:M8
Boundary:(916.5, 168.5)(916.5, 223.2)(916.3, 223.2)(916.3, 240.5)(762.8, 240.5)(762.8, 168.5);GATE
Port:(762.8, 183.5)(768.6, 183.5)(768.6, 225.5)(762.8, 225.5);SD
Port:(916.5, 168.5)(916.5, 223.2)(916.3, 223.2)(916.3, 240.5)(769.8, 240.5)(769.8, 168.5);GATE
Port:(904.4, 175.4)(910.6, 175.4)(910.6, 216.3)(904.4, 216.3);SD
Module:M4
Boundary:(722.8, 251.7)(722.8, 345.1)(512.4, 345.1)(512.4, 251.7);GATE
Port:(512.4, 265.0)(516.6, 265.0)(516.6, 331.8)(512.4, 331.8);SD
Port:(722.8, 251.7)(722.8, 345.1)(518.7, 345.1)(518.7, 251.7);GATE
Port:(711.9, 257.3)(718.2, 257.3)(718.2, 339.5)(711.9, 339.5);SD
