Area:(-30.0, -30.0)(711.1, -30.0)(711.1, 512.6)(-30.0, 512.6)
Rule:GATE(5,5);SD(5,5);GATE_SD(0.5);GATE_ITO(0.5);SD_ITO(0.5)
Module:M14
Boundary:(162.9, 234.9)(162.9, 319.5)(30.0, 319.5)(30.0, 234.9);GATE
Port:(30.0, 248.6)(35.7, 248.6)(35.7, 305.8)(30.0, 305.8);SD
Port:(162.9, 234.9)(162.9, 319.5)(37.9, 319.5)(37.9, 234.9);GATE
Port:(150.8, 241.8)(157.0, 241.8)(157.0, 312.6)(150.8, 312.6);SD
Module:M9
Boundary:(204.9, 359.5)(204.9, 472.1)(10.0, 472.1)(10.0, 359.5);GATE
Port:(10.0, 373.0)(15.6, 373.0)(15.6, 458.6)(10.0, 458.6);SD
Port:(204.9, 359.5)(204.9, 472.1)(16.8, 472.1)(16.8, 359.5);GATE
Port:(194.2, 366.1)(199.3, 366.1)(199.3, 465.5)(194.2, 465.5);SD
Module:M5
Boundary:(658.1, 20.0)(658.1, 65.8)(658.0, 65.8)(658.0, 79.7)(579.9, 79.7)(579.9, 20.0);GATE
Port:(579.9, 32.5)(584.0, 32.5)(584.0, 67.2)(579.9, 67.2);SD
Port:(658.1, 20.0)(658.1, 65.8)(658.0, 65.8)(658.0, 79.7)(585.9, 79.7)(585.9, 20.0);GATE
Port:(647.4, 25.5)(653.6, 25.5)(653.6, 60.3)(647.4, 60.3);SD
Module:M11
Boundary:(488.9, 10.0)(549.9, 10.0)(549.9, 159.3)(488.9, 159.3);GATE
Port:(501.0, 154.5)(537.8, 154.5)(537.8, 159.3)(501.0, 159.3);SD
Port:(488.9, 10.0)(549.9, 10.0)(549.9, 152.6)(488.9, 152.6);GATE
Port:(495.3, 15.4)(543.5, 15.4)(543.5, 20.0)(495.3, 20.0);SD
Module:M1
Boundary:(579.3, 245.6)(666.8, 245.6)(666.8, 455.1)(579.3, 455.1);GATE
Port:(593.9, 450.7)(652.2, 450.7)(652.2, 455.1)(593.9, 455.1);SD
Port:(579.3, 245.6)(666.8, 245.6)(666.8, 448.8)(579.3, 448.8);GATE
Port:(586.2, 251.5)(659.9, 251.5)(659.9, 257.6)(586.2, 257.6);SD
Module:M6
Boundary:(319.5, 73.3)(319.5, 146.0)(234.4, 146.0)(234.4, 73.3);GATE
Port:(234.4, 87.2)(239.1, 87.2)(239.1, 132.1)(234.4, 132.1);SD
Port:(319.5, 73.3)(319.5, 146.0)(241.4, 146.0)(241.4, 73.3);GATE
Port:(308.8, 79.0)(314.8, 79.0)(314.8, 140.3)(308.8, 140.3);SD
Module:M2
Boundary:(526.4, 301.9)(526.4, 364.3)(526.3, 364.3)(526.3, 379.7)(357.7, 379.7)(357.7, 301.9);GATE
Port:(357.7, 313.9)(363.7, 313.9)(363.7, 367.7)(357.7, 367.7);SD
Port:(526.4, 301.9)(526.4, 364.3)(526.3, 364.3)(526.3, 379.7)(365.0, 379.7)(365.0, 301.9);GATE
Port:(516.2, 307.1)(522.2, 307.1)(522.2, 359.1)(516.2, 359.1);SD
Module:M16
Boundary:(569.9, 109.7)(657.0, 109.7)(657.0, 109.8)(671.1, 109.8)(671.1, 205.6)(569.9, 205.6);GATE
Port:(582.0, 201.0)(659.0, 201.0)(659.0, 205.6)(582.0, 205.6);SD
Port:(569.9, 109.7)(657.0, 109.7)(657.0, 109.8)(671.1, 109.8)(671.1, 198.1)(569.9, 198.1);GATE
Port:(575.1, 113.9)(651.8, 113.9)(651.8, 120.2)(575.1, 120.2);SD
Module:M13
Boundary:(331.6, 166.0)(331.6, 256.2)(202.9, 256.2)(202.9, 166.0);GATE
Port:(202.9, 180.7)(207.8, 180.7)(207.8, 241.5)(202.9, 241.5);SD
Port:(331.6, 166.0)(331.6, 256.2)(209.2, 256.2)(209.2, 166.0);GATE
Port:(319.9, 171.3)(327.3, 171.3)(327.3, 250.9)(319.9, 250.9);SD
Module:M10
Boundary:(167.5, 125.7)(167.5, 194.9)(10.0, 194.9)(10.0, 125.7);GATE
Port:(10.0, 140.5)(14.5, 140.5)(14.5, 180.1)(10.0, 180.1);SD
Port:(167.5, 125.7)(167.5, 194.9)(16.6, 194.9)(16.6, 125.7);GATE
Port:(155.6, 132.7)(161.5, 132.7)(161.5, 187.9)(155.6, 187.9);SD
Module:M7
Boundary:(529.3, 204.9)(529.3, 261.9)(361.6, 261.9)(361.6, 204.9);GATE
Port:(361.6, 220.2)(366.3, 220.2)(366.3, 246.6)(361.6, 246.6);SD
Port:(529.3, 204.9)(529.3, 261.9)(368.9, 261.9)(368.9, 204.9);GATE
Port:(517.5, 210.7)(524.5, 210.7)(524.5, 256.1)(517.5, 256.1);SD
Module:M3
Boundary:(485.4, 409.7)(485.4, 457.1)(485.1, 457.1)(485.1, 472.6)(347.7, 472.6)(347.7, 409.7);GATE
Port:(347.7, 422.6)(353.5, 422.6)(353.5, 459.7)(347.7, 459.7);SD
Port:(485.4, 409.7)(485.4, 457.1)(485.1, 457.1)(485.1, 472.6)(356.4, 472.6)(356.4, 409.7);GATE
Port:(475.0, 415.4)(480.7, 415.4)(480.7, 451.4)(475.0, 451.4);SD
Module:M15
Boundary:(385.4, 10.0)(468.9, 10.0)(468.9, 174.9)(385.4, 174.9);GATE
Port:(399.4, 169.3)(454.9, 169.3)(454.9, 174.9)(399.4, 174.9);SD
Port:(385.4, 10.0)(468.9, 10.0)(468.9, 166.4)(385.4, 166.4);GATE
Port:(391.0, 14.6)(463.3, 14.6)(463.3, 20.5)(391.0, 20.5);SD
Module:M12
Boundary:(365.4, 10.0)(365.4, 40.3)(365.3, 40.3)(365.3, 53.3)(234.4, 53.3)(234.4, 10.0);GATE
Port:(234.4, 22.0)(239.0, 22.0)(239.0, 41.3)(234.4, 41.3);SD
Port:(365.4, 10.0)(365.4, 40.3)(365.3, 40.3)(365.3, 53.3)(241.2, 53.3)(241.2, 10.0);GATE
Port:(354.9, 15.8)(360.6, 15.8)(360.6, 34.5)(354.9, 34.5);SD
Module:M8
Boundary:(234.9, 286.2)(302.0, 286.2)(302.0, 286.3)(317.7, 286.3)(317.7, 460.4)(234.9, 460.4);GATE
Port:(249.6, 455.0)(303.0, 455.0)(303.0, 460.4)(249.6, 460.4);SD
Port:(234.9, 286.2)(302.0, 286.2)(302.0, 286.3)(317.7, 286.3)(317.7, 452.9)(234.9, 452.9);GATE
Port:(241.9, 292.2)(295.0, 292.2)(295.0, 298.1)(241.9, 298.1);SD
Module:M4
Boundary:(204.4, 20.0)(204.4, 95.7)(20.0, 95.7)(20.0, 20.0);GATE
Port:(20.0, 32.3)(25.8, 32.3)(25.8, 83.4)(20.0, 83.4);SD
Port:(204.4, 20.0)(204.4, 95.7)(26.9, 95.7)(26.9, 20.0);GATE
Port:(193.8, 25.5)(199.9, 25.5)(199.9, 90.2)(193.8, 90.2);SD
