Area:(-30.0, -30.0)(709.2, -30.0)(709.2, 550.4)(-30.0, 550.4)
Rule:GATE(5,5);SD(5,5);GATE_SD(0.5);GATE_ITO(0.5);SD_ITO(0.5)
Module:M14
Boundary:(342.3, 154.3)(342.3, 262.4)(204.0, 262.4)(204.0, 154.3);GATE
Port:(204.0, 166.8)(208.4, 166.8)(208.4, 249.9)(204.0, 249.9);SD
Port:(342.3, 154.3)(342.3, 262.4)(210.5, 262.4)(210.5, 154.3);GATE
Port:(331.6, 159.4)(338.2, 159.4)(338.2, 257.3)(331.6, 257.3);SD
Module:M9
Boundary:(355.1, 10.0)(355.1, 97.8)(354.9, 97.8)(354.9, 114.3)(247.3, 114.3)(247.3, 10.0);GATE
Port:(247.3, 25.3)(251.4, 25.3)(251.4, 99.0)(247.3, 99.0);SD
Port:(355.1, 10.0)(355.1, 97.8)(354.9, 97.8)(354.9, 114.3)(252.6, 114.3)(252.6, 10.0);GATE
Port:(341.9, 16.9)(349.2, 16.9)(349.2, 90.9)(341.9, 90.9);SD
Module:M5
Boundary:(400.6, 133.1)(486.1, 133.1)(486.1, 303.0)(400.6, 303.0);GATE
Port:(412.7, 297.3)(474.0, 297.3)(474.0, 303.0)(412.7, 303.0);SD
Port:(400.6, 133.1)(486.1, 133.1)(486.1, 296.1)(400.6, 296.1);GATE
Port:(405.9, 137.4)(480.8, 137.4)(480.8, 143.4)(405.9, 143.4);SD
Module:M11
Boundary:(664.5, 191.2)(664.5, 296.5)(663.8, 296.5)(663.8, 313.9)(516.1, 313.9)(516.1, 191.2);GATE
Port:(516.1, 205.2)(520.6, 205.2)(520.6, 299.9)(516.1, 299.9);SD
Port:(664.5, 191.2)(664.5, 296.5)(663.8, 296.5)(663.8, 313.9)(523.4, 313.9)(523.4, 191.2);GATE
Port:(653.8, 198.1)(658.6, 198.1)(658.6, 289.6)(653.8, 289.6);SD
Module:M1
Boundary:(127.6, 30.0)(127.6, 102.1)(30.0, 102.1)(30.0, 30.0);GATE
Port:(30.0, 45.9)(34.1, 45.9)(34.1, 86.2)(30.0, 86.2);SD
Port:(127.6, 30.0)(127.6, 102.1)(35.8, 102.1)(35.8, 30.0);GATE
Port:(114.2, 36.9)(121.7, 36.9)(121.7, 95.2)(114.2, 95.2);SD
Module:M6
Boundary:(524.2, 441.0)(524.2, 492.3)(523.9, 492.3)(523.9, 510.4)(393.0, 510.4)(393.0, 441.0);GATE
Port:(393.0, 453.7)(397.8, 453.7)(397.8, 497.7)(393.0, 497.7);SD
Port:(524.2, 441.0)(524.2, 492.3)(523.9, 492.3)(523.9, 510.4)(399.4, 510.4)(399.4, 441.0);GATE
Port:(514.3, 446.1)(520.1, 446.1)(520.1, 487.2)(514.3, 487.2);SD
Module:M2
Boundary:(154.0, 152.1)(154.0, 239.4)(153.9, 239.4)(153.9, 256.6)(20.0, 256.6)(20.0, 152.1);GATE
Port:(20.0, 166.6)(24.8, 166.6)(24.8, 242.1)(20.0, 242.1);SD
Port:(154.0, 152.1)(154.0, 239.4)(153.9, 239.4)(153.9, 256.6)(25.9, 256.6)(25.9, 152.1);GATE
Port:(142.7, 158.7)(148.4, 158.7)(148.4, 232.8)(142.7, 232.8);SD
Module:M16
Boundary:(559.9, 333.9)(654.1, 333.9)(654.1, 334.0)(669.2, 334.0)(669.2, 498.9)(559.9, 498.9);GATE
Port:(573.6, 494.3)(655.5, 494.3)(655.5, 498.9)(573.6, 498.9);SD
Port:(559.9, 333.9)(654.1, 333.9)(654.1, 334.0)(669.2, 334.0)(669.2, 491.7)(559.9, 491.7);GATE
Port:(565.8, 338.8)(648.2, 338.8)(648.2, 345.3)(565.8, 345.3);SD
Module:M13
Boundary:(551.3, 10.0)(551.3, 103.1)(375.1, 103.1)(375.1, 10.0);GATE
Port:(375.1, 22.9)(380.2, 22.9)(380.2, 90.2)(375.1, 90.2);SD
Port:(551.3, 10.0)(551.3, 103.1)(381.7, 103.1)(381.7, 10.0);GATE
Port:(540.1, 15.6)(546.7, 15.6)(546.7, 97.5)(540.1, 97.5);SD
Module:M10
Boundary:(373.0, 401.5)(373.0, 510.2)(164.9, 510.2)(164.9, 401.5);GATE
Port:(164.9, 416.5)(170.1, 416.5)(170.1, 495.2)(164.9, 495.2);SD
Port:(373.0, 401.5)(373.0, 510.2)(172.6, 510.2)(172.6, 401.5);GATE
Port:(360.9, 408.3)(367.2, 408.3)(367.2, 503.4)(360.9, 503.4);SD
Module:M7
Boundary:(581.3, 20.0)(652.8, 20.0)(652.8, 161.2)(581.3, 161.2);GATE
Port:(596.4, 155.5)(637.7, 155.5)(637.7, 161.2)(596.4, 161.2);SD
Port:(581.3, 20.0)(652.8, 20.0)(652.8, 153.9)(581.3, 153.9);GATE
Port:(587.9, 25.6)(646.2, 25.6)(646.2, 32.4)(587.9, 32.4);SD
Module:M3
Boundary:(160.7, 286.6)(160.7, 337.7)(10.0, 337.7)(10.0, 286.6);GATE
Port:(10.0, 300.0)(15.3, 300.0)(15.3, 324.3)(10.0, 324.3);SD
Port:(160.7, 286.6)(160.7, 337.7)(17.7, 337.7)(17.7, 286.6);GATE
Port:(150.3, 292.1)(156.2, 292.1)(156.2, 332.2)(150.3, 332.2);SD
Module:M15
Boundary:(539.9, 333.9)(539.9, 407.3)(539.8, 407.3)(539.8, 421.0)(393.0, 421.0)(393.0, 333.9);GATE
Port:(393.0, 346.3)(397.9, 346.3)(397.9, 408.6)(393.0, 408.6);SD
Port:(539.9, 333.9)(539.9, 407.3)(539.8, 407.3)(539.8, 421.0)(400.5, 421.0)(400.5, 333.9);GATE
Port:(529.1, 340.2)(534.6, 340.2)(534.6, 401.0)(529.1, 401.0);SD
Module:M12
Boundary:(167.6, 10.0)(213.0, 10.0)(213.0, 10.2)(227.3, 10.2)(227.3, 108.0)(167.6, 108.0);GATE
Port:(179.3, 103.4)(215.6, 103.4)(215.6, 108.0)(179.3, 108.0);SD
Port:(167.6, 10.0)(213.0, 10.0)(213.0, 10.2)(227.3, 10.2)(227.3, 102.2)(167.6, 102.2);GATE
Port:(173.2, 14.6)(207.4, 14.6)(207.4, 20.1)(173.2, 20.1);SD
Module:M8
Boundary:(360.6, 312.4)(360.6, 357.7)(360.6, 357.7)(360.6, 371.5)(190.7, 371.5)(190.7, 312.4);GATE
Port:(190.7, 325.1)(194.8, 325.1)(194.8, 358.8)(190.7, 358.8);SD
Port:(360.6, 312.4)(360.6, 357.7)(360.6, 357.7)(360.6, 371.5)(196.6, 371.5)(196.6, 312.4);GATE
Port:(350.0, 318.5)(355.5, 318.5)(355.5, 351.6)(350.0, 351.6);SD
Module:M4
Boundary:(20.0, 367.7)(134.9, 367.7)(134.9, 490.2)(20.0, 490.2);GATE
Port:(35.4, 485.1)(119.5, 485.1)(119.5, 490.2)(35.4, 490.2);SD
Port:(20.0, 367.7)(134.9, 367.7)(134.9, 483.1)(20.0, 483.1);GATE
Port:(25.9, 372.6)(129.0, 372.6)(129.0, 379.6)(25.9, 379.6);SD
