Area:(-30.0, -30.0)(608.3, -30.0)(608.3, 579.6)(-30.0, 579.6)
Rule:GATE(5,5);SD(5,5);GATE_SD(0.5);GATE_ITO(0.5);SD_ITO(0.5)
Module:M14
Boundary:(545.8, 30.0)(545.8, 114.1)(406.5, 114.1)(406.5, 30.0);GATE
Port:(406.5, 43.4)(410.9, 43.4)(410.9, 100.7)(406.5, 100.7);SD
Port:(545.8, 30.0)(545.8, 114.1)(412.7, 114.1)(412.7, 30.0);GATE
Port:(535.1, 35.5)(541.3, 35.5)(541.3, 108.6)(535.1, 108.6);SD
Module:M9
Boundary:(474.5, 375.8)(568.0, 375.8)(568.0, 534.8)(474.5, 534.8);GATE
Port:(491.3, 530.3)(551.2, 530.3)(551.2, 534.8)(491.3, 534.8);SD
Port:(474.5, 375.8)(568.0, 375.8)(568.0, 527.8)(474.5, 527.8);GATE
Port:(481.4, 381.7)(561.1, 381.7)(561.1, 389.6)(481.4, 389.6);SD
Module:M5
Boundary:(20.0, 326.9)(85.7, 326.9)(85.7, 531.6)(20.0, 531.6);GATE
Port:(33.2, 527.4)(72.5, 527.4)(72.5, 531.6)(33.2, 531.6);SD
Port:(20.0, 326.9)(85.7, 326.9)(85.7, 526.1)(20.0, 526.1);GATE
Port:(26.4, 332.3)(79.3, 332.3)(79.3, 338.6)(26.4, 338.6);SD
Module:M11
Boundary:(265.7, 10.0)(265.7, 105.0)(121.1, 105.0)(121.1, 10.0);GATE
Port:(121.1, 23.2)(125.3, 23.2)(125.3, 91.8)(121.1, 91.8);SD
Port:(265.7, 10.0)(265.7, 105.0)(127.6, 105.0)(127.6, 10.0);GATE
Port:(254.4, 15.2)(261.5, 15.2)(261.5, 99.8)(254.4, 99.8);SD
Module:M1
Boundary:(30.0, 30.0)(81.1, 30.0)(81.1, 179.9)(30.0, 179.9);GATE
Port:(43.9, 174.9)(67.2, 174.9)(67.2, 179.9)(43.9, 179.9);SD
Port:(30.0, 30.0)(81.1, 30.0)(81.1, 173.4)(30.0, 173.4);GATE
Port:(35.8, 34.8)(75.3, 34.8)(75.3, 42.1)(35.8, 42.1);SD
Module:M6
Boundary:(390.9, 154.1)(390.9, 207.3)(279.1, 207.3)(279.1, 154.1);GATE
Port:(279.1, 168.5)(283.3, 168.5)(283.3, 192.9)(279.1, 192.9);SD
Port:(390.9, 154.1)(390.9, 207.3)(284.5, 207.3)(284.5, 154.1);GATE
Port:(379.2, 160.1)(385.9, 160.1)(385.9, 201.3)(379.2, 201.3);SD
Module:M2
Boundary:(289.1, 237.3)(354.3, 237.3)(354.3, 317.1)(289.1, 317.1);GATE
Port:(303.5, 311.7)(339.9, 311.7)(339.9, 317.1)(303.5, 317.1);SD
Port:(289.1, 237.3)(354.3, 237.3)(354.3, 309.4)(289.1, 309.4);GATE
Port:(296.0, 243.2)(347.4, 243.2)(347.4, 249.1)(296.0, 249.1);SD
Module:M16
Boundary:(323.2, 453.9)(323.2, 539.6)(121.1, 539.6)(121.1, 453.9);GATE
Port:(121.1, 467.3)(127.0, 467.3)(127.0, 526.2)(121.1, 526.2);SD
Port:(323.2, 453.9)(323.2, 539.6)(129.2, 539.6)(129.2, 453.9);GATE
Port:(312.8, 459.3)(318.8, 459.3)(318.8, 534.2)(312.8, 534.2);SD
Module:M13
Boundary:(100.5, 219.9)(100.5, 296.9)(10.0, 296.9)(10.0, 219.9);GATE
Port:(10.0, 232.8)(14.8, 232.8)(14.8, 284.0)(10.0, 284.0);SD
Port:(100.5, 219.9)(100.5, 296.9)(16.4, 296.9)(16.4, 219.9);GATE
Port:(90.4, 226.1)(95.3, 226.1)(95.3, 290.7)(90.4, 290.7);SD
Module:M10
Boundary:(568.3, 154.1)(568.3, 242.9)(567.9, 242.9)(567.9, 260.6)(410.9, 260.6)(410.9, 154.1);GATE
Port:(410.9, 168.1)(415.9, 168.1)(415.9, 246.6)(410.9, 246.6);SD
Port:(568.3, 154.1)(568.3, 242.9)(567.9, 242.9)(567.9, 260.6)(417.5, 260.6)(417.5, 154.1);GATE
Port:(557.4, 160.7)(562.7, 160.7)(562.7, 236.3)(557.4, 236.3);SD
Module:M7
Boundary:(550.9, 290.6)(550.9, 328.6)(550.8, 328.6)(550.8, 345.8)(394.3, 345.8)(394.3, 290.6);GATE
Port:(394.3, 306.2)(399.9, 306.2)(399.9, 330.2)(394.3, 330.2);SD
Port:(550.9, 290.6)(550.9, 328.6)(550.8, 328.6)(550.8, 345.8)(402.7, 345.8)(402.7, 290.6);GATE
Port:(538.2, 297.2)(545.3, 297.2)(545.3, 322.0)(538.2, 322.0);SD
Module:M3
Boundary:(234.8, 272.3)(234.8, 331.0)(121.1, 331.0)(121.1, 272.3);GATE
Port:(121.1, 283.1)(125.4, 283.1)(125.4, 320.2)(121.1, 320.2);SD
Port:(234.8, 272.3)(234.8, 331.0)(127.4, 331.0)(127.4, 272.3);GATE
Port:(226.1, 277.4)(230.7, 277.4)(230.7, 325.9)(226.1, 325.9);SD
Module:M15
Boundary:(329.7, 351.0)(329.7, 418.1)(329.5, 418.1)(329.5, 433.9)(121.1, 433.9)(121.1, 351.0);GATE
Port:(121.1, 365.6)(126.5, 365.6)(126.5, 419.3)(121.1, 419.3);SD
Port:(329.7, 351.0)(329.7, 418.1)(329.5, 418.1)(329.5, 433.9)(129.5, 433.9)(129.5, 351.0);GATE
Port:(317.8, 357.0)(324.7, 357.0)(324.7, 412.1)(317.8, 412.1);SD
Module:M12
Boundary:(285.7, 10.0)(366.5, 10.0)(366.5, 120.2)(285.7, 120.2);GATE
Port:(298.3, 115.5)(353.9, 115.5)(353.9, 120.2)(298.3, 120.2);SD
Port:(285.7, 10.0)(366.5, 10.0)(366.5, 113.9)(285.7, 113.9);GATE
Port:(291.1, 14.4)(361.1, 14.4)(361.1, 19.6)(291.1, 19.6);SD
Module:M8
Boundary:(249.1, 135.0)(249.1, 225.0)(248.6, 225.0)(248.6, 242.3)(131.1, 242.3)(131.1, 135.0);GATE
Port:(131.1, 150.7)(136.3, 150.7)(136.3, 226.6)(131.1, 226.6);SD
Port:(249.1, 135.0)(249.1, 225.0)(248.6, 225.0)(248.6, 242.3)(138.1, 242.3)(138.1, 135.0);GATE
Port:(236.7, 141.8)(243.3, 141.8)(243.3, 218.2)(236.7, 218.2);SD
Module:M4
Boundary:(359.7, 385.8)(444.5, 385.8)(444.5, 527.1)(359.7, 527.1);GATE
Port:(370.5, 522.4)(433.7, 522.4)(433.7, 527.1)(370.5, 527.1);SD
Port:(359.7, 385.8)(444.5, 385.8)(444.5, 520.4)(359.7, 520.4);GATE
Port:(365.6, 390.7)(438.6, 390.7)(438.6, 394.7)(365.6, 394.7);SD
