Area:(-30.0, -30.0)(632.1, -30.0)(632.1, 541.1)(-30.0, 541.1)
Rule:GATE(5,5);SD(5,5);GATE_SD(0.5);GATE_ITO(0.5);SD_ITO(0.5)
Module:M14
Boundary:(30.0, 168.7)(106.7, 168.7)(106.7, 168.7)(121.5, 168.7)(121.5, 252.5)(30.0, 252.5);GATE
Port:(42.7, 246.6)(108.8, 246.6)(108.8, 252.5)(42.7, 252.5);SD
Port:(30.0, 168.7)(106.7, 168.7)(106.7, 168.7)(121.5, 168.7)(121.5, 244.2)(30.0, 244.2);GATE
Port:(35.5, 173.2)(101.2, 173.2)(101.2, 179.0)(35.5, 179.0);SD
Module:M9
Boundary:(522.0, 257.5)(592.1, 257.5)(592.1, 368.8)(522.0, 368.8);GATE
Port:(536.4, 363.3)(577.7, 363.3)(577.7, 368.8)(536.4, 368.8);SD
Port:(522.0, 257.5)(592.1, 257.5)(592.1, 360.4)(522.0, 360.4);GATE
Port:(528.9, 263.4)(585.2, 263.4)(585.2, 269.9)(528.9, 269.9);SD
Module:M5
Boundary:(283.7, 20.0)(335.9, 20.0)(335.9, 20.1)(351.7, 20.1)(351.7, 122.6)(283.7, 122.6);GATE
Port:(298.7, 118.0)(336.7, 118.0)(336.7, 122.6)(298.7, 122.6);SD
Port:(283.7, 20.0)(335.9, 20.0)(335.9, 20.1)(351.7, 20.1)(351.7, 115.8)(283.7, 115.8);GATE
Port:(290.4, 25.7)(329.2, 25.7)(329.2, 32.6)(290.4, 32.6);SD
Module:M11
Boundary:(243.8, 304.3)(243.8, 372.4)(133.7, 372.4)(133.7, 304.3);GATE
Port:(133.7, 317.8)(138.1, 317.8)(138.1, 358.9)(133.7, 358.9);SD
Port:(243.8, 304.3)(243.8, 372.4)(139.5, 372.4)(139.5, 304.3);GATE
Port:(232.6, 310.4)(238.7, 310.4)(238.7, 366.3)(232.6, 366.3);SD
Module:M1
Boundary:(571.9, 431.7)(571.9, 467.2)(571.9, 467.2)(571.9, 483.5)(416.0, 483.5)(416.0, 431.7);GATE
Port:(416.0, 445.9)(421.7, 445.9)(421.7, 469.3)(416.0, 469.3);SD
Port:(571.9, 431.7)(571.9, 467.2)(571.9, 467.2)(571.9, 483.5)(423.6, 483.5)(423.6, 431.7);GATE
Port:(560.4, 438.0)(566.6, 438.0)(566.6, 460.9)(560.4, 460.9);SD
Module:M6
Boundary:(396.0, 314.6)(502.0, 314.6)(502.0, 391.7)(396.0, 391.7);GATE
Port:(411.1, 386.2)(486.9, 386.2)(486.9, 391.7)(411.1, 391.7);SD
Port:(396.0, 314.6)(502.0, 314.6)(502.0, 384.7)(396.0, 384.7);GATE
Port:(402.8, 320.4)(495.2, 320.4)(495.2, 326.6)(402.8, 326.6);SD
Module:M2
Boundary:(342.2, 162.6)(342.2, 216.4)(341.9, 216.4)(341.9, 234.5)(262.8, 234.5)(262.8, 162.6);GATE
Port:(262.8, 176.5)(267.6, 176.5)(267.6, 220.6)(262.8, 220.6);SD
Port:(342.2, 162.6)(342.2, 216.4)(341.9, 216.4)(341.9, 234.5)(269.3, 234.5)(269.3, 162.6);GATE
Port:(331.4, 168.1)(337.7, 168.1)(337.7, 210.9)(331.4, 210.9);SD
Module:M16
Boundary:(362.3, 264.5)(362.3, 370.8)(263.8, 370.8)(263.8, 264.5);GATE
Port:(263.8, 278.3)(269.3, 278.3)(269.3, 357.0)(263.8, 357.0);SD
Port:(362.3, 264.5)(362.3, 370.8)(270.8, 370.8)(270.8, 264.5);GATE
Port:(350.5, 270.2)(357.6, 270.2)(357.6, 365.1)(350.5, 365.1);SD
Module:M13
Boundary:(488.8, 10.0)(588.4, 10.0)(588.4, 237.5)(488.8, 237.5);GATE
Port:(503.0, 233.3)(574.2, 233.3)(574.2, 237.5)(503.0, 237.5);SD
Port:(488.8, 10.0)(588.4, 10.0)(588.4, 230.5)(488.8, 230.5);GATE
Port:(495.6, 15.8)(581.6, 15.8)(581.6, 21.5)(495.6, 21.5);SD
Module:M10
Boundary:(465.8, 231.9)(465.8, 279.7)(465.8, 279.7)(465.8, 294.6)(382.3, 294.6)(382.3, 231.9);GATE
Port:(382.3, 244.7)(388.0, 244.7)(388.0, 281.8)(382.3, 281.8);SD
Port:(465.8, 231.9)(465.8, 279.7)(465.8, 279.7)(465.8, 294.6)(390.9, 294.6)(390.9, 231.9);GATE
Port:(455.1, 237.3)(461.4, 237.3)(461.4, 274.3)(455.1, 274.3);SD
Module:M7
Boundary:(366.0, 402.4)(366.0, 485.2)(365.7, 485.2)(365.7, 500.8)(143.7, 500.8)(143.7, 402.4);GATE
Port:(143.7, 416.7)(149.0, 416.7)(149.0, 486.5)(143.7, 486.5);SD
Port:(366.0, 402.4)(366.0, 485.2)(365.7, 485.2)(365.7, 500.8)(150.8, 500.8)(150.8, 402.4);GATE
Port:(353.6, 408.9)(360.5, 408.9)(360.5, 478.7)(353.6, 478.7);SD
Module:M3
Boundary:(10.0, 292.5)(113.7, 292.5)(113.7, 501.1)(10.0, 501.1);GATE
Port:(22.5, 495.3)(101.2, 495.3)(101.2, 501.1)(22.5, 501.1);SD
Port:(10.0, 292.5)(113.7, 292.5)(113.7, 493.3)(10.0, 493.3);GATE
Port:(15.5, 297.0)(108.2, 297.0)(108.2, 302.5)(15.5, 302.5);SD
Module:M15
Boundary:(161.5, 140.2)(219.2, 140.2)(219.2, 140.5)(232.8, 140.5)(232.8, 284.3)(161.5, 284.3);GATE
Port:(173.6, 278.6)(220.7, 278.6)(220.7, 284.3)(173.6, 284.3);SD
Port:(161.5, 140.2)(219.2, 140.2)(219.2, 140.5)(232.8, 140.5)(232.8, 276.7)(161.5, 276.7);GATE
Port:(167.4, 145.1)(213.3, 145.1)(213.3, 150.4)(167.4, 150.4);SD
Module:M12
Boundary:(135.9, 10.0)(253.7, 10.0)(253.7, 120.2)(135.9, 120.2);GATE
Port:(149.4, 115.2)(240.2, 115.2)(240.2, 120.2)(149.4, 120.2);SD
Port:(135.9, 10.0)(253.7, 10.0)(253.7, 113.0)(135.9, 113.0);GATE
Port:(142.7, 15.8)(246.9, 15.8)(246.9, 20.4)(142.7, 20.4);SD
Module:M8
Boundary:(20.0, 20.0)(92.5, 20.0)(92.5, 20.1)(105.9, 20.1)(105.9, 118.7)(20.0, 118.7);GATE
Port:(32.8, 113.0)(93.1, 113.0)(93.1, 118.7)(32.8, 118.7);SD
Port:(20.0, 20.0)(92.5, 20.0)(92.5, 20.1)(105.9, 20.1)(105.9, 110.4)(20.0, 110.4);GATE
Port:(27.0, 26.0)(85.5, 26.0)(85.5, 31.0)(27.0, 31.0);SD
Module:M4
Boundary:(391.7, 20.0)(458.8, 20.0)(458.8, 201.9)(391.7, 201.9);GATE
Port:(405.1, 196.8)(445.4, 196.8)(445.4, 201.9)(405.1, 201.9);SD
Port:(391.7, 20.0)(458.8, 20.0)(458.8, 194.1)(391.7, 194.1);GATE
Port:(396.8, 24.1)(453.7, 24.1)(453.7, 30.4)(396.8, 30.4);SD
