Area:(-30.0, -30.0)(701.3, -30.0)(701.3, 587.8)(-30.0, 587.8)
Rule:GATE(5,5);SD(5,5);GATE_SD(0.5);GATE_ITO(0.5);SD_ITO(0.5)
Module:M14
Boundary:(637.8, 287.5)(637.8, 415.3)(445.7, 415.3)(445.7, 287.5);GATE
Port:(445.7, 304.3)(451.6, 304.3)(451.6, 398.5)(445.7, 398.5);SD
Port:(637.8, 287.5)(637.8, 415.3)(454.4, 415.3)(454.4, 287.5);GATE
Port:(624.0, 294.5)(631.8, 294.5)(631.8, 408.3)(624.0, 408.3);SD
Module:M9
Boundary:(10.0, 276.2)(75.0, 276.2)(75.0, 276.3)(91.4, 276.3)(91.4, 411.2)(10.0, 411.2);GATE
Port:(22.6, 406.2)(78.8, 406.2)(78.8, 411.2)(22.6, 411.2);SD
Port:(10.0, 276.2)(75.0, 276.2)(75.0, 276.3)(91.4, 276.3)(91.4, 404.7)(10.0, 404.7);GATE
Port:(15.5, 280.7)(69.5, 280.7)(69.5, 285.7)(15.5, 285.7);SD
Module:M5
Boundary:(233.8, 287.2)(233.8, 385.7)(233.4, 385.7)(233.4, 401.7)(121.4, 401.7)(121.4, 287.2);GATE
Port:(121.4, 301.1)(126.2, 301.1)(126.2, 387.8)(121.4, 387.8);SD
Port:(233.8, 287.2)(233.8, 385.7)(233.4, 385.7)(233.4, 401.7)(128.7, 401.7)(128.7, 287.2);GATE
Port:(222.5, 293.1)(228.9, 293.1)(228.9, 379.8)(222.5, 379.8);SD
Module:M11
Boundary:(507.2, 194.4)(507.2, 230.5)(507.0, 230.5)(507.0, 247.5)(328.0, 247.5)(328.0, 194.4);GATE
Port:(328.0, 209.0)(333.5, 209.0)(333.5, 232.9)(328.0, 232.9);SD
Port:(507.2, 194.4)(507.2, 230.5)(507.0, 230.5)(507.0, 247.5)(334.8, 247.5)(334.8, 194.4);GATE
Port:(495.3, 200.2)(502.4, 200.2)(502.4, 224.7)(495.3, 224.7);SD
Module:M1
Boundary:(396.6, 30.0)(396.6, 136.5)(396.0, 136.5)(396.0, 154.4)(277.1, 154.4)(277.1, 30.0);GATE
Port:(277.1, 43.5)(281.8, 43.5)(281.8, 140.9)(277.1, 140.9);SD
Port:(396.6, 30.0)(396.6, 136.5)(396.0, 136.5)(396.0, 154.4)(282.8, 154.4)(282.8, 30.0);GATE
Port:(386.0, 35.1)(392.5, 35.1)(392.5, 131.4)(386.0, 131.4);SD
Module:M6
Boundary:(237.1, 10.0)(237.1, 113.3)(236.8, 113.3)(236.8, 130.1)(154.6, 130.1)(154.6, 10.0);GATE
Port:(154.6, 24.3)(159.4, 24.3)(159.4, 115.8)(154.6, 115.8);SD
Port:(237.1, 10.0)(237.1, 113.3)(236.8, 113.3)(236.8, 130.1)(160.6, 130.1)(160.6, 10.0);GATE
Port:(225.6, 16.1)(232.0, 16.1)(232.0, 107.2)(225.6, 107.2);SD
Module:M2
Boundary:(568.7, 20.0)(661.0, 20.0)(661.0, 186.2)(568.7, 186.2);GATE
Port:(581.8, 182.0)(647.9, 182.0)(647.9, 186.2)(581.8, 186.2);SD
Port:(568.7, 20.0)(661.0, 20.0)(661.0, 179.5)(568.7, 179.5);GATE
Port:(574.5, 24.8)(655.2, 24.8)(655.2, 30.2)(574.5, 30.2);SD
Module:M16
Boundary:(436.6, 10.0)(538.7, 10.0)(538.7, 136.4)(436.6, 136.4);GATE
Port:(449.7, 130.7)(525.6, 130.7)(525.6, 136.4)(449.7, 136.4);SD
Port:(436.6, 10.0)(538.7, 10.0)(538.7, 128.7)(436.6, 128.7);GATE
Port:(442.3, 14.7)(533.0, 14.7)(533.0, 21.0)(442.3, 21.0);SD
Module:M13
Boundary:(463.9, 479.8)(463.9, 547.8)(263.8, 547.8)(263.8, 479.8);GATE
Port:(263.8, 493.8)(268.7, 493.8)(268.7, 533.8)(263.8, 533.8);SD
Port:(463.9, 479.8)(463.9, 547.8)(271.4, 547.8)(271.4, 479.8);GATE
Port:(451.9, 486.0)(458.7, 486.0)(458.7, 541.6)(451.9, 541.6);SD
Module:M10
Boundary:(405.7, 277.2)(405.7, 345.4)(405.4, 345.4)(405.4, 361.9)(263.8, 361.9)(263.8, 277.2);GATE
Port:(263.8, 290.8)(269.0, 290.8)(269.0, 348.3)(263.8, 348.3);SD
Port:(405.7, 277.2)(405.7, 345.4)(405.4, 345.4)(405.4, 361.9)(270.3, 361.9)(270.3, 277.2);GATE
Port:(393.9, 282.9)(401.0, 282.9)(401.0, 339.7)(393.9, 339.7);SD
Module:M7
Boundary:(661.3, 465.3)(661.3, 525.6)(661.1, 525.6)(661.1, 540.0)(493.9, 540.0)(493.9, 465.3);GATE
Port:(493.9, 477.6)(498.5, 477.6)(498.5, 527.7)(493.9, 527.7);SD
Port:(661.3, 465.3)(661.3, 525.6)(661.1, 525.6)(661.1, 540.0)(500.2, 540.0)(500.2, 465.3);GATE
Port:(650.7, 471.7)(655.9, 471.7)(655.9, 519.2)(650.7, 519.2);SD
Module:M3
Boundary:(238.4, 431.7)(238.4, 531.3)(237.9, 531.3)(237.9, 547.6)(10.0, 547.6)(10.0, 431.7);GATE
Port:(10.0, 445.5)(14.7, 445.5)(14.7, 533.8)(10.0, 533.8);SD
Port:(238.4, 431.7)(238.4, 531.3)(237.9, 531.3)(237.9, 547.6)(17.0, 547.6)(17.0, 431.7);GATE
Port:(227.7, 438.3)(232.8, 438.3)(232.8, 524.7)(227.7, 524.7);SD
Module:M15
Boundary:(367.4, 381.9)(367.4, 444.0)(367.2, 444.0)(367.2, 459.8)(263.8, 459.8)(263.8, 381.9);GATE
Port:(263.8, 394.0)(269.7, 394.0)(269.7, 447.7)(263.8, 447.7);SD
Port:(367.4, 381.9)(367.4, 444.0)(367.2, 444.0)(367.2, 459.8)(271.4, 459.8)(271.4, 381.9);GATE
Port:(358.5, 387.5)(362.8, 387.5)(362.8, 438.4)(358.5, 438.4);SD
Module:M12
Boundary:(308.0, 194.4)(308.0, 241.9)(307.8, 241.9)(307.8, 257.2)(197.7, 257.2)(197.7, 194.4);GATE
Port:(197.7, 206.8)(203.2, 206.8)(203.2, 244.8)(197.7, 244.8);SD
Port:(308.0, 194.4)(308.0, 241.9)(307.8, 241.9)(307.8, 257.2)(205.9, 257.2)(205.9, 194.4);GATE
Port:(298.0, 200.8)(302.6, 200.8)(302.6, 235.5)(298.0, 235.5);SD
Module:M8
Boundary:(124.6, 20.0)(124.6, 100.1)(124.3, 100.1)(124.3, 112.8)(20.0, 112.8)(20.0, 20.0);GATE
Port:(20.0, 31.4)(24.2, 31.4)(24.2, 101.4)(20.0, 101.4);SD
Port:(124.6, 20.0)(124.6, 100.1)(124.3, 100.1)(124.3, 112.8)(26.2, 112.8)(26.2, 20.0);GATE
Port:(114.8, 26.5)(119.1, 26.5)(119.1, 93.6)(114.8, 93.6);SD
Module:M4
Boundary:(167.7, 160.1)(167.7, 232.3)(167.5, 232.3)(167.5, 246.2)(20.0, 246.2)(20.0, 160.1);GATE
Port:(20.0, 171.7)(24.7, 171.7)(24.7, 234.6)(20.0, 234.6);SD
Port:(167.7, 160.1)(167.7, 232.3)(167.5, 232.3)(167.5, 246.2)(27.6, 246.2)(27.6, 160.1);GATE
Port:(157.7, 165.9)(162.9, 165.9)(162.9, 226.5)(157.7, 226.5);SD
