Area:(-30.0, -30.0)(724.3, -30.0)(724.3, 517.1)(-30.0, 517.1)
Rule:GATE(5,5);SD(5,5);GATE_SD(0.5);GATE_ITO(0.5);SD_ITO(0.5)
Module:M14
Boundary:(197.9, 155.7)(197.9, 222.7)(30.0, 222.7)(30.0, 155.7);GATE
Port:(30.0, 169.2)(34.0, 169.2)(34.0, 209.2)(30.0, 209.2);SD
Port:(197.9, 155.7)(197.9, 222.7)(35.5, 222.7)(35.5, 155.7);GATE
Port:(186.3, 160.9)(193.7, 160.9)(193.7, 217.5)(186.3, 217.5);SD
Module:M9
Boundary:(582.9, 10.0)(582.9, 77.7)(582.5, 77.7)(582.5, 95.4)(413.5, 95.4)(413.5, 10.0);GATE
Port:(413.5, 22.7)(418.2, 22.7)(418.2, 82.7)(413.5, 82.7);SD
Port:(582.9, 10.0)(582.9, 77.7)(582.5, 77.7)(582.5, 95.4)(420.3, 95.4)(420.3, 10.0);GATE
Port:(573.7, 15.3)(578.6, 15.3)(578.6, 72.4)(573.7, 72.4);SD
Module:M5
Boundary:(483.9, 125.4)(590.7, 125.4)(590.7, 228.1)(483.9, 228.1);GATE
Port:(495.3, 223.7)(579.3, 223.7)(579.3, 228.1)(495.3, 228.1);SD
Port:(483.9, 125.4)(590.7, 125.4)(590.7, 220.9)(483.9, 220.9);GATE
Port:(489.2, 129.7)(585.4, 129.7)(585.4, 134.9)(489.2, 134.9);SD
Module:M11
Boundary:(453.9, 163.6)(453.9, 222.1)(453.9, 222.1)(453.9, 235.6)(306.2, 235.6)(306.2, 163.6);GATE
Port:(306.2, 175.8)(312.0, 175.8)(312.0, 223.4)(306.2, 223.4);SD
Port:(453.9, 163.6)(453.9, 222.1)(453.9, 222.1)(453.9, 235.6)(313.4, 235.6)(313.4, 163.6);GATE
Port:(443.4, 169.1)(449.4, 169.1)(449.4, 216.6)(443.4, 216.6);SD
Module:M1
Boundary:(220.3, 30.0)(220.3, 80.1)(220.0, 80.1)(220.0, 95.7)(30.0, 95.7)(30.0, 30.0);GATE
Port:(30.0, 43.8)(34.3, 43.8)(34.3, 81.9)(30.0, 81.9);SD
Port:(220.3, 30.0)(220.3, 80.1)(220.0, 80.1)(220.0, 95.7)(36.0, 95.7)(36.0, 30.0);GATE
Port:(208.7, 36.5)(214.8, 36.5)(214.8, 73.6)(208.7, 73.6);SD
Module:M6
Boundary:(684.3, 259.3)(684.3, 357.4)(550.0, 357.4)(550.0, 259.3);GATE
Port:(550.0, 271.9)(554.3, 271.9)(554.3, 344.8)(550.0, 344.8);SD
Port:(684.3, 259.3)(684.3, 357.4)(555.6, 357.4)(555.6, 259.3);GATE
Port:(674.0, 265.3)(679.3, 265.3)(679.3, 351.4)(674.0, 351.4);SD
Module:M2
Boundary:(678.6, 387.4)(678.6, 463.7)(485.6, 463.7)(485.6, 387.4);GATE
Port:(485.6, 398.8)(491.6, 398.8)(491.6, 452.3)(485.6, 452.3);SD
Port:(678.6, 387.4)(678.6, 463.7)(494.3, 463.7)(494.3, 387.4);GATE
Port:(669.4, 392.7)(674.3, 392.7)(674.3, 458.4)(669.4, 458.4);SD
Module:M16
Boundary:(455.6, 374.5)(455.6, 459.8)(455.1, 459.8)(455.1, 477.1)(355.1, 477.1)(355.1, 374.5);GATE
Port:(355.1, 388.0)(359.4, 388.0)(359.4, 463.6)(355.1, 463.6);SD
Port:(455.6, 374.5)(455.6, 459.8)(455.1, 459.8)(455.1, 477.1)(361.5, 477.1)(361.5, 374.5);GATE
Port:(445.3, 380.0)(451.1, 380.0)(451.1, 454.3)(445.3, 454.3);SD
Module:M13
Boundary:(260.3, 10.0)(312.4, 10.0)(312.4, 88.4)(260.3, 88.4);GATE
Port:(275.4, 83.2)(297.3, 83.2)(297.3, 88.4)(275.4, 88.4);SD
Port:(260.3, 10.0)(312.4, 10.0)(312.4, 81.1)(260.3, 81.1);GATE
Port:(267.1, 15.8)(305.6, 15.8)(305.6, 22.1)(267.1, 22.1);SD
Module:M10
Boundary:(185.3, 262.7)(185.3, 322.5)(10.0, 322.5)(10.0, 262.7);GATE
Port:(10.0, 275.8)(15.8, 275.8)(15.8, 309.4)(10.0, 309.4);SD
Port:(185.3, 262.7)(185.3, 322.5)(17.8, 322.5)(17.8, 262.7);GATE
Port:(173.8, 268.7)(180.3, 268.7)(180.3, 316.5)(173.8, 316.5);SD
Module:M7
Boundary:(238.9, 331.2)(325.1, 331.2)(325.1, 449.3)(238.9, 449.3);GATE
Port:(253.3, 444.7)(310.7, 444.7)(310.7, 449.3)(253.3, 449.3);SD
Port:(238.9, 331.2)(325.1, 331.2)(325.1, 441.9)(238.9, 441.9);GATE
Port:(245.8, 337.1)(318.2, 337.1)(318.2, 342.9)(245.8, 342.9);SD
Module:M3
Boundary:(332.4, 10.0)(393.5, 10.0)(393.5, 143.6)(332.4, 143.6);GATE
Port:(344.3, 138.5)(381.6, 138.5)(381.6, 143.6)(344.3, 143.6);SD
Port:(332.4, 10.0)(393.5, 10.0)(393.5, 136.9)(332.4, 136.9);GATE
Port:(337.9, 14.5)(388.0, 14.5)(388.0, 19.9)(337.9, 19.9);SD
Module:M15
Boundary:(237.9, 135.7)(286.2, 135.7)(286.2, 301.2)(237.9, 301.2);GATE
Port:(251.5, 295.5)(272.6, 295.5)(272.6, 301.2)(251.5, 301.2);SD
Port:(237.9, 135.7)(286.2, 135.7)(286.2, 292.5)(237.9, 292.5);GATE
Port:(243.7, 140.5)(280.4, 140.5)(280.4, 147.6)(243.7, 147.6);SD
Module:M12
Boundary:(530.0, 258.1)(530.0, 354.5)(355.1, 354.5)(355.1, 258.1);GATE
Port:(355.1, 272.2)(360.0, 272.2)(360.0, 340.4)(355.1, 340.4);SD
Port:(530.0, 258.1)(530.0, 354.5)(362.4, 354.5)(362.4, 258.1);GATE
Port:(517.9, 264.9)(524.2, 264.9)(524.2, 347.7)(517.9, 347.7);SD
Module:M8
Boundary:(630.7, 20.0)(677.9, 20.0)(677.9, 229.3)(630.7, 229.3);GATE
Port:(643.4, 223.9)(665.2, 223.9)(665.2, 229.3)(643.4, 229.3);SD
Port:(630.7, 20.0)(677.9, 20.0)(677.9, 221.2)(630.7, 221.2);GATE
Port:(635.8, 24.1)(672.8, 24.1)(672.8, 29.5)(635.8, 29.5);SD
Module:M4
Boundary:(198.9, 352.5)(198.9, 437.6)(198.9, 437.6)(198.9, 454.5)(20.0, 454.5)(20.0, 352.5);GATE
Port:(20.0, 365.9)(24.4, 365.9)(24.4, 441.1)(20.0, 441.1);SD
Port:(198.9, 352.5)(198.9, 437.6)(198.9, 437.6)(198.9, 454.5)(27.4, 454.5)(27.4, 352.5);GATE
Port:(187.9, 357.6)(194.8, 357.6)(194.8, 432.5)(187.9, 432.5);SD
