Area:(-20.0, -30.0)(964.8, -30.0)(964.8, 383.3)(-20.0, 383.3)
Rule:GATE(5,5);SD(5,5);GATE_SD(0.5);GATE_ITO(0.5);SD_ITO(0.5)
Module:M14
Boundary:(683.6, 269.0)(683.6, 317.4)(587.7, 317.4)(587.7, 269.0);GATE
Port:(587.7, 281.5)(593.3, 281.5)(593.3, 304.9)(587.7, 304.9);SD
Port:(683.6, 269.0)(683.6, 317.4)(595.3, 317.4)(595.3, 269.0);GATE
Port:(673.2, 274.1)(679.5, 274.1)(679.5, 312.3)(673.2, 312.3);SD
Module:M9
Boundary:(924.8, 240.2)(924.8, 325.9)(924.8, 325.9)(924.8, 343.3)(723.6, 343.3)(723.6, 240.2);GATE
Port:(723.6, 253.6)(727.8, 253.6)(727.8, 329.9)(723.6, 329.9);SD
Port:(924.8, 240.2)(924.8, 325.9)(924.8, 325.9)(924.8, 343.3)(728.9, 343.3)(728.9, 240.2);GATE
Port:(914.3, 245.7)(920.3, 245.7)(920.3, 320.4)(914.3, 320.4);SD
Module:M5
Boundary:(336.5, 20.0)(336.5, 98.2)(336.1, 98.2)(336.1, 114.0)(162.0, 114.0)(162.0, 20.0);GATE
Port:(162.0, 31.5)(167.4, 31.5)(167.4, 102.5)(162.0, 102.5);SD
Port:(336.5, 20.0)(336.5, 98.2)(336.1, 98.2)(336.1, 114.0)(169.6, 114.0)(169.6, 20.0);GATE
Port:(327.5, 25.1)(332.4, 25.1)(332.4, 93.1)(327.5, 93.1);SD
Module:M11
Boundary:(340.2, 265.3)(340.2, 327.2)(339.9, 327.2)(339.9, 341.8)(113.3, 341.8)(113.3, 265.3);GATE
Port:(113.3, 278.3)(117.7, 278.3)(117.7, 328.8)(113.3, 328.8);SD
Port:(340.2, 265.3)(340.2, 327.2)(339.9, 327.2)(339.9, 341.8)(120.6, 341.8)(120.6, 265.3);GATE
Port:(328.9, 271.1)(335.4, 271.1)(335.4, 321.4)(328.9, 321.4);SD
Module:M1
Boundary:(310.6, 164.0)(310.6, 210.7)(310.4, 210.7)(310.4, 225.3)(219.7, 225.3)(219.7, 164.0);GATE
Port:(219.7, 176.2)(225.4, 176.2)(225.4, 213.1)(219.7, 213.1);SD
Port:(310.6, 164.0)(310.6, 210.7)(310.4, 210.7)(310.4, 225.3)(226.7, 225.3)(226.7, 164.0);GATE
Port:(299.9, 169.8)(305.8, 169.8)(305.8, 204.9)(299.9, 204.9);SD
Module:M6
Boundary:(554.8, 130.1)(554.8, 213.1)(554.5, 213.1)(554.5, 229.0)(366.5, 229.0)(366.5, 130.1);GATE
Port:(366.5, 144.7)(370.6, 144.7)(370.6, 214.4)(366.5, 214.4);SD
Port:(554.8, 130.1)(554.8, 213.1)(554.5, 213.1)(554.5, 229.0)(372.0, 229.0)(372.0, 130.1);GATE
Port:(542.8, 136.6)(549.3, 136.6)(549.3, 206.6)(542.8, 206.6);SD
Module:M2
Boundary:(20.0, 153.3)(67.1, 153.3)(67.1, 153.3)(83.3, 153.3)(83.3, 333.4)(20.0, 333.4);GATE
Port:(32.0, 329.3)(71.3, 329.3)(71.3, 333.4)(32.0, 333.4);SD
Port:(20.0, 153.3)(67.1, 153.3)(67.1, 153.3)(83.3, 153.3)(83.3, 328.0)(20.0, 328.0);GATE
Port:(25.5, 157.8)(61.6, 157.8)(61.6, 162.4)(25.5, 162.4);SD
Module:M16
Boundary:(693.7, 125.9)(763.4, 125.9)(763.4, 218.7)(693.7, 218.7);GATE
Port:(708.0, 213.2)(749.1, 213.2)(749.1, 218.7)(708.0, 218.7);SD
Port:(693.7, 125.9)(763.4, 125.9)(763.4, 210.3)(693.7, 210.3);GATE
Port:(699.1, 130.3)(758.0, 130.3)(758.0, 136.9)(699.1, 136.9);SD
Module:M13
Boundary:(113.3, 144.0)(179.7, 144.0)(179.7, 235.3)(113.3, 235.3);GATE
Port:(126.2, 230.8)(166.8, 230.8)(166.8, 235.3)(126.2, 235.3);SD
Port:(113.3, 144.0)(179.7, 144.0)(179.7, 228.3)(113.3, 228.3);GATE
Port:(118.8, 148.5)(174.2, 148.5)(174.2, 154.4)(118.8, 154.4);SD
Module:M10
Boundary:(510.6, 10.0)(510.6, 93.9)(510.5, 93.9)(510.5, 110.1)(366.5, 110.1)(366.5, 10.0);GATE
Port:(366.5, 24.1)(372.1, 24.1)(372.1, 96.0)(366.5, 96.0);SD
Port:(510.6, 10.0)(510.6, 93.9)(510.5, 93.9)(510.5, 110.1)(373.5, 110.1)(373.5, 10.0);GATE
Port:(498.6, 16.3)(505.3, 16.3)(505.3, 87.6)(498.6, 87.6);SD
Module:M7
Boundary:(749.7, 20.0)(749.7, 77.5)(749.6, 77.5)(749.6, 95.9)(540.6, 95.9)(540.6, 20.0);GATE
Port:(540.6, 36.1)(544.7, 36.1)(544.7, 79.8)(540.6, 79.8);SD
Port:(749.7, 20.0)(749.7, 77.5)(749.6, 77.5)(749.6, 95.9)(547.6, 95.9)(547.6, 20.0);GATE
Port:(736.9, 26.2)(744.5, 26.2)(744.5, 71.3)(736.9, 71.3);SD
Module:M3
Boundary:(673.7, 125.9)(673.7, 179.0)(673.7, 179.0)(673.7, 197.5)(574.8, 197.5)(574.8, 125.9);GATE
Port:(574.8, 139.5)(580.3, 139.5)(580.3, 183.9)(574.8, 183.9);SD
Port:(673.7, 125.9)(673.7, 179.0)(673.7, 179.0)(673.7, 197.5)(583.1, 197.5)(583.1, 125.9);GATE
Port:(663.4, 131.1)(669.5, 131.1)(669.5, 173.8)(663.4, 173.8);SD
Module:M15
Boundary:(900.1, 174.0)(900.1, 206.7)(900.0, 206.7)(900.0, 220.2)(783.4, 220.2)(783.4, 174.0);GATE
Port:(783.4, 187.2)(789.3, 187.2)(789.3, 207.0)(783.4, 207.0);SD
Port:(900.1, 174.0)(900.1, 206.7)(900.0, 206.7)(900.0, 220.2)(791.2, 220.2)(791.2, 174.0);GATE
Port:(888.8, 180.7)(894.4, 180.7)(894.4, 200.0)(888.8, 200.0);SD
Module:M12
Boundary:(547.7, 249.0)(547.7, 341.5)(360.2, 341.5)(360.2, 249.0);GATE
Port:(360.2, 263.0)(364.9, 263.0)(364.9, 327.5)(360.2, 327.5);SD
Port:(547.7, 249.0)(547.7, 341.5)(367.1, 341.5)(367.1, 249.0);GATE
Port:(535.4, 254.8)(542.9, 254.8)(542.9, 335.7)(535.4, 335.7);SD
Module:M8
Boundary:(20.0, 20.0)(122.0, 20.0)(122.0, 113.3)(20.0, 113.3);GATE
Port:(33.4, 108.2)(108.6, 108.2)(108.6, 113.3)(33.4, 113.3);SD
Port:(20.0, 20.0)(122.0, 20.0)(122.0, 105.4)(20.0, 105.4);GATE
Port:(25.0, 24.0)(117.0, 24.0)(117.0, 30.1)(25.0, 30.1);SD
Module:M4
Boundary:(793.4, 20.0)(911.2, 20.0)(911.2, 144.0)(793.4, 144.0);GATE
Port:(807.8, 138.3)(896.8, 138.3)(896.8, 144.0)(807.8, 144.0);SD
Port:(793.4, 20.0)(911.2, 20.0)(911.2, 136.9)(793.4, 136.9);GATE
Port:(799.3, 24.9)(905.3, 24.9)(905.3, 32.2)(799.3, 32.2);SD
