Area:(-30.0, -30.0)(344.8, -30.0)(344.8, 966.0)(-30.0, 966.0)
Rule:GATE(5,5);SD(5,5);GATE_SD(0.5);GATE_ITO(0.5);SD_ITO(0.5)
Module:M14
Boundary:(30.0, 764.8)(142.4, 764.8)(142.4, 765.0)(160.9, 765.0)(160.9, 926.0)(30.0, 926.0);GATE
Port:(45.6, 920.6)(145.3, 920.6)(145.3, 926.0)(45.6, 926.0);SD
Port:(30.0, 764.8)(142.4, 764.8)(142.4, 765.0)(160.9, 765.0)(160.9, 918.1)(30.0, 918.1);GATE
Port:(36.1, 769.9)(136.3, 769.9)(136.3, 776.9)(36.1, 776.9);SD
Module:M9
Boundary:(92.7, 427.1)(164.3, 427.1)(164.3, 506.6)(92.7, 506.6);GATE
Port:(105.1, 501.3)(151.9, 501.3)(151.9, 506.6)(105.1, 506.6);SD
Port:(92.7, 427.1)(164.3, 427.1)(164.3, 499.0)(92.7, 499.0);GATE
Port:(97.8, 431.2)(159.2, 431.2)(159.2, 437.6)(97.8, 437.6);SD
Module:M5
Boundary:(20.0, 276.4)(112.2, 276.4)(112.2, 276.7)(126.9, 276.7)(126.9, 397.1)(20.0, 397.1);GATE
Port:(33.0, 393.0)(113.9, 393.0)(113.9, 397.1)(33.0, 397.1);SD
Port:(20.0, 276.4)(112.2, 276.4)(112.2, 276.7)(126.9, 276.7)(126.9, 390.5)(20.0, 390.5);GATE
Port:(26.9, 282.3)(105.3, 282.3)(105.3, 287.4)(26.9, 287.4);SD
Module:M11
Boundary:(226.7, 650.2)(292.4, 650.2)(292.4, 736.9)(226.7, 736.9);GATE
Port:(240.1, 731.9)(279.0, 731.9)(279.0, 736.9)(240.1, 736.9);SD
Port:(226.7, 650.2)(292.4, 650.2)(292.4, 730.8)(226.7, 730.8);GATE
Port:(232.5, 655.0)(286.6, 655.0)(286.6, 660.5)(232.5, 660.5);SD
Module:M1
Boundary:(220.9, 776.9)(273.2, 776.9)(273.2, 777.0)(288.5, 777.0)(288.5, 920.9)(220.9, 920.9);GATE
Port:(235.9, 915.5)(273.5, 915.5)(273.5, 920.9)(235.9, 920.9);SD
Port:(220.9, 776.9)(273.2, 776.9)(273.2, 777.0)(288.5, 777.0)(288.5, 914.5)(220.9, 914.5);GATE
Port:(227.4, 782.4)(266.7, 782.4)(266.7, 790.1)(227.4, 790.1);SD
Module:M6
Boundary:(92.7, 526.6)(205.9, 526.6)(205.9, 646.5)(92.7, 646.5);GATE
Port:(105.8, 642.2)(192.8, 642.2)(192.8, 646.5)(105.8, 646.5);SD
Port:(92.7, 526.6)(205.9, 526.6)(205.9, 640.3)(92.7, 640.3);GATE
Port:(97.9, 530.8)(200.7, 530.8)(200.7, 537.3)(97.9, 537.3);SD
Module:M2
Boundary:(207.0, 143.6)(269.4, 143.6)(269.4, 143.8)(285.3, 143.8)(285.3, 244.5)(207.0, 244.5);GATE
Port:(218.8, 240.4)(273.5, 240.4)(273.5, 244.5)(218.8, 244.5);SD
Port:(207.0, 143.6)(269.4, 143.6)(269.4, 143.8)(285.3, 143.8)(285.3, 238.3)(207.0, 238.3);GATE
Port:(212.4, 148.0)(264.0, 148.0)(264.0, 152.5)(212.4, 152.5);SD
Module:M16
Boundary:(93.0, 10.0)(138.7, 10.0)(138.7, 10.1)(153.8, 10.1)(153.8, 178.7)(93.0, 178.7);GATE
Port:(105.2, 174.2)(141.6, 174.2)(141.6, 178.7)(105.2, 178.7);SD
Port:(93.0, 10.0)(138.7, 10.0)(138.7, 10.1)(153.8, 10.1)(153.8, 171.5)(93.0, 171.5);GATE
Port:(98.5, 14.5)(133.2, 14.5)(133.2, 19.4)(98.5, 19.4);SD
Module:M13
Boundary:(10.0, 10.0)(73.0, 10.0)(73.0, 205.4)(10.0, 205.4);GATE
Port:(22.4, 200.0)(60.6, 200.0)(60.6, 205.4)(22.4, 205.4);SD
Port:(10.0, 10.0)(73.0, 10.0)(73.0, 198.5)(10.0, 198.5);GATE
Port:(16.1, 15.1)(66.9, 15.1)(66.9, 20.1)(16.1, 20.1);SD
Module:M10
Boundary:(10.0, 427.1)(72.7, 427.1)(72.7, 632.4)(10.0, 632.4);GATE
Port:(22.4, 626.8)(60.3, 626.8)(60.3, 632.4)(22.4, 632.4);SD
Port:(10.0, 427.1)(72.7, 427.1)(72.7, 623.9)(10.0, 623.9);GATE
Port:(16.5, 432.6)(66.2, 432.6)(66.2, 437.7)(16.5, 437.7);SD
Module:M7
Boundary:(290.8, 284.5)(290.8, 356.4)(290.4, 356.4)(290.4, 374.2)(166.9, 374.2)(166.9, 284.5);GATE
Port:(166.9, 298.8)(172.3, 298.8)(172.3, 359.9)(166.9, 359.9);SD
Port:(290.8, 284.5)(290.8, 356.4)(290.4, 356.4)(290.4, 374.2)(174.8, 374.2)(174.8, 284.5);GATE
Port:(279.7, 290.1)(286.2, 290.1)(286.2, 350.8)(279.7, 350.8);SD
Module:M3
Boundary:(177.0, 198.7)(177.0, 230.1)(176.9, 230.1)(176.9, 246.4)(93.0, 246.4)(93.0, 198.7);GATE
Port:(93.0, 211.0)(97.3, 211.0)(97.3, 234.1)(93.0, 234.1);SD
Port:(177.0, 198.7)(177.0, 230.1)(176.9, 230.1)(176.9, 246.4)(98.7, 246.4)(98.7, 198.7);GATE
Port:(167.8, 204.2)(172.5, 204.2)(172.5, 224.6)(167.8, 224.6);SD
Module:M15
Boundary:(184.3, 404.2)(304.8, 404.2)(304.8, 484.6)(184.3, 484.6);GATE
Port:(198.3, 479.4)(290.8, 479.4)(290.8, 484.6)(198.3, 484.6);SD
Port:(184.3, 404.2)(304.8, 404.2)(304.8, 476.5)(184.3, 476.5);GATE
Port:(189.7, 408.6)(299.4, 408.6)(299.4, 415.5)(189.7, 415.5);SD
Module:M12
Boundary:(206.7, 666.5)(206.7, 724.8)(92.7, 724.8)(92.7, 666.5);GATE
Port:(92.7, 678.2)(97.8, 678.2)(97.8, 713.1)(92.7, 713.1);SD
Port:(206.7, 666.5)(206.7, 724.8)(99.9, 724.8)(99.9, 666.5);GATE
Port:(197.1, 671.6)(202.6, 671.6)(202.6, 719.7)(197.1, 719.7);SD
Module:M8
Boundary:(235.9, 514.6)(299.5, 514.6)(299.5, 620.2)(235.9, 620.2);GATE
Port:(249.6, 616.0)(285.8, 616.0)(285.8, 620.2)(249.6, 620.2);SD
Port:(235.9, 514.6)(299.5, 514.6)(299.5, 614.6)(235.9, 614.6);GATE
Port:(242.2, 519.9)(293.2, 519.9)(293.2, 525.9)(242.2, 525.9);SD
Module:M4
Boundary:(289.5, 20.0)(289.5, 90.5)(289.1, 90.5)(289.1, 103.6)(183.8, 103.6)(183.8, 20.0);GATE
Port:(183.8, 32.5)(188.3, 32.5)(188.3, 91.1)(183.8, 91.1);SD
Port:(289.5, 20.0)(289.5, 90.5)(289.1, 90.5)(289.1, 103.6)(190.5, 103.6)(190.5, 20.0);GATE
Port:(278.6, 25.5)(285.0, 25.5)(285.0, 85.0)(278.6, 85.0);SD
