Area:(-30.0, -30.0)(695.1, -30.0)(695.1, 539.9)(-30.0, 539.9)
Rule:GATE(5,5);SD(5,5);GATE_SD(0.5);GATE_ITO(0.5);SD_ITO(0.5)
Module:M14
Boundary:(423.9, 159.7)(423.9, 215.1)(423.6, 215.1)(423.6, 228.6)(196.5, 228.6)(196.5, 159.7);GATE
Port:(196.5, 170.6)(202.4, 170.6)(202.4, 217.7)(196.5, 217.7);SD
Port:(423.9, 159.7)(423.9, 215.1)(423.6, 215.1)(423.6, 228.6)(204.4, 228.6)(204.4, 159.7);GATE
Port:(414.9, 164.8)(419.8, 164.8)(419.8, 210.0)(414.9, 210.0);SD
Module:M9
Boundary:(651.9, 222.9)(651.9, 303.8)(651.9, 303.8)(651.9, 319.7)(504.7, 319.7)(504.7, 222.9);GATE
Port:(504.7, 235.5)(510.5, 235.5)(510.5, 307.1)(504.7, 307.1);SD
Port:(651.9, 222.9)(651.9, 303.8)(651.9, 303.8)(651.9, 319.7)(511.7, 319.7)(511.7, 222.9);GATE
Port:(641.6, 228.1)(647.7, 228.1)(647.7, 298.6)(641.6, 298.6);SD
Module:M5
Boundary:(326.8, 398.5)(326.8, 473.3)(326.6, 473.3)(326.6, 487.8)(193.7, 487.8)(193.7, 398.5);GATE
Port:(193.7, 410.8)(199.5, 410.8)(199.5, 475.5)(193.7, 475.5);SD
Port:(326.8, 398.5)(326.8, 473.3)(326.6, 473.3)(326.6, 487.8)(201.3, 487.8)(201.3, 398.5);GATE
Port:(316.0, 403.8)(322.5, 403.8)(322.5, 468.0)(316.0, 468.0);SD
Module:M11
Boundary:(519.3, 402.0)(519.3, 499.9)(356.8, 499.9)(356.8, 402.0);GATE
Port:(356.8, 416.6)(361.0, 416.6)(361.0, 485.3)(356.8, 485.3);SD
Port:(519.3, 402.0)(519.3, 499.9)(362.7, 499.9)(362.7, 402.0);GATE
Port:(506.6, 408.7)(513.6, 408.7)(513.6, 493.2)(506.6, 493.2);SD
Module:M1
Boundary:(133.0, 224.4)(133.0, 311.9)(133.0, 311.9)(133.0, 326.2)(30.0, 326.2)(30.0, 224.4);GATE
Port:(30.0, 236.0)(35.0, 236.0)(35.0, 314.6)(30.0, 314.6);SD
Port:(133.0, 224.4)(133.0, 311.9)(133.0, 311.9)(133.0, 326.2)(37.3, 326.2)(37.3, 224.4);GATE
Port:(123.3, 230.3)(128.1, 230.3)(128.1, 306.0)(123.3, 306.0);SD
Module:M6
Boundary:(653.3, 10.0)(653.3, 66.2)(653.0, 66.2)(653.0, 84.5)(526.6, 84.5)(526.6, 10.0);GATE
Port:(526.6, 25.3)(532.3, 25.3)(532.3, 69.2)(526.6, 69.2);SD
Port:(653.3, 10.0)(653.3, 66.2)(653.0, 66.2)(653.0, 84.5)(534.5, 84.5)(534.5, 10.0);GATE
Port:(641.0, 16.7)(647.6, 16.7)(647.6, 59.5)(641.0, 59.5);SD
Module:M2
Boundary:(146.5, 111.8)(146.5, 174.4)(20.0, 174.4)(20.0, 111.8);GATE
Port:(20.0, 124.5)(24.4, 124.5)(24.4, 161.7)(20.0, 161.7);SD
Port:(146.5, 111.8)(146.5, 174.4)(25.9, 174.4)(25.9, 111.8);GATE
Port:(135.5, 118.4)(140.9, 118.4)(140.9, 167.8)(135.5, 167.8);SD
Module:M16
Boundary:(651.9, 104.5)(651.9, 202.9)(463.9, 202.9)(463.9, 104.5);GATE
Port:(463.9, 116.5)(469.3, 116.5)(469.3, 190.9)(463.9, 190.9);SD
Port:(651.9, 104.5)(651.9, 202.9)(470.8, 202.9)(470.8, 104.5);GATE
Port:(642.7, 109.8)(647.6, 109.8)(647.6, 197.6)(642.7, 197.6);SD
Module:M13
Boundary:(456.1, 10.0)(490.7, 10.0)(490.7, 10.1)(506.6, 10.1)(506.6, 83.3)(456.1, 83.3);GATE
Port:(469.7, 78.5)(493.0, 78.5)(493.0, 83.3)(469.7, 83.3);SD
Port:(456.1, 10.0)(490.7, 10.0)(490.7, 10.1)(506.6, 10.1)(506.6, 76.1)(456.1, 76.1);GATE
Port:(463.0, 15.9)(483.8, 15.9)(483.8, 21.1)(463.0, 21.1);SD
Module:M10
Boundary:(539.3, 339.7)(655.1, 339.7)(655.1, 494.3)(539.3, 494.3);GATE
Port:(553.4, 489.5)(641.0, 489.5)(641.0, 494.3)(553.4, 494.3);SD
Port:(539.3, 339.7)(655.1, 339.7)(655.1, 486.8)(539.3, 486.8);GATE
Port:(544.7, 344.1)(649.7, 344.1)(649.7, 350.6)(544.7, 350.6);SD
Module:M7
Boundary:(382.3, 278.6)(382.3, 343.0)(382.3, 343.0)(382.3, 358.5)(193.7, 358.5)(193.7, 278.6);GATE
Port:(193.7, 292.1)(198.9, 292.1)(198.9, 345.0)(193.7, 345.0);SD
Port:(382.3, 278.6)(382.3, 343.0)(382.3, 343.0)(382.3, 358.5)(201.3, 358.5)(201.3, 278.6);GATE
Port:(370.9, 283.6)(378.3, 283.6)(378.3, 338.0)(370.9, 338.0);SD
Module:M3
Boundary:(412.3, 268.6)(470.5, 268.6)(470.5, 268.7)(484.7, 268.7)(484.7, 382.0)(412.3, 382.0);GATE
Port:(423.5, 377.4)(473.5, 377.4)(473.5, 382.0)(423.5, 382.0);SD
Port:(412.3, 268.6)(470.5, 268.6)(470.5, 268.7)(484.7, 268.7)(484.7, 374.5)(412.3, 374.5);GATE
Port:(418.0, 273.3)(464.8, 273.3)(464.8, 278.0)(418.0, 278.0);SD
Module:M15
Boundary:(354.1, 10.0)(422.8, 10.0)(422.8, 10.1)(436.1, 10.1)(436.1, 113.0)(354.1, 113.0);GATE
Port:(365.1, 108.9)(425.1, 108.9)(425.1, 113.0)(365.1, 113.0);SD
Port:(354.1, 10.0)(422.8, 10.0)(422.8, 10.1)(436.1, 10.1)(436.1, 106.0)(354.1, 106.0);GATE
Port:(359.5, 14.4)(417.4, 14.4)(417.4, 19.4)(359.5, 19.4);SD
Module:M12
Boundary:(190.9, 10.0)(190.9, 64.6)(190.9, 64.6)(190.9, 81.8)(10.0, 81.8)(10.0, 10.0);GATE
Port:(10.0, 25.0)(14.8, 25.0)(14.8, 66.8)(10.0, 66.8);SD
Port:(190.9, 10.0)(190.9, 64.6)(190.9, 64.6)(190.9, 81.8)(17.5, 81.8)(17.5, 10.0);GATE
Port:(178.8, 16.7)(185.2, 16.7)(185.2, 57.9)(178.8, 57.9);SD
Module:M8
Boundary:(153.7, 376.2)(153.7, 458.1)(153.5, 458.1)(153.5, 474.2)(20.0, 474.2)(20.0, 376.2);GATE
Port:(20.0, 389.5)(24.4, 389.5)(24.4, 460.9)(20.0, 460.9);SD
Port:(153.7, 376.2)(153.7, 458.1)(153.5, 458.1)(153.5, 474.2)(25.6, 474.2)(25.6, 376.2);GATE
Port:(143.4, 382.2)(148.7, 382.2)(148.7, 452.1)(143.4, 452.1);SD
Module:M4
Boundary:(324.1, 20.0)(324.1, 109.7)(220.9, 109.7)(220.9, 20.0);GATE
Port:(220.9, 32.7)(225.6, 32.7)(225.6, 97.0)(220.9, 97.0);SD
Port:(324.1, 20.0)(324.1, 109.7)(227.4, 109.7)(227.4, 20.0);GATE
Port:(313.4, 25.3)(319.8, 25.3)(319.8, 104.4)(313.4, 104.4);SD
