Area:(-30.0, -30.0)(379.3, -30.0)(379.3, 1058.9)(-30.0, 1058.9)
Rule:GATE(5,5);SD(5,5);GATE_SD(0.5);GATE_ITO(0.5);SD_ITO(0.5)
Module:M14
Boundary:(319.1, 558.3)(319.1, 607.4)(179.3, 607.4)(179.3, 558.3);GATE
Port:(179.3, 571.8)(184.4, 571.8)(184.4, 593.9)(179.3, 593.9);SD
Port:(319.1, 558.3)(319.1, 607.4)(187.1, 607.4)(187.1, 558.3);GATE
Port:(308.1, 563.6)(314.8, 563.6)(314.8, 602.1)(308.1, 602.1);SD
Module:M9
Boundary:(10.0, 10.0)(107.8, 10.0)(107.8, 10.5)(124.4, 10.5)(124.4, 125.6)(10.0, 125.6);GATE
Port:(22.5, 120.3)(111.9, 120.3)(111.9, 125.6)(22.5, 125.6);SD
Port:(10.0, 10.0)(107.8, 10.0)(107.8, 10.5)(124.4, 10.5)(124.4, 117.5)(10.0, 117.5);GATE
Port:(15.1, 14.1)(102.7, 14.1)(102.7, 19.5)(15.1, 19.5);SD
Module:M5
Boundary:(315.9, 341.0)(315.9, 387.9)(164.8, 387.9)(164.8, 341.0);GATE
Port:(164.8, 354.3)(169.2, 354.3)(169.2, 374.6)(164.8, 374.6);SD
Port:(315.9, 341.0)(315.9, 387.9)(172.1, 387.9)(172.1, 341.0);GATE
Port:(304.5, 346.9)(311.0, 346.9)(311.0, 382.0)(304.5, 382.0);SD
Module:M11
Boundary:(10.0, 145.6)(101.6, 145.6)(101.6, 145.9)(116.0, 145.9)(116.0, 335.0)(10.0, 335.0);GATE
Port:(23.3, 329.5)(102.7, 329.5)(102.7, 335.0)(23.3, 335.0);SD
Port:(10.0, 145.6)(101.6, 145.6)(101.6, 145.9)(116.0, 145.9)(116.0, 328.4)(10.0, 328.4);GATE
Port:(16.3, 150.9)(95.3, 150.9)(95.3, 157.2)(16.3, 157.2);SD
Module:M1
Boundary:(162.3, 713.2)(162.3, 787.2)(162.2, 787.2)(162.2, 801.1)(30.0, 801.1)(30.0, 713.2);GATE
Port:(30.0, 725.7)(34.5, 725.7)(34.5, 788.6)(30.0, 788.6);SD
Port:(162.3, 713.2)(162.3, 787.2)(162.2, 787.2)(162.2, 801.1)(37.5, 801.1)(37.5, 713.2);GATE
Port:(151.6, 719.7)(156.8, 719.7)(156.8, 780.7)(151.6, 780.7);SD
Module:M6
Boundary:(144.4, 10.0)(236.9, 10.0)(236.9, 191.2)(144.4, 191.2);GATE
Port:(157.4, 185.6)(223.9, 185.6)(223.9, 191.2)(157.4, 191.2);SD
Port:(144.4, 10.0)(236.9, 10.0)(236.9, 184.5)(144.4, 184.5);GATE
Port:(151.0, 15.6)(230.3, 15.6)(230.3, 20.0)(151.0, 20.0);SD
Module:M2
Boundary:(212.3, 750.9)(325.6, 750.9)(325.6, 902.8)(212.3, 902.8);GATE
Port:(225.4, 897.1)(312.5, 897.1)(312.5, 902.8)(225.4, 902.8);SD
Port:(212.3, 750.9)(325.6, 750.9)(325.6, 895.2)(212.3, 895.2);GATE
Port:(218.6, 756.2)(319.3, 756.2)(319.3, 761.9)(218.6, 761.9);SD
Module:M16
Boundary:(308.7, 647.4)(308.7, 720.9)(202.3, 720.9)(202.3, 647.4);GATE
Port:(202.3, 660.3)(207.2, 660.3)(207.2, 708.0)(202.3, 708.0);SD
Port:(308.7, 647.4)(308.7, 720.9)(210.2, 720.9)(210.2, 647.4);GATE
Port:(297.6, 653.8)(303.3, 653.8)(303.3, 714.5)(297.6, 714.5);SD
Module:M13
Boundary:(269.8, 932.8)(323.0, 932.8)(323.0, 932.9)(339.3, 932.9)(339.3, 1018.9)(269.8, 1018.9);GATE
Port:(285.1, 1013.7)(324.0, 1013.7)(324.0, 1018.9)(285.1, 1018.9);SD
Port:(269.8, 932.8)(323.0, 932.8)(323.0, 932.9)(339.3, 932.9)(339.3, 1012.3)(269.8, 1012.3);GATE
Port:(276.7, 938.7)(316.1, 938.7)(316.1, 945.0)(276.7, 945.0);SD
Module:M10
Boundary:(331.5, 211.2)(331.5, 311.0)(136.0, 311.0)(136.0, 211.2);GATE
Port:(136.0, 225.5)(141.5, 225.5)(141.5, 296.7)(136.0, 296.7);SD
Port:(331.5, 211.2)(331.5, 311.0)(143.5, 311.0)(143.5, 211.2);GATE
Port:(319.2, 217.8)(325.9, 217.8)(325.9, 304.4)(319.2, 304.4);SD
Module:M7
Boundary:(20.0, 492.9)(129.3, 492.9)(129.3, 663.2)(20.0, 663.2);GATE
Port:(34.3, 659.2)(115.0, 659.2)(115.0, 663.2)(34.3, 663.2);SD
Port:(20.0, 492.9)(129.3, 492.9)(129.3, 657.9)(20.0, 657.9);GATE
Port:(26.4, 498.3)(122.9, 498.3)(122.9, 504.1)(26.4, 504.1);SD
Module:M3
Boundary:(134.8, 355.0)(134.8, 447.5)(134.8, 447.5)(134.8, 462.9)(10.0, 462.9)(10.0, 355.0);GATE
Port:(10.0, 367.2)(15.9, 367.2)(15.9, 450.7)(10.0, 450.7);SD
Port:(134.8, 355.0)(134.8, 447.5)(134.8, 447.5)(134.8, 462.9)(18.7, 462.9)(18.7, 355.0);GATE
Port:(125.1, 360.1)(130.7, 360.1)(130.7, 442.4)(125.1, 442.4);SD
Module:M15
Boundary:(256.9, 10.0)(338.1, 10.0)(338.1, 181.6)(256.9, 181.6);GATE
Port:(270.2, 176.0)(324.8, 176.0)(324.8, 181.6)(270.2, 181.6);SD
Port:(256.9, 10.0)(338.1, 10.0)(338.1, 174.0)(256.9, 174.0);GATE
Port:(262.8, 14.9)(332.2, 14.9)(332.2, 21.1)(262.8, 21.1);SD
Module:M12
Boundary:(148.1, 841.1)(148.1, 891.3)(147.8, 891.3)(147.8, 907.7)(10.0, 907.7)(10.0, 841.1);GATE
Port:(10.0, 854.7)(14.7, 854.7)(14.7, 894.1)(10.0, 894.1);SD
Port:(148.1, 841.1)(148.1, 891.3)(147.8, 891.3)(147.8, 907.7)(16.6, 907.7)(16.6, 841.1);GATE
Port:(137.5, 846.6)(143.6, 846.6)(143.6, 885.8)(137.5, 885.8);SD
Module:M8
Boundary:(239.8, 942.8)(239.8, 995.6)(239.6, 995.6)(239.6, 1012.2)(20.0, 1012.2)(20.0, 942.8);GATE
Port:(20.0, 957.1)(25.1, 957.1)(25.1, 997.9)(20.0, 997.9);SD
Port:(239.8, 942.8)(239.8, 995.6)(239.6, 995.6)(239.6, 1012.2)(26.1, 1012.2)(26.1, 942.8);GATE
Port:(228.4, 949.7)(233.9, 949.7)(233.9, 988.7)(228.4, 988.7);SD
Module:M4
Boundary:(327.5, 427.9)(327.5, 508.3)(169.3, 508.3)(169.3, 427.9);GATE
Port:(169.3, 440.7)(175.0, 440.7)(175.0, 495.5)(169.3, 495.5);SD
Port:(327.5, 427.9)(327.5, 508.3)(176.8, 508.3)(176.8, 427.9);GATE
Port:(316.8, 434.7)(321.7, 434.7)(321.7, 501.5)(316.8, 501.5);SD
