Area:(-30.0, -30.0)(526.3, -30.0)(526.3, 683.4)(-30.0, 683.4)
Rule:GATE(5,5);SD(5,5);GATE_SD(0.5);GATE_ITO(0.5);SD_ITO(0.5)
Module:M14
Boundary:(218.2, 238.8)(218.2, 294.2)(30.0, 294.2)(30.0, 238.8);GATE
Port:(30.0, 254.3)(35.8, 254.3)(35.8, 278.7)(30.0, 278.7);SD
Port:(218.2, 238.8)(218.2, 294.2)(38.3, 294.2)(38.3, 238.8);GATE
Port:(206.0, 245.7)(212.3, 245.7)(212.3, 287.3)(206.0, 287.3);SD
Module:M9
Boundary:(157.6, 10.0)(157.6, 110.9)(10.0, 110.9)(10.0, 10.0);GATE
Port:(10.0, 22.6)(14.9, 22.6)(14.9, 98.3)(10.0, 98.3);SD
Port:(157.6, 10.0)(157.6, 110.9)(17.4, 110.9)(17.4, 10.0);GATE
Port:(148.0, 15.7)(152.9, 15.7)(152.9, 105.2)(148.0, 105.2);SD
Module:M5
Boundary:(479.3, 104.5)(479.3, 172.6)(479.0, 172.6)(479.0, 188.7)(400.2, 188.7)(400.2, 104.5);GATE
Port:(400.2, 118.8)(404.9, 118.8)(404.9, 174.4)(400.2, 174.4);SD
Port:(479.3, 104.5)(479.3, 172.6)(479.0, 172.6)(479.0, 188.7)(406.0, 188.7)(406.0, 104.5);GATE
Port:(467.7, 111.3)(473.5, 111.3)(473.5, 165.8)(467.7, 165.8);SD
Module:M11
Boundary:(370.2, 10.0)(370.2, 91.7)(370.0, 91.7)(370.0, 106.9)(177.6, 106.9)(177.6, 10.0);GATE
Port:(177.6, 24.8)(183.2, 24.8)(183.2, 92.1)(177.6, 92.1);SD
Port:(370.2, 10.0)(370.2, 91.7)(370.0, 91.7)(370.0, 106.9)(185.7, 106.9)(185.7, 10.0);GATE
Port:(357.4, 16.4)(364.8, 16.4)(364.8, 85.3)(357.4, 85.3);SD
Module:M1
Boundary:(205.7, 354.2)(205.7, 426.8)(30.0, 426.8)(30.0, 354.2);GATE
Port:(30.0, 368.3)(34.1, 368.3)(34.1, 412.7)(30.0, 412.7);SD
Port:(205.7, 354.2)(205.7, 426.8)(36.6, 426.8)(36.6, 354.2);GATE
Port:(194.8, 359.8)(201.1, 359.8)(201.1, 421.2)(194.8, 421.2);SD
Module:M6
Boundary:(258.2, 216.6)(362.0, 216.6)(362.0, 418.0)(258.2, 418.0);GATE
Port:(272.5, 412.7)(347.7, 412.7)(347.7, 418.0)(272.5, 418.0);SD
Port:(258.2, 216.6)(362.0, 216.6)(362.0, 410.2)(258.2, 410.2);GATE
Port:(264.3, 221.7)(355.9, 221.7)(355.9, 228.1)(264.3, 228.1);SD
Module:M2
Boundary:(20.0, 554.3)(90.5, 554.3)(90.5, 554.5)(108.6, 554.5)(108.6, 627.0)(20.0, 627.0);GATE
Port:(33.2, 621.7)(95.4, 621.7)(95.4, 627.0)(33.2, 627.0);SD
Port:(20.0, 554.3)(90.5, 554.3)(90.5, 554.5)(108.6, 554.5)(108.6, 619.0)(20.0, 619.0);GATE
Port:(25.7, 559.0)(84.8, 559.0)(84.8, 564.8)(25.7, 564.8);SD
Module:M16
Boundary:(396.5, 437.5)(475.2, 437.5)(475.2, 643.4)(396.5, 643.4);GATE
Port:(408.2, 638.2)(463.5, 638.2)(463.5, 643.4)(408.2, 643.4);SD
Port:(396.5, 437.5)(475.2, 437.5)(475.2, 636.5)(396.5, 636.5);GATE
Port:(402.0, 442.0)(469.7, 442.0)(469.7, 446.9)(402.0, 446.9);SD
Module:M13
Boundary:(216.5, 130.9)(216.5, 198.8)(10.0, 198.8)(10.0, 130.9);GATE
Port:(10.0, 144.8)(14.6, 144.8)(14.6, 184.9)(10.0, 184.9);SD
Port:(216.5, 130.9)(216.5, 198.8)(16.6, 198.8)(16.6, 130.9);GATE
Port:(206.1, 136.8)(211.6, 136.8)(211.6, 192.9)(206.1, 192.9);SD
Module:M10
Boundary:(161.0, 466.8)(225.0, 466.8)(225.0, 589.9)(161.0, 589.9);GATE
Port:(175.0, 584.1)(211.0, 584.1)(211.0, 589.9)(175.0, 589.9);SD
Port:(161.0, 466.8)(225.0, 466.8)(225.0, 581.1)(161.0, 581.1);GATE
Port:(167.0, 471.8)(219.0, 471.8)(219.0, 478.6)(167.0, 478.6);SD
Module:M7
Boundary:(357.3, 136.9)(357.3, 186.6)(246.5, 186.6)(246.5, 136.9);GATE
Port:(246.5, 150.5)(252.2, 150.5)(252.2, 173.0)(246.5, 173.0);SD
Port:(357.3, 136.9)(357.3, 186.6)(254.8, 186.6)(254.8, 136.9);GATE
Port:(346.3, 143.2)(352.0, 143.2)(352.0, 180.3)(346.3, 180.3);SD
Module:M3
Boundary:(382.0, 218.7)(486.3, 218.7)(486.3, 417.5)(382.0, 417.5);GATE
Port:(395.8, 412.6)(472.5, 412.6)(472.5, 417.5)(395.8, 417.5);SD
Port:(382.0, 218.7)(486.3, 218.7)(486.3, 410.5)(382.0, 410.5);GATE
Port:(387.8, 223.5)(480.5, 223.5)(480.5, 229.9)(387.8, 229.9);SD
Module:M15
Boundary:(477.8, 10.0)(477.8, 74.5)(390.2, 74.5)(390.2, 10.0);GATE
Port:(390.2, 23.6)(394.5, 23.6)(394.5, 60.9)(390.2, 60.9);SD
Port:(477.8, 10.0)(477.8, 74.5)(396.6, 74.5)(396.6, 10.0);GATE
Port:(466.7, 16.4)(472.4, 16.4)(472.4, 68.1)(466.7, 68.1);SD
Module:M12
Boundary:(141.0, 466.8)(141.0, 524.3)(10.0, 524.3)(10.0, 466.8);GATE
Port:(10.0, 478.5)(14.5, 478.5)(14.5, 512.6)(10.0, 512.6);SD
Port:(141.0, 466.8)(141.0, 524.3)(17.1, 524.3)(17.1, 466.8);GATE
Port:(130.9, 472.3)(136.5, 472.3)(136.5, 518.8)(130.9, 518.8);SD
Module:M8
Boundary:(356.6, 573.1)(356.6, 616.1)(356.4, 616.1)(356.4, 629.7)(255.0, 629.7)(255.0, 573.1);GATE
Port:(255.0, 584.1)(259.5, 584.1)(259.5, 618.7)(255.0, 618.7);SD
Port:(356.6, 573.1)(356.6, 616.1)(356.4, 616.1)(356.4, 629.7)(261.8, 629.7)(261.8, 573.1);GATE
Port:(347.2, 578.1)(352.6, 578.1)(352.6, 611.1)(347.2, 611.1);SD
Module:M4
Boundary:(366.5, 448.0)(366.5, 516.9)(366.3, 516.9)(366.3, 533.1)(255.7, 533.1)(255.7, 448.0);GATE
Port:(255.7, 462.3)(259.7, 462.3)(259.7, 518.8)(255.7, 518.8);SD
Port:(366.5, 448.0)(366.5, 516.9)(366.3, 516.9)(366.3, 533.1)(261.7, 533.1)(261.7, 448.0);GATE
Port:(354.1, 454.3)(361.2, 454.3)(361.2, 510.6)(354.1, 510.6);SD
