Area:(-20.0, -30.0)(670.4, -30.0)(670.4, 595.7)(-20.0, 595.7)
Rule:GATE(5,5);SD(5,5);GATE_SD(0.5);GATE_ITO(0.5);SD_ITO(0.5)
Module:M14
Boundary:(225.7, 468.8)(225.7, 525.8)(225.6, 525.8)(225.6, 540.1)(30.0, 540.1)(30.0, 468.8);GATE
Port:(30.0, 479.7)(34.2, 479.7)(34.2, 529.2)(30.0, 529.2);SD
Port:(225.7, 468.8)(225.7, 525.8)(225.6, 525.8)(225.6, 540.1)(35.6, 540.1)(35.6, 468.8);GATE
Port:(217.0, 474.1)(221.4, 474.1)(221.4, 520.5)(217.0, 520.5);SD
Module:M9
Boundary:(250.2, 124.4)(250.2, 177.0)(250.1, 177.0)(250.1, 195.4)(154.2, 195.4)(154.2, 124.4);GATE
Port:(154.2, 137.8)(160.1, 137.8)(160.1, 182.0)(154.2, 182.0);SD
Port:(250.2, 124.4)(250.2, 177.0)(250.1, 177.0)(250.1, 195.4)(162.8, 195.4)(162.8, 124.4);GATE
Port:(239.9, 129.6)(246.0, 129.6)(246.0, 171.8)(239.9, 171.8);SD
Module:M5
Boundary:(20.0, 215.5)(117.3, 215.5)(117.3, 407.8)(20.0, 407.8);GATE
Port:(34.1, 403.0)(103.2, 403.0)(103.2, 407.8)(34.1, 407.8);SD
Port:(20.0, 215.5)(117.3, 215.5)(117.3, 401.6)(20.0, 401.6);GATE
Port:(26.7, 221.2)(110.6, 221.2)(110.6, 227.5)(26.7, 227.5);SD
Module:M11
Boundary:(147.3, 215.4)(198.2, 215.4)(198.2, 215.7)(215.1, 215.7)(215.1, 428.8)(147.3, 428.8);GATE
Port:(160.7, 424.7)(201.7, 424.7)(201.7, 428.8)(160.7, 428.8);SD
Port:(147.3, 215.4)(198.2, 215.4)(198.2, 215.7)(215.1, 215.7)(215.1, 422.8)(147.3, 422.8);GATE
Port:(153.5, 220.6)(192.0, 220.6)(192.0, 226.2)(153.5, 226.2);SD
Module:M1
Boundary:(528.9, 419.5)(593.3, 419.5)(593.3, 419.7)(608.6, 419.7)(608.6, 507.1)(528.9, 507.1);GATE
Port:(542.3, 502.9)(595.2, 502.9)(595.2, 507.1)(542.3, 507.1);SD
Port:(528.9, 419.5)(593.3, 419.5)(593.3, 419.7)(608.6, 419.7)(608.6, 501.9)(528.9, 501.9);GATE
Port:(534.7, 424.3)(587.5, 424.3)(587.5, 430.7)(534.7, 430.7);SD
Module:M6
Boundary:(345.3, 144.0)(436.1, 144.0)(436.1, 301.0)(345.3, 301.0);GATE
Port:(358.8, 296.2)(422.6, 296.2)(422.6, 301.0)(358.8, 301.0);SD
Port:(345.3, 144.0)(436.1, 144.0)(436.1, 294.4)(345.3, 294.4);GATE
Port:(351.2, 148.9)(430.2, 148.9)(430.2, 155.7)(351.2, 155.7);SD
Module:M2
Boundary:(20.0, 20.0)(124.2, 20.0)(124.2, 175.5)(20.0, 175.5);GATE
Port:(35.0, 171.0)(109.2, 171.0)(109.2, 175.5)(35.0, 175.5);SD
Port:(20.0, 20.0)(124.2, 20.0)(124.2, 169.4)(20.0, 169.4);GATE
Port:(26.8, 25.8)(117.4, 25.8)(117.4, 32.5)(26.8, 32.5);SD
Module:M16
Boundary:(495.7, 251.6)(595.3, 251.6)(595.3, 252.3)(611.6, 252.3)(611.6, 379.5)(495.7, 379.5);GATE
Port:(509.6, 375.3)(597.7, 375.3)(597.7, 379.5)(509.6, 379.5);SD
Port:(495.7, 251.6)(595.3, 251.6)(595.3, 252.3)(611.6, 252.3)(611.6, 374.1)(495.7, 374.1);GATE
Port:(501.7, 256.6)(589.3, 256.6)(589.3, 262.2)(501.7, 262.2);SD
Module:M13
Boundary:(154.2, 10.0)(280.5, 10.0)(280.5, 104.4)(154.2, 104.4);GATE
Port:(168.3, 99.1)(266.4, 99.1)(266.4, 104.4)(168.3, 104.4);SD
Port:(154.2, 10.0)(280.5, 10.0)(280.5, 97.6)(154.2, 97.6);GATE
Port:(159.9, 14.7)(274.8, 14.7)(274.8, 20.9)(159.9, 20.9);SD
Module:M10
Boundary:(559.5, 131.0)(617.1, 131.0)(617.1, 131.1)(630.4, 131.1)(630.4, 231.6)(559.5, 231.6);GATE
Port:(571.8, 226.8)(618.1, 226.8)(618.1, 231.6)(571.8, 231.6);SD
Port:(559.5, 131.0)(617.1, 131.0)(617.1, 131.1)(630.4, 131.1)(630.4, 225.7)(559.5, 225.7);GATE
Port:(565.3, 135.8)(611.3, 135.8)(611.3, 141.6)(565.3, 141.6);SD
Module:M7
Boundary:(310.5, 20.0)(389.9, 20.0)(389.9, 114.0)(310.5, 114.0);GATE
Port:(324.2, 108.7)(376.2, 108.7)(376.2, 114.0)(324.2, 114.0);SD
Port:(310.5, 20.0)(389.9, 20.0)(389.9, 107.6)(310.5, 107.6);GATE
Port:(316.2, 24.7)(384.2, 24.7)(384.2, 32.1)(316.2, 32.1);SD
Module:M3
Boundary:(345.3, 321.0)(475.7, 321.0)(475.7, 423.0)(345.3, 423.0);GATE
Port:(361.5, 418.5)(459.5, 418.5)(459.5, 423.0)(361.5, 423.0);SD
Port:(345.3, 321.0)(475.7, 321.0)(475.7, 417.4)(345.3, 417.4);GATE
Port:(351.8, 326.5)(469.2, 326.5)(469.2, 334.3)(351.8, 334.3);SD
Module:M15
Boundary:(235.1, 215.4)(325.3, 215.4)(325.3, 420.3)(235.1, 420.3);GATE
Port:(247.3, 415.4)(313.1, 415.4)(313.1, 420.3)(247.3, 420.3);SD
Port:(235.1, 215.4)(325.3, 215.4)(325.3, 414.3)(235.1, 414.3);GATE
Port:(240.2, 219.5)(320.2, 219.5)(320.2, 225.6)(240.2, 225.6);SD
Module:M12
Boundary:(628.3, 10.0)(628.3, 94.6)(628.1, 94.6)(628.1, 111.0)(419.9, 111.0)(419.9, 10.0);GATE
Port:(419.9, 23.9)(425.8, 23.9)(425.8, 97.1)(419.9, 97.1);SD
Port:(628.3, 10.0)(628.3, 94.6)(628.1, 94.6)(628.1, 111.0)(427.7, 111.0)(427.7, 10.0);GATE
Port:(616.6, 15.4)(623.9, 15.4)(623.9, 89.2)(616.6, 89.2);SD
Module:M8
Boundary:(478.9, 453.0)(478.9, 538.6)(478.6, 538.6)(478.6, 555.7)(275.7, 555.7)(275.7, 453.0);GATE
Port:(275.7, 466.6)(280.4, 466.6)(280.4, 542.1)(275.7, 542.1);SD
Port:(478.9, 453.0)(478.9, 538.6)(478.6, 538.6)(478.6, 555.7)(283.2, 555.7)(283.2, 453.0);GATE
Port:(468.7, 459.2)(473.7, 459.2)(473.7, 532.4)(468.7, 532.4);SD
Module:M4
Boundary:(466.1, 141.0)(529.5, 141.0)(529.5, 210.6)(466.1, 210.6);GATE
Port:(479.9, 204.9)(515.7, 204.9)(515.7, 210.6)(479.9, 210.6);SD
Port:(466.1, 141.0)(529.5, 141.0)(529.5, 203.1)(466.1, 203.1);GATE
Port:(472.9, 146.8)(522.7, 146.8)(522.7, 153.2)(472.9, 153.2);SD
