Area:(-30.0, -30.0)(414.9, -30.0)(414.9, 777.8)(-30.0, 777.8)
Rule:GATE(5,5);SD(5,5);GATE_SD(0.5);GATE_ITO(0.5);SD_ITO(0.5)
Module:M14
Boundary:(30.0, 30.0)(96.5, 30.0)(96.5, 30.5)(112.7, 30.5)(112.7, 183.5)(30.0, 183.5);GATE
Port:(44.0, 177.6)(98.7, 177.6)(98.7, 183.5)(44.0, 183.5);SD
Port:(30.0, 30.0)(96.5, 30.0)(96.5, 30.5)(112.7, 30.5)(112.7, 175.8)(30.0, 175.8);GATE
Port:(35.6, 34.6)(90.9, 34.6)(90.9, 40.9)(35.6, 40.9);SD
Module:M9
Boundary:(264.2, 245.4)(264.2, 323.6)(152.7, 323.6)(152.7, 245.4);GATE
Port:(152.7, 258.3)(157.5, 258.3)(157.5, 310.7)(152.7, 310.7);SD
Port:(264.2, 245.4)(264.2, 323.6)(159.0, 323.6)(159.0, 245.4);GATE
Port:(253.8, 251.3)(259.3, 251.3)(259.3, 317.7)(253.8, 317.7);SD
Module:M5
Boundary:(20.0, 233.5)(105.6, 233.5)(105.6, 233.7)(122.3, 233.7)(122.3, 319.8)(20.0, 319.8);GATE
Port:(34.4, 314.1)(107.9, 314.1)(107.9, 319.8)(34.4, 319.8);SD
Port:(20.0, 233.5)(105.6, 233.5)(105.6, 233.7)(122.3, 233.7)(122.3, 312.8)(20.0, 312.8);GATE
Port:(25.6, 238.1)(100.0, 238.1)(100.0, 244.7)(25.6, 244.7);SD
Module:M11
Boundary:(141.0, 563.5)(222.7, 563.5)(222.7, 737.5)(141.0, 737.5);GATE
Port:(154.5, 732.9)(209.2, 732.9)(209.2, 737.5)(154.5, 737.5);SD
Port:(141.0, 563.5)(222.7, 563.5)(222.7, 731.6)(141.0, 731.6);GATE
Port:(147.8, 569.3)(215.9, 569.3)(215.9, 574.1)(147.8, 574.1);SD
Module:M1
Boundary:(172.7, 30.0)(222.0, 30.0)(222.0, 30.1)(239.1, 30.1)(239.1, 205.4)(172.7, 205.4);GATE
Port:(184.9, 200.1)(226.9, 200.1)(226.9, 205.4)(184.9, 205.4);SD
Port:(172.7, 30.0)(222.0, 30.0)(222.0, 30.1)(239.1, 30.1)(239.1, 198.2)(172.7, 198.2);GATE
Port:(177.8, 34.1)(216.9, 34.1)(216.9, 39.1)(177.8, 39.1);SD
Module:M6
Boundary:(300.4, 312.6)(374.8, 312.6)(374.8, 458.4)(300.4, 458.4);GATE
Port:(311.6, 453.9)(363.6, 453.9)(363.6, 458.4)(311.6, 458.4);SD
Port:(300.4, 312.6)(374.8, 312.6)(374.8, 452.1)(300.4, 452.1);GATE
Port:(305.8, 317.0)(369.4, 317.0)(369.4, 321.8)(305.8, 321.8);SD
Module:M2
Boundary:(109.0, 359.8)(109.0, 410.5)(108.8, 410.5)(108.8, 427.5)(20.0, 427.5)(20.0, 359.8);GATE
Port:(20.0, 372.7)(25.8, 372.7)(25.8, 414.6)(20.0, 414.6);SD
Port:(109.0, 359.8)(109.0, 410.5)(108.8, 410.5)(108.8, 427.5)(28.4, 427.5)(28.4, 359.8);GATE
Port:(98.5, 365.1)(104.7, 365.1)(104.7, 405.2)(98.5, 405.2);SD
Module:M16
Boundary:(121.0, 670.2)(121.0, 736.3)(10.0, 736.3)(10.0, 670.2);GATE
Port:(10.0, 683.4)(15.9, 683.4)(15.9, 723.1)(10.0, 723.1);SD
Port:(121.0, 670.2)(121.0, 736.3)(18.7, 736.3)(18.7, 670.2);GATE
Port:(110.8, 675.6)(116.6, 675.6)(116.6, 730.9)(110.8, 730.9);SD
Module:M13
Boundary:(114.1, 591.5)(114.1, 635.8)(114.1, 635.8)(114.1, 650.2)(10.0, 650.2)(10.0, 591.5);GATE
Port:(10.0, 603.3)(15.9, 603.3)(15.9, 638.4)(10.0, 638.4);SD
Port:(114.1, 591.5)(114.1, 635.8)(114.1, 635.8)(114.1, 650.2)(17.2, 650.2)(17.2, 591.5);GATE
Port:(104.2, 596.5)(110.1, 596.5)(110.1, 630.8)(104.2, 630.8);SD
Module:M10
Boundary:(280.4, 349.8)(280.4, 451.9)(139.0, 451.9)(139.0, 349.8);GATE
Port:(139.0, 362.5)(143.9, 362.5)(143.9, 439.2)(139.0, 439.2);SD
Port:(280.4, 349.8)(280.4, 451.9)(145.3, 451.9)(145.3, 349.8);GATE
Port:(270.1, 355.2)(276.0, 355.2)(276.0, 446.5)(270.1, 446.5);SD
Module:M7
Boundary:(20.0, 467.5)(71.3, 467.5)(71.3, 467.6)(87.2, 467.6)(87.2, 561.5)(20.0, 561.5);GATE
Port:(34.4, 556.5)(72.8, 556.5)(72.8, 561.5)(34.4, 561.5);SD
Port:(20.0, 467.5)(71.3, 467.5)(71.3, 467.6)(87.2, 467.6)(87.2, 554.8)(20.0, 554.8);GATE
Port:(26.0, 472.5)(65.3, 472.5)(65.3, 479.6)(26.0, 479.6);SD
Module:M3
Boundary:(279.1, 10.0)(374.9, 10.0)(374.9, 178.2)(279.1, 178.2);GATE
Port:(291.6, 174.2)(362.4, 174.2)(362.4, 178.2)(291.6, 178.2);SD
Port:(279.1, 10.0)(374.9, 10.0)(374.9, 172.2)(279.1, 172.2);GATE
Port:(284.7, 14.6)(369.3, 14.6)(369.3, 19.5)(284.7, 19.5);SD
Module:M15
Boundary:(284.2, 198.2)(369.6, 198.2)(369.6, 292.6)(284.2, 292.6);GATE
Port:(299.4, 287.3)(354.4, 287.3)(354.4, 292.6)(299.4, 292.6);SD
Port:(284.2, 198.2)(369.6, 198.2)(369.6, 285.0)(284.2, 285.0);GATE
Port:(291.0, 204.0)(362.8, 204.0)(362.8, 210.8)(291.0, 210.8);SD
Module:M12
Boundary:(232.1, 471.9)(232.1, 543.5)(117.2, 543.5)(117.2, 471.9);GATE
Port:(117.2, 486.6)(123.0, 486.6)(123.0, 528.8)(117.2, 528.8);SD
Port:(232.1, 471.9)(232.1, 543.5)(126.0, 543.5)(126.0, 471.9);GATE
Port:(220.8, 478.8)(226.2, 478.8)(226.2, 536.6)(220.8, 536.6);SD
Module:M8
Boundary:(355.4, 488.4)(355.4, 589.1)(355.3, 589.1)(355.3, 605.0)(262.1, 605.0)(262.1, 488.4);GATE
Port:(262.1, 503.1)(266.4, 503.1)(266.4, 590.3)(262.1, 590.3);SD
Port:(355.4, 488.4)(355.4, 589.1)(355.3, 589.1)(355.3, 605.0)(267.6, 605.0)(267.6, 488.4);GATE
Port:(342.8, 495.4)(349.4, 495.4)(349.4, 582.1)(342.8, 582.1);SD
Module:M4
Boundary:(252.7, 645.0)(364.1, 645.0)(364.1, 737.8)(252.7, 737.8);GATE
Port:(266.4, 731.9)(350.4, 731.9)(350.4, 737.8)(266.4, 737.8);SD
Port:(252.7, 645.0)(364.1, 645.0)(364.1, 730.5)(252.7, 730.5);GATE
Port:(258.6, 649.9)(358.2, 649.9)(358.2, 656.3)(258.6, 656.3);SD
