Area:(-30.0, -30.0)(515.6, -30.0)(515.6, 720.8)(-30.0, 720.8)
Rule:GATE(5,5);SD(5,5);GATE_SD(0.5);GATE_ITO(0.5);SD_ITO(0.5)
Module:M14
Boundary:(355.5, 444.7)(355.5, 549.0)(159.7, 549.0)(159.7, 444.7);GATE
Port:(159.7, 459.4)(164.0, 459.4)(164.0, 534.3)(159.7, 534.3);SD
Port:(355.5, 444.7)(355.5, 549.0)(165.6, 549.0)(165.6, 444.7);GATE
Port:(343.5, 451.2)(350.0, 451.2)(350.0, 542.5)(343.5, 542.5);SD
Module:M9
Boundary:(379.1, 314.5)(379.1, 385.9)(378.7, 385.9)(378.7, 404.7)(276.2, 404.7)(276.2, 314.5);GATE
Port:(276.2, 327.5)(281.0, 327.5)(281.0, 391.7)(276.2, 391.7);SD
Port:(379.1, 314.5)(379.1, 385.9)(378.7, 385.9)(378.7, 404.7)(283.6, 404.7)(283.6, 314.5);GATE
Port:(369.3, 319.6)(375.0, 319.6)(375.0, 380.8)(369.3, 380.8);SD
Module:M5
Boundary:(383.6, 599.0)(383.6, 662.2)(383.5, 662.2)(383.5, 676.9)(181.4, 676.9)(181.4, 599.0);GATE
Port:(181.4, 612.0)(186.2, 612.0)(186.2, 663.9)(181.4, 663.9);SD
Port:(383.6, 599.0)(383.6, 662.2)(383.5, 662.2)(383.5, 676.9)(187.9, 676.9)(187.9, 599.0);GATE
Port:(372.2, 605.5)(378.1, 605.5)(378.1, 655.7)(372.2, 655.7);SD
Module:M11
Boundary:(468.6, 222.5)(468.6, 276.7)(468.4, 276.7)(468.4, 294.5)(276.2, 294.5)(276.2, 222.5);GATE
Port:(276.2, 236.8)(281.2, 236.8)(281.2, 280.2)(276.2, 280.2);SD
Port:(468.6, 222.5)(468.6, 276.7)(468.4, 276.7)(468.4, 294.5)(282.3, 294.5)(282.3, 222.5);GATE
Port:(457.1, 227.9)(464.2, 227.9)(464.2, 271.3)(457.1, 271.3);SD
Module:M1
Boundary:(114.8, 30.0)(149.3, 30.0)(149.3, 30.1)(164.2, 30.1)(164.2, 171.9)(114.8, 171.9);GATE
Port:(128.7, 167.0)(150.3, 167.0)(150.3, 171.9)(128.7, 171.9);SD
Port:(114.8, 30.0)(149.3, 30.0)(149.3, 30.1)(164.2, 30.1)(164.2, 164.4)(114.8, 164.4);GATE
Port:(120.8, 35.0)(143.3, 35.0)(143.3, 42.0)(120.8, 42.0);SD
Module:M6
Boundary:(281.8, 10.0)(345.6, 10.0)(345.6, 202.5)(281.8, 202.5);GATE
Port:(295.0, 196.8)(332.4, 196.8)(332.4, 202.5)(295.0, 202.5);SD
Port:(281.8, 10.0)(345.6, 10.0)(345.6, 194.3)(281.8, 194.3);GATE
Port:(288.7, 15.9)(338.7, 15.9)(338.7, 21.2)(288.7, 21.2);SD
Module:M2
Boundary:(375.6, 20.0)(466.7, 20.0)(466.7, 187.6)(375.6, 187.6);GATE
Port:(388.8, 182.7)(453.5, 182.7)(453.5, 187.6)(388.8, 187.6);SD
Port:(375.6, 20.0)(466.7, 20.0)(466.7, 180.3)(375.6, 180.3);GATE
Port:(382.0, 25.4)(460.3, 25.4)(460.3, 31.5)(382.0, 31.5);SD
Module:M16
Boundary:(10.0, 277.9)(106.6, 277.9)(106.6, 433.1)(10.0, 433.1);GATE
Port:(22.1, 428.6)(94.5, 428.6)(94.5, 433.1)(22.1, 433.1);SD
Port:(10.0, 277.9)(106.6, 277.9)(106.6, 427.2)(10.0, 427.2);GATE
Port:(15.7, 282.6)(100.9, 282.6)(100.9, 287.7)(15.7, 287.7);SD
Module:M13
Boundary:(151.4, 625.3)(151.4, 680.8)(10.0, 680.8)(10.0, 625.3);GATE
Port:(10.0, 640.8)(14.3, 640.8)(14.3, 665.3)(10.0, 665.3);SD
Port:(151.4, 625.3)(151.4, 680.8)(15.6, 680.8)(15.6, 625.3);GATE
Port:(139.4, 631.3)(146.4, 631.3)(146.4, 674.8)(139.4, 674.8);SD
Module:M10
Boundary:(204.2, 184.1)(256.2, 184.1)(256.2, 366.6)(204.2, 366.6);GATE
Port:(218.4, 360.7)(242.0, 360.7)(242.0, 366.6)(218.4, 366.6);SD
Port:(204.2, 184.1)(256.2, 184.1)(256.2, 358.8)(204.2, 358.8);GATE
Port:(211.0, 189.9)(249.4, 189.9)(249.4, 195.3)(211.0, 195.3);SD
Module:M7
Boundary:(20.0, 20.0)(49.7, 20.0)(49.7, 20.1)(64.8, 20.1)(64.8, 247.9)(20.0, 247.9);GATE
Port:(31.4, 242.0)(53.4, 242.0)(53.4, 247.9)(31.4, 247.9);SD
Port:(20.0, 20.0)(49.7, 20.0)(49.7, 20.1)(64.8, 20.1)(64.8, 239.7)(20.0, 239.7);GATE
Port:(25.7, 24.7)(44.0, 24.7)(44.0, 28.8)(25.7, 28.8);SD
Module:M3
Boundary:(204.2, 10.0)(247.3, 10.0)(247.3, 10.1)(261.8, 10.1)(261.8, 164.1)(204.2, 164.1);GATE
Port:(214.8, 158.8)(251.2, 158.8)(251.2, 164.1)(214.8, 164.1);SD
Port:(204.2, 10.0)(247.3, 10.0)(247.3, 10.1)(261.8, 10.1)(261.8, 157.5)(204.2, 157.5);GATE
Port:(209.4, 14.2)(242.1, 14.2)(242.1, 18.9)(209.4, 18.9);SD
Module:M15
Boundary:(126.6, 211.9)(160.3, 211.9)(160.3, 212.0)(176.7, 212.0)(176.7, 383.4)(126.6, 383.4);GATE
Port:(140.4, 377.7)(162.9, 377.7)(162.9, 383.4)(140.4, 383.4);SD
Port:(126.6, 211.9)(160.3, 211.9)(160.3, 212.0)(176.7, 212.0)(176.7, 375.7)(126.6, 375.7);GATE
Port:(131.6, 215.9)(155.3, 215.9)(155.3, 222.4)(131.6, 222.4);SD
Module:M12
Boundary:(413.6, 556.9)(460.2, 556.9)(460.2, 557.1)(475.6, 557.1)(475.6, 667.5)(413.6, 667.5);GATE
Port:(425.8, 663.4)(463.4, 663.4)(463.4, 667.5)(425.8, 667.5);SD
Port:(413.6, 556.9)(460.2, 556.9)(460.2, 557.1)(475.6, 557.1)(475.6, 661.8)(413.6, 661.8);GATE
Port:(418.7, 561.0)(455.1, 561.0)(455.1, 566.4)(418.7, 566.4);SD
Module:M8
Boundary:(20.0, 463.1)(92.7, 463.1)(92.7, 463.5)(109.7, 463.5)(109.7, 595.3)(20.0, 595.3);GATE
Port:(36.1, 589.8)(93.6, 589.8)(93.6, 595.3)(36.1, 595.3);SD
Port:(20.0, 463.1)(92.7, 463.1)(92.7, 463.5)(109.7, 463.5)(109.7, 587.0)(20.0, 587.0);GATE
Port:(26.9, 469.0)(85.8, 469.0)(85.8, 476.1)(26.9, 476.1);SD
Module:M4
Boundary:(423.6, 324.5)(465.7, 324.5)(465.7, 526.9)(423.6, 526.9);GATE
Port:(434.2, 522.5)(455.1, 522.5)(455.1, 526.9)(434.2, 526.9);SD
Port:(423.6, 324.5)(465.7, 324.5)(465.7, 519.9)(423.6, 519.9);GATE
Port:(428.8, 328.7)(460.5, 328.7)(460.5, 333.3)(428.8, 333.3);SD
