Area:(-30.0, -30.0)(500.7, -30.0)(500.7, 859.8)(-30.0, 859.8)
Rule:GATE(5,5);SD(5,5);GATE_SD(0.5);GATE_ITO(0.5);SD_ITO(0.5)
Module:M14
Boundary:(196.4, 757.2)(196.4, 801.9)(196.3, 801.9)(196.3, 816.6)(30.0, 816.6)(30.0, 757.2);GATE
Port:(30.0, 768.7)(35.6, 768.7)(35.6, 805.1)(30.0, 805.1);SD
Port:(196.4, 757.2)(196.4, 801.9)(196.3, 801.9)(196.3, 816.6)(36.6, 816.6)(36.6, 757.2);GATE
Port:(186.5, 762.3)(192.3, 762.3)(192.3, 796.8)(186.5, 796.8);SD
Module:M9
Boundary:(329.0, 272.5)(415.8, 272.5)(415.8, 272.6)(429.9, 272.6)(429.9, 454.9)(329.0, 454.9);GATE
Port:(340.9, 449.4)(418.0, 449.4)(418.0, 454.9)(340.9, 454.9);SD
Port:(329.0, 272.5)(415.8, 272.5)(415.8, 272.6)(429.9, 272.6)(429.9, 446.9)(329.0, 446.9);GATE
Port:(334.7, 277.2)(410.1, 277.2)(410.1, 282.9)(334.7, 282.9);SD
Module:M5
Boundary:(366.4, 497.3)(366.4, 589.2)(153.2, 589.2)(153.2, 497.3);GATE
Port:(153.2, 509.1)(158.1, 509.1)(158.1, 577.4)(153.2, 577.4);SD
Port:(366.4, 497.3)(366.4, 589.2)(159.3, 589.2)(159.3, 497.3);GATE
Port:(356.3, 503.2)(361.5, 503.2)(361.5, 583.3)(356.3, 583.3);SD
Module:M11
Boundary:(353.2, 133.8)(353.2, 252.5)(266.3, 252.5)(266.3, 133.8);GATE
Port:(266.3, 148.2)(271.8, 148.2)(271.8, 238.1)(266.3, 238.1);SD
Port:(353.2, 133.8)(353.2, 252.5)(273.4, 252.5)(273.4, 133.8);GATE
Port:(341.8, 140.1)(347.9, 140.1)(347.9, 246.2)(341.8, 246.2);SD
Module:M1
Boundary:(159.9, 153.8)(209.2, 153.8)(209.2, 153.9)(226.3, 153.9)(226.3, 329.2)(159.9, 329.2);GATE
Port:(172.1, 323.9)(214.1, 323.9)(214.1, 329.2)(172.1, 329.2);SD
Port:(159.9, 153.8)(209.2, 153.8)(209.2, 153.9)(226.3, 153.9)(226.3, 322.0)(159.9, 322.0);GATE
Port:(165.0, 157.9)(204.1, 157.9)(204.1, 162.9)(165.0, 162.9);SD
Module:M6
Boundary:(174.4, 10.0)(174.4, 91.4)(174.4, 91.4)(174.4, 107.1)(10.0, 107.1)(10.0, 10.0);GATE
Port:(10.0, 23.4)(15.5, 23.4)(15.5, 93.7)(10.0, 93.7);SD
Port:(174.4, 10.0)(174.4, 91.4)(174.4, 91.4)(174.4, 107.1)(16.5, 107.1)(16.5, 10.0);GATE
Port:(162.7, 15.2)(170.2, 15.2)(170.2, 86.2)(162.7, 86.2);SD
Module:M2
Boundary:(372.7, 629.2)(433.2, 629.2)(433.2, 629.5)(448.0, 629.5)(448.0, 746.1)(372.7, 746.1);GATE
Port:(384.3, 741.6)(436.4, 741.6)(436.4, 746.1)(384.3, 746.1);SD
Port:(372.7, 629.2)(433.2, 629.2)(433.2, 629.5)(448.0, 629.5)(448.0, 738.7)(372.7, 738.7);GATE
Port:(377.8, 633.3)(428.1, 633.3)(428.1, 639.0)(377.8, 639.0);SD
Module:M16
Boundary:(348.9, 10.0)(348.9, 96.6)(348.4, 96.6)(348.4, 113.8)(194.4, 113.8)(194.4, 10.0);GATE
Port:(194.4, 23.6)(199.4, 23.6)(199.4, 100.2)(194.4, 100.2);SD
Port:(348.9, 10.0)(348.9, 96.6)(348.4, 96.6)(348.4, 113.8)(201.0, 113.8)(201.0, 10.0);GATE
Port:(338.1, 16.7)(343.2, 16.7)(343.2, 89.9)(338.1, 89.9);SD
Module:M13
Boundary:(10.0, 282.6)(119.9, 282.6)(119.9, 456.7)(10.0, 456.7);GATE
Port:(21.9, 452.6)(108.0, 452.6)(108.0, 456.7)(21.9, 456.7);SD
Port:(10.0, 282.6)(119.9, 282.6)(119.9, 451.1)(10.0, 451.1);GATE
Port:(15.4, 287.0)(114.5, 287.0)(114.5, 292.0)(15.4, 292.0);SD
Module:M10
Boundary:(309.0, 369.2)(309.0, 467.3)(139.9, 467.3)(139.9, 369.2);GATE
Port:(139.9, 383.5)(145.4, 383.5)(145.4, 453.0)(139.9, 453.0);SD
Port:(309.0, 369.2)(309.0, 467.3)(148.3, 467.3)(148.3, 369.2);GATE
Port:(297.2, 375.5)(303.7, 375.5)(303.7, 461.0)(297.2, 461.0);SD
Module:M7
Boundary:(20.0, 497.3)(113.2, 497.3)(113.2, 702.9)(20.0, 702.9);GATE
Port:(33.2, 698.6)(100.0, 698.6)(100.0, 702.9)(33.2, 702.9);SD
Port:(20.0, 497.3)(113.2, 497.3)(113.2, 696.9)(20.0, 696.9);GATE
Port:(26.7, 503.0)(106.5, 503.0)(106.5, 508.7)(26.7, 508.7);SD
Module:M3
Boundary:(10.0, 127.1)(87.4, 127.1)(87.4, 127.4)(106.2, 127.4)(106.2, 262.6)(10.0, 262.6);GATE
Port:(26.2, 257.9)(90.0, 257.9)(90.0, 262.6)(26.2, 262.6);SD
Port:(10.0, 127.1)(87.4, 127.1)(87.4, 127.4)(106.2, 127.4)(106.2, 255.7)(10.0, 255.7);GATE
Port:(16.3, 132.4)(81.1, 132.4)(81.1, 139.9)(16.3, 139.9);SD
Module:M15
Boundary:(373.2, 10.0)(443.0, 10.0)(443.0, 10.3)(460.7, 10.3)(460.7, 229.3)(373.2, 229.3);GATE
Port:(386.7, 224.9)(447.2, 224.9)(447.2, 229.3)(386.7, 229.3);SD
Port:(373.2, 10.0)(443.0, 10.0)(443.0, 10.3)(460.7, 10.3)(460.7, 223.2)(373.2, 223.2);GATE
Port:(378.4, 14.2)(437.8, 14.2)(437.8, 20.4)(378.4, 20.4);SD
Module:M12
Boundary:(396.4, 474.9)(444.1, 474.9)(444.1, 475.1)(459.7, 475.1)(459.7, 594.8)(396.4, 594.8);GATE
Port:(409.0, 590.0)(447.1, 590.0)(447.1, 594.8)(409.0, 594.8);SD
Port:(396.4, 474.9)(444.1, 474.9)(444.1, 475.1)(459.7, 475.1)(459.7, 588.4)(396.4, 588.4);GATE
Port:(402.8, 480.3)(437.7, 480.3)(437.7, 484.9)(402.8, 484.9);SD
Module:M8
Boundary:(301.9, 629.2)(301.9, 692.3)(301.9, 692.3)(301.9, 707.2)(153.2, 707.2)(153.2, 629.2);GATE
Port:(153.2, 642.3)(158.9, 642.3)(158.9, 694.1)(153.2, 694.1);SD
Port:(301.9, 629.2)(301.9, 692.3)(301.9, 692.3)(301.9, 707.2)(160.7, 707.2)(160.7, 629.2);GATE
Port:(291.0, 635.2)(296.9, 635.2)(296.9, 686.3)(291.0, 686.3);SD
Module:M4
Boundary:(246.4, 747.2)(332.7, 747.2)(332.7, 819.8)(246.4, 819.8);GATE
Port:(259.6, 814.9)(319.5, 814.9)(319.5, 819.8)(259.6, 819.8);SD
Port:(246.4, 747.2)(332.7, 747.2)(332.7, 813.0)(246.4, 813.0);GATE
Port:(251.4, 751.2)(327.7, 751.2)(327.7, 757.6)(251.4, 757.6);SD
