Area:(-30.0, -30.0)(523.2, -30.0)(523.2, 921.4)(-30.0, 921.4)
Rule:GATE(5,5);SD(5,5);GATE_SD(0.5);GATE_ITO(0.5);SD_ITO(0.5)
Module:M14
Boundary:(198.0, 264.3)(310.0, 264.3)(310.0, 264.8)(328.8, 264.8)(328.8, 453.8)(198.0, 453.8);GATE
Port:(212.5, 449.5)(314.3, 449.5)(314.3, 453.8)(212.5, 453.8);SD
Port:(198.0, 264.3)(310.0, 264.3)(310.0, 264.8)(328.8, 264.8)(328.8, 448.4)(198.0, 448.4);GATE
Port:(203.1, 268.4)(304.9, 268.4)(304.9, 275.8)(203.1, 275.8);SD
Module:M9
Boundary:(10.0, 10.0)(82.5, 10.0)(82.5, 10.1)(95.7, 10.1)(95.7, 192.3)(10.0, 192.3);GATE
Port:(23.1, 186.9)(82.6, 186.9)(82.6, 192.3)(23.1, 192.3);SD
Port:(10.0, 10.0)(82.5, 10.0)(82.5, 10.1)(95.7, 10.1)(95.7, 184.9)(10.0, 184.9);GATE
Port:(16.2, 15.2)(76.3, 15.2)(76.3, 21.5)(16.2, 21.5);SD
Module:M5
Boundary:(168.7, 792.3)(168.7, 880.6)(20.0, 880.6)(20.0, 792.3);GATE
Port:(20.0, 806.9)(25.7, 806.9)(25.7, 866.0)(20.0, 866.0);SD
Port:(168.7, 792.3)(168.7, 880.6)(28.5, 880.6)(28.5, 792.3);GATE
Port:(157.2, 799.2)(162.8, 799.2)(162.8, 873.7)(157.2, 873.7);SD
Module:M11
Boundary:(380.7, 454.3)(453.5, 454.3)(453.5, 454.5)(471.1, 454.5)(471.1, 588.2)(380.7, 588.2);GATE
Port:(395.5, 582.7)(456.3, 582.7)(456.3, 588.2)(395.5, 588.2);SD
Port:(380.7, 454.3)(453.5, 454.3)(453.5, 454.5)(471.1, 454.5)(471.1, 580.0)(380.7, 580.0);GATE
Port:(386.6, 459.2)(447.6, 459.2)(447.6, 466.6)(386.6, 466.6);SD
Module:M1
Boundary:(195.6, 625.7)(195.6, 725.8)(195.5, 725.8)(195.5, 742.3)(30.0, 742.3)(30.0, 625.7);GATE
Port:(30.0, 639.2)(35.5, 639.2)(35.5, 728.8)(30.0, 728.8);SD
Port:(195.6, 625.7)(195.6, 725.8)(195.5, 725.8)(195.5, 742.3)(37.9, 742.3)(37.9, 625.7);GATE
Port:(184.9, 632.0)(190.3, 632.0)(190.3, 719.5)(184.9, 719.5);SD
Module:M6
Boundary:(115.7, 10.0)(206.1, 10.0)(206.1, 204.6)(115.7, 204.6);GATE
Port:(127.7, 200.5)(194.1, 200.5)(194.1, 204.6)(127.7, 204.6);SD
Port:(115.7, 10.0)(206.1, 10.0)(206.1, 199.2)(115.7, 199.2);GATE
Port:(121.0, 14.3)(200.8, 14.3)(200.8, 20.3)(121.0, 20.3);SD
Module:M2
Boundary:(365.5, 20.0)(475.9, 20.0)(475.9, 177.1)(365.5, 177.1);GATE
Port:(378.5, 171.8)(462.9, 171.8)(462.9, 177.1)(378.5, 177.1);SD
Port:(365.5, 20.0)(475.9, 20.0)(475.9, 170.0)(365.5, 170.0);GATE
Port:(372.5, 26.0)(468.9, 26.0)(468.9, 31.2)(372.5, 31.2);SD
Module:M16
Boundary:(125.3, 493.8)(181.7, 493.8)(181.7, 577.8)(125.3, 577.8);GATE
Port:(140.2, 572.8)(166.8, 572.8)(166.8, 577.8)(140.2, 577.8);SD
Port:(125.3, 493.8)(181.7, 493.8)(181.7, 570.1)(125.3, 570.1);GATE
Port:(130.8, 498.3)(176.2, 498.3)(176.2, 505.4)(130.8, 505.4);SD
Module:M13
Boundary:(368.8, 207.1)(467.1, 207.1)(467.1, 207.3)(483.2, 207.3)(483.2, 434.3)(368.8, 434.3);GATE
Port:(382.3, 429.8)(469.7, 429.8)(469.7, 434.3)(382.3, 434.3);SD
Port:(368.8, 207.1)(467.1, 207.1)(467.1, 207.3)(483.2, 207.3)(483.2, 428.2)(368.8, 428.2);GATE
Port:(374.9, 212.2)(461.0, 212.2)(461.0, 218.3)(374.9, 218.3);SD
Module:M10
Boundary:(360.7, 493.8)(360.7, 567.8)(360.5, 567.8)(360.5, 585.7)(201.7, 585.7)(201.7, 493.8);GATE
Port:(201.7, 508.9)(206.4, 508.9)(206.4, 570.6)(201.7, 570.6);SD
Port:(360.7, 493.8)(360.7, 567.8)(360.5, 567.8)(360.5, 585.7)(208.1, 585.7)(208.1, 493.8);GATE
Port:(348.4, 500.3)(355.2, 500.3)(355.2, 561.3)(348.4, 561.3);SD
Module:M7
Boundary:(437.7, 618.2)(437.7, 695.1)(437.7, 695.1)(437.7, 710.1)(245.6, 710.1)(245.6, 618.2);GATE
Port:(245.6, 630.3)(250.8, 630.3)(250.8, 698.0)(245.6, 698.0);SD
Port:(437.7, 618.2)(437.7, 695.1)(437.7, 695.1)(437.7, 710.1)(253.4, 710.1)(253.4, 618.2);GATE
Port:(427.5, 624.4)(432.5, 624.4)(432.5, 688.9)(427.5, 688.9);SD
Module:M3
Boundary:(158.0, 224.6)(158.0, 305.4)(157.5, 305.4)(157.5, 322.0)(10.0, 322.0)(10.0, 224.6);GATE
Port:(10.0, 236.5)(14.0, 236.5)(14.0, 310.1)(10.0, 310.1);SD
Port:(158.0, 224.6)(158.0, 305.4)(157.5, 305.4)(157.5, 322.0)(15.3, 322.0)(15.3, 224.6);GATE
Port:(149.1, 230.0)(153.6, 230.0)(153.6, 300.0)(149.1, 300.0);SD
Module:M15
Boundary:(226.1, 10.0)(335.5, 10.0)(335.5, 224.3)(226.1, 224.3);GATE
Port:(238.6, 218.7)(323.0, 218.7)(323.0, 224.3)(238.6, 224.3);SD
Port:(226.1, 10.0)(335.5, 10.0)(335.5, 215.9)(226.1, 215.9);GATE
Port:(232.9, 15.8)(328.7, 15.8)(328.7, 20.6)(232.9, 20.6);SD
Module:M12
Boundary:(105.3, 493.0)(105.3, 582.7)(10.0, 582.7)(10.0, 493.0);GATE
Port:(10.0, 507.6)(14.8, 507.6)(14.8, 568.1)(10.0, 568.1);SD
Port:(105.3, 493.0)(105.3, 582.7)(16.2, 582.7)(16.2, 493.0);GATE
Port:(93.6, 499.8)(99.5, 499.8)(99.5, 575.9)(93.6, 575.9);SD
Module:M8
Boundary:(132.6, 352.0)(132.6, 444.8)(132.6, 444.8)(132.6, 463.0)(20.0, 463.0)(20.0, 352.0);GATE
Port:(20.0, 367.3)(25.9, 367.3)(25.9, 447.7)(20.0, 447.7);SD
Port:(132.6, 352.0)(132.6, 444.8)(132.6, 444.8)(132.6, 463.0)(27.2, 463.0)(27.2, 352.0);GATE
Port:(120.7, 358.6)(127.0, 358.6)(127.0, 438.2)(120.7, 438.2);SD
Module:M4
Boundary:(450.9, 750.1)(450.9, 881.4)(245.6, 881.4)(245.6, 750.1);GATE
Port:(245.6, 765.0)(250.4, 765.0)(250.4, 866.5)(245.6, 866.5);SD
Port:(450.9, 750.1)(450.9, 881.4)(252.9, 881.4)(252.9, 750.1);GATE
Port:(439.4, 756.1)(445.9, 756.1)(445.9, 875.4)(439.4, 875.4);SD
