Area:(-30.0, -30.0)(689.7, -30.0)(689.7, 574.6)(-30.0, 574.6)
Rule:GATE(5,5);SD(5,5);GATE_SD(0.5);GATE_ITO(0.5);SD_ITO(0.5)
Module:M14
Boundary:(632.1, 162.7)(632.1, 260.9)(632.1, 260.9)(632.1, 276.4)(540.4, 276.4)(540.4, 162.7);GATE
Port:(540.4, 177.7)(545.9, 177.7)(545.9, 261.4)(540.4, 261.4);SD
Port:(632.1, 162.7)(632.1, 260.9)(632.1, 260.9)(632.1, 276.4)(547.5, 276.4)(547.5, 162.7);GATE
Port:(619.6, 169.4)(626.4, 169.4)(626.4, 254.2)(619.6, 254.2);SD
Module:M9
Boundary:(175.7, 352.0)(175.7, 449.5)(175.5, 449.5)(175.5, 465.1)(10.0, 465.1)(10.0, 352.0);GATE
Port:(10.0, 366.1)(15.0, 366.1)(15.0, 451.0)(10.0, 451.0);SD
Port:(175.7, 352.0)(175.7, 449.5)(175.5, 449.5)(175.5, 465.1)(16.4, 465.1)(16.4, 352.0);GATE
Port:(164.1, 358.4)(170.3, 358.4)(170.3, 443.1)(164.1, 443.1);SD
Module:M5
Boundary:(445.2, 373.9)(532.2, 373.9)(532.2, 509.0)(445.2, 509.0);GATE
Port:(459.7, 504.4)(517.7, 504.4)(517.7, 509.0)(459.7, 509.0);SD
Port:(445.2, 373.9)(532.2, 373.9)(532.2, 502.1)(445.2, 502.1);GATE
Port:(451.0, 378.7)(526.4, 378.7)(526.4, 385.6)(451.0, 385.6);SD
Module:M11
Boundary:(308.0, 151.2)(399.7, 151.2)(399.7, 151.5)(414.0, 151.5)(414.0, 374.8)(308.0, 374.8);GATE
Port:(321.6, 370.3)(400.4, 370.3)(400.4, 374.8)(321.6, 374.8);SD
Port:(308.0, 151.2)(399.7, 151.2)(399.7, 151.5)(414.0, 151.5)(414.0, 367.7)(308.0, 367.7);GATE
Port:(314.7, 156.9)(393.0, 156.9)(393.0, 163.0)(314.7, 163.0);SD
Module:M1
Boundary:(149.2, 30.0)(251.1, 30.0)(251.1, 30.3)(268.0, 30.3)(268.0, 211.7)(149.2, 211.7);GATE
Port:(162.5, 207.6)(254.7, 207.6)(254.7, 211.7)(162.5, 211.7);SD
Port:(149.2, 30.0)(251.1, 30.0)(251.1, 30.3)(268.0, 30.3)(268.0, 206.3)(149.2, 206.3);GATE
Port:(155.0, 34.8)(245.3, 34.8)(245.3, 41.2)(155.0, 41.2);SD
Module:M6
Boundary:(143.1, 251.7)(143.1, 316.2)(142.6, 316.2)(142.6, 332.0)(10.0, 332.0)(10.0, 251.7);GATE
Port:(10.0, 265.0)(14.8, 265.0)(14.8, 318.7)(10.0, 318.7);SD
Port:(143.1, 251.7)(143.1, 316.2)(142.6, 316.2)(142.6, 332.0)(17.0, 332.0)(17.0, 251.7);GATE
Port:(132.9, 257.4)(138.4, 257.4)(138.4, 310.5)(132.9, 310.5);SD
Module:M2
Boundary:(444.0, 161.2)(476.1, 161.2)(476.1, 161.2)(490.4, 161.2)(490.4, 333.9)(444.0, 333.9);GATE
Port:(456.6, 329.3)(477.8, 329.3)(477.8, 333.9)(456.6, 333.9);SD
Port:(444.0, 161.2)(476.1, 161.2)(476.1, 161.2)(490.4, 161.2)(490.4, 326.7)(444.0, 326.7);GATE
Port:(449.8, 166.0)(470.3, 166.0)(470.3, 172.2)(449.8, 172.2);SD
Module:M16
Boundary:(10.0, 10.0)(109.2, 10.0)(109.2, 222.7)(10.0, 222.7);GATE
Port:(23.8, 218.3)(95.4, 218.3)(95.4, 222.7)(23.8, 222.7);SD
Port:(10.0, 10.0)(109.2, 10.0)(109.2, 216.5)(10.0, 216.5);GATE
Port:(16.9, 15.9)(102.3, 15.9)(102.3, 21.5)(16.9, 21.5);SD
Module:M13
Boundary:(413.6, 394.8)(413.6, 434.3)(413.4, 434.3)(413.4, 447.2)(301.5, 447.2)(301.5, 394.8);GATE
Port:(301.5, 405.1)(307.4, 405.1)(307.4, 436.9)(301.5, 436.9);SD
Port:(413.6, 394.8)(413.6, 434.3)(413.4, 434.3)(413.4, 447.2)(310.2, 447.2)(310.2, 394.8);GATE
Port:(405.1, 399.9)(409.5, 399.9)(409.5, 429.2)(405.1, 429.2);SD
Module:M10
Boundary:(281.5, 369.9)(281.5, 437.4)(195.7, 437.4)(195.7, 369.9);GATE
Port:(195.7, 384.5)(200.4, 384.5)(200.4, 422.8)(195.7, 422.8);SD
Port:(281.5, 369.9)(281.5, 437.4)(203.0, 437.4)(203.0, 369.9);GATE
Port:(270.0, 376.6)(275.8, 376.6)(275.8, 430.7)(270.0, 430.7);SD
Module:M7
Boundary:(205.7, 261.7)(270.4, 261.7)(270.4, 339.9)(205.7, 339.9);GATE
Port:(219.4, 335.3)(256.7, 335.3)(256.7, 339.9)(219.4, 339.9);SD
Port:(205.7, 261.7)(270.4, 261.7)(270.4, 334.0)(205.7, 334.0);GATE
Port:(211.1, 266.1)(265.0, 266.1)(265.0, 272.9)(211.1, 272.9);SD
Module:M3
Boundary:(477.1, 10.0)(477.1, 114.4)(476.4, 114.4)(476.4, 131.2)(308.0, 131.2)(308.0, 10.0);GATE
Port:(308.0, 25.6)(312.9, 25.6)(312.9, 115.6)(308.0, 115.6);SD
Port:(477.1, 10.0)(477.1, 114.4)(476.4, 114.4)(476.4, 131.2)(314.1, 131.2)(314.1, 10.0);GATE
Port:(464.8, 16.2)(471.9, 16.2)(471.9, 108.2)(464.8, 108.2);SD
Module:M15
Boundary:(227.6, 485.1)(227.6, 519.7)(227.4, 519.7)(227.4, 534.6)(10.0, 534.6)(10.0, 485.1);GATE
Port:(10.0, 499.2)(14.1, 499.2)(14.1, 520.5)(10.0, 520.5);SD
Port:(227.6, 485.1)(227.6, 519.7)(227.4, 519.7)(227.4, 534.6)(17.0, 534.6)(17.0, 485.1);GATE
Port:(216.0, 491.6)(222.1, 491.6)(222.1, 513.2)(216.0, 513.2);SD
Module:M12
Boundary:(415.2, 467.2)(415.2, 528.8)(247.6, 528.8)(247.6, 467.2);GATE
Port:(247.6, 479.3)(251.7, 479.3)(251.7, 516.7)(247.6, 516.7);SD
Port:(415.2, 467.2)(415.2, 528.8)(254.3, 528.8)(254.3, 467.2);GATE
Port:(405.7, 472.4)(411.0, 472.4)(411.0, 523.6)(405.7, 523.6);SD
Module:M8
Boundary:(572.2, 326.4)(634.5, 326.4)(634.5, 326.6)(649.7, 326.6)(649.7, 496.8)(572.2, 496.8);GATE
Port:(584.5, 491.8)(637.4, 491.8)(637.4, 496.8)(584.5, 496.8);SD
Port:(572.2, 326.4)(634.5, 326.4)(634.5, 326.6)(649.7, 326.6)(649.7, 490.3)(572.2, 490.3);GATE
Port:(578.3, 331.5)(628.4, 331.5)(628.4, 337.0)(578.3, 337.0);SD
Module:M4
Boundary:(649.5, 20.0)(649.5, 112.7)(507.1, 112.7)(507.1, 20.0);GATE
Port:(507.1, 34.8)(512.6, 34.8)(512.6, 97.9)(507.1, 97.9);SD
Port:(649.5, 20.0)(649.5, 112.7)(514.3, 112.7)(514.3, 20.0);GATE
Port:(637.8, 25.5)(645.0, 25.5)(645.0, 107.2)(637.8, 107.2);SD
