Area:(-30.0, -30.0)(578.3, -30.0)(578.3, 696.3)(-30.0, 696.3)
Rule:GATE(5,5);SD(5,5);GATE_SD(0.5);GATE_ITO(0.5);SD_ITO(0.5)
Module:M14
Boundary:(353.2, 438.2)(353.2, 489.3)(353.0, 489.3)(353.0, 507.2)(187.8, 507.2)(187.8, 438.2);GATE
Port:(187.8, 451.5)(192.9, 451.5)(192.9, 493.9)(187.8, 493.9);SD
Port:(353.2, 438.2)(353.2, 489.3)(353.0, 489.3)(353.0, 507.2)(194.1, 507.2)(194.1, 438.2);GATE
Port:(343.4, 443.6)(348.8, 443.6)(348.8, 483.9)(343.4, 483.9);SD
Module:M9
Boundary:(397.4, 111.6)(457.2, 111.6)(457.2, 296.8)(397.4, 296.8);GATE
Port:(409.5, 292.3)(445.1, 292.3)(445.1, 296.8)(409.5, 296.8);SD
Port:(397.4, 111.6)(457.2, 111.6)(457.2, 291.2)(397.4, 291.2);GATE
Port:(403.5, 116.7)(451.1, 116.7)(451.1, 122.2)(403.5, 122.2);SD
Module:M5
Boundary:(165.0, 20.0)(230.4, 20.0)(230.4, 131.2)(165.0, 131.2);GATE
Port:(177.9, 126.3)(217.5, 126.3)(217.5, 131.2)(177.9, 131.2);SD
Port:(165.0, 20.0)(230.4, 20.0)(230.4, 124.6)(165.0, 124.6);GATE
Port:(170.5, 24.5)(224.9, 24.5)(224.9, 29.4)(170.5, 29.4);SD
Module:M11
Boundary:(367.9, 328.2)(367.9, 398.2)(222.8, 398.2)(222.8, 328.2);GATE
Port:(222.8, 343.3)(228.1, 343.3)(228.1, 383.1)(222.8, 383.1);SD
Port:(367.9, 328.2)(367.9, 398.2)(230.7, 398.2)(230.7, 328.2);GATE
Port:(355.7, 334.8)(362.3, 334.8)(362.3, 391.6)(355.7, 391.6);SD
Module:M1
Boundary:(113.0, 554.1)(113.0, 629.3)(30.0, 629.3)(30.0, 554.1);GATE
Port:(30.0, 566.1)(35.1, 566.1)(35.1, 617.3)(30.0, 617.3);SD
Port:(113.0, 554.1)(113.0, 629.3)(36.3, 629.3)(36.3, 554.1);GATE
Port:(102.6, 560.0)(108.1, 560.0)(108.1, 623.4)(102.6, 623.4);SD
Module:M6
Boundary:(477.2, 111.6)(538.3, 111.6)(538.3, 294.0)(477.2, 294.0);GATE
Port:(490.3, 289.5)(525.2, 289.5)(525.2, 294.0)(490.3, 294.0);SD
Port:(477.2, 111.6)(538.3, 111.6)(538.3, 288.0)(477.2, 288.0);GATE
Port:(483.0, 116.4)(532.5, 116.4)(532.5, 122.4)(483.0, 122.4);SD
Module:M2
Boundary:(192.8, 311.3)(192.8, 359.3)(192.7, 359.3)(192.7, 374.6)(20.0, 374.6)(20.0, 311.3);GATE
Port:(20.0, 324.2)(25.1, 324.2)(25.1, 361.7)(20.0, 361.7);SD
Port:(192.8, 311.3)(192.8, 359.3)(192.7, 359.3)(192.7, 374.6)(28.0, 374.6)(28.0, 311.3);GATE
Port:(182.0, 316.4)(188.7, 316.4)(188.7, 354.2)(182.0, 354.2);SD
Module:M16
Boundary:(534.8, 10.0)(534.8, 75.6)(534.6, 75.6)(534.6, 91.6)(378.1, 91.6)(378.1, 10.0);GATE
Port:(378.1, 23.3)(383.6, 23.3)(383.6, 78.3)(378.1, 78.3);SD
Port:(534.8, 10.0)(534.8, 75.6)(534.6, 75.6)(534.6, 91.6)(385.0, 91.6)(385.0, 10.0);GATE
Port:(524.4, 16.0)(529.8, 16.0)(529.8, 69.6)(524.4, 69.6);SD
Module:M13
Boundary:(358.1, 10.0)(358.1, 77.8)(357.8, 77.8)(357.8, 95.0)(260.4, 95.0)(260.4, 10.0);GATE
Port:(260.4, 23.3)(265.2, 23.3)(265.2, 81.7)(260.4, 81.7);SD
Port:(358.1, 10.0)(358.1, 77.8)(357.8, 77.8)(357.8, 95.0)(268.1, 95.0)(268.1, 10.0);GATE
Port:(347.6, 15.1)(354.0, 15.1)(354.0, 72.7)(347.6, 72.7);SD
Module:M10
Boundary:(527.0, 553.3)(527.0, 639.5)(526.4, 639.5)(526.4, 656.3)(333.4, 656.3)(333.4, 553.3);GATE
Port:(333.4, 567.8)(338.5, 567.8)(338.5, 641.8)(333.4, 641.8);SD
Port:(527.0, 553.3)(527.0, 639.5)(526.4, 639.5)(526.4, 656.3)(340.8, 656.3)(340.8, 553.3);GATE
Port:(515.9, 560.0)(521.3, 560.0)(521.3, 632.8)(515.9, 632.8);SD
Module:M7
Boundary:(303.4, 557.2)(303.4, 631.5)(303.1, 631.5)(303.1, 646.5)(163.0, 646.5)(163.0, 557.2);GATE
Port:(163.0, 568.5)(168.2, 568.5)(168.2, 635.2)(163.0, 635.2);SD
Port:(303.4, 557.2)(303.4, 631.5)(303.1, 631.5)(303.1, 646.5)(170.2, 646.5)(170.2, 557.2);GATE
Port:(294.7, 562.6)(299.0, 562.6)(299.0, 626.1)(294.7, 626.1);SD
Module:M3
Boundary:(267.5, 115.0)(377.4, 115.0)(377.4, 308.2)(267.5, 308.2);GATE
Port:(279.6, 304.0)(365.3, 304.0)(365.3, 308.2)(279.6, 308.2);SD
Port:(267.5, 115.0)(377.4, 115.0)(377.4, 302.1)(267.5, 302.1);GATE
Port:(272.7, 119.2)(372.2, 119.2)(372.2, 125.1)(272.7, 125.1);SD
Module:M15
Boundary:(10.0, 10.0)(117.6, 10.0)(117.6, 10.4)(135.0, 10.4)(135.0, 152.6)(10.0, 152.6);GATE
Port:(25.3, 148.2)(119.7, 148.2)(119.7, 152.6)(25.3, 152.6);SD
Port:(10.0, 10.0)(117.6, 10.0)(117.6, 10.4)(135.0, 10.4)(135.0, 146.8)(10.0, 146.8);GATE
Port:(16.0, 15.0)(111.6, 15.0)(111.6, 22.8)(16.0, 22.8);SD
Module:M12
Boundary:(147.8, 404.6)(147.8, 499.4)(147.4, 499.4)(147.4, 514.1)(10.0, 514.1)(10.0, 404.6);GATE
Port:(10.0, 418.7)(14.4, 418.7)(14.4, 500.0)(10.0, 500.0);SD
Port:(147.8, 404.6)(147.8, 499.4)(147.4, 499.4)(147.4, 514.1)(17.2, 514.1)(17.2, 404.6);GATE
Port:(135.2, 411.4)(142.0, 411.4)(142.0, 492.6)(135.2, 492.6);SD
Module:M8
Boundary:(407.4, 326.8)(503.4, 326.8)(503.4, 327.1)(518.5, 327.1)(518.5, 523.3)(407.4, 523.3);GATE
Port:(421.6, 519.3)(504.3, 519.3)(504.3, 523.3)(421.6, 523.3);SD
Port:(407.4, 326.8)(503.4, 326.8)(503.4, 327.1)(518.5, 327.1)(518.5, 517.1)(407.4, 517.1);GATE
Port:(414.1, 332.5)(496.7, 332.5)(496.7, 339.0)(414.1, 339.0);SD
Module:M4
Boundary:(237.5, 182.6)(237.5, 253.8)(237.1, 253.8)(237.1, 271.3)(20.0, 271.3)(20.0, 182.6);GATE
Port:(20.0, 197.1)(25.3, 197.1)(25.3, 256.8)(20.0, 256.8);SD
Port:(237.5, 182.6)(237.5, 253.8)(237.1, 253.8)(237.1, 271.3)(26.3, 271.3)(26.3, 182.6);GATE
Port:(225.9, 187.7)(233.4, 187.7)(233.4, 248.7)(225.9, 248.7);SD
