Area:(-30.0, -30.0)(536.1, -30.0)(536.1, 719.0)(-30.0, 719.0)
Rule:GATE(5,5);SD(5,5);GATE_SD(0.5);GATE_ITO(0.5);SD_ITO(0.5)
Module:M14
Boundary:(134.4, 570.2)(213.0, 570.2)(213.0, 570.3)(228.5, 570.3)(228.5, 656.8)(134.4, 656.8);GATE
Port:(146.9, 651.1)(216.0, 651.1)(216.0, 656.8)(146.9, 656.8);SD
Port:(134.4, 570.2)(213.0, 570.2)(213.0, 570.3)(228.5, 570.3)(228.5, 649.8)(134.4, 649.8);GATE
Port:(140.3, 575.1)(207.1, 575.1)(207.1, 580.3)(140.3, 580.3);SD
Module:M9
Boundary:(169.4, 319.4)(169.4, 381.9)(169.3, 381.9)(169.3, 398.2)(10.0, 398.2)(10.0, 319.4);GATE
Port:(10.0, 331.0)(14.4, 331.0)(14.4, 386.6)(10.0, 386.6);SD
Port:(169.4, 319.4)(169.4, 381.9)(169.3, 381.9)(169.3, 398.2)(15.6, 398.2)(15.6, 319.4);GATE
Port:(161.1, 324.7)(165.1, 324.7)(165.1, 376.6)(161.1, 376.6);SD
Module:M5
Boundary:(337.4, 20.0)(407.8, 20.0)(407.8, 180.0)(337.4, 180.0);GATE
Port:(351.3, 175.5)(393.9, 175.5)(393.9, 180.0)(351.3, 180.0);SD
Port:(337.4, 20.0)(407.8, 20.0)(407.8, 173.9)(337.4, 173.9);GATE
Port:(343.7, 25.3)(401.5, 25.3)(401.5, 30.6)(343.7, 30.6);SD
Module:M11
Boundary:(10.0, 550.2)(94.4, 550.2)(94.4, 674.1)(10.0, 674.1);GATE
Port:(22.4, 669.7)(82.0, 669.7)(82.0, 674.1)(22.4, 674.1);SD
Port:(10.0, 550.2)(94.4, 550.2)(94.4, 668.7)(10.0, 668.7);GATE
Port:(15.4, 554.6)(89.0, 554.6)(89.0, 560.1)(15.4, 560.1);SD
Module:M1
Boundary:(405.2, 486.8)(473.9, 486.8)(473.9, 657.0)(405.2, 657.0);GATE
Port:(418.1, 651.6)(461.0, 651.6)(461.0, 657.0)(418.1, 657.0);SD
Port:(405.2, 486.8)(473.9, 486.8)(473.9, 650.1)(405.2, 650.1);GATE
Port:(410.2, 490.8)(468.9, 490.8)(468.9, 496.4)(410.2, 496.4);SD
Module:M6
Boundary:(268.5, 527.1)(365.2, 527.1)(365.2, 679.0)(268.5, 679.0);GATE
Port:(282.2, 674.0)(351.5, 674.0)(351.5, 679.0)(282.2, 679.0);SD
Port:(268.5, 527.1)(365.2, 527.1)(365.2, 672.6)(268.5, 672.6);GATE
Port:(275.0, 532.6)(358.7, 532.6)(358.7, 538.8)(275.0, 538.8);SD
Module:M2
Boundary:(208.1, 329.4)(293.4, 329.4)(293.4, 497.1)(208.1, 497.1);GATE
Port:(221.8, 492.6)(279.7, 492.6)(279.7, 497.1)(221.8, 497.1);SD
Port:(208.1, 329.4)(293.4, 329.4)(293.4, 491.4)(208.1, 491.4);GATE
Port:(214.9, 335.2)(286.6, 335.2)(286.6, 340.6)(214.9, 340.6);SD
Module:M16
Boundary:(318.4, 210.0)(318.4, 297.5)(222.6, 297.5)(222.6, 210.0);GATE
Port:(222.6, 223.7)(226.8, 223.7)(226.8, 283.8)(222.6, 283.8);SD
Port:(318.4, 210.0)(318.4, 297.5)(229.0, 297.5)(229.0, 210.0);GATE
Port:(307.7, 215.4)(314.0, 215.4)(314.0, 292.1)(307.7, 292.1);SD
Module:M13
Boundary:(200.9, 185.5)(200.9, 283.2)(200.8, 283.2)(200.8, 299.4)(101.1, 299.4)(101.1, 185.5);GATE
Port:(101.1, 198.3)(106.8, 198.3)(106.8, 286.6)(101.1, 286.6);SD
Port:(200.9, 185.5)(200.9, 283.2)(200.8, 283.2)(200.8, 299.4)(108.6, 299.4)(108.6, 185.5);GATE
Port:(190.2, 190.7)(196.7, 190.7)(196.7, 278.0)(190.2, 278.0);SD
Module:M10
Boundary:(493.1, 317.5)(493.1, 446.8)(323.4, 446.8)(323.4, 317.5);GATE
Port:(323.4, 331.7)(329.2, 331.7)(329.2, 432.6)(323.4, 432.6);SD
Port:(493.1, 317.5)(493.1, 446.8)(332.0, 446.8)(332.0, 317.5);GATE
Port:(482.3, 323.2)(488.4, 323.2)(488.4, 441.1)(482.3, 441.1);SD
Module:M7
Boundary:(168.1, 428.2)(168.1, 520.2)(20.0, 520.2)(20.0, 428.2);GATE
Port:(20.0, 444.1)(25.5, 444.1)(25.5, 504.3)(20.0, 504.3);SD
Port:(168.1, 428.2)(168.1, 520.2)(27.3, 520.2)(27.3, 428.2);GATE
Port:(154.9, 435.0)(162.3, 435.0)(162.3, 513.4)(154.9, 513.4);SD
Module:M3
Boundary:(338.4, 210.0)(457.9, 210.0)(457.9, 293.1)(338.4, 293.1);GATE
Port:(352.2, 289.0)(444.1, 289.0)(444.1, 293.1)(352.2, 293.1);SD
Port:(338.4, 210.0)(457.9, 210.0)(457.9, 286.8)(338.4, 286.8);GATE
Port:(344.0, 214.6)(452.3, 214.6)(452.3, 221.4)(344.0, 221.4);SD
Module:M15
Boundary:(101.1, 10.0)(186.1, 10.0)(186.1, 10.2)(202.6, 10.2)(202.6, 165.5)(101.1, 165.5);GATE
Port:(115.6, 160.9)(188.1, 160.9)(188.1, 165.5)(115.6, 165.5);SD
Port:(101.1, 10.0)(186.1, 10.0)(186.1, 10.2)(202.6, 10.2)(202.6, 159.2)(101.1, 159.2);GATE
Port:(106.6, 14.5)(180.6, 14.5)(180.6, 21.9)(106.6, 21.9);SD
Module:M12
Boundary:(437.8, 10.0)(482.2, 10.0)(482.2, 10.2)(496.1, 10.2)(496.1, 184.6)(437.8, 184.6);GATE
Port:(449.9, 179.3)(484.0, 179.3)(484.0, 184.6)(449.9, 184.6);SD
Port:(437.8, 10.0)(482.2, 10.0)(482.2, 10.2)(496.1, 10.2)(496.1, 176.6)(437.8, 176.6);GATE
Port:(442.9, 14.1)(477.1, 14.1)(477.1, 20.0)(442.9, 20.0);SD
Module:M8
Boundary:(20.0, 20.0)(71.1, 20.0)(71.1, 206.9)(20.0, 206.9);GATE
Port:(33.6, 201.2)(57.5, 201.2)(57.5, 206.9)(33.6, 206.9);SD
Port:(20.0, 20.0)(71.1, 20.0)(71.1, 198.4)(20.0, 198.4);GATE
Port:(26.3, 25.3)(64.8, 25.3)(64.8, 31.3)(26.3, 31.3);SD
Module:M4
Boundary:(232.6, 20.0)(282.2, 20.0)(282.2, 20.1)(297.4, 20.1)(297.4, 172.3)(232.6, 172.3);GATE
Port:(246.3, 166.7)(283.7, 166.7)(283.7, 172.3)(246.3, 172.3);SD
Port:(232.6, 20.0)(282.2, 20.0)(282.2, 20.1)(297.4, 20.1)(297.4, 164.8)(232.6, 164.8);GATE
Port:(239.2, 25.6)(275.6, 25.6)(275.6, 31.6)(239.2, 31.6);SD
