Area:(-30.0, -30.0)(859.4, -30.0)(859.4, 484.8)(-30.0, 484.8)
Rule:GATE(5,5);SD(5,5);GATE_SD(0.5);GATE_ITO(0.5);SD_ITO(0.5)
Module:M14
Boundary:(590.6, 30.0)(590.6, 103.0)(487.5, 103.0)(487.5, 30.0);GATE
Port:(487.5, 45.1)(493.0, 45.1)(493.0, 87.9)(487.5, 87.9);SD
Port:(590.6, 30.0)(590.6, 103.0)(494.4, 103.0)(494.4, 30.0);GATE
Port:(578.1, 36.7)(584.9, 36.7)(584.9, 96.3)(578.1, 96.3);SD
Module:M9
Boundary:(451.4, 235.4)(451.4, 285.3)(451.3, 285.3)(451.3, 299.9)(269.4, 299.9)(269.4, 235.4);GATE
Port:(269.4, 249.4)(275.2, 249.4)(275.2, 285.9)(269.4, 285.9);SD
Port:(451.4, 235.4)(451.4, 285.3)(451.3, 285.3)(451.3, 299.9)(278.2, 299.9)(278.2, 235.4);GATE
Port:(439.1, 241.9)(445.9, 241.9)(445.9, 278.8)(439.1, 278.8);SD
Module:M5
Boundary:(126.8, 20.0)(221.0, 20.0)(221.0, 20.0)(239.4, 20.0)(239.4, 178.0)(126.8, 178.0);GATE
Port:(142.3, 173.2)(223.9, 173.2)(223.9, 178.0)(142.3, 178.0);SD
Port:(126.8, 20.0)(221.0, 20.0)(221.0, 20.0)(239.4, 20.0)(239.4, 171.4)(126.8, 171.4);GATE
Port:(133.3, 25.5)(214.5, 25.5)(214.5, 32.2)(133.3, 32.2);SD
Module:M11
Boundary:(630.6, 10.0)(715.9, 10.0)(715.9, 10.2)(732.9, 10.2)(732.9, 188.9)(630.6, 188.9);GATE
Port:(644.3, 182.9)(719.2, 182.9)(719.2, 188.9)(644.3, 188.9);SD
Port:(630.6, 10.0)(715.9, 10.0)(715.9, 10.2)(732.9, 10.2)(732.9, 181.7)(630.6, 181.7);GATE
Port:(636.5, 14.9)(710.0, 14.9)(710.0, 20.5)(636.5, 20.5);SD
Module:M1
Boundary:(650.6, 228.9)(684.1, 228.9)(684.1, 229.1)(701.7, 229.1)(701.7, 430.7)(650.6, 430.7);GATE
Port:(663.8, 425.7)(688.5, 425.7)(688.5, 430.7)(663.8, 430.7);SD
Port:(650.6, 228.9)(684.1, 228.9)(684.1, 229.1)(701.7, 229.1)(701.7, 423.9)(650.6, 423.9);GATE
Port:(656.0, 233.3)(678.7, 233.3)(678.7, 238.6)(656.0, 238.6);SD
Module:M6
Boundary:(752.9, 10.0)(802.3, 10.0)(802.3, 10.3)(817.7, 10.3)(817.7, 178.4)(752.9, 178.4);GATE
Port:(766.7, 174.0)(803.9, 174.0)(803.9, 178.4)(766.7, 178.4);SD
Port:(752.9, 10.0)(802.3, 10.0)(802.3, 10.3)(817.7, 10.3)(817.7, 172.5)(752.9, 172.5);GATE
Port:(759.9, 16.0)(795.3, 16.0)(795.3, 21.3)(759.9, 21.3);SD
Module:M2
Boundary:(479.6, 329.9)(479.6, 428.6)(479.2, 428.6)(479.2, 444.8)(279.4, 444.8)(279.4, 329.9);GATE
Port:(279.4, 343.7)(284.1, 343.7)(284.1, 431.0)(279.4, 431.0);SD
Port:(479.6, 329.9)(479.6, 428.6)(479.2, 428.6)(479.2, 444.8)(285.1, 444.8)(285.1, 329.9);GATE
Port:(468.6, 336.1)(474.4, 336.1)(474.4, 422.4)(468.6, 422.4);SD
Module:M16
Boundary:(221.6, 208.0)(221.6, 279.8)(221.4, 279.8)(221.4, 293.2)(116.8, 293.2)(116.8, 208.0);GATE
Port:(116.8, 220.7)(122.5, 220.7)(122.5, 280.5)(116.8, 280.5);SD
Port:(221.6, 208.0)(221.6, 279.8)(221.4, 279.8)(221.4, 293.2)(123.6, 293.2)(123.6, 208.0);GATE
Port:(210.6, 213.2)(217.4, 213.2)(217.4, 274.6)(210.6, 274.6);SD
Module:M13
Boundary:(447.5, 10.0)(447.5, 110.7)(447.2, 110.7)(447.2, 127.2)(269.4, 127.2)(269.4, 10.0);GATE
Port:(269.4, 24.1)(273.9, 24.1)(273.9, 113.1)(269.4, 113.1);SD
Port:(447.5, 10.0)(447.5, 110.7)(447.2, 110.7)(447.2, 127.2)(275.4, 127.2)(275.4, 10.0);GATE
Port:(436.0, 16.3)(442.2, 16.3)(442.2, 104.4)(436.0, 104.4);SD
Module:M10
Boundary:(509.6, 282.8)(608.7, 282.8)(608.7, 440.8)(509.6, 440.8);GATE
Port:(523.9, 434.9)(594.4, 434.9)(594.4, 440.8)(523.9, 440.8);SD
Port:(509.6, 282.8)(608.7, 282.8)(608.7, 432.4)(509.6, 432.4);GATE
Port:(515.5, 287.7)(602.8, 287.7)(602.8, 295.3)(515.5, 295.3);SD
Module:M7
Boundary:(481.4, 153.0)(570.8, 153.0)(570.8, 153.4)(584.8, 153.4)(584.8, 252.8)(481.4, 252.8);GATE
Port:(494.5, 248.4)(571.7, 248.4)(571.7, 252.8)(494.5, 252.8);SD
Port:(481.4, 153.0)(570.8, 153.0)(570.8, 153.4)(584.8, 153.4)(584.8, 246.2)(481.4, 246.2);GATE
Port:(487.8, 158.4)(564.4, 158.4)(564.4, 164.2)(487.8, 164.2);SD
Module:M3
Boundary:(418.0, 147.2)(418.0, 215.4)(269.4, 215.4)(269.4, 147.2);GATE
Port:(269.4, 160.8)(274.8, 160.8)(274.8, 201.8)(269.4, 201.8);SD
Port:(418.0, 147.2)(418.0, 215.4)(277.1, 215.4)(277.1, 147.2);GATE
Port:(407.4, 152.6)(413.6, 152.6)(413.6, 210.0)(407.4, 210.0);SD
Module:M15
Boundary:(10.0, 10.0)(79.3, 10.0)(79.3, 10.2)(96.8, 10.2)(96.8, 213.2)(10.0, 213.2);GATE
Port:(23.3, 208.0)(83.5, 208.0)(83.5, 213.2)(23.3, 213.2);SD
Port:(10.0, 10.0)(79.3, 10.0)(79.3, 10.2)(96.8, 10.2)(96.8, 206.7)(10.0, 206.7);GATE
Port:(16.2, 15.2)(73.1, 15.2)(73.1, 20.4)(16.2, 20.4);SD
Module:M12
Boundary:(741.7, 208.9)(804.0, 208.9)(804.0, 209.2)(819.4, 209.2)(819.4, 367.0)(741.7, 367.0);GATE
Port:(754.1, 362.3)(807.0, 362.3)(807.0, 367.0)(754.1, 367.0);SD
Port:(741.7, 208.9)(804.0, 208.9)(804.0, 209.2)(819.4, 209.2)(819.4, 360.6)(741.7, 360.6);GATE
Port:(747.5, 213.7)(798.2, 213.7)(798.2, 218.8)(747.5, 218.8);SD
Module:M8
Boundary:(118.2, 323.2)(220.7, 323.2)(220.7, 427.0)(118.2, 427.0);GATE
Port:(131.1, 421.9)(207.8, 421.9)(207.8, 427.0)(131.1, 427.0);SD
Port:(118.2, 323.2)(220.7, 323.2)(220.7, 420.9)(118.2, 420.9);GATE
Port:(124.0, 328.0)(214.9, 328.0)(214.9, 333.3)(124.0, 333.3);SD
Module:M4
Boundary:(20.0, 243.2)(64.6, 243.2)(64.6, 243.3)(78.2, 243.3)(78.2, 430.8)(20.0, 430.8);GATE
Port:(32.4, 426.7)(65.8, 426.7)(65.8, 430.8)(32.4, 430.8);SD
Port:(20.0, 243.2)(64.6, 243.2)(64.6, 243.3)(78.2, 243.3)(78.2, 425.3)(20.0, 425.3);GATE
Port:(25.1, 247.3)(59.5, 247.3)(59.5, 254.0)(25.1, 254.0);SD
