Area:(-30.0, -30.0)(824.5, -30.0)(824.5, 461.6)(-30.0, 461.6)
Rule:GATE(5,5);SD(5,5);GATE_SD(0.5);GATE_ITO(0.5);SD_ITO(0.5)
Module:M14
Boundary:(227.5, 30.0)(330.0, 30.0)(330.0, 30.3)(347.1, 30.3)(347.1, 211.7)(227.5, 211.7);GATE
Port:(241.0, 205.7)(333.6, 205.7)(333.6, 211.7)(241.0, 211.7);SD
Port:(227.5, 30.0)(330.0, 30.0)(330.0, 30.3)(347.1, 30.3)(347.1, 203.6)(227.5, 203.6);GATE
Port:(234.0, 35.5)(323.5, 35.5)(323.5, 40.4)(234.0, 40.4);SD
Module:M9
Boundary:(146.7, 301.7)(146.7, 414.3)(10.0, 414.3)(10.0, 301.7);GATE
Port:(10.0, 313.8)(15.7, 313.8)(15.7, 402.2)(10.0, 402.2);SD
Port:(146.7, 301.7)(146.7, 414.3)(17.5, 414.3)(17.5, 301.7);GATE
Port:(137.1, 308.1)(141.3, 308.1)(141.3, 407.9)(137.1, 407.9);SD
Module:M5
Boundary:(390.6, 270.7)(390.6, 312.4)(193.0, 312.4)(193.0, 270.7);GATE
Port:(193.0, 281.7)(198.8, 281.7)(198.8, 301.4)(193.0, 301.4);SD
Port:(390.6, 270.7)(390.6, 312.4)(201.5, 312.4)(201.5, 270.7);GATE
Port:(381.6, 275.9)(386.4, 275.9)(386.4, 307.2)(381.6, 307.2);SD
Module:M11
Boundary:(417.2, 342.4)(417.2, 417.6)(307.9, 417.6)(307.9, 342.4);GATE
Port:(307.9, 358.5)(313.4, 358.5)(313.4, 401.5)(307.9, 401.5);SD
Port:(417.2, 342.4)(417.2, 417.6)(314.5, 417.6)(314.5, 342.4);GATE
Port:(404.2, 348.7)(411.9, 348.7)(411.9, 411.3)(404.2, 411.3);SD
Module:M1
Boundary:(673.9, 30.0)(768.6, 30.0)(768.6, 200.1)(673.9, 200.1);GATE
Port:(687.3, 195.0)(755.2, 195.0)(755.2, 200.1)(687.3, 200.1);SD
Port:(673.9, 30.0)(768.6, 30.0)(768.6, 192.7)(673.9, 192.7);GATE
Port:(680.5, 35.6)(762.0, 35.6)(762.0, 41.0)(680.5, 41.0);SD
Module:M6
Boundary:(163.0, 189.7)(163.0, 267.4)(162.6, 267.4)(162.6, 281.7)(10.0, 281.7)(10.0, 189.7);GATE
Port:(10.0, 203.8)(14.7, 203.8)(14.7, 267.6)(10.0, 267.6);SD
Port:(163.0, 189.7)(163.0, 267.4)(162.6, 267.4)(162.6, 281.7)(16.1, 281.7)(16.1, 189.7);GATE
Port:(150.9, 196.1)(157.6, 196.1)(157.6, 261.0)(150.9, 261.0);SD
Module:M2
Boundary:(115.6, 20.0)(177.5, 20.0)(177.5, 159.7)(115.6, 159.7);GATE
Port:(128.5, 155.2)(164.6, 155.2)(164.6, 159.7)(128.5, 159.7);SD
Port:(115.6, 20.0)(177.5, 20.0)(177.5, 153.0)(115.6, 153.0);GATE
Port:(121.3, 24.7)(171.8, 24.7)(171.8, 31.1)(121.3, 31.1);SD
Module:M16
Boundary:(557.8, 240.1)(650.4, 240.1)(650.4, 240.5)(668.6, 240.5)(668.6, 414.6)(557.8, 414.6);GATE
Port:(573.1, 409.5)(653.3, 409.5)(653.3, 414.6)(573.1, 414.6);SD
Port:(557.8, 240.1)(650.4, 240.1)(650.4, 240.5)(668.6, 240.5)(668.6, 406.8)(557.8, 406.8);GATE
Port:(564.2, 245.5)(644.0, 245.5)(644.0, 252.5)(564.2, 252.5);SD
Module:M13
Boundary:(10.0, 10.0)(85.6, 10.0)(85.6, 165.3)(10.0, 165.3);GATE
Port:(22.7, 160.8)(72.9, 160.8)(72.9, 165.3)(22.7, 165.3);SD
Port:(10.0, 10.0)(85.6, 10.0)(85.6, 158.9)(10.0, 158.9);GATE
Port:(17.0, 16.0)(78.6, 16.0)(78.6, 20.4)(17.0, 20.4);SD
Module:M10
Boundary:(387.1, 10.0)(460.5, 10.0)(460.5, 10.0)(478.9, 10.0)(478.9, 156.0)(387.1, 156.0);GATE
Port:(401.6, 151.7)(464.4, 151.7)(464.4, 156.0)(401.6, 156.0);SD
Port:(387.1, 10.0)(460.5, 10.0)(460.5, 10.0)(478.9, 10.0)(478.9, 149.2)(387.1, 149.2);GATE
Port:(392.5, 14.4)(455.1, 14.4)(455.1, 21.3)(392.5, 21.3);SD
Module:M7
Boundary:(526.9, 133.1)(603.5, 133.1)(603.5, 133.4)(618.5, 133.4)(618.5, 202.3)(526.9, 202.3);GATE
Port:(539.1, 196.6)(606.3, 196.6)(606.3, 202.3)(539.1, 202.3);SD
Port:(526.9, 133.1)(603.5, 133.1)(603.5, 133.4)(618.5, 133.4)(618.5, 194.3)(526.9, 194.3);GATE
Port:(532.5, 137.7)(597.9, 137.7)(597.9, 143.2)(532.5, 143.2);SD
Module:M3
Boundary:(437.2, 260.7)(537.8, 260.7)(537.8, 413.8)(437.2, 413.8);GATE
Port:(451.4, 408.0)(523.6, 408.0)(523.6, 413.8)(451.4, 413.8);SD
Port:(437.2, 260.7)(537.8, 260.7)(537.8, 406.5)(437.2, 406.5);GATE
Port:(443.2, 265.7)(531.8, 265.7)(531.8, 271.8)(443.2, 271.8);SD
Module:M15
Boundary:(287.9, 342.4)(287.9, 421.6)(166.7, 421.6)(166.7, 342.4);GATE
Port:(166.7, 355.2)(170.9, 355.2)(170.9, 408.8)(166.7, 408.8);SD
Port:(287.9, 342.4)(287.9, 421.6)(172.1, 421.6)(172.1, 342.4);GATE
Port:(277.8, 347.5)(283.8, 347.5)(283.8, 416.5)(277.8, 416.5);SD
Module:M12
Boundary:(496.9, 176.0)(496.9, 225.2)(496.7, 225.2)(496.7, 240.7)(387.1, 240.7)(387.1, 176.0);GATE
Port:(387.1, 189.0)(391.7, 189.0)(391.7, 227.7)(387.1, 227.7);SD
Port:(496.9, 176.0)(496.9, 225.2)(496.7, 225.2)(496.7, 240.7)(393.4, 240.7)(393.4, 176.0);GATE
Port:(485.9, 182.9)(491.0, 182.9)(491.0, 218.3)(485.9, 218.3);SD
Module:M8
Boundary:(698.6, 250.1)(767.5, 250.1)(767.5, 250.5)(784.5, 250.5)(784.5, 412.1)(698.6, 412.1);GATE
Port:(712.2, 408.0)(770.9, 408.0)(770.9, 412.1)(712.2, 412.1);SD
Port:(698.6, 250.1)(767.5, 250.1)(767.5, 250.5)(784.5, 250.5)(784.5, 406.7)(698.6, 406.7);GATE
Port:(705.5, 256.0)(760.6, 256.0)(760.6, 260.8)(705.5, 260.8);SD
Module:M4
Boundary:(623.9, 20.0)(623.9, 79.2)(623.9, 79.2)(623.9, 93.1)(508.9, 93.1)(508.9, 20.0);GATE
Port:(508.9, 32.6)(514.0, 32.6)(514.0, 80.5)(508.9, 80.5);SD
Port:(623.9, 20.0)(623.9, 79.2)(623.9, 79.2)(623.9, 93.1)(515.1, 93.1)(515.1, 20.0);GATE
Port:(613.4, 26.6)(618.3, 26.6)(618.3, 72.6)(613.4, 72.6);SD
