Area:(-30.0, -30.0)(767.1, -30.0)(767.1, 546.2)(-30.0, 546.2)
Rule:GATE(5,5);SD(5,5);GATE_SD(0.5);GATE_ITO(0.5);SD_ITO(0.5)
Module:M14
Boundary:(366.1, 30.0)(430.2, 30.0)(430.2, 167.7)(366.1, 167.7);GATE
Port:(378.7, 162.3)(417.6, 162.3)(417.6, 167.7)(378.7, 167.7);SD
Port:(366.1, 30.0)(430.2, 30.0)(430.2, 160.5)(366.1, 160.5);GATE
Port:(371.4, 34.3)(424.9, 34.3)(424.9, 40.4)(371.4, 40.4);SD
Module:M9
Boundary:(153.3, 10.0)(212.8, 10.0)(212.8, 10.2)(227.0, 10.2)(227.0, 141.1)(153.3, 141.1);GATE
Port:(165.5, 135.8)(214.8, 135.8)(214.8, 141.1)(165.5, 141.1);SD
Port:(153.3, 10.0)(212.8, 10.0)(212.8, 10.2)(227.0, 10.2)(227.0, 134.4)(153.3, 134.4);GATE
Port:(158.7, 14.4)(207.4, 14.4)(207.4, 20.4)(158.7, 20.4);SD
Module:M5
Boundary:(20.0, 20.0)(123.3, 20.0)(123.3, 232.3)(20.0, 232.3);GATE
Port:(33.3, 227.4)(110.0, 227.4)(110.0, 232.3)(33.3, 232.3);SD
Port:(20.0, 20.0)(123.3, 20.0)(123.3, 225.4)(20.0, 225.4);GATE
Port:(25.1, 24.1)(118.2, 24.1)(118.2, 30.6)(25.1, 30.6);SD
Module:M11
Boundary:(727.1, 10.0)(727.1, 121.1)(726.5, 121.1)(726.5, 139.2)(595.1, 139.2)(595.1, 10.0);GATE
Port:(595.1, 25.8)(600.9, 25.8)(600.9, 123.4)(595.1, 123.4);SD
Port:(727.1, 10.0)(727.1, 121.1)(726.5, 121.1)(726.5, 139.2)(603.3, 139.2)(603.3, 10.0);GATE
Port:(714.5, 16.5)(721.6, 16.5)(721.6, 114.6)(714.5, 114.6);SD
Module:M1
Boundary:(648.3, 318.6)(697.6, 318.6)(697.6, 318.7)(714.7, 318.7)(714.7, 494.0)(648.3, 494.0);GATE
Port:(660.5, 488.7)(702.5, 488.7)(702.5, 494.0)(660.5, 494.0);SD
Port:(648.3, 318.6)(697.6, 318.6)(697.6, 318.7)(714.7, 318.7)(714.7, 486.8)(648.3, 486.8);GATE
Port:(653.4, 322.7)(692.5, 322.7)(692.5, 327.7)(653.4, 327.7);SD
Module:M6
Boundary:(349.6, 207.7)(349.6, 274.7)(247.0, 274.7)(247.0, 207.7);GATE
Port:(247.0, 221.8)(251.8, 221.8)(251.8, 260.6)(247.0, 260.6);SD
Port:(349.6, 207.7)(349.6, 274.7)(253.3, 274.7)(253.3, 207.7);GATE
Port:(337.6, 213.9)(344.4, 213.9)(344.4, 268.5)(337.6, 268.5);SD
Module:M2
Boundary:(204.6, 407.0)(204.6, 474.9)(204.6, 474.9)(204.6, 491.1)(20.0, 491.1)(20.0, 407.0);GATE
Port:(20.0, 421.5)(25.9, 421.5)(25.9, 476.6)(20.0, 476.6);SD
Port:(204.6, 407.0)(204.6, 474.9)(204.6, 474.9)(204.6, 491.1)(27.8, 491.1)(27.8, 407.0);GATE
Port:(193.1, 413.4)(199.2, 413.4)(199.2, 468.5)(193.1, 468.5);SD
Module:M16
Boundary:(608.3, 411.6)(608.3, 506.2)(397.3, 506.2)(397.3, 411.6);GATE
Port:(397.3, 422.8)(403.0, 422.8)(403.0, 495.0)(397.3, 495.0);SD
Port:(608.3, 411.6)(608.3, 506.2)(404.2, 506.2)(404.2, 411.6);GATE
Port:(598.7, 417.0)(603.9, 417.0)(603.9, 500.8)(598.7, 500.8);SD
Module:M13
Boundary:(441.0, 294.7)(441.0, 383.9)(247.0, 383.9)(247.0, 294.7);GATE
Port:(247.0, 307.8)(251.9, 307.8)(251.9, 370.8)(247.0, 370.8);SD
Port:(441.0, 294.7)(441.0, 383.9)(254.6, 383.9)(254.6, 294.7);GATE
Port:(430.1, 300.6)(436.1, 300.6)(436.1, 378.0)(430.1, 378.0);SD
Module:M10
Boundary:(222.4, 262.3)(222.4, 361.5)(221.9, 361.5)(221.9, 377.0)(10.0, 377.0)(10.0, 262.3);GATE
Port:(10.0, 277.3)(15.8, 277.3)(15.8, 362.0)(10.0, 362.0);SD
Port:(222.4, 262.3)(222.4, 361.5)(221.9, 361.5)(221.9, 377.0)(18.3, 377.0)(18.3, 262.3);GATE
Port:(209.4, 269.0)(216.7, 269.0)(216.7, 354.8)(209.4, 354.8);SD
Module:M7
Boundary:(480.2, 20.0)(565.1, 20.0)(565.1, 97.6)(480.2, 97.6);GATE
Port:(493.9, 92.2)(551.4, 92.2)(551.4, 97.6)(493.9, 97.6);SD
Port:(480.2, 20.0)(565.1, 20.0)(565.1, 90.4)(480.2, 90.4);GATE
Port:(485.5, 24.3)(559.8, 24.3)(559.8, 30.4)(485.5, 30.4);SD
Module:M3
Boundary:(470.2, 127.6)(565.0, 127.6)(565.0, 232.5)(470.2, 232.5);GATE
Port:(484.5, 227.5)(550.7, 227.5)(550.7, 232.5)(484.5, 232.5);SD
Port:(470.2, 127.6)(565.0, 127.6)(565.0, 226.0)(470.2, 226.0);GATE
Port:(476.4, 132.8)(558.8, 132.8)(558.8, 138.6)(476.4, 138.6);SD
Module:M15
Boundary:(377.3, 403.9)(377.3, 501.4)(247.0, 501.4)(247.0, 403.9);GATE
Port:(247.0, 417.7)(251.8, 417.7)(251.8, 487.6)(247.0, 487.6);SD
Port:(377.3, 403.9)(377.3, 501.4)(254.3, 501.4)(254.3, 403.9);GATE
Port:(365.6, 410.9)(371.3, 410.9)(371.3, 494.4)(365.6, 494.4);SD
Module:M12
Boundary:(461.0, 252.5)(573.9, 252.5)(573.9, 391.6)(461.0, 391.6);GATE
Port:(476.0, 386.8)(558.9, 386.8)(558.9, 391.6)(476.0, 391.6);SD
Port:(461.0, 252.5)(573.9, 252.5)(573.9, 384.8)(461.0, 384.8);GATE
Port:(467.9, 258.4)(567.0, 258.4)(567.0, 264.3)(467.9, 264.3);SD
Module:M8
Boundary:(724.4, 169.2)(724.4, 268.6)(603.9, 268.6)(603.9, 169.2);GATE
Port:(603.9, 179.3)(608.3, 179.3)(608.3, 258.5)(603.9, 258.5);SD
Port:(724.4, 169.2)(724.4, 268.6)(609.6, 268.6)(609.6, 169.2);GATE
Port:(716.0, 174.3)(720.3, 174.3)(720.3, 263.5)(716.0, 263.5);SD
Module:M4
Boundary:(257.0, 20.0)(316.1, 20.0)(316.1, 169.8)(257.0, 169.8);GATE
Port:(269.1, 163.9)(304.0, 163.9)(304.0, 169.8)(269.1, 169.8);SD
Port:(257.0, 20.0)(316.1, 20.0)(316.1, 162.6)(257.0, 162.6);GATE
Port:(262.4, 24.4)(310.7, 24.4)(310.7, 30.5)(262.4, 30.5);SD
