Area:(-30.0, -30.0)(454.6, -30.0)(454.6, 887.3)(-30.0, 887.3)
Rule:GATE(5,5);SD(5,5);GATE_SD(0.5);GATE_ITO(0.5);SD_ITO(0.5)
Module:M14
Boundary:(320.9, 520.4)(400.5, 520.4)(400.5, 723.3)(320.9, 723.3);GATE
Port:(333.8, 718.6)(387.6, 718.6)(387.6, 723.3)(333.8, 723.3);SD
Port:(320.9, 520.4)(400.5, 520.4)(400.5, 717.2)(320.9, 717.2);GATE
Port:(326.7, 525.2)(394.7, 525.2)(394.7, 530.4)(326.7, 530.4);SD
Module:M9
Boundary:(191.0, 385.5)(191.0, 434.2)(190.8, 434.2)(190.8, 449.9)(10.0, 449.9)(10.0, 385.5);GATE
Port:(10.0, 398.3)(14.1, 398.3)(14.1, 437.1)(10.0, 437.1);SD
Port:(191.0, 385.5)(191.0, 434.2)(190.8, 434.2)(190.8, 449.9)(15.8, 449.9)(15.8, 385.5);GATE
Port:(180.4, 391.4)(186.1, 391.4)(186.1, 428.3)(180.4, 428.3);SD
Module:M5
Boundary:(348.6, 232.3)(406.5, 232.3)(406.5, 371.5)(348.6, 371.5);GATE
Port:(361.3, 365.9)(393.8, 365.9)(393.8, 371.5)(361.3, 371.5);SD
Port:(348.6, 232.3)(406.5, 232.3)(406.5, 364.5)(348.6, 364.5);GATE
Port:(355.4, 238.1)(399.7, 238.1)(399.7, 243.3)(355.4, 243.3);SD
Module:M11
Boundary:(414.6, 401.5)(414.6, 465.5)(414.4, 465.5)(414.4, 480.4)(311.3, 480.4)(311.3, 401.5);GATE
Port:(311.3, 414.7)(316.2, 414.7)(316.2, 467.2)(311.3, 467.2);SD
Port:(414.6, 401.5)(414.6, 465.5)(414.4, 465.5)(414.4, 480.4)(317.7, 480.4)(317.7, 401.5);GATE
Port:(403.2, 407.9)(409.2, 407.9)(409.2, 459.1)(403.2, 459.1);SD
Module:M1
Boundary:(332.8, 30.0)(400.8, 30.0)(400.8, 182.3)(332.8, 182.3);GATE
Port:(346.3, 177.0)(387.3, 177.0)(387.3, 182.3)(346.3, 182.3);SD
Port:(332.8, 30.0)(400.8, 30.0)(400.8, 174.5)(332.8, 174.5);GATE
Port:(338.5, 34.7)(395.1, 34.7)(395.1, 41.5)(338.5, 41.5);SD
Module:M6
Boundary:(211.0, 379.7)(291.3, 379.7)(291.3, 477.0)(211.0, 477.0);GATE
Port:(223.8, 472.4)(278.5, 472.4)(278.5, 477.0)(223.8, 477.0);SD
Port:(211.0, 379.7)(291.3, 379.7)(291.3, 471.2)(211.0, 471.2);GATE
Port:(217.0, 384.7)(285.3, 384.7)(285.3, 389.7)(217.0, 389.7);SD
Module:M2
Boundary:(20.0, 20.0)(122.6, 20.0)(122.6, 20.4)(139.3, 20.4)(139.3, 188.6)(20.0, 188.6);GATE
Port:(34.6, 183.1)(124.7, 183.1)(124.7, 188.6)(34.6, 188.6);SD
Port:(20.0, 20.0)(122.6, 20.0)(122.6, 20.4)(139.3, 20.4)(139.3, 181.6)(20.0, 181.6);GATE
Port:(26.8, 25.8)(115.8, 25.8)(115.8, 31.4)(26.8, 31.4);SD
Module:M16
Boundary:(189.0, 648.8)(280.9, 648.8)(280.9, 846.3)(189.0, 846.3);GATE
Port:(201.6, 840.6)(268.3, 840.6)(268.3, 846.3)(201.6, 846.3);SD
Port:(189.0, 648.8)(280.9, 648.8)(280.9, 837.6)(189.0, 837.6);GATE
Port:(194.6, 653.4)(275.3, 653.4)(275.3, 659.3)(194.6, 659.3);SD
Module:M13
Boundary:(10.0, 218.6)(97.6, 218.6)(97.6, 218.7)(114.3, 218.7)(114.3, 365.5)(10.0, 365.5);GATE
Port:(25.4, 360.0)(98.9, 360.0)(98.9, 365.5)(25.4, 365.5);SD
Port:(10.0, 218.6)(97.6, 218.6)(97.6, 218.7)(114.3, 218.7)(114.3, 358.4)(10.0, 358.4);GATE
Port:(17.0, 224.6)(90.6, 224.6)(90.6, 230.8)(17.0, 230.8);SD
Module:M10
Boundary:(10.0, 469.9)(103.6, 469.9)(103.6, 644.5)(10.0, 644.5);GATE
Port:(25.0, 640.0)(88.6, 640.0)(88.6, 644.5)(25.0, 644.5);SD
Port:(10.0, 469.9)(103.6, 469.9)(103.6, 638.4)(10.0, 638.4);GATE
Port:(15.6, 474.5)(98.0, 474.5)(98.0, 481.8)(15.6, 481.8);SD
Module:M7
Boundary:(410.0, 773.3)(410.0, 819.7)(310.9, 819.7)(310.9, 773.3);GATE
Port:(310.9, 785.8)(315.1, 785.8)(315.1, 807.2)(310.9, 807.2);SD
Port:(410.0, 773.3)(410.0, 819.7)(317.2, 819.7)(317.2, 773.3);GATE
Port:(399.5, 779.2)(405.1, 779.2)(405.1, 813.8)(399.5, 813.8);SD
Module:M3
Boundary:(169.3, 10.0)(292.8, 10.0)(292.8, 230.8)(169.3, 230.8);GATE
Port:(183.9, 224.8)(278.2, 224.8)(278.2, 230.8)(183.9, 230.8);SD
Port:(169.3, 10.0)(292.8, 10.0)(292.8, 223.0)(169.3, 223.0);GATE
Port:(175.7, 15.4)(286.4, 15.4)(286.4, 21.8)(175.7, 21.8);SD
Module:M15
Boundary:(147.9, 789.4)(147.9, 847.3)(10.0, 847.3)(10.0, 789.4);GATE
Port:(10.0, 801.6)(15.0, 801.6)(15.0, 835.1)(10.0, 835.1);SD
Port:(147.9, 789.4)(147.9, 847.3)(17.1, 847.3)(17.1, 789.4);GATE
Port:(137.5, 795.7)(142.6, 795.7)(142.6, 841.0)(137.5, 841.0);SD
Module:M12
Boundary:(318.6, 250.8)(318.6, 342.0)(318.0, 342.0)(318.0, 359.7)(134.3, 359.7)(134.3, 250.8);GATE
Port:(134.3, 266.5)(138.7, 266.5)(138.7, 344.0)(134.3, 344.0);SD
Port:(318.6, 250.8)(318.6, 342.0)(318.0, 342.0)(318.0, 359.7)(141.4, 359.7)(141.4, 250.8);GATE
Port:(306.2, 257.3)(313.1, 257.3)(313.1, 335.5)(306.2, 335.5);SD
Module:M8
Boundary:(159.0, 674.5)(159.0, 759.4)(20.0, 759.4)(20.0, 674.5);GATE
Port:(20.0, 687.9)(25.5, 687.9)(25.5, 746.0)(20.0, 746.0);SD
Port:(159.0, 674.5)(159.0, 759.4)(26.5, 759.4)(26.5, 674.5);GATE
Port:(148.7, 680.3)(154.2, 680.3)(154.2, 753.6)(148.7, 753.6);SD
Module:M4
Boundary:(264.5, 507.0)(264.5, 618.8)(133.6, 618.8)(133.6, 507.0);GATE
Port:(133.6, 522.0)(138.9, 522.0)(138.9, 603.8)(133.6, 603.8);SD
Port:(264.5, 507.0)(264.5, 618.8)(140.2, 618.8)(140.2, 507.0);GATE
Port:(252.7, 513.5)(259.0, 513.5)(259.0, 612.3)(252.7, 612.3);SD
