Area:(-30.0, -30.0)(693.9, -30.0)(693.9, 503.1)(-30.0, 503.1)
Rule:GATE(5,5);SD(5,5);GATE_SD(0.5);GATE_ITO(0.5);SD_ITO(0.5)
Module:M14
Boundary:(237.7, 150.5)(325.6, 150.5)(325.6, 281.0)(237.7, 281.0);GATE
Port:(251.1, 276.1)(312.2, 276.1)(312.2, 281.0)(251.1, 281.0);SD
Port:(237.7, 150.5)(325.6, 150.5)(325.6, 273.7)(237.7, 273.7);GATE
Port:(243.2, 155.0)(320.1, 155.0)(320.1, 161.1)(243.2, 161.1);SD
Module:M9
Boundary:(380.0, 274.5)(452.5, 274.5)(452.5, 274.6)(469.8, 274.6)(469.8, 450.1)(380.0, 450.1);GATE
Port:(395.8, 444.2)(454.0, 444.2)(454.0, 450.1)(395.8, 450.1);SD
Port:(380.0, 274.5)(452.5, 274.5)(452.5, 274.6)(469.8, 274.6)(469.8, 441.9)(380.0, 441.9);GATE
Port:(387.0, 280.5)(445.5, 280.5)(445.5, 287.1)(387.0, 287.1);SD
Module:M5
Boundary:(517.9, 20.0)(517.9, 134.0)(425.6, 134.0)(425.6, 20.0);GATE
Port:(425.6, 33.0)(431.0, 33.0)(431.0, 121.0)(425.6, 121.0);SD
Port:(517.9, 20.0)(517.9, 134.0)(432.2, 134.0)(432.2, 20.0);GATE
Port:(507.6, 26.2)(512.7, 26.2)(512.7, 127.8)(507.6, 127.8);SD
Module:M11
Boundary:(120.0, 10.0)(157.9, 10.0)(157.9, 10.1)(175.8, 10.1)(175.8, 87.9)(120.0, 87.9);GATE
Port:(135.1, 83.0)(160.7, 83.0)(160.7, 87.9)(135.1, 87.9);SD
Port:(120.0, 10.0)(157.9, 10.0)(157.9, 10.1)(175.8, 10.1)(175.8, 80.5)(120.0, 80.5);GATE
Port:(126.6, 15.6)(151.3, 15.6)(151.3, 21.7)(126.6, 21.7);SD
Module:M1
Boundary:(250.3, 341.0)(250.3, 426.9)(249.8, 426.9)(249.8, 444.1)(175.9, 444.1)(175.9, 341.0);GATE
Port:(175.9, 354.5)(181.8, 354.5)(181.8, 430.6)(175.9, 430.6);SD
Port:(250.3, 341.0)(250.3, 426.9)(249.8, 426.9)(249.8, 444.1)(184.1, 444.1)(184.1, 341.0);GATE
Port:(239.9, 347.3)(245.0, 347.3)(245.0, 420.6)(239.9, 420.6);SD
Module:M6
Boundary:(197.7, 192.0)(197.7, 249.3)(197.6, 249.3)(197.6, 262.7)(10.0, 262.7)(10.0, 192.0);GATE
Port:(10.0, 204.0)(14.3, 204.0)(14.3, 250.7)(10.0, 250.7);SD
Port:(197.7, 192.0)(197.7, 249.3)(197.6, 249.3)(197.6, 262.7)(16.4, 262.7)(16.4, 192.0);GATE
Port:(187.6, 197.3)(193.4, 197.3)(193.4, 244.0)(187.6, 244.0);SD
Module:M2
Boundary:(300.3, 331.0)(350.0, 331.0)(350.0, 452.2)(300.3, 452.2);GATE
Port:(313.5, 446.5)(336.8, 446.5)(336.8, 452.2)(313.5, 452.2);SD
Port:(300.3, 331.0)(350.0, 331.0)(350.0, 445.3)(300.3, 445.3);GATE
Port:(306.3, 336.0)(344.0, 336.0)(344.0, 340.9)(306.3, 340.9);SD
Module:M16
Boundary:(489.8, 274.5)(546.7, 274.5)(546.7, 274.6)(565.8, 274.6)(565.8, 404.7)(489.8, 404.7);GATE
Port:(504.8, 399.5)(550.8, 399.5)(550.8, 404.7)(504.8, 404.7);SD
Port:(489.8, 274.5)(546.7, 274.5)(546.7, 274.6)(565.8, 274.6)(565.8, 397.8)(489.8, 397.8);GATE
Port:(496.1, 279.8)(540.4, 279.8)(540.4, 286.1)(496.1, 286.1);SD
Module:M13
Boundary:(585.8, 263.5)(653.9, 263.5)(653.9, 458.1)(585.8, 458.1);GATE
Port:(598.4, 452.1)(641.3, 452.1)(641.3, 458.1)(598.4, 458.1);SD
Port:(585.8, 263.5)(653.9, 263.5)(653.9, 450.0)(585.8, 450.0);GATE
Port:(592.0, 268.7)(647.7, 268.7)(647.7, 274.6)(592.0, 274.6);SD
Module:M10
Boundary:(100.0, 10.0)(100.0, 81.3)(10.0, 81.3)(10.0, 10.0);GATE
Port:(10.0, 24.0)(15.9, 24.0)(15.9, 67.3)(10.0, 67.3);SD
Port:(100.0, 10.0)(100.0, 81.3)(18.6, 81.3)(18.6, 10.0);GATE
Port:(89.1, 16.1)(94.9, 16.1)(94.9, 75.2)(89.1, 75.2);SD
Module:M7
Boundary:(541.9, 174.0)(541.9, 244.5)(375.6, 244.5)(375.6, 174.0);GATE
Port:(375.6, 185.1)(379.8, 185.1)(379.8, 233.4)(375.6, 233.4);SD
Port:(541.9, 174.0)(541.9, 244.5)(382.2, 244.5)(382.2, 174.0);GATE
Port:(532.9, 179.3)(537.6, 179.3)(537.6, 239.2)(532.9, 239.2);SD
Module:M3
Boundary:(395.6, 10.0)(395.6, 94.2)(395.3, 94.2)(395.3, 110.5)(195.8, 110.5)(195.8, 10.0);GATE
Port:(195.8, 24.4)(201.4, 24.4)(201.4, 96.1)(195.8, 96.1);SD
Port:(395.6, 10.0)(395.6, 94.2)(395.3, 94.2)(395.3, 110.5)(202.5, 110.5)(202.5, 10.0);GATE
Port:(384.6, 16.7)(389.9, 16.7)(389.9, 87.5)(384.6, 87.5);SD
Module:M15
Boundary:(175.0, 107.9)(175.0, 172.0)(10.0, 172.0)(10.0, 107.9);GATE
Port:(10.0, 121.0)(15.5, 121.0)(15.5, 158.9)(10.0, 158.9);SD
Port:(175.0, 107.9)(175.0, 172.0)(16.6, 172.0)(16.6, 107.9);GATE
Port:(163.4, 114.8)(169.1, 114.8)(169.1, 165.1)(163.4, 165.1);SD
Module:M12
Boundary:(135.9, 401.2)(135.9, 448.8)(135.7, 448.8)(135.7, 463.1)(10.0, 463.1)(10.0, 401.2);GATE
Port:(10.0, 414.6)(14.2, 414.6)(14.2, 449.7)(10.0, 449.7);SD
Port:(135.9, 401.2)(135.9, 448.8)(135.7, 448.8)(135.7, 463.1)(15.6, 463.1)(15.6, 401.2);GATE
Port:(124.8, 407.8)(130.3, 407.8)(130.3, 442.2)(124.8, 442.2);SD
Module:M8
Boundary:(20.0, 292.7)(115.6, 292.7)(115.6, 371.2)(20.0, 371.2);GATE
Port:(34.1, 366.9)(101.5, 366.9)(101.5, 371.2)(34.1, 371.2);SD
Port:(20.0, 292.7)(115.6, 292.7)(115.6, 365.3)(20.0, 365.3);GATE
Port:(26.8, 298.5)(108.8, 298.5)(108.8, 305.3)(26.8, 305.3);SD
Module:M4
Boundary:(581.9, 20.0)(628.4, 20.0)(628.4, 20.0)(644.3, 20.0)(644.3, 233.5)(581.9, 233.5);GATE
Port:(593.4, 228.6)(632.8, 228.6)(632.8, 233.5)(593.4, 233.5);SD
Port:(581.9, 20.0)(628.4, 20.0)(628.4, 20.0)(644.3, 20.0)(644.3, 227.4)(581.9, 227.4);GATE
Port:(587.0, 24.1)(623.3, 24.1)(623.3, 29.3)(587.0, 29.3);SD
