Area:(-30.0, -30.0)(651.8, -30.0)(651.8, 548.1)(-30.0, 548.1)
Rule:GATE(5,5);SD(5,5);GATE_SD(0.5);GATE_ITO(0.5);SD_ITO(0.5)
Module:M14
Boundary:(353.4, 30.0)(425.4, 30.0)(425.4, 30.2)(442.2, 30.2)(442.2, 156.1)(353.4, 156.1);GATE
Port:(369.4, 151.7)(426.2, 151.7)(426.2, 156.1)(369.4, 156.1);SD
Port:(353.4, 30.0)(425.4, 30.0)(425.4, 30.2)(442.2, 30.2)(442.2, 149.3)(353.4, 149.3);GATE
Port:(360.0, 35.6)(418.8, 35.6)(418.8, 43.3)(360.0, 43.3);SD
Module:M9
Boundary:(201.0, 186.8)(201.0, 263.0)(200.9, 263.0)(200.9, 277.5)(128.5, 277.5)(128.5, 186.8);GATE
Port:(128.5, 199.8)(133.1, 199.8)(133.1, 264.5)(128.5, 264.5);SD
Port:(201.0, 186.8)(201.0, 263.0)(200.9, 263.0)(200.9, 277.5)(135.0, 277.5)(135.0, 186.8);GATE
Port:(189.9, 193.5)(195.3, 193.5)(195.3, 256.3)(189.9, 256.3);SD
Module:M5
Boundary:(20.0, 20.0)(96.7, 20.0)(96.7, 20.4)(111.3, 20.4)(111.3, 127.6)(20.0, 127.6);GATE
Port:(33.1, 122.0)(98.2, 122.0)(98.2, 127.6)(33.1, 127.6);SD
Port:(20.0, 20.0)(96.7, 20.0)(96.7, 20.4)(111.3, 20.4)(111.3, 119.8)(20.0, 119.8);GATE
Port:(26.3, 25.3)(90.4, 25.3)(90.4, 30.8)(26.3, 30.8);SD
Module:M11
Boundary:(10.0, 386.8)(84.0, 386.8)(84.0, 501.7)(10.0, 501.7);GATE
Port:(21.9, 497.5)(72.1, 497.5)(72.1, 501.7)(21.9, 501.7);SD
Port:(10.0, 386.8)(84.0, 386.8)(84.0, 496.4)(10.0, 496.4);GATE
Port:(15.6, 391.4)(78.4, 391.4)(78.4, 397.1)(15.6, 397.1);SD
Module:M1
Boundary:(338.8, 323.4)(424.0, 323.4)(424.0, 323.8)(441.3, 323.8)(441.3, 488.9)(338.8, 488.9);GATE
Port:(352.1, 483.6)(428.0, 483.6)(428.0, 488.9)(352.1, 488.9);SD
Port:(338.8, 323.4)(424.0, 323.4)(424.0, 323.8)(441.3, 323.8)(441.3, 480.7)(338.8, 480.7);GATE
Port:(343.8, 327.4)(419.0, 327.4)(419.0, 333.8)(343.8, 333.8);SD
Module:M6
Boundary:(327.8, 235.5)(327.8, 269.3)(327.8, 269.3)(327.8, 283.4)(223.3, 283.4)(223.3, 235.5);GATE
Port:(223.3, 249.0)(228.2, 249.0)(228.2, 269.9)(223.3, 269.9);SD
Port:(327.8, 235.5)(327.8, 269.3)(327.8, 269.3)(327.8, 283.4)(230.2, 283.4)(230.2, 235.5);GATE
Port:(316.1, 242.4)(321.9, 242.4)(321.9, 262.4)(316.1, 262.4);SD
Module:M2
Boundary:(281.2, 389.2)(281.2, 500.0)(181.3, 500.0)(181.3, 389.2);GATE
Port:(181.3, 403.3)(186.5, 403.3)(186.5, 485.9)(181.3, 485.9);SD
Port:(281.2, 389.2)(281.2, 500.0)(187.7, 500.0)(187.7, 389.2);GATE
Port:(270.4, 394.5)(276.9, 394.5)(276.9, 494.7)(270.4, 494.7);SD
Module:M16
Boundary:(141.3, 10.0)(187.7, 10.0)(187.7, 10.3)(203.3, 10.3)(203.3, 166.8)(141.3, 166.8);GATE
Port:(153.4, 162.1)(191.2, 162.1)(191.2, 166.8)(153.4, 166.8);SD
Port:(141.3, 10.0)(187.7, 10.0)(187.7, 10.3)(203.3, 10.3)(203.3, 159.4)(141.3, 159.4);GATE
Port:(146.7, 14.4)(182.3, 14.4)(182.3, 19.4)(146.7, 19.4);SD
Module:M13
Boundary:(481.3, 310.8)(603.4, 310.8)(603.4, 508.1)(481.3, 508.1);GATE
Port:(495.1, 502.8)(589.6, 502.8)(589.6, 508.1)(495.1, 508.1);SD
Port:(481.3, 310.8)(603.4, 310.8)(603.4, 501.0)(481.3, 501.0);GATE
Port:(486.6, 315.1)(598.1, 315.1)(598.1, 321.5)(486.6, 321.5);SD
Module:M10
Boundary:(298.8, 303.4)(298.8, 359.2)(223.3, 359.2)(223.3, 303.4);GATE
Port:(223.3, 315.3)(228.9, 315.3)(228.9, 347.3)(223.3, 347.3);SD
Port:(298.8, 303.4)(298.8, 359.2)(231.0, 359.2)(231.0, 303.4);GATE
Port:(288.7, 310.1)(293.1, 310.1)(293.1, 352.5)(288.7, 352.5);SD
Module:M7
Boundary:(20.0, 167.6)(83.1, 167.6)(83.1, 167.8)(98.5, 167.8)(98.5, 356.8)(20.0, 356.8);GATE
Port:(32.3, 352.6)(86.2, 352.6)(86.2, 356.8)(32.3, 356.8);SD
Port:(20.0, 167.6)(83.1, 167.6)(83.1, 167.8)(98.5, 167.8)(98.5, 351.3)(20.0, 351.3);GATE
Port:(25.7, 172.3)(77.4, 172.3)(77.4, 177.8)(25.7, 177.8);SD
Module:M3
Boundary:(104.0, 386.8)(151.3, 386.8)(151.3, 502.9)(104.0, 502.9);GATE
Port:(116.5, 498.7)(138.8, 498.7)(138.8, 502.9)(116.5, 502.9);SD
Port:(104.0, 386.8)(151.3, 386.8)(151.3, 496.1)(104.0, 496.1);GATE
Port:(110.1, 391.9)(145.2, 391.9)(145.2, 397.3)(110.1, 397.3);SD
Module:M15
Boundary:(470.8, 196.1)(470.8, 265.1)(347.8, 265.1)(347.8, 196.1);GATE
Port:(347.8, 210.7)(352.9, 210.7)(352.9, 250.5)(347.8, 250.5);SD
Port:(470.8, 196.1)(470.8, 265.1)(355.5, 265.1)(355.5, 196.1);GATE
Port:(459.7, 202.8)(465.1, 202.8)(465.1, 258.4)(459.7, 258.4);SD
Module:M12
Boundary:(611.8, 10.0)(611.8, 58.7)(611.7, 58.7)(611.7, 73.3)(482.2, 73.3)(482.2, 10.0);GATE
Port:(482.2, 23.4)(487.6, 23.4)(487.6, 59.9)(482.2, 59.9);SD
Port:(611.8, 10.0)(611.8, 58.7)(611.7, 58.7)(611.7, 73.3)(489.7, 73.3)(489.7, 10.0);GATE
Port:(600.0, 16.3)(606.5, 16.3)(606.5, 52.4)(600.0, 52.4);SD
Module:M8
Boundary:(233.3, 20.0)(303.4, 20.0)(303.4, 205.5)(233.3, 205.5);GATE
Port:(247.4, 201.2)(289.3, 201.2)(289.3, 205.5)(247.4, 205.5);SD
Port:(233.3, 20.0)(303.4, 20.0)(303.4, 199.4)(233.3, 199.4);GATE
Port:(239.8, 25.5)(296.9, 25.5)(296.9, 30.7)(239.8, 30.7);SD
Module:M4
Boundary:(500.8, 103.3)(599.4, 103.3)(599.4, 280.8)(500.8, 280.8);GATE
Port:(514.2, 276.6)(586.0, 276.6)(586.0, 280.8)(514.2, 280.8);SD
Port:(500.8, 103.3)(599.4, 103.3)(599.4, 274.3)(500.8, 274.3);GATE
Port:(506.5, 108.0)(593.7, 108.0)(593.7, 114.7)(506.5, 114.7);SD
