Area:(-30.0, -30.0)(537.5, -30.0)(537.5, 668.5)(-30.0, 668.5)
Rule:GATE(5,5);SD(5,5);GATE_SD(0.5);GATE_ITO(0.5);SD_ITO(0.5)
Module:M14
Boundary:(456.2, 30.0)(456.2, 91.9)(340.9, 91.9)(340.9, 30.0);GATE
Port:(340.9, 42.6)(346.9, 42.6)(346.9, 79.3)(340.9, 79.3);SD
Port:(456.2, 30.0)(456.2, 91.9)(349.5, 91.9)(349.5, 30.0);GATE
Port:(446.2, 36.2)(451.0, 36.2)(451.0, 85.7)(446.2, 85.7);SD
Module:M9
Boundary:(236.1, 10.0)(300.9, 10.0)(300.9, 97.5)(236.1, 97.5);GATE
Port:(250.1, 93.3)(286.9, 93.3)(286.9, 97.5)(250.1, 97.5);SD
Port:(236.1, 10.0)(300.9, 10.0)(300.9, 91.5)(236.1, 91.5);GATE
Port:(241.8, 14.7)(295.2, 14.7)(295.2, 22.4)(241.8, 22.4);SD
Module:M5
Boundary:(181.3, 234.5)(181.3, 322.0)(20.0, 322.0)(20.0, 234.5);GATE
Port:(20.0, 249.0)(24.7, 249.0)(24.7, 307.5)(20.0, 307.5);SD
Port:(181.3, 234.5)(181.3, 322.0)(26.7, 322.0)(26.7, 234.5);GATE
Port:(170.3, 240.6)(176.2, 240.6)(176.2, 315.9)(170.3, 315.9);SD
Module:M11
Boundary:(430.7, 427.8)(486.8, 427.8)(486.8, 626.7)(430.7, 626.7);GATE
Port:(446.1, 621.1)(471.4, 621.1)(471.4, 626.7)(446.1, 626.7);SD
Port:(430.7, 427.8)(486.8, 427.8)(486.8, 619.3)(430.7, 619.3);GATE
Port:(436.8, 432.9)(480.7, 432.9)(480.7, 440.1)(436.8, 440.1);SD
Module:M1
Boundary:(122.0, 30.0)(177.7, 30.0)(177.7, 30.0)(196.1, 30.0)(196.1, 179.7)(122.0, 179.7);GATE
Port:(136.9, 174.9)(181.2, 174.9)(181.2, 179.7)(136.9, 179.7);SD
Port:(122.0, 30.0)(177.7, 30.0)(177.7, 30.0)(196.1, 30.0)(196.1, 173.1)(122.0, 173.1);GATE
Port:(127.4, 34.4)(172.3, 34.4)(172.3, 41.6)(127.4, 41.6);SD
Module:M6
Boundary:(405.2, 255.3)(482.7, 255.3)(482.7, 255.5)(497.5, 255.5)(497.5, 407.8)(405.2, 407.8);GATE
Port:(417.9, 403.4)(484.8, 403.4)(484.8, 407.8)(417.9, 407.8);SD
Port:(405.2, 255.3)(482.7, 255.3)(482.7, 255.5)(497.5, 255.5)(497.5, 401.1)(405.2, 401.1);GATE
Port:(412.2, 261.3)(475.7, 261.3)(475.7, 266.3)(412.2, 266.3);SD
Module:M2
Boundary:(355.5, 141.9)(355.5, 210.6)(355.4, 210.6)(355.4, 227.4)(246.1, 227.4)(246.1, 141.9);GATE
Port:(246.1, 155.8)(251.7, 155.8)(251.7, 213.5)(246.1, 213.5);SD
Port:(355.5, 141.9)(355.5, 210.6)(355.4, 210.6)(355.4, 227.4)(253.0, 227.4)(253.0, 141.9);GATE
Port:(344.5, 147.6)(350.8, 147.6)(350.8, 204.9)(344.5, 204.9);SD
Module:M16
Boundary:(410.7, 503.9)(410.7, 611.0)(410.5, 611.0)(410.5, 628.5)(279.6, 628.5)(279.6, 503.9);GATE
Port:(279.6, 519.3)(284.9, 519.3)(284.9, 613.1)(279.6, 613.1);SD
Port:(410.7, 503.9)(410.7, 611.0)(410.5, 611.0)(410.5, 628.5)(286.6, 628.5)(286.6, 503.9);GATE
Port:(398.4, 509.3)(406.3, 509.3)(406.3, 605.6)(398.4, 605.6);SD
Module:M13
Boundary:(383.8, 257.4)(383.8, 311.6)(383.5, 311.6)(383.5, 329.4)(211.3, 329.4)(211.3, 257.4);GATE
Port:(211.3, 271.9)(215.5, 271.9)(215.5, 314.9)(211.3, 314.9);SD
Port:(383.8, 257.4)(383.8, 311.6)(383.5, 311.6)(383.5, 329.4)(217.6, 329.4)(217.6, 257.4);GATE
Port:(372.6, 263.5)(378.7, 263.5)(378.7, 305.5)(372.6, 305.5);SD
Module:M10
Boundary:(138.8, 466.6)(138.8, 520.3)(10.0, 520.3)(10.0, 466.6);GATE
Port:(10.0, 481.6)(14.2, 481.6)(14.2, 505.3)(10.0, 505.3);SD
Port:(138.8, 466.6)(138.8, 520.3)(15.5, 520.3)(15.5, 466.6);GATE
Port:(125.9, 472.9)(133.5, 472.9)(133.5, 514.0)(125.9, 514.0);SD
Module:M7
Boundary:(375.2, 362.0)(375.2, 473.9)(170.1, 473.9)(170.1, 362.0);GATE
Port:(170.1, 373.5)(175.5, 373.5)(175.5, 462.4)(170.1, 462.4);SD
Port:(375.2, 362.0)(375.2, 473.9)(177.4, 473.9)(177.4, 362.0);GATE
Port:(365.8, 367.1)(371.1, 367.1)(371.1, 468.8)(365.8, 468.8);SD
Module:M3
Boundary:(10.0, 10.0)(63.5, 10.0)(63.5, 10.0)(82.0, 10.0)(82.0, 204.5)(10.0, 204.5);GATE
Port:(23.9, 199.0)(68.1, 199.0)(68.1, 204.5)(23.9, 204.5);SD
Port:(10.0, 10.0)(63.5, 10.0)(63.5, 10.0)(82.0, 10.0)(82.0, 197.1)(10.0, 197.1);GATE
Port:(15.6, 14.6)(57.9, 14.6)(57.9, 20.6)(15.6, 20.6);SD
Module:M15
Boundary:(148.2, 540.3)(148.2, 622.9)(10.0, 622.9)(10.0, 540.3);GATE
Port:(10.0, 553.2)(15.3, 553.2)(15.3, 610.0)(10.0, 610.0);SD
Port:(148.2, 540.3)(148.2, 622.9)(17.1, 622.9)(17.1, 540.3);GATE
Port:(137.1, 545.5)(144.0, 545.5)(144.0, 617.7)(137.1, 617.7);SD
Module:M12
Boundary:(489.9, 131.9)(489.9, 235.3)(385.5, 235.3)(385.5, 131.9);GATE
Port:(385.5, 145.3)(391.0, 145.3)(391.0, 221.9)(385.5, 221.9);SD
Port:(489.9, 131.9)(489.9, 235.3)(392.5, 235.3)(392.5, 131.9);GATE
Port:(479.7, 138.5)(484.3, 138.5)(484.3, 228.7)(479.7, 228.7);SD
Module:M8
Boundary:(130.1, 362.0)(130.1, 436.6)(20.0, 436.6)(20.0, 362.0);GATE
Port:(20.0, 375.2)(24.5, 375.2)(24.5, 423.4)(20.0, 423.4);SD
Port:(130.1, 362.0)(130.1, 436.6)(27.2, 436.6)(27.2, 362.0);GATE
Port:(118.8, 368.0)(125.1, 368.0)(125.1, 430.6)(118.8, 430.6);SD
Module:M4
Boundary:(249.6, 513.9)(249.6, 609.5)(178.2, 609.5)(178.2, 513.9);GATE
Port:(178.2, 527.9)(182.3, 527.9)(182.3, 595.5)(178.2, 595.5);SD
Port:(249.6, 513.9)(249.6, 609.5)(184.4, 609.5)(184.4, 513.9);GATE
Port:(237.5, 520.5)(244.0, 520.5)(244.0, 602.9)(237.5, 602.9);SD
