Area:(-30.0, -30.0)(514.1, -30.0)(514.1, 696.2)(-30.0, 696.2)
Rule:GATE(5,5);SD(5,5);GATE_SD(0.5);GATE_ITO(0.5);SD_ITO(0.5)
Module:M14
Boundary:(214.2, 30.0)(330.1, 30.0)(330.1, 175.7)(214.2, 175.7);GATE
Port:(227.8, 171.5)(316.5, 171.5)(316.5, 175.7)(227.8, 175.7);SD
Port:(214.2, 30.0)(330.1, 30.0)(330.1, 169.8)(214.2, 169.8);GATE
Port:(219.7, 34.5)(324.6, 34.5)(324.6, 40.7)(219.7, 40.7);SD
Module:M9
Boundary:(332.3, 215.7)(332.3, 267.0)(332.3, 267.0)(332.3, 283.4)(194.2, 283.4)(194.2, 215.7);GATE
Port:(194.2, 229.3)(198.4, 229.3)(198.4, 269.8)(194.2, 269.8);SD
Port:(332.3, 215.7)(332.3, 267.0)(332.3, 267.0)(332.3, 283.4)(199.9, 283.4)(199.9, 215.7);GATE
Port:(320.9, 221.1)(327.9, 221.1)(327.9, 261.6)(320.9, 261.6);SD
Module:M5
Boundary:(384.9, 544.5)(448.4, 544.5)(448.4, 544.7)(463.6, 544.7)(463.6, 648.7)(384.9, 648.7);GATE
Port:(398.3, 642.9)(450.2, 642.9)(450.2, 648.7)(398.3, 648.7);SD
Port:(384.9, 544.5)(448.4, 544.5)(448.4, 544.7)(463.6, 544.7)(463.6, 640.7)(384.9, 640.7);GATE
Port:(391.0, 549.6)(442.3, 549.6)(442.3, 555.4)(391.0, 555.4);SD
Module:M11
Boundary:(136.2, 457.7)(136.2, 523.7)(135.9, 523.7)(135.9, 539.8)(10.0, 539.8)(10.0, 457.7);GATE
Port:(10.0, 470.7)(15.5, 470.7)(15.5, 526.8)(10.0, 526.8);SD
Port:(136.2, 457.7)(136.2, 523.7)(135.9, 523.7)(135.9, 539.8)(18.4, 539.8)(18.4, 457.7);GATE
Port:(125.5, 464.3)(130.6, 464.3)(130.6, 517.1)(125.5, 517.1);SD
Module:M1
Boundary:(390.1, 30.0)(434.0, 30.0)(434.0, 30.2)(448.6, 30.2)(448.6, 181.7)(390.1, 181.7);GATE
Port:(401.6, 177.6)(437.1, 177.6)(437.1, 181.7)(401.6, 181.7);SD
Port:(390.1, 30.0)(434.0, 30.0)(434.0, 30.2)(448.6, 30.2)(448.6, 175.1)(390.1, 175.1);GATE
Port:(395.3, 34.2)(428.8, 34.2)(428.8, 39.1)(395.3, 39.1);SD
Module:M6
Boundary:(104.2, 10.0)(174.2, 10.0)(174.2, 207.7)(104.2, 207.7);GATE
Port:(117.9, 202.7)(160.5, 202.7)(160.5, 207.7)(117.9, 207.7);SD
Port:(104.2, 10.0)(174.2, 10.0)(174.2, 200.4)(104.2, 200.4);GATE
Port:(109.7, 14.5)(168.7, 14.5)(168.7, 20.3)(109.7, 20.3);SD
Module:M2
Boundary:(123.5, 569.8)(123.5, 630.8)(20.0, 630.8)(20.0, 569.8);GATE
Port:(20.0, 582.2)(24.9, 582.2)(24.9, 618.4)(20.0, 618.4);SD
Port:(123.5, 569.8)(123.5, 630.8)(27.1, 630.8)(27.1, 569.8);GATE
Port:(113.2, 575.9)(118.4, 575.9)(118.4, 624.7)(113.2, 624.7);SD
Module:M16
Boundary:(319.8, 457.7)(319.8, 509.7)(319.4, 509.7)(319.4, 526.8)(156.2, 526.8)(156.2, 457.7);GATE
Port:(156.2, 472.0)(161.3, 472.0)(161.3, 512.5)(156.2, 512.5);SD
Port:(319.8, 457.7)(319.8, 509.7)(319.4, 509.7)(319.4, 526.8)(164.1, 526.8)(164.1, 457.7);GATE
Port:(308.9, 464.0)(314.5, 464.0)(314.5, 503.4)(308.9, 503.4);SD
Module:M13
Boundary:(10.0, 150.2)(78.0, 150.2)(78.0, 292.1)(10.0, 292.1);GATE
Port:(23.6, 286.4)(64.4, 286.4)(64.4, 292.1)(23.6, 292.1);SD
Port:(10.0, 150.2)(78.0, 150.2)(78.0, 284.0)(10.0, 284.0);GATE
Port:(16.0, 155.2)(72.0, 155.2)(72.0, 162.1)(16.0, 162.1);SD
Module:M10
Boundary:(84.2, 10.0)(84.2, 113.3)(83.9, 113.3)(83.9, 130.2)(10.0, 130.2)(10.0, 10.0);GATE
Port:(10.0, 24.3)(14.7, 24.3)(14.7, 115.9)(10.0, 115.9);SD
Port:(84.2, 10.0)(84.2, 113.3)(83.9, 113.3)(83.9, 130.2)(17.7, 130.2)(17.7, 10.0);GATE
Port:(72.9, 16.2)(79.0, 16.2)(79.0, 107.1)(72.9, 107.1);SD
Module:M7
Boundary:(20.0, 354.6)(111.9, 354.6)(111.9, 354.8)(127.3, 354.8)(127.3, 427.7)(20.0, 427.7);GATE
Port:(31.8, 422.0)(115.5, 422.0)(115.5, 427.7)(31.8, 427.7);SD
Port:(20.0, 354.6)(111.9, 354.6)(111.9, 354.8)(127.3, 354.8)(127.3, 420.8)(20.0, 420.8);GATE
Port:(25.3, 358.9)(106.6, 358.9)(106.6, 363.9)(25.3, 363.9);SD
Module:M3
Boundary:(474.1, 454.1)(474.1, 514.5)(339.8, 514.5)(339.8, 454.1);GATE
Port:(339.8, 466.4)(344.1, 466.4)(344.1, 502.2)(339.8, 502.2);SD
Port:(474.1, 454.1)(474.1, 514.5)(345.2, 514.5)(345.2, 454.1);GATE
Port:(464.1, 459.6)(469.6, 459.6)(469.6, 509.0)(464.1, 509.0);SD
Module:M15
Boundary:(98.0, 227.7)(149.8, 227.7)(149.8, 228.0)(166.2, 228.0)(166.2, 324.6)(98.0, 324.6);GATE
Port:(111.9, 319.3)(152.3, 319.3)(152.3, 324.6)(111.9, 324.6);SD
Port:(98.0, 227.7)(149.8, 227.7)(149.8, 228.0)(166.2, 228.0)(166.2, 316.7)(98.0, 316.7);GATE
Port:(104.8, 233.5)(143.0, 233.5)(143.0, 239.3)(104.8, 239.3);SD
Module:M12
Boundary:(354.9, 546.8)(354.9, 656.2)(156.2, 656.2)(156.2, 546.8);GATE
Port:(156.2, 561.4)(162.1, 561.4)(162.1, 641.6)(156.2, 641.6);SD
Port:(354.9, 546.8)(354.9, 656.2)(164.6, 656.2)(164.6, 546.8);GATE
Port:(343.6, 553.7)(349.0, 553.7)(349.0, 649.3)(343.6, 649.3);SD
Module:M8
Boundary:(370.7, 231.7)(461.2, 231.7)(461.2, 411.7)(370.7, 411.7);GATE
Port:(382.9, 406.8)(449.0, 406.8)(449.0, 411.7)(382.9, 411.7);SD
Port:(370.7, 231.7)(461.2, 231.7)(461.2, 404.6)(370.7, 404.6);GATE
Port:(375.7, 235.7)(456.2, 235.7)(456.2, 241.5)(375.7, 241.5);SD
Module:M4
Boundary:(330.7, 313.4)(330.7, 405.8)(330.6, 405.8)(330.6, 424.1)(196.2, 424.1)(196.2, 313.4);GATE
Port:(196.2, 328.7)(202.1, 328.7)(202.1, 408.8)(196.2, 408.8);SD
Port:(330.7, 313.4)(330.7, 405.8)(330.6, 405.8)(330.6, 424.1)(203.3, 424.1)(203.3, 313.4);GATE
Port:(318.7, 319.6)(325.5, 319.6)(325.5, 399.6)(318.7, 399.6);SD
