Area:(-30.0, -30.0)(637.6, -30.0)(637.6, 598.7)(-30.0, 598.7)
Rule:GATE(5,5);SD(5,5);GATE_SD(0.5);GATE_ITO(0.5);SD_ITO(0.5)
Module:M14
Boundary:(316.3, 30.0)(316.3, 98.4)(102.7, 98.4)(102.7, 30.0);GATE
Port:(102.7, 45.7)(107.2, 45.7)(107.2, 82.7)(102.7, 82.7);SD
Port:(316.3, 30.0)(316.3, 98.4)(108.5, 98.4)(108.5, 30.0);GATE
Port:(303.1, 36.8)(310.5, 36.8)(310.5, 91.6)(303.1, 91.6);SD
Module:M9
Boundary:(10.0, 10.0)(45.7, 10.0)(45.7, 10.0)(62.7, 10.0)(62.7, 190.9)(10.0, 190.9);GATE
Port:(24.4, 185.4)(48.3, 185.4)(48.3, 190.9)(24.4, 190.9);SD
Port:(10.0, 10.0)(45.7, 10.0)(45.7, 10.0)(62.7, 10.0)(62.7, 183.8)(10.0, 183.8);GATE
Port:(15.8, 14.8)(39.9, 14.8)(39.9, 21.1)(15.8, 21.1);SD
Module:M5
Boundary:(360.5, 357.0)(456.5, 357.0)(456.5, 357.1)(472.3, 357.1)(472.3, 424.9)(360.5, 424.9);GATE
Port:(373.5, 420.6)(459.3, 420.6)(459.3, 424.9)(373.5, 424.9);SD
Port:(360.5, 357.0)(456.5, 357.0)(456.5, 357.1)(472.3, 357.1)(472.3, 418.6)(360.5, 418.6);GATE
Port:(366.0, 361.5)(451.0, 361.5)(451.0, 367.4)(366.0, 367.4);SD
Module:M11
Boundary:(279.6, 279.1)(279.6, 328.4)(279.5, 328.4)(279.5, 342.7)(82.7, 342.7)(82.7, 279.1);GATE
Port:(82.7, 293.6)(88.1, 293.6)(88.1, 328.2)(82.7, 328.2);SD
Port:(279.6, 279.1)(279.6, 328.4)(279.5, 328.4)(279.5, 342.7)(90.6, 342.7)(90.6, 279.1);GATE
Port:(267.0, 285.4)(274.3, 285.4)(274.3, 322.1)(267.0, 322.1);SD
Module:M1
Boundary:(455.1, 30.0)(455.1, 105.1)(376.3, 105.1)(376.3, 30.0);GATE
Port:(376.3, 46.5)(380.4, 46.5)(380.4, 88.6)(376.3, 88.6);SD
Port:(455.1, 30.0)(455.1, 105.1)(382.6, 105.1)(382.6, 30.0);GATE
Port:(441.3, 36.8)(449.3, 36.8)(449.3, 98.3)(441.3, 98.3);SD
Module:M6
Boundary:(172.6, 362.7)(172.6, 433.5)(172.4, 433.5)(172.4, 447.1)(82.7, 447.1)(82.7, 362.7);GATE
Port:(82.7, 374.2)(87.3, 374.2)(87.3, 435.6)(82.7, 435.6);SD
Port:(172.6, 362.7)(172.6, 433.5)(172.4, 433.5)(172.4, 447.1)(90.2, 447.1)(90.2, 362.7);GATE
Port:(162.8, 368.7)(167.6, 368.7)(167.6, 427.5)(162.8, 427.5);SD
Module:M2
Boundary:(505.1, 20.0)(560.3, 20.0)(560.3, 126.9)(505.1, 126.9);GATE
Port:(515.7, 122.3)(549.7, 122.3)(549.7, 126.9)(515.7, 126.9);SD
Port:(505.1, 20.0)(560.3, 20.0)(560.3, 120.3)(505.1, 120.3);GATE
Port:(510.3, 24.2)(555.1, 24.2)(555.1, 29.1)(510.3, 29.1);SD
Module:M16
Boundary:(487.3, 454.9)(487.3, 555.4)(283.3, 555.4)(283.3, 454.9);GATE
Port:(283.3, 469.0)(289.0, 469.0)(289.0, 541.3)(283.3, 541.3);SD
Port:(487.3, 454.9)(487.3, 555.4)(290.3, 555.4)(290.3, 454.9);GATE
Port:(475.6, 461.6)(481.6, 461.6)(481.6, 548.7)(475.6, 548.7);SD
Module:M13
Boundary:(507.3, 319.0)(597.6, 319.0)(597.6, 514.0)(507.3, 514.0);GATE
Port:(518.9, 508.4)(586.0, 508.4)(586.0, 514.0)(518.9, 514.0);SD
Port:(507.3, 319.0)(597.6, 319.0)(597.6, 505.8)(507.3, 505.8);GATE
Port:(512.4, 323.1)(592.5, 323.1)(592.5, 328.7)(512.4, 328.7);SD
Module:M10
Boundary:(170.2, 467.1)(170.2, 541.0)(170.1, 541.0)(170.1, 558.7)(10.0, 558.7)(10.0, 467.1);GATE
Port:(10.0, 483.0)(14.2, 483.0)(14.2, 542.8)(10.0, 542.8);SD
Port:(170.2, 467.1)(170.2, 541.0)(170.1, 541.0)(170.1, 558.7)(17.1, 558.7)(17.1, 467.1);GATE
Port:(157.4, 473.6)(164.7, 473.6)(164.7, 534.5)(157.4, 534.5);SD
Module:M7
Boundary:(254.2, 148.4)(254.2, 232.7)(253.8, 232.7)(253.8, 249.1)(92.7, 249.1)(92.7, 148.4);GATE
Port:(92.7, 162.2)(97.1, 162.2)(97.1, 235.3)(92.7, 235.3);SD
Port:(254.2, 148.4)(254.2, 232.7)(253.8, 232.7)(253.8, 249.1)(98.9, 249.1)(98.9, 148.4);GATE
Port:(242.6, 154.6)(249.0, 154.6)(249.0, 226.5)(242.6, 226.5);SD
Module:M3
Boundary:(192.6, 444.0)(246.1, 444.0)(246.1, 444.3)(263.3, 444.3)(263.3, 543.2)(192.6, 543.2);GATE
Port:(207.7, 537.9)(248.2, 537.9)(248.2, 543.2)(207.7, 543.2);SD
Port:(192.6, 444.0)(246.1, 444.0)(246.1, 444.3)(263.3, 444.3)(263.3, 536.1)(192.6, 536.1);GATE
Port:(198.2, 448.6)(240.5, 448.6)(240.5, 455.9)(198.2, 455.9);SD
Module:M15
Boundary:(330.5, 362.7)(330.5, 409.7)(330.3, 409.7)(330.3, 424.0)(192.6, 424.0)(192.6, 362.7);GATE
Port:(192.6, 375.8)(196.7, 375.8)(196.7, 410.9)(192.6, 410.9);SD
Port:(330.5, 362.7)(330.5, 409.7)(330.3, 409.7)(330.3, 424.0)(199.4, 424.0)(199.4, 362.7);GATE
Port:(319.4, 368.6)(325.6, 368.6)(325.6, 403.8)(319.4, 403.8);SD
Module:M12
Boundary:(439.1, 145.1)(439.1, 222.3)(284.2, 222.3)(284.2, 145.1);GATE
Port:(284.2, 158.6)(288.8, 158.6)(288.8, 208.8)(284.2, 208.8);SD
Port:(439.1, 145.1)(439.1, 222.3)(291.0, 222.3)(291.0, 145.1);GATE
Port:(427.6, 151.0)(434.2, 151.0)(434.2, 216.4)(427.6, 216.4);SD
Module:M8
Boundary:(429.2, 252.3)(429.2, 301.9)(429.2, 301.9)(429.2, 317.0)(309.6, 317.0)(309.6, 252.3);GATE
Port:(309.6, 266.5)(314.8, 266.5)(314.8, 302.8)(309.6, 302.8);SD
Port:(429.2, 252.3)(429.2, 301.9)(429.2, 301.9)(429.2, 317.0)(316.1, 317.0)(316.1, 252.3);GATE
Port:(417.2, 259.3)(423.2, 259.3)(423.2, 294.9)(417.2, 294.9);SD
Module:M4
Boundary:(469.2, 166.9)(577.5, 166.9)(577.5, 289.0)(469.2, 289.0);GATE
Port:(483.1, 284.6)(563.6, 284.6)(563.6, 289.0)(483.1, 289.0);SD
Port:(469.2, 166.9)(577.5, 166.9)(577.5, 282.1)(469.2, 282.1);GATE
Port:(476.1, 172.8)(570.6, 172.8)(570.6, 179.2)(476.1, 179.2);SD
