Area:(-30.0, -30.0)(659.5, -30.0)(659.5, 546.1)(-30.0, 546.1)
Rule:GATE(5,5);SD(5,5);GATE_SD(0.5);GATE_ITO(0.5);SD_ITO(0.5)
Module:M14
Boundary:(505.3, 274.7)(605.9, 274.7)(605.9, 449.6)(505.3, 449.6);GATE
Port:(520.3, 443.7)(590.9, 443.7)(590.9, 449.6)(520.3, 449.6);SD
Port:(505.3, 274.7)(605.9, 274.7)(605.9, 442.6)(505.3, 442.6);GATE
Port:(511.5, 279.9)(599.7, 279.9)(599.7, 287.4)(511.5, 287.4);SD
Module:M9
Boundary:(377.6, 254.7)(451.4, 254.7)(451.4, 254.7)(465.3, 254.7)(465.3, 363.8)(377.6, 363.8);GATE
Port:(390.3, 358.1)(452.6, 358.1)(452.6, 363.8)(390.3, 363.8);SD
Port:(377.6, 254.7)(451.4, 254.7)(451.4, 254.7)(465.3, 254.7)(465.3, 355.3)(377.6, 355.3);GATE
Port:(384.3, 260.4)(444.7, 260.4)(444.7, 265.7)(384.3, 265.7);SD
Module:M5
Boundary:(369.9, 142.9)(369.9, 206.0)(213.8, 206.0)(213.8, 142.9);GATE
Port:(213.8, 155.8)(218.6, 155.8)(218.6, 193.1)(213.8, 193.1);SD
Port:(369.9, 142.9)(369.9, 206.0)(219.7, 206.0)(219.7, 142.9);GATE
Port:(358.7, 149.1)(364.7, 149.1)(364.7, 199.8)(358.7, 199.8);SD
Module:M11
Boundary:(317.5, 443.8)(317.5, 490.9)(317.4, 490.9)(317.4, 506.1)(184.4, 506.1)(184.4, 443.8);GATE
Port:(184.4, 455.8)(189.5, 455.8)(189.5, 494.1)(184.4, 494.1);SD
Port:(317.5, 443.8)(317.5, 490.9)(317.4, 490.9)(317.4, 506.1)(191.1, 506.1)(191.1, 443.8);GATE
Port:(307.3, 449.9)(312.4, 449.9)(312.4, 484.8)(307.3, 484.8);SD
Module:M1
Boundary:(361.0, 403.8)(423.0, 403.8)(423.0, 474.7)(361.0, 474.7);GATE
Port:(372.5, 469.7)(411.5, 469.7)(411.5, 474.7)(372.5, 474.7);SD
Port:(361.0, 403.8)(423.0, 403.8)(423.0, 468.6)(361.0, 468.6);GATE
Port:(366.0, 407.8)(418.0, 407.8)(418.0, 413.0)(366.0, 413.0);SD
Module:M6
Boundary:(109.4, 10.0)(109.4, 115.5)(10.0, 115.5)(10.0, 10.0);GATE
Port:(10.0, 25.0)(14.7, 25.0)(14.7, 100.5)(10.0, 100.5);SD
Port:(109.4, 10.0)(109.4, 115.5)(15.8, 115.5)(15.8, 10.0);GATE
Port:(97.5, 15.8)(104.6, 15.8)(104.6, 109.7)(97.5, 109.7);SD
Module:M2
Boundary:(347.6, 246.0)(347.6, 310.9)(347.4, 310.9)(347.4, 326.0)(213.8, 326.0)(213.8, 246.0);GATE
Port:(213.8, 259.7)(219.4, 259.7)(219.4, 312.3)(213.8, 312.3);SD
Port:(347.6, 246.0)(347.6, 310.9)(347.4, 310.9)(347.4, 326.0)(221.1, 326.0)(221.1, 246.0);GATE
Port:(336.1, 253.0)(341.6, 253.0)(341.6, 303.9)(336.1, 303.9);SD
Module:M16
Boundary:(321.0, 356.0)(321.0, 408.0)(320.9, 408.0)(320.9, 423.8)(203.8, 423.8)(203.8, 356.0);GATE
Port:(203.8, 370.7)(209.0, 370.7)(209.0, 409.1)(203.8, 409.1);SD
Port:(321.0, 356.0)(321.0, 408.0)(320.9, 408.0)(320.9, 423.8)(210.5, 423.8)(210.5, 356.0);GATE
Port:(308.5, 362.1)(315.9, 362.1)(315.9, 401.9)(308.5, 401.9);SD
Module:M13
Boundary:(183.8, 135.5)(183.8, 169.6)(183.6, 169.6)(183.6, 187.0)(10.0, 187.0)(10.0, 135.5);GATE
Port:(10.0, 148.6)(14.2, 148.6)(14.2, 173.9)(10.0, 173.9);SD
Port:(183.8, 135.5)(183.8, 169.6)(183.6, 169.6)(183.6, 187.0)(16.3, 187.0)(16.3, 135.5);GATE
Port:(173.5, 140.8)(179.5, 140.8)(179.5, 164.3)(173.5, 164.3);SD
Module:M10
Boundary:(180.2, 207.0)(180.2, 294.7)(10.0, 294.7)(10.0, 207.0);GATE
Port:(10.0, 221.9)(14.3, 221.9)(14.3, 279.8)(10.0, 279.8);SD
Port:(180.2, 207.0)(180.2, 294.7)(17.3, 294.7)(17.3, 207.0);GATE
Port:(168.4, 213.7)(174.5, 213.7)(174.5, 288.0)(168.4, 288.0);SD
Module:M7
Boundary:(431.2, 20.0)(431.2, 102.9)(252.1, 102.9)(252.1, 20.0);GATE
Port:(252.1, 33.3)(257.1, 33.3)(257.1, 89.6)(252.1, 89.6);SD
Port:(431.2, 20.0)(431.2, 102.9)(258.9, 102.9)(258.9, 20.0);GATE
Port:(421.2, 26.1)(426.1, 26.1)(426.1, 96.8)(421.2, 96.8);SD
Module:M3
Boundary:(182.6, 314.7)(182.6, 389.6)(182.4, 389.6)(182.4, 408.0)(10.0, 408.0)(10.0, 314.7);GATE
Port:(10.0, 329.8)(15.7, 329.8)(15.7, 392.9)(10.0, 392.9);SD
Port:(182.6, 314.7)(182.6, 389.6)(182.4, 389.6)(182.4, 408.0)(17.9, 408.0)(17.9, 314.7);GATE
Port:(170.9, 321.3)(177.0, 321.3)(177.0, 383.0)(170.9, 383.0);SD
Module:M15
Boundary:(222.1, 10.0)(222.1, 108.9)(129.4, 108.9)(129.4, 10.0);GATE
Port:(129.4, 22.9)(135.1, 22.9)(135.1, 96.0)(129.4, 96.0);SD
Port:(222.1, 10.0)(222.1, 108.9)(137.8, 108.9)(137.8, 10.0);GATE
Port:(211.8, 15.5)(217.6, 15.5)(217.6, 103.4)(211.8, 103.4);SD
Module:M12
Boundary:(164.4, 428.0)(164.4, 487.5)(164.2, 487.5)(164.2, 502.3)(10.0, 502.3)(10.0, 428.0);GATE
Port:(10.0, 439.5)(15.0, 439.5)(15.0, 490.8)(10.0, 490.8);SD
Port:(164.4, 428.0)(164.4, 487.5)(164.2, 487.5)(164.2, 502.3)(17.1, 502.3)(17.1, 428.0);GATE
Port:(154.7, 433.4)(160.0, 433.4)(160.0, 482.1)(154.7, 482.1);SD
Module:M8
Boundary:(605.2, 158.7)(605.2, 224.7)(409.9, 224.7)(409.9, 158.7);GATE
Port:(409.9, 170.8)(415.9, 170.8)(415.9, 212.6)(409.9, 212.6);SD
Port:(605.2, 158.7)(605.2, 224.7)(416.9, 224.7)(416.9, 158.7);GATE
Port:(595.6, 163.8)(601.1, 163.8)(601.1, 219.6)(595.6, 219.6);SD
Module:M4
Boundary:(619.5, 20.0)(619.5, 102.6)(619.1, 102.6)(619.1, 118.7)(471.2, 118.7)(471.2, 20.0);GATE
Port:(471.2, 34.0)(475.8, 34.0)(475.8, 104.7)(471.2, 104.7);SD
Port:(619.5, 20.0)(619.5, 102.6)(619.1, 102.6)(619.1, 118.7)(477.3, 118.7)(477.3, 20.0);GATE
Port:(608.1, 26.1)(614.4, 26.1)(614.4, 96.5)(608.1, 96.5);SD
