Area:(-30.0, -30.0)(459.1, -30.0)(459.1, 905.3)(-30.0, 905.3)
Rule:GATE(5,5);SD(5,5);GATE_SD(0.5);GATE_ITO(0.5);SD_ITO(0.5)
Module:M14
Boundary:(30.0, 172.7)(122.6, 172.7)(122.6, 172.9)(137.6, 172.9)(137.6, 352.4)(30.0, 352.4);GATE
Port:(42.7, 347.8)(124.9, 347.8)(124.9, 352.4)(42.7, 352.4);SD
Port:(30.0, 172.7)(122.6, 172.7)(122.6, 172.9)(137.6, 172.9)(137.6, 345.7)(30.0, 345.7);GATE
Port:(35.6, 177.3)(117.0, 177.3)(117.0, 183.3)(35.6, 183.3);SD
Module:M9
Boundary:(159.4, 10.0)(159.4, 90.6)(91.4, 90.6)(91.4, 10.0);GATE
Port:(91.4, 23.3)(95.9, 23.3)(95.9, 77.3)(91.4, 77.3);SD
Port:(159.4, 10.0)(159.4, 90.6)(97.6, 90.6)(97.6, 10.0);GATE
Port:(148.1, 16.8)(153.6, 16.8)(153.6, 83.8)(148.1, 83.8);SD
Module:M5
Boundary:(322.7, 144.2)(395.8, 144.2)(395.8, 144.3)(409.3, 144.3)(409.3, 263.7)(322.7, 263.7);GATE
Port:(335.8, 258.8)(396.2, 258.8)(396.2, 263.7)(335.8, 263.7);SD
Port:(322.7, 144.2)(395.8, 144.2)(395.8, 144.3)(409.3, 144.3)(409.3, 257.3)(322.7, 257.3);GATE
Port:(329.4, 149.9)(389.1, 149.9)(389.1, 155.6)(329.4, 155.6);SD
Module:M11
Boundary:(327.2, 620.0)(418.4, 620.0)(418.4, 763.1)(327.2, 763.1);GATE
Port:(339.7, 758.9)(405.9, 758.9)(405.9, 763.1)(339.7, 763.1);SD
Port:(327.2, 620.0)(418.4, 620.0)(418.4, 755.9)(327.2, 755.9);GATE
Port:(332.5, 624.3)(413.1, 624.3)(413.1, 630.9)(332.5, 630.9);SD
Module:M1
Boundary:(372.9, 346.2)(372.9, 473.0)(199.4, 473.0)(199.4, 346.2);GATE
Port:(199.4, 360.1)(204.1, 360.1)(204.1, 459.1)(199.4, 459.1);SD
Port:(372.9, 346.2)(372.9, 473.0)(205.3, 473.0)(205.3, 346.2);GATE
Port:(362.3, 351.7)(368.4, 351.7)(368.4, 467.5)(362.3, 467.5);SD
Module:M6
Boundary:(10.0, 10.0)(56.4, 10.0)(56.4, 10.1)(71.4, 10.1)(71.4, 132.7)(10.0, 132.7);GATE
Port:(22.7, 128.2)(58.7, 128.2)(58.7, 132.7)(22.7, 132.7);SD
Port:(10.0, 10.0)(56.4, 10.0)(56.4, 10.1)(71.4, 10.1)(71.4, 126.3)(10.0, 126.3);GATE
Port:(16.5, 15.5)(49.9, 15.5)(49.9, 19.9)(16.5, 19.9);SD
Module:M2
Boundary:(20.0, 656.0)(82.1, 656.0)(82.1, 656.1)(97.8, 656.1)(97.8, 858.7)(20.0, 858.7);GATE
Port:(31.4, 852.8)(86.4, 852.8)(86.4, 858.7)(31.4, 858.7);SD
Port:(20.0, 656.0)(82.1, 656.0)(82.1, 656.1)(97.8, 656.1)(97.8, 850.5)(20.0, 850.5);GATE
Port:(25.3, 660.3)(76.8, 660.3)(76.8, 665.6)(25.3, 665.6);SD
Module:M16
Boundary:(419.1, 10.0)(419.1, 95.2)(340.8, 95.2)(340.8, 10.0);GATE
Port:(340.8, 25.1)(344.9, 25.1)(344.9, 80.1)(340.8, 80.1);SD
Port:(419.1, 10.0)(419.1, 95.2)(347.3, 95.2)(347.3, 10.0);GATE
Port:(406.7, 17.0)(413.1, 17.0)(413.1, 88.2)(406.7, 88.2);SD
Module:M13
Boundary:(307.2, 637.2)(307.2, 752.4)(159.7, 752.4)(159.7, 637.2);GATE
Port:(159.7, 649.9)(164.3, 649.9)(164.3, 739.7)(159.7, 739.7);SD
Port:(307.2, 637.2)(307.2, 752.4)(165.8, 752.4)(165.8, 637.2);GATE
Port:(297.6, 643.6)(301.8, 643.6)(301.8, 746.0)(297.6, 746.0);SD
Module:M10
Boundary:(414.9, 513.0)(414.9, 586.1)(414.8, 586.1)(414.8, 600.0)(276.6, 600.0)(276.6, 513.0);GATE
Port:(276.6, 525.4)(281.4, 525.4)(281.4, 587.6)(276.6, 587.6);SD
Port:(414.9, 513.0)(414.9, 586.1)(414.8, 586.1)(414.8, 600.0)(283.6, 600.0)(283.6, 513.0);GATE
Port:(404.5, 518.3)(410.6, 518.3)(410.6, 580.8)(404.5, 580.8);SD
Module:M7
Boundary:(189.4, 20.0)(293.7, 20.0)(293.7, 20.0)(310.8, 20.0)(310.8, 104.2)(189.4, 104.2);GATE
Port:(203.5, 98.4)(296.7, 98.4)(296.7, 104.2)(203.5, 104.2);SD
Port:(189.4, 20.0)(293.7, 20.0)(293.7, 20.0)(310.8, 20.0)(310.8, 95.9)(189.4, 95.9);GATE
Port:(195.7, 25.3)(287.4, 25.3)(287.4, 31.1)(195.7, 31.1);SD
Module:M3
Boundary:(127.8, 772.4)(186.7, 772.4)(186.7, 865.3)(127.8, 865.3);GATE
Port:(139.9, 860.7)(174.6, 860.7)(174.6, 865.3)(139.9, 865.3);SD
Port:(127.8, 772.4)(186.7, 772.4)(186.7, 858.6)(127.8, 858.6);GATE
Port:(134.1, 777.7)(180.4, 777.7)(180.4, 782.8)(134.1, 782.8);SD
Module:M15
Boundary:(179.4, 513.0)(256.6, 513.0)(256.6, 617.2)(179.4, 617.2);GATE
Port:(193.1, 612.4)(242.9, 612.4)(242.9, 617.2)(193.1, 617.2);SD
Port:(179.4, 513.0)(256.6, 513.0)(256.6, 609.6)(179.4, 609.6);GATE
Port:(186.2, 518.8)(249.8, 518.8)(249.8, 524.5)(186.2, 524.5);SD
Module:M12
Boundary:(179.4, 134.2)(276.8, 134.2)(276.8, 134.5)(292.7, 134.5)(292.7, 306.2)(179.4, 306.2);GATE
Port:(192.4, 301.2)(279.7, 301.2)(279.7, 306.2)(192.4, 306.2);SD
Port:(179.4, 134.2)(276.8, 134.2)(276.8, 134.5)(292.7, 134.5)(292.7, 298.8)(179.4, 298.8);GATE
Port:(185.8, 139.6)(270.4, 139.6)(270.4, 145.3)(185.8, 145.3);SD
Module:M8
Boundary:(401.9, 793.1)(401.9, 858.2)(216.7, 858.2)(216.7, 793.1);GATE
Port:(216.7, 807.8)(222.3, 807.8)(222.3, 843.5)(216.7, 843.5);SD
Port:(401.9, 793.1)(401.9, 858.2)(225.2, 858.2)(225.2, 793.1);GATE
Port:(389.3, 799.4)(396.6, 799.4)(396.6, 851.9)(389.3, 851.9);SD
Module:M4
Boundary:(20.0, 402.4)(111.4, 402.4)(111.4, 402.8)(129.7, 402.8)(129.7, 616.0)(20.0, 616.0);GATE
Port:(34.6, 610.6)(115.1, 610.6)(115.1, 616.0)(34.6, 616.0);SD
Port:(20.0, 402.4)(111.4, 402.4)(111.4, 402.8)(129.7, 402.8)(129.7, 608.5)(20.0, 608.5);GATE
Port:(26.3, 407.7)(105.1, 407.7)(105.1, 413.7)(26.3, 413.7);SD
