Area:(-30.0, -30.0)(913.5, -30.0)(913.5, 468.0)(-30.0, 468.0)
Rule:GATE(5,5);SD(5,5);GATE_SD(0.5);GATE_ITO(0.5);SD_ITO(0.5)
Module:M14
Boundary:(358.4, 302.2)(358.4, 399.8)(357.9, 399.8)(357.9, 416.1)(170.9, 416.1)(170.9, 302.2);GATE
Port:(170.9, 315.3)(176.5, 315.3)(176.5, 403.0)(170.9, 403.0);SD
Port:(358.4, 302.2)(358.4, 399.8)(357.9, 399.8)(357.9, 416.1)(179.2, 416.1)(179.2, 302.2);GATE
Port:(347.9, 307.7)(353.9, 307.7)(353.9, 394.3)(347.9, 394.3);SD
Module:M9
Boundary:(378.9, 182.0)(378.9, 246.3)(378.9, 246.3)(378.9, 262.2)(162.5, 262.2)(162.5, 182.0);GATE
Port:(162.5, 195.2)(167.2, 195.2)(167.2, 249.0)(162.5, 249.0);SD
Port:(378.9, 182.0)(378.9, 246.3)(378.9, 246.3)(378.9, 262.2)(170.0, 262.2)(170.0, 182.0);GATE
Port:(369.1, 187.3)(374.6, 187.3)(374.6, 241.0)(369.1, 241.0);SD
Module:M5
Boundary:(526.8, 192.0)(526.8, 269.8)(408.9, 269.8)(408.9, 192.0);GATE
Port:(408.9, 205.1)(414.2, 205.1)(414.2, 256.7)(408.9, 256.7);SD
Port:(526.8, 192.0)(526.8, 269.8)(416.7, 269.8)(416.7, 192.0);GATE
Port:(516.1, 198.3)(521.5, 198.3)(521.5, 263.5)(516.1, 263.5);SD
Module:M11
Boundary:(676.6, 149.6)(730.0, 149.6)(730.0, 149.8)(748.1, 149.8)(748.1, 250.2)(676.6, 250.2);GATE
Port:(690.7, 245.7)(734.0, 245.7)(734.0, 250.2)(690.7, 250.2);SD
Port:(676.6, 149.6)(730.0, 149.6)(730.0, 149.8)(748.1, 149.8)(748.1, 244.0)(676.6, 244.0);GATE
Port:(681.6, 153.6)(725.0, 153.6)(725.0, 160.3)(681.6, 160.3);SD
Module:M1
Boundary:(392.5, 30.0)(392.5, 142.0)(209.1, 142.0)(209.1, 30.0);GATE
Port:(209.1, 42.8)(213.5, 42.8)(213.5, 129.2)(209.1, 129.2);SD
Port:(392.5, 30.0)(392.5, 142.0)(216.2, 142.0)(216.2, 30.0);GATE
Port:(381.6, 35.9)(387.6, 35.9)(387.6, 136.1)(381.6, 136.1);SD
Module:M6
Boundary:(142.5, 124.2)(142.5, 214.0)(10.0, 214.0)(10.0, 124.2);GATE
Port:(10.0, 137.2)(14.0, 137.2)(14.0, 201.0)(10.0, 201.0);SD
Port:(142.5, 124.2)(142.5, 214.0)(16.9, 214.0)(16.9, 124.2);GATE
Port:(132.9, 129.2)(138.5, 129.2)(138.5, 209.0)(132.9, 209.0);SD
Module:M2
Boundary:(771.8, 20.0)(771.8, 119.6)(572.4, 119.6)(572.4, 20.0);GATE
Port:(572.4, 34.1)(576.9, 34.1)(576.9, 105.5)(572.4, 105.5);SD
Port:(771.8, 20.0)(771.8, 119.6)(578.7, 119.6)(578.7, 20.0);GATE
Port:(760.2, 26.1)(766.7, 26.1)(766.7, 113.5)(760.2, 113.5);SD
Module:M16
Boundary:(115.4, 323.6)(115.4, 425.3)(10.0, 425.3)(10.0, 323.6);GATE
Port:(10.0, 338.0)(15.4, 338.0)(15.4, 410.9)(10.0, 410.9);SD
Port:(115.4, 323.6)(115.4, 425.3)(16.7, 425.3)(16.7, 323.6);GATE
Port:(104.1, 329.1)(110.9, 329.1)(110.9, 419.8)(104.1, 419.8);SD
Module:M13
Boundary:(562.4, 149.6)(656.6, 149.6)(656.6, 294.1)(562.4, 294.1);GATE
Port:(574.7, 289.9)(644.3, 289.9)(644.3, 294.1)(574.7, 294.1);SD
Port:(562.4, 149.6)(656.6, 149.6)(656.6, 287.7)(562.4, 287.7);GATE
Port:(568.5, 154.7)(650.5, 154.7)(650.5, 160.0)(568.5, 160.0);SD
Module:M10
Boundary:(169.1, 10.0)(169.1, 88.5)(168.7, 88.5)(168.7, 104.2)(10.0, 104.2)(10.0, 10.0);GATE
Port:(10.0, 21.8)(15.3, 21.8)(15.3, 92.4)(10.0, 92.4);SD
Port:(169.1, 10.0)(169.1, 88.5)(168.7, 88.5)(168.7, 104.2)(17.3, 104.2)(17.3, 10.0);GATE
Port:(159.2, 15.5)(164.6, 15.5)(164.6, 83.0)(159.2, 83.0);SD
Module:M7
Boundary:(811.8, 20.0)(858.9, 20.0)(858.9, 20.2)(873.5, 20.2)(873.5, 191.4)(811.8, 191.4);GATE
Port:(824.7, 186.4)(860.6, 186.4)(860.6, 191.4)(824.7, 191.4);SD
Port:(811.8, 20.0)(858.9, 20.0)(858.9, 20.2)(873.5, 20.2)(873.5, 184.7)(811.8, 184.7);GATE
Port:(817.5, 24.7)(853.2, 24.7)(853.2, 30.5)(817.5, 30.5);SD
Module:M3
Boundary:(398.9, 299.8)(501.1, 299.8)(501.1, 407.2)(398.9, 407.2);GATE
Port:(413.2, 401.7)(486.8, 401.7)(486.8, 407.2)(413.2, 407.2);SD
Port:(398.9, 299.8)(501.1, 299.8)(501.1, 400.2)(398.9, 400.2);GATE
Port:(404.6, 304.5)(495.4, 304.5)(495.4, 311.8)(404.6, 311.8);SD
Module:M15
Boundary:(130.9, 234.0)(130.9, 303.6)(10.0, 303.6)(10.0, 234.0);GATE
Port:(10.0, 247.9)(14.1, 247.9)(14.1, 289.7)(10.0, 289.7);SD
Port:(130.9, 234.0)(130.9, 303.6)(16.3, 303.6)(16.3, 234.0);GATE
Port:(120.1, 239.7)(126.2, 239.7)(126.2, 297.9)(120.1, 297.9);SD
Module:M12
Boundary:(788.2, 221.4)(861.8, 221.4)(861.8, 399.9)(788.2, 399.9);GATE
Port:(803.2, 394.5)(846.8, 394.5)(846.8, 399.9)(803.2, 399.9);SD
Port:(788.2, 221.4)(861.8, 221.4)(861.8, 391.8)(788.2, 391.8);GATE
Port:(794.3, 226.5)(855.7, 226.5)(855.7, 233.4)(794.3, 233.4);SD
Module:M8
Boundary:(532.4, 20.0)(532.4, 129.6)(442.5, 129.6)(442.5, 20.0);GATE
Port:(442.5, 34.0)(448.0, 34.0)(448.0, 115.6)(442.5, 115.6);SD
Port:(532.4, 20.0)(532.4, 129.6)(449.7, 129.6)(449.7, 20.0);GATE
Port:(521.9, 25.1)(528.3, 25.1)(528.3, 124.5)(521.9, 124.5);SD
Module:M4
Boundary:(758.2, 324.1)(758.2, 428.0)(531.1, 428.0)(531.1, 324.1);GATE
Port:(531.1, 338.2)(536.6, 338.2)(536.6, 413.9)(531.1, 413.9);SD
Port:(758.2, 324.1)(758.2, 428.0)(538.3, 428.0)(538.3, 324.1);GATE
Port:(747.0, 330.5)(752.8, 330.5)(752.8, 421.6)(747.0, 421.6);SD
