Area:(-30.0, -30.0)(631.9, -30.0)(631.9, 621.5)(-30.0, 621.5)
Rule:GATE(5,5);SD(5,5);GATE_SD(0.5);GATE_ITO(0.5);SD_ITO(0.5)
Module:M14
Boundary:(562.9, 466.9)(562.9, 517.4)(562.8, 517.4)(562.8, 534.8)(476.4, 534.8)(476.4, 466.9);GATE
Port:(476.4, 479.6)(480.6, 479.6)(480.6, 522.1)(476.4, 522.1);SD
Port:(562.9, 466.9)(562.9, 517.4)(562.8, 517.4)(562.8, 534.8)(481.9, 534.8)(481.9, 466.9);GATE
Port:(553.3, 472.4)(558.4, 472.4)(558.4, 511.9)(553.3, 511.9);SD
Module:M9
Boundary:(241.4, 411.6)(241.4, 446.1)(241.3, 446.1)(241.3, 461.1)(98.1, 461.1)(98.1, 411.6);GATE
Port:(98.1, 425.8)(102.2, 425.8)(102.2, 446.9)(98.1, 446.9);SD
Port:(241.4, 411.6)(241.4, 446.1)(241.3, 446.1)(241.3, 461.1)(104.9, 461.1)(104.9, 411.6);GATE
Port:(229.5, 417.9)(236.1, 417.9)(236.1, 439.8)(229.5, 439.8);SD
Module:M5
Boundary:(456.7, 181.5)(456.7, 268.6)(456.4, 268.6)(456.4, 283.0)(276.4, 283.0)(276.4, 181.5);GATE
Port:(276.4, 193.0)(281.0, 193.0)(281.0, 271.5)(276.4, 271.5);SD
Port:(456.7, 181.5)(456.7, 268.6)(456.4, 268.6)(456.4, 283.0)(283.0, 283.0)(283.0, 181.5);GATE
Port:(447.2, 186.6)(452.6, 186.6)(452.6, 263.5)(447.2, 263.5);SD
Module:M11
Boundary:(239.1, 10.0)(239.1, 78.8)(239.1, 78.8)(239.1, 95.2)(80.6, 95.2)(80.6, 10.0);GATE
Port:(80.6, 24.0)(85.9, 24.0)(85.9, 81.2)(80.6, 81.2);SD
Port:(239.1, 10.0)(239.1, 78.8)(239.1, 78.8)(239.1, 95.2)(88.0, 95.2)(88.0, 10.0);GATE
Port:(227.1, 16.2)(233.9, 16.2)(233.9, 72.6)(227.1, 72.6);SD
Module:M1
Boundary:(226.4, 230.9)(226.4, 262.8)(226.3, 262.8)(226.3, 276.6)(30.0, 276.6)(30.0, 230.9);GATE
Port:(30.0, 243.5)(34.0, 243.5)(34.0, 264.0)(30.0, 264.0);SD
Port:(226.4, 230.9)(226.4, 262.8)(226.3, 262.8)(226.3, 276.6)(35.7, 276.6)(35.7, 230.9);GATE
Port:(215.6, 236.2)(222.1, 236.2)(222.1, 257.5)(215.6, 257.5);SD
Module:M6
Boundary:(114.1, 481.1)(114.1, 580.5)(10.0, 580.5)(10.0, 481.1);GATE
Port:(10.0, 494.4)(14.8, 494.4)(14.8, 567.2)(10.0, 567.2);SD
Port:(114.1, 481.1)(114.1, 580.5)(16.5, 580.5)(16.5, 481.1);GATE
Port:(103.1, 486.7)(109.5, 486.7)(109.5, 574.9)(103.1, 574.9);SD
Module:M2
Boundary:(209.9, 125.2)(209.9, 167.8)(209.7, 167.8)(209.7, 180.9)(90.6, 180.9)(90.6, 125.2);GATE
Port:(90.6, 136.8)(94.7, 136.8)(94.7, 169.3)(90.6, 169.3);SD
Port:(209.9, 125.2)(209.9, 167.8)(209.7, 167.8)(209.7, 180.9)(96.5, 180.9)(96.5, 125.2);GATE
Port:(200.2, 130.3)(205.8, 130.3)(205.8, 162.7)(200.2, 162.7);SD
Module:M16
Boundary:(233.4, 316.6)(233.4, 391.6)(10.0, 391.6)(10.0, 316.6);GATE
Port:(10.0, 328.4)(15.3, 328.4)(15.3, 379.8)(10.0, 379.8);SD
Port:(233.4, 316.6)(233.4, 391.6)(16.5, 391.6)(16.5, 316.6);GATE
Port:(223.7, 321.7)(229.3, 321.7)(229.3, 386.5)(223.7, 386.5);SD
Module:M13
Boundary:(496.7, 10.0)(562.2, 10.0)(562.2, 197.1)(496.7, 197.1);GATE
Port:(510.3, 191.8)(548.6, 191.8)(548.6, 197.1)(510.3, 197.1);SD
Port:(496.7, 10.0)(562.2, 10.0)(562.2, 189.0)(496.7, 189.0);GATE
Port:(503.3, 15.6)(555.6, 15.6)(555.6, 21.4)(503.3, 21.4);SD
Module:M10
Boundary:(329.0, 481.1)(329.0, 581.5)(134.1, 581.5)(134.1, 481.1);GATE
Port:(134.1, 494.3)(139.7, 494.3)(139.7, 568.3)(134.1, 568.3);SD
Port:(329.0, 481.1)(329.0, 581.5)(141.3, 581.5)(141.3, 481.1);GATE
Port:(318.4, 486.6)(324.5, 486.6)(324.5, 576.0)(318.4, 576.0);SD
Module:M7
Boundary:(466.7, 20.0)(466.7, 124.8)(466.3, 124.8)(466.3, 141.5)(269.1, 141.5)(269.1, 20.0);GATE
Port:(269.1, 35.2)(274.4, 35.2)(274.4, 126.3)(269.1, 126.3);SD
Port:(466.7, 20.0)(466.7, 124.8)(466.3, 124.8)(466.3, 141.5)(276.4, 141.5)(276.4, 20.0);GATE
Port:(453.7, 26.4)(461.3, 26.4)(461.3, 118.4)(453.7, 118.4);SD
Module:M3
Boundary:(78.1, 411.6)(78.1, 443.5)(78.0, 443.5)(78.0, 457.1)(10.0, 457.1)(10.0, 411.6);GATE
Port:(10.0, 424.3)(15.0, 424.3)(15.0, 444.4)(10.0, 444.4);SD
Port:(78.1, 411.6)(78.1, 443.5)(78.0, 443.5)(78.0, 457.1)(16.5, 457.1)(16.5, 411.6);GATE
Port:(67.2, 417.3)(73.4, 417.3)(73.4, 437.8)(67.2, 437.8);SD
Module:M15
Boundary:(10.0, 10.0)(60.6, 10.0)(60.6, 183.9)(10.0, 183.9);GATE
Port:(23.9, 179.6)(46.7, 179.6)(46.7, 183.9)(23.9, 183.9);SD
Port:(10.0, 10.0)(60.6, 10.0)(60.6, 178.0)(10.0, 178.0);GATE
Port:(16.3, 15.3)(54.3, 15.3)(54.3, 20.8)(16.3, 20.8);SD
Module:M12
Boundary:(486.7, 217.1)(577.2, 217.1)(577.2, 217.3)(591.9, 217.3)(591.9, 426.9)(486.7, 426.9);GATE
Port:(498.6, 422.4)(580.0, 422.4)(580.0, 426.9)(498.6, 426.9);SD
Port:(486.7, 217.1)(577.2, 217.1)(577.2, 217.3)(591.9, 217.3)(591.9, 420.5)(486.7, 420.5);GATE
Port:(492.7, 222.1)(571.2, 222.1)(571.2, 227.2)(492.7, 227.2);SD
Module:M8
Boundary:(359.0, 436.0)(426.4, 436.0)(426.4, 570.9)(359.0, 570.9);GATE
Port:(372.5, 566.6)(412.9, 566.6)(412.9, 570.9)(372.5, 570.9);SD
Port:(359.0, 436.0)(426.4, 436.0)(426.4, 564.9)(359.0, 564.9);GATE
Port:(364.2, 440.2)(421.2, 440.2)(421.2, 447.5)(364.2, 447.5);SD
Module:M4
Boundary:(455.5, 326.6)(455.5, 379.0)(455.5, 379.0)(455.5, 396.0)(271.4, 396.0)(271.4, 326.6);GATE
Port:(271.4, 340.8)(276.1, 340.8)(276.1, 381.8)(271.4, 381.8);SD
Port:(455.5, 326.6)(455.5, 379.0)(455.5, 379.0)(455.5, 396.0)(278.0, 396.0)(278.0, 326.6);GATE
Port:(444.1, 332.2)(450.9, 332.2)(450.9, 373.4)(444.1, 373.4);SD
