Area:(-30.0, -30.0)(508.5, -30.0)(508.5, 746.1)(-30.0, 746.1)
Rule:GATE(5,5);SD(5,5);GATE_SD(0.5);GATE_ITO(0.5);SD_ITO(0.5)
Module:M14
Boundary:(236.1, 220.5)(236.1, 271.7)(236.0, 271.7)(236.0, 288.4)(149.3, 288.4)(149.3, 220.5);GATE
Port:(149.3, 234.0)(154.4, 234.0)(154.4, 274.9)(149.3, 274.9);SD
Port:(236.1, 220.5)(236.1, 271.7)(236.0, 271.7)(236.0, 288.4)(156.3, 288.4)(156.3, 220.5);GATE
Port:(225.6, 226.9)(230.7, 226.9)(230.7, 265.3)(225.6, 265.3);SD
Module:M9
Boundary:(381.4, 486.8)(448.1, 486.8)(448.1, 693.7)(381.4, 693.7);GATE
Port:(394.8, 688.5)(434.7, 688.5)(434.7, 693.7)(394.8, 693.7);SD
Port:(381.4, 486.8)(448.1, 486.8)(448.1, 687.3)(381.4, 687.3);GATE
Port:(387.0, 491.4)(442.5, 491.4)(442.5, 498.0)(387.0, 498.0);SD
Module:M5
Boundary:(383.4, 372.6)(383.4, 440.1)(383.0, 440.1)(383.0, 456.8)(245.5, 456.8)(245.5, 372.6);GATE
Port:(245.5, 386.0)(250.1, 386.0)(250.1, 443.4)(245.5, 443.4);SD
Port:(383.4, 372.6)(383.4, 440.1)(383.0, 440.1)(383.0, 456.8)(251.7, 456.8)(251.7, 372.6);GATE
Port:(372.9, 378.9)(378.1, 378.9)(378.1, 433.8)(372.9, 433.8);SD
Module:M11
Boundary:(10.0, 326.2)(66.2, 326.2)(66.2, 326.4)(84.2, 326.4)(84.2, 504.8)(10.0, 504.8);GATE
Port:(25.5, 499.7)(68.7, 499.7)(68.7, 504.8)(25.5, 504.8);SD
Port:(10.0, 326.2)(66.2, 326.2)(66.2, 326.4)(84.2, 326.4)(84.2, 497.8)(10.0, 497.8);GATE
Port:(16.5, 331.7)(59.7, 331.7)(59.7, 338.3)(16.5, 338.3);SD
Module:M1
Boundary:(271.7, 506.8)(324.2, 506.8)(324.2, 506.8)(341.4, 506.8)(341.4, 680.9)(271.7, 680.9);GATE
Port:(285.6, 676.8)(327.5, 676.8)(327.5, 680.9)(285.6, 680.9);SD
Port:(271.7, 506.8)(324.2, 506.8)(324.2, 506.8)(341.4, 506.8)(341.4, 675.7)(271.7, 675.7);GATE
Port:(277.6, 511.7)(318.3, 511.7)(318.3, 518.0)(277.6, 518.0);SD
Module:M6
Boundary:(10.0, 10.0)(92.8, 10.0)(92.8, 10.3)(108.5, 10.3)(108.5, 218.7)(10.0, 218.7);GATE
Port:(24.4, 214.6)(94.1, 214.6)(94.1, 218.7)(24.4, 218.7);SD
Port:(10.0, 10.0)(92.8, 10.0)(92.8, 10.3)(108.5, 10.3)(108.5, 211.7)(10.0, 211.7);GATE
Port:(16.6, 15.6)(86.2, 15.6)(86.2, 22.1)(16.6, 22.1);SD
Module:M2
Boundary:(430.2, 135.9)(430.2, 189.8)(430.1, 189.8)(430.1, 206.6)(299.9, 206.6)(299.9, 135.9);GATE
Port:(299.9, 150.7)(305.2, 150.7)(305.2, 191.8)(299.9, 191.8);SD
Port:(430.2, 135.9)(430.2, 189.8)(430.1, 189.8)(430.1, 206.6)(306.9, 206.6)(306.9, 135.9);GATE
Port:(418.1, 142.7)(424.4, 142.7)(424.4, 183.0)(418.1, 183.0);SD
Module:M16
Boundary:(468.1, 10.0)(468.1, 105.9)(289.9, 105.9)(289.9, 10.0);GATE
Port:(289.9, 26.5)(294.2, 26.5)(294.2, 89.4)(289.9, 89.4);SD
Port:(468.1, 10.0)(468.1, 105.9)(295.6, 105.9)(295.6, 10.0);GATE
Port:(454.7, 17.0)(462.1, 17.0)(462.1, 98.9)(454.7, 98.9);SD
Module:M13
Boundary:(269.9, 126.4)(269.9, 180.5)(129.3, 180.5)(129.3, 126.4);GATE
Port:(129.3, 137.1)(133.8, 137.1)(133.8, 169.8)(129.3, 169.8);SD
Port:(269.9, 126.4)(269.9, 180.5)(136.5, 180.5)(136.5, 126.4);GATE
Port:(260.7, 132.6)(264.7, 132.6)(264.7, 174.3)(260.7, 174.3);SD
Module:M10
Boundary:(231.7, 615.5)(231.7, 706.1)(10.0, 706.1)(10.0, 615.5);GATE
Port:(10.0, 629.8)(14.3, 629.8)(14.3, 691.8)(10.0, 691.8);SD
Port:(231.7, 615.5)(231.7, 706.1)(16.5, 706.1)(16.5, 615.5);GATE
Port:(220.7, 621.5)(226.7, 621.5)(226.7, 700.1)(220.7, 700.1);SD
Module:M7
Boundary:(259.6, 20.0)(259.6, 80.8)(259.3, 80.8)(259.3, 96.4)(138.5, 96.4)(138.5, 20.0);GATE
Port:(138.5, 31.4)(143.3, 31.4)(143.3, 85.0)(138.5, 85.0);SD
Port:(259.6, 20.0)(259.6, 80.8)(259.3, 80.8)(259.3, 96.4)(145.8, 96.4)(145.8, 20.0);GATE
Port:(250.9, 25.2)(255.4, 25.2)(255.4, 75.6)(250.9, 75.6);SD
Module:M3
Boundary:(109.3, 238.7)(109.3, 290.4)(109.0, 290.4)(109.0, 306.2)(10.0, 306.2)(10.0, 238.7);GATE
Port:(10.0, 253.1)(15.3, 253.1)(15.3, 291.8)(10.0, 291.8);SD
Port:(109.3, 238.7)(109.3, 290.4)(109.0, 290.4)(109.0, 306.2)(17.4, 306.2)(17.4, 238.7);GATE
Port:(97.7, 245.3)(103.7, 245.3)(103.7, 283.8)(97.7, 283.8);SD
Module:M15
Boundary:(208.4, 524.8)(208.4, 595.5)(10.0, 595.5)(10.0, 524.8);GATE
Port:(10.0, 537.9)(15.8, 537.9)(15.8, 582.4)(10.0, 582.4);SD
Port:(208.4, 524.8)(208.4, 595.5)(17.7, 595.5)(17.7, 524.8);GATE
Port:(198.3, 530.2)(204.0, 530.2)(204.0, 590.1)(198.3, 590.1);SD
Module:M12
Boundary:(413.4, 236.6)(468.5, 236.6)(468.5, 451.6)(413.4, 451.6);GATE
Port:(428.7, 447.0)(453.2, 447.0)(453.2, 451.6)(428.7, 451.6);SD
Port:(413.4, 236.6)(468.5, 236.6)(468.5, 445.0)(413.4, 445.0);GATE
Port:(418.8, 241.0)(463.1, 241.0)(463.1, 248.5)(418.8, 248.5);SD
Module:M8
Boundary:(114.2, 338.4)(187.2, 338.4)(187.2, 338.5)(205.5, 338.5)(205.5, 481.0)(114.2, 481.0);GATE
Port:(128.7, 475.8)(191.0, 475.8)(191.0, 481.0)(128.7, 481.0);SD
Port:(114.2, 338.4)(187.2, 338.4)(187.2, 338.5)(205.5, 338.5)(205.5, 473.6)(114.2, 473.6);GATE
Port:(119.4, 342.6)(182.0, 342.6)(182.0, 349.7)(119.4, 349.7);SD
Module:M4
Boundary:(371.9, 246.6)(371.9, 315.6)(371.6, 315.6)(371.6, 332.6)(286.1, 332.6)(286.1, 246.6);GATE
Port:(286.1, 260.8)(291.9, 260.8)(291.9, 318.4)(286.1, 318.4);SD
Port:(371.9, 246.6)(371.9, 315.6)(371.6, 315.6)(371.6, 332.6)(294.5, 332.6)(294.5, 246.6);GATE
Port:(361.1, 252.0)(367.5, 252.0)(367.5, 310.2)(361.1, 310.2);SD
