Area:(-30.0, -30.0)(542.8, -30.0)(542.8, 671.7)(-30.0, 671.7)
Rule:GATE(5,5);SD(5,5);GATE_SD(0.5);GATE_ITO(0.5);SD_ITO(0.5)
Module:M14
Boundary:(30.0, 365.7)(138.4, 365.7)(138.4, 458.1)(30.0, 458.1);GATE
Port:(43.4, 453.1)(125.0, 453.1)(125.0, 458.1)(43.4, 458.1);SD
Port:(30.0, 365.7)(138.4, 365.7)(138.4, 450.7)(30.0, 450.7);GATE
Port:(35.8, 370.5)(132.6, 370.5)(132.6, 376.1)(35.8, 376.1);SD
Module:M9
Boundary:(188.7, 229.9)(188.7, 312.3)(188.7, 312.3)(188.7, 325.7)(10.0, 325.7)(10.0, 229.9);GATE
Port:(10.0, 240.6)(14.4, 240.6)(14.4, 315.0)(10.0, 315.0);SD
Port:(188.7, 229.9)(188.7, 312.3)(188.7, 312.3)(188.7, 325.7)(17.1, 325.7)(17.1, 229.9);GATE
Port:(179.5, 235.4)(184.2, 235.4)(184.2, 306.8)(179.5, 306.8);SD
Module:M5
Boundary:(479.4, 234.8)(479.4, 315.1)(479.1, 315.1)(479.1, 330.2)(351.8, 330.2)(351.8, 234.8);GATE
Port:(351.8, 248.4)(356.1, 248.4)(356.1, 316.6)(351.8, 316.6);SD
Port:(479.4, 234.8)(479.4, 315.1)(479.1, 315.1)(479.1, 330.2)(358.5, 330.2)(358.5, 234.8);GATE
Port:(467.4, 241.1)(474.1, 241.1)(474.1, 308.8)(467.4, 308.8);SD
Module:M11
Boundary:(292.7, 10.0)(292.7, 78.7)(292.7, 78.7)(292.7, 91.7)(220.6, 91.7)(220.6, 10.0);GATE
Port:(220.6, 21.8)(226.2, 21.8)(226.2, 79.9)(220.6, 79.9);SD
Port:(292.7, 10.0)(292.7, 78.7)(292.7, 78.7)(292.7, 91.7)(227.4, 91.7)(227.4, 10.0);GATE
Port:(282.8, 16.3)(287.4, 16.3)(287.4, 72.4)(282.8, 72.4);SD
Module:M1
Boundary:(484.9, 507.0)(484.9, 596.3)(484.4, 596.3)(484.4, 613.6)(266.2, 613.6)(266.2, 507.0);GATE
Port:(266.2, 522.2)(271.3, 522.2)(271.3, 598.4)(266.2, 598.4);SD
Port:(484.9, 507.0)(484.9, 596.3)(484.4, 596.3)(484.4, 613.6)(273.4, 613.6)(273.4, 507.0);GATE
Port:(472.6, 513.9)(479.0, 513.9)(479.0, 589.4)(472.6, 589.4);SD
Module:M6
Boundary:(433.7, 10.0)(484.6, 10.0)(484.6, 10.1)(502.8, 10.1)(502.8, 189.2)(433.7, 189.2);GATE
Port:(446.2, 183.9)(490.3, 183.9)(490.3, 189.2)(446.2, 189.2);SD
Port:(433.7, 10.0)(484.6, 10.0)(484.6, 10.1)(502.8, 10.1)(502.8, 182.4)(433.7, 182.4);GATE
Port:(438.7, 14.0)(479.6, 14.0)(479.6, 19.1)(438.7, 19.1);SD
Module:M2
Boundary:(222.5, 121.7)(311.2, 121.7)(311.2, 199.5)(222.5, 199.5);GATE
Port:(234.8, 193.8)(298.9, 193.8)(298.9, 199.5)(234.8, 199.5);SD
Port:(222.5, 121.7)(311.2, 121.7)(311.2, 191.7)(222.5, 191.7);GATE
Port:(227.6, 125.8)(306.1, 125.8)(306.1, 132.5)(227.6, 132.5);SD
Module:M16
Boundary:(341.2, 103.4)(409.8, 103.4)(409.8, 204.8)(341.2, 204.8);GATE
Port:(355.0, 199.2)(396.0, 199.2)(396.0, 204.8)(355.0, 204.8);SD
Port:(341.2, 103.4)(409.8, 103.4)(409.8, 197.7)(341.2, 197.7);GATE
Port:(347.0, 108.2)(404.0, 108.2)(404.0, 114.5)(347.0, 114.5);SD
Module:M13
Boundary:(10.0, 498.1)(87.3, 498.1)(87.3, 629.7)(10.0, 629.7);GATE
Port:(23.4, 624.4)(73.9, 624.4)(73.9, 629.7)(23.4, 629.7);SD
Port:(10.0, 498.1)(87.3, 498.1)(87.3, 621.8)(10.0, 621.8);GATE
Port:(16.4, 503.5)(80.9, 503.5)(80.9, 509.8)(16.4, 509.8);SD
Module:M10
Boundary:(413.7, 10.0)(413.7, 65.5)(413.6, 65.5)(413.6, 83.4)(312.7, 83.4)(312.7, 10.0);GATE
Port:(312.7, 25.2)(318.1, 25.2)(318.1, 68.2)(312.7, 68.2);SD
Port:(413.7, 10.0)(413.7, 65.5)(413.6, 65.5)(413.6, 83.4)(320.3, 83.4)(320.3, 10.0);GATE
Port:(401.8, 16.9)(407.8, 16.9)(407.8, 58.6)(401.8, 58.6);SD
Module:M7
Boundary:(218.7, 239.9)(311.8, 239.9)(311.8, 326.0)(218.7, 326.0);GATE
Port:(231.9, 321.8)(298.6, 321.8)(298.6, 326.0)(231.9, 326.0);SD
Port:(218.7, 239.9)(311.8, 239.9)(311.8, 320.8)(218.7, 320.8);GATE
Port:(224.9, 245.1)(305.6, 245.1)(305.6, 251.0)(224.9, 251.0);SD
Module:M3
Boundary:(200.6, 10.0)(200.6, 82.0)(10.0, 82.0)(10.0, 10.0);GATE
Port:(10.0, 24.9)(15.6, 24.9)(15.6, 67.1)(10.0, 67.1);SD
Port:(200.6, 10.0)(200.6, 82.0)(17.5, 82.0)(17.5, 10.0);GATE
Port:(188.7, 16.7)(194.9, 16.7)(194.9, 75.3)(188.7, 75.3);SD
Module:M15
Boundary:(192.5, 102.0)(192.5, 209.9)(10.0, 209.9)(10.0, 102.0);GATE
Port:(10.0, 115.8)(15.1, 115.8)(15.1, 196.1)(10.0, 196.1);SD
Port:(192.5, 102.0)(192.5, 209.9)(16.5, 209.9)(16.5, 102.0);GATE
Port:(182.1, 108.5)(187.0, 108.5)(187.0, 203.4)(182.1, 203.4);SD
Module:M12
Boundary:(107.3, 498.1)(209.7, 498.1)(209.7, 498.3)(226.2, 498.3)(226.2, 631.7)(107.3, 631.7);GATE
Port:(121.6, 626.4)(211.9, 626.4)(211.9, 631.7)(121.6, 631.7);SD
Port:(107.3, 498.1)(209.7, 498.1)(209.7, 498.3)(226.2, 498.3)(226.2, 625.3)(107.3, 625.3);GATE
Port:(113.8, 503.6)(203.2, 503.6)(203.2, 510.3)(113.8, 510.3);SD
Module:M8
Boundary:(188.4, 366.0)(257.7, 366.0)(257.7, 452.7)(188.4, 452.7);GATE
Port:(203.3, 448.4)(242.8, 448.4)(242.8, 452.7)(203.3, 452.7);SD
Port:(188.4, 366.0)(257.7, 366.0)(257.7, 446.6)(188.4, 446.6);GATE
Port:(195.2, 371.8)(250.9, 371.8)(250.9, 378.6)(195.2, 378.6);SD
Module:M4
Boundary:(491.0, 370.2)(491.0, 457.0)(297.7, 457.0)(297.7, 370.2);GATE
Port:(297.7, 382.7)(303.5, 382.7)(303.5, 444.5)(297.7, 444.5);SD
Port:(491.0, 370.2)(491.0, 457.0)(305.7, 457.0)(305.7, 370.2);GATE
Port:(480.3, 376.9)(485.3, 376.9)(485.3, 450.3)(480.3, 450.3);SD
