Area:(-30.0, -30.0)(433.1, -30.0)(433.1, 882.1)(-30.0, 882.1)
Rule:GATE(5,5);SD(5,5);GATE_SD(0.5);GATE_ITO(0.5);SD_ITO(0.5)
Module:M14
Boundary:(277.1, 129.1)(367.4, 129.1)(367.4, 329.3)(277.1, 329.3);GATE
Port:(288.8, 324.5)(355.7, 324.5)(355.7, 329.3)(288.8, 329.3);SD
Port:(277.1, 129.1)(367.4, 129.1)(367.4, 322.4)(277.1, 322.4);GATE
Port:(282.4, 133.4)(362.1, 133.4)(362.1, 139.1)(282.4, 139.1);SD
Module:M9
Boundary:(117.2, 791.4)(117.2, 825.4)(117.1, 825.4)(117.1, 842.1)(10.0, 842.1)(10.0, 791.4);GATE
Port:(10.0, 804.6)(15.7, 804.6)(15.7, 828.9)(10.0, 828.9);SD
Port:(117.2, 791.4)(117.2, 825.4)(117.1, 825.4)(117.1, 842.1)(18.6, 842.1)(18.6, 791.4);GATE
Port:(106.4, 796.9)(112.7, 796.9)(112.7, 819.9)(106.4, 819.9);SD
Module:M5
Boundary:(250.8, 490.1)(373.9, 490.1)(373.9, 633.1)(250.8, 633.1);GATE
Port:(264.8, 629.0)(359.9, 629.0)(359.9, 633.1)(264.8, 633.1);SD
Port:(250.8, 490.1)(373.9, 490.1)(373.9, 626.6)(250.8, 626.6);GATE
Port:(256.4, 494.7)(368.3, 494.7)(368.3, 500.9)(256.4, 500.9);SD
Module:M11
Boundary:(384.2, 10.0)(384.2, 74.2)(384.1, 74.2)(384.1, 89.1)(244.7, 89.1)(244.7, 10.0);GATE
Port:(244.7, 23.5)(249.7, 23.5)(249.7, 75.6)(244.7, 75.6);SD
Port:(384.2, 10.0)(384.2, 74.2)(384.1, 74.2)(384.1, 89.1)(251.8, 89.1)(251.8, 10.0);GATE
Port:(372.8, 16.6)(378.6, 16.6)(378.6, 67.6)(372.8, 67.6);SD
Module:M1
Boundary:(163.8, 146.9)(199.5, 146.9)(199.5, 147.0)(217.1, 147.0)(217.1, 367.1)(163.8, 367.1);GATE
Port:(177.8, 362.7)(203.1, 362.7)(203.1, 367.1)(177.8, 367.1);SD
Port:(163.8, 146.9)(199.5, 146.9)(199.5, 147.0)(217.1, 147.0)(217.1, 360.5)(163.8, 360.5);GATE
Port:(169.3, 151.4)(194.0, 151.4)(194.0, 157.8)(169.3, 157.8);SD
Module:M6
Boundary:(10.0, 10.0)(66.2, 10.0)(66.2, 10.2)(79.7, 10.2)(79.7, 205.9)(10.0, 205.9);GATE
Port:(21.5, 201.0)(68.2, 201.0)(68.2, 205.9)(21.5, 205.9);SD
Port:(10.0, 10.0)(66.2, 10.0)(66.2, 10.2)(79.7, 10.2)(79.7, 199.1)(10.0, 199.1);GATE
Port:(15.4, 14.4)(60.8, 14.4)(60.8, 20.0)(15.4, 20.0);SD
Module:M2
Boundary:(245.6, 766.5)(245.6, 830.3)(147.2, 830.3)(147.2, 766.5);GATE
Port:(147.2, 779.6)(152.8, 779.6)(152.8, 817.2)(147.2, 817.2);SD
Port:(245.6, 766.5)(245.6, 830.3)(154.0, 830.3)(154.0, 766.5);GATE
Port:(235.6, 772.1)(241.0, 772.1)(241.0, 824.7)(235.6, 824.7);SD
Module:M16
Boundary:(393.1, 369.3)(393.1, 460.1)(257.1, 460.1)(257.1, 369.3);GATE
Port:(257.1, 384.4)(261.1, 384.4)(261.1, 445.0)(257.1, 445.0);SD
Port:(393.1, 369.3)(393.1, 460.1)(262.3, 460.1)(262.3, 369.3);GATE
Port:(380.8, 375.2)(388.2, 375.2)(388.2, 454.2)(380.8, 454.2);SD
Module:M13
Boundary:(248.1, 663.1)(248.1, 736.5)(118.1, 736.5)(118.1, 663.1);GATE
Port:(118.1, 674.3)(122.1, 674.3)(122.1, 725.3)(118.1, 725.3);SD
Port:(248.1, 663.1)(248.1, 736.5)(124.3, 736.5)(124.3, 663.1);GATE
Port:(238.7, 669.0)(243.2, 669.0)(243.2, 730.6)(238.7, 730.6);SD
Module:M10
Boundary:(220.8, 408.2)(220.8, 519.6)(220.2, 519.6)(220.2, 538.3)(10.0, 538.3)(10.0, 408.2);GATE
Port:(10.0, 422.5)(14.3, 422.5)(14.3, 524.0)(10.0, 524.0);SD
Port:(220.8, 408.2)(220.8, 519.6)(220.2, 519.6)(220.2, 538.3)(17.0, 538.3)(17.0, 408.2);GATE
Port:(209.9, 414.9)(215.1, 414.9)(215.1, 512.9)(209.9, 512.9);SD
Module:M7
Boundary:(20.0, 568.3)(88.1, 568.3)(88.1, 761.4)(20.0, 761.4);GATE
Port:(33.3, 756.8)(74.8, 756.8)(74.8, 761.4)(33.3, 761.4);SD
Port:(20.0, 568.3)(88.1, 568.3)(88.1, 754.7)(20.0, 754.7);GATE
Port:(26.0, 573.3)(82.1, 573.3)(82.1, 578.6)(26.0, 578.6);SD
Module:M3
Boundary:(123.8, 344.2)(123.8, 374.2)(123.7, 374.2)(123.7, 388.2)(10.0, 388.2)(10.0, 344.2);GATE
Port:(10.0, 355.9)(14.9, 355.9)(14.9, 376.5)(10.0, 376.5);SD
Port:(123.8, 344.2)(123.8, 374.2)(123.7, 374.2)(123.7, 388.2)(16.8, 388.2)(16.8, 344.2);GATE
Port:(114.1, 350.4)(118.6, 350.4)(118.6, 368.0)(114.1, 368.0);SD
Module:M15
Boundary:(216.5, 558.3)(216.5, 641.6)(118.1, 641.6)(118.1, 558.3);GATE
Port:(118.1, 572.5)(122.4, 572.5)(122.4, 627.4)(118.1, 627.4);SD
Port:(216.5, 558.3)(216.5, 641.6)(124.6, 641.6)(124.6, 558.3);GATE
Port:(204.9, 565.2)(210.6, 565.2)(210.6, 634.7)(204.9, 634.7);SD
Module:M12
Boundary:(10.0, 225.9)(101.2, 225.9)(101.2, 226.0)(119.2, 226.0)(119.2, 324.2)(10.0, 324.2);GATE
Port:(24.7, 320.2)(104.5, 320.2)(104.5, 324.2)(24.7, 324.2);SD
Port:(10.0, 225.9)(101.2, 225.9)(101.2, 226.0)(119.2, 226.0)(119.2, 317.8)(10.0, 317.8);GATE
Port:(16.0, 230.9)(95.2, 230.9)(95.2, 238.0)(16.0, 238.0);SD
Module:M8
Boundary:(109.7, 20.0)(197.7, 20.0)(197.7, 20.3)(214.7, 20.3)(214.7, 96.9)(109.7, 96.9);GATE
Port:(125.1, 92.4)(199.3, 92.4)(199.3, 96.9)(125.1, 96.9);SD
Port:(109.7, 20.0)(197.7, 20.0)(197.7, 20.3)(214.7, 20.3)(214.7, 91.2)(109.7, 91.2);GATE
Port:(115.8, 25.1)(191.6, 25.1)(191.6, 32.5)(115.8, 32.5);SD
Module:M4
Boundary:(285.6, 673.1)(368.9, 673.1)(368.9, 673.5)(384.2, 673.5)(384.2, 832.4)(285.6, 832.4);GATE
Port:(301.2, 827.5)(368.6, 827.5)(368.6, 832.4)(301.2, 832.4);SD
Port:(285.6, 673.1)(368.9, 673.1)(368.9, 673.5)(384.2, 673.5)(384.2, 826.0)(285.6, 826.0);GATE
Port:(292.4, 678.9)(362.1, 678.9)(362.1, 686.5)(292.4, 686.5);SD
