Area:(-30.0, -30.0)(520.2, -30.0)(520.2, 741.8)(-30.0, 741.8)
Rule:GATE(5,5);SD(5,5);GATE_SD(0.5);GATE_ITO(0.5);SD_ITO(0.5)
Module:M14
Boundary:(449.7, 159.6)(449.7, 229.9)(449.3, 229.9)(449.3, 247.6)(349.1, 247.6)(349.1, 159.6);GATE
Port:(349.1, 173.9)(354.8, 173.9)(354.8, 233.3)(349.1, 233.3);SD
Port:(449.7, 159.6)(449.7, 229.9)(449.3, 229.9)(449.3, 247.6)(356.2, 247.6)(356.2, 159.6);GATE
Port:(438.8, 164.8)(445.5, 164.8)(445.5, 224.7)(438.8, 224.7);SD
Module:M9
Boundary:(218.0, 138.6)(309.1, 138.6)(309.1, 284.7)(218.0, 284.7);GATE
Port:(232.8, 280.0)(294.3, 280.0)(294.3, 284.7)(232.8, 284.7);SD
Port:(218.0, 138.6)(309.1, 138.6)(309.1, 278.6)(218.0, 278.6);GATE
Port:(224.6, 144.2)(302.5, 144.2)(302.5, 150.6)(224.6, 150.6);SD
Module:M5
Boundary:(20.0, 537.1)(129.5, 537.1)(129.5, 695.3)(20.0, 695.3);GATE
Port:(36.0, 690.4)(113.5, 690.4)(113.5, 695.3)(36.0, 695.3);SD
Port:(20.0, 537.1)(129.5, 537.1)(129.5, 688.8)(20.0, 688.8);GATE
Port:(26.6, 542.7)(122.9, 542.7)(122.9, 549.9)(26.6, 549.9);SD
Module:M11
Boundary:(185.6, 267.1)(185.6, 342.3)(185.4, 342.3)(185.4, 356.5)(10.0, 356.5)(10.0, 267.1);GATE
Port:(10.0, 280.1)(16.0, 280.1)(16.0, 343.5)(10.0, 343.5);SD
Port:(185.6, 267.1)(185.6, 342.3)(185.4, 342.3)(185.4, 356.5)(18.2, 356.5)(18.2, 267.1);GATE
Port:(174.3, 273.0)(180.7, 273.0)(180.7, 336.4)(174.3, 336.4);SD
Module:M1
Boundary:(369.8, 30.0)(369.8, 98.6)(183.2, 98.6)(183.2, 30.0);GATE
Port:(183.2, 43.3)(187.6, 43.3)(187.6, 85.3)(183.2, 85.3);SD
Port:(369.8, 30.0)(369.8, 98.6)(190.2, 98.6)(190.2, 30.0);GATE
Port:(359.2, 35.0)(365.8, 35.0)(365.8, 93.6)(359.2, 93.6);SD
Module:M6
Boundary:(409.8, 10.0)(460.7, 10.0)(460.7, 10.0)(478.6, 10.0)(478.6, 119.6)(409.8, 119.6);GATE
Port:(422.3, 115.0)(466.1, 115.0)(466.1, 119.6)(422.3, 119.6);SD
Port:(409.8, 10.0)(460.7, 10.0)(460.7, 10.0)(478.6, 10.0)(478.6, 113.1)(409.8, 113.1);GATE
Port:(415.5, 14.7)(455.0, 14.7)(455.0, 19.4)(415.5, 19.4);SD
Module:M2
Boundary:(359.3, 297.6)(471.8, 297.6)(471.8, 492.7)(359.3, 492.7);GATE
Port:(372.8, 488.7)(458.3, 488.7)(458.3, 492.7)(372.8, 492.7);SD
Port:(359.3, 297.6)(471.8, 297.6)(471.8, 486.9)(359.3, 486.9);GATE
Port:(365.3, 302.6)(465.8, 302.6)(465.8, 308.0)(365.3, 308.0);SD
Module:M16
Boundary:(349.3, 522.7)(461.3, 522.7)(461.3, 613.6)(349.3, 613.6);GATE
Port:(362.1, 608.4)(448.5, 608.4)(448.5, 613.6)(362.1, 613.6);SD
Port:(349.3, 522.7)(461.3, 522.7)(461.3, 606.6)(349.3, 606.6);GATE
Port:(355.0, 527.4)(455.6, 527.4)(455.6, 533.6)(355.0, 533.6);SD
Module:M13
Boundary:(259.7, 439.1)(311.4, 439.1)(311.4, 439.3)(329.3, 439.3)(329.3, 541.4)(259.7, 541.4);GATE
Port:(272.9, 537.0)(316.1, 537.0)(316.1, 541.4)(272.9, 541.4);SD
Port:(259.7, 439.1)(311.4, 439.1)(311.4, 439.3)(329.3, 439.3)(329.3, 534.3)(259.7, 534.3);GATE
Port:(264.7, 443.1)(306.4, 443.1)(306.4, 449.3)(264.7, 449.3);SD
Module:M10
Boundary:(480.2, 633.6)(480.2, 701.8)(273.6, 701.8)(273.6, 633.6);GATE
Port:(273.6, 647.3)(279.2, 647.3)(279.2, 688.1)(273.6, 688.1);SD
Port:(480.2, 633.6)(480.2, 701.8)(280.5, 701.8)(280.5, 633.6);GATE
Port:(469.6, 639.4)(475.4, 639.4)(475.4, 696.0)(469.6, 696.0);SD
Module:M7
Boundary:(127.9, 386.5)(127.9, 497.1)(20.0, 497.1)(20.0, 386.5);GATE
Port:(20.0, 400.0)(25.2, 400.0)(25.2, 483.6)(20.0, 483.6);SD
Port:(127.9, 386.5)(127.9, 497.1)(27.8, 497.1)(27.8, 386.5);GATE
Port:(117.4, 392.9)(122.5, 392.9)(122.5, 490.7)(117.4, 490.7);SD
Module:M3
Boundary:(143.2, 10.0)(143.2, 120.0)(10.0, 120.0)(10.0, 10.0);GATE
Port:(10.0, 25.3)(14.7, 25.3)(14.7, 104.7)(10.0, 104.7);SD
Port:(143.2, 10.0)(143.2, 120.0)(17.1, 120.0)(17.1, 10.0);GATE
Port:(131.1, 16.5)(137.7, 16.5)(137.7, 113.5)(131.1, 113.5);SD
Module:M15
Boundary:(198.0, 140.0)(198.0, 247.1)(10.0, 247.1)(10.0, 140.0);GATE
Port:(10.0, 154.3)(15.1, 154.3)(15.1, 232.8)(10.0, 232.8);SD
Port:(198.0, 140.0)(198.0, 247.1)(17.7, 247.1)(17.7, 140.0);GATE
Port:(187.0, 146.4)(192.6, 146.4)(192.6, 240.7)(187.0, 240.7);SD
Module:M12
Boundary:(159.5, 439.1)(239.7, 439.1)(239.7, 603.3)(159.5, 603.3);GATE
Port:(173.4, 597.9)(225.8, 597.9)(225.8, 603.3)(173.4, 603.3);SD
Port:(159.5, 439.1)(239.7, 439.1)(239.7, 595.4)(159.5, 595.4);GATE
Port:(166.5, 445.1)(232.7, 445.1)(232.7, 451.2)(166.5, 451.2);SD
Module:M8
Boundary:(215.6, 314.7)(318.7, 314.7)(318.7, 409.1)(215.6, 409.1);GATE
Port:(229.9, 403.5)(304.4, 403.5)(304.4, 409.1)(229.9, 409.1);SD
Port:(215.6, 314.7)(318.7, 314.7)(318.7, 402.1)(215.6, 402.1);GATE
Port:(221.0, 319.1)(313.3, 319.1)(313.3, 326.0)(221.0, 326.0);SD
Module:M4
Boundary:(243.6, 633.3)(243.6, 682.8)(243.5, 682.8)(243.5, 698.7)(169.5, 698.7)(169.5, 633.3);GATE
Port:(169.5, 646.7)(174.8, 646.7)(174.8, 685.3)(169.5, 685.3);SD
Port:(243.6, 633.3)(243.6, 682.8)(243.5, 682.8)(243.5, 698.7)(175.9, 698.7)(175.9, 633.3);GATE
Port:(233.1, 639.0)(238.9, 639.0)(238.9, 677.1)(233.1, 677.1);SD
