Area:(-30.0, -30.0)(921.9, -30.0)(921.9, 429.6)(-30.0, 429.6)
Rule:GATE(5,5);SD(5,5);GATE_SD(0.5);GATE_ITO(0.5);SD_ITO(0.5)
Module:M14
Boundary:(345.9, 164.5)(345.9, 224.5)(345.6, 224.5)(345.6, 239.4)(247.6, 239.4)(247.6, 164.5);GATE
Port:(247.6, 176.3)(252.2, 176.3)(252.2, 227.6)(247.6, 227.6);SD
Port:(345.9, 164.5)(345.9, 224.5)(345.6, 224.5)(345.6, 239.4)(254.5, 239.4)(254.5, 164.5);GATE
Port:(336.4, 169.8)(341.6, 169.8)(341.6, 219.2)(336.4, 219.2);SD
Module:M9
Boundary:(810.2, 253.6)(875.5, 253.6)(875.5, 367.5)(810.2, 367.5);GATE
Port:(823.4, 362.9)(862.3, 362.9)(862.3, 367.5)(823.4, 367.5);SD
Port:(810.2, 253.6)(875.5, 253.6)(875.5, 360.2)(810.2, 360.2);GATE
Port:(816.7, 259.1)(869.0, 259.1)(869.0, 264.7)(816.7, 264.7);SD
Module:M5
Boundary:(237.6, 20.0)(345.5, 20.0)(345.5, 20.4)(363.1, 20.4)(363.1, 114.5)(237.6, 114.5);GATE
Port:(252.6, 109.0)(348.1, 109.0)(348.1, 114.5)(252.6, 114.5);SD
Port:(237.6, 20.0)(345.5, 20.0)(345.5, 20.4)(363.1, 20.4)(363.1, 106.6)(237.6, 106.6);GATE
Port:(244.0, 25.4)(339.1, 25.4)(339.1, 31.6)(244.0, 31.6);SD
Module:M11
Boundary:(618.8, 10.0)(618.8, 107.7)(393.1, 107.7)(393.1, 10.0);GATE
Port:(393.1, 25.0)(397.5, 25.0)(397.5, 92.7)(393.1, 92.7);SD
Port:(618.8, 10.0)(618.8, 107.7)(399.9, 107.7)(399.9, 10.0);GATE
Port:(606.5, 16.7)(613.1, 16.7)(613.1, 101.0)(606.5, 101.0);SD
Module:M1
Boundary:(658.8, 30.0)(734.9, 30.0)(734.9, 30.2)(749.2, 30.2)(749.2, 234.7)(658.8, 234.7);GATE
Port:(672.3, 228.7)(735.7, 228.7)(735.7, 234.7)(672.3, 234.7);SD
Port:(658.8, 30.0)(734.9, 30.0)(734.9, 30.2)(749.2, 30.2)(749.2, 226.1)(658.8, 226.1);GATE
Port:(664.9, 35.1)(728.8, 35.1)(728.8, 41.2)(664.9, 41.2);SD
Module:M6
Boundary:(552.8, 282.3)(586.1, 282.3)(586.1, 282.5)(603.3, 282.5)(603.3, 382.7)(552.8, 382.7);GATE
Port:(566.2, 377.1)(589.9, 377.1)(589.9, 382.7)(566.2, 382.7);SD
Port:(552.8, 282.3)(586.1, 282.3)(586.1, 282.5)(603.3, 282.5)(603.3, 375.2)(552.8, 375.2);GATE
Port:(558.3, 286.8)(580.6, 286.8)(580.6, 292.5)(558.3, 292.5);SD
Module:M2
Boundary:(522.8, 292.6)(522.8, 373.8)(395.9, 373.8)(395.9, 292.6);GATE
Port:(395.9, 306.0)(401.7, 306.0)(401.7, 360.4)(395.9, 360.4);SD
Port:(522.8, 292.6)(522.8, 373.8)(404.6, 373.8)(404.6, 292.6);GATE
Port:(512.0, 298.9)(517.5, 298.9)(517.5, 367.5)(512.0, 367.5);SD
Module:M16
Boundary:(201.6, 117.1)(201.6, 208.3)(10.0, 208.3)(10.0, 117.1);GATE
Port:(10.0, 130.9)(14.7, 130.9)(14.7, 194.5)(10.0, 194.5);SD
Port:(201.6, 117.1)(201.6, 208.3)(16.4, 208.3)(16.4, 117.1);GATE
Port:(189.5, 124.0)(195.7, 124.0)(195.7, 201.4)(189.5, 201.4);SD
Module:M13
Boundary:(789.2, 10.0)(863.2, 10.0)(863.2, 10.3)(881.9, 10.3)(881.9, 233.6)(789.2, 233.6);GATE
Port:(803.6, 229.2)(867.5, 229.2)(867.5, 233.6)(803.6, 233.6);SD
Port:(789.2, 10.0)(863.2, 10.0)(863.2, 10.3)(881.9, 10.3)(881.9, 227.5)(789.2, 227.5);GATE
Port:(794.5, 14.3)(857.9, 14.3)(857.9, 21.4)(794.5, 21.4);SD
Module:M10
Boundary:(96.9, 328.3)(96.9, 374.5)(96.8, 374.5)(96.8, 389.6)(10.0, 389.6)(10.0, 328.3);GATE
Port:(10.0, 340.2)(14.2, 340.2)(14.2, 377.7)(10.0, 377.7);SD
Port:(96.9, 328.3)(96.9, 374.5)(96.8, 374.5)(96.8, 389.6)(15.9, 389.6)(15.9, 328.3);GATE
Port:(86.7, 333.9)(92.3, 333.9)(92.3, 368.9)(86.7, 368.9);SD
Module:M7
Boundary:(780.2, 284.7)(780.2, 377.3)(648.8, 377.3)(648.8, 284.7);GATE
Port:(648.8, 298.4)(653.9, 298.4)(653.9, 363.6)(648.8, 363.6);SD
Port:(780.2, 284.7)(780.2, 377.3)(655.5, 377.3)(655.5, 284.7);GATE
Port:(769.8, 290.2)(775.7, 290.2)(775.7, 371.8)(769.8, 371.8);SD
Module:M3
Boundary:(347.7, 279.4)(347.7, 370.6)(347.3, 370.6)(347.3, 387.9)(199.5, 387.9)(199.5, 279.4);GATE
Port:(199.5, 295.1)(205.5, 295.1)(205.5, 372.2)(199.5, 372.2);SD
Port:(347.7, 279.4)(347.7, 370.6)(347.3, 370.6)(347.3, 387.9)(206.8, 387.9)(206.8, 279.4);GATE
Port:(334.3, 286.1)(342.0, 286.1)(342.0, 363.9)(334.3, 363.9);SD
Module:M15
Boundary:(207.6, 10.0)(207.6, 79.9)(207.3, 79.9)(207.3, 97.1)(10.0, 97.1)(10.0, 10.0);GATE
Port:(10.0, 24.1)(14.5, 24.1)(14.5, 83.0)(10.0, 83.0);SD
Port:(207.6, 10.0)(207.6, 79.9)(207.3, 79.9)(207.3, 97.1)(16.0, 97.1)(16.0, 10.0);GATE
Port:(196.5, 16.6)(202.0, 16.6)(202.0, 73.3)(196.5, 73.3);SD
Module:M12
Boundary:(385.9, 144.5)(449.6, 144.5)(449.6, 144.5)(465.4, 144.5)(465.4, 262.6)(385.9, 262.6);GATE
Port:(398.9, 257.3)(452.4, 257.3)(452.4, 262.6)(398.9, 262.6);SD
Port:(385.9, 144.5)(449.6, 144.5)(449.6, 144.5)(465.4, 144.5)(465.4, 255.6)(385.9, 255.6);GATE
Port:(391.3, 148.9)(444.2, 148.9)(444.2, 154.4)(391.3, 154.4);SD
Module:M8
Boundary:(607.1, 137.7)(607.1, 236.3)(607.1, 236.3)(607.1, 252.3)(495.4, 252.3)(495.4, 137.7);GATE
Port:(495.4, 151.2)(499.9, 151.2)(499.9, 238.8)(495.4, 238.8);SD
Port:(607.1, 137.7)(607.1, 236.3)(607.1, 236.3)(607.1, 252.3)(501.7, 252.3)(501.7, 137.7);GATE
Port:(595.9, 143.9)(601.9, 143.9)(601.9, 230.1)(595.9, 230.1);SD
Module:M4
Boundary:(169.5, 238.3)(169.5, 298.3)(20.0, 298.3)(20.0, 238.3);GATE
Port:(20.0, 251.3)(24.4, 251.3)(24.4, 285.3)(20.0, 285.3);SD
Port:(169.5, 238.3)(169.5, 298.3)(26.3, 298.3)(26.3, 238.3);GATE
Port:(158.1, 243.7)(165.1, 243.7)(165.1, 292.9)(158.1, 292.9);SD
