Area:(-30.0, -30.0)(688.7, -30.0)(688.7, 480.7)(-30.0, 480.7)
Rule:GATE(5,5);SD(5,5);GATE_SD(0.5);GATE_ITO(0.5);SD_ITO(0.5)
Module:M14
Boundary:(30.0, 320.3)(110.8, 320.3)(110.8, 320.7)(126.5, 320.7)(126.5, 429.4)(30.0, 429.4);GATE
Port:(43.3, 424.8)(113.2, 424.8)(113.2, 429.4)(43.3, 429.4);SD
Port:(30.0, 320.3)(110.8, 320.3)(110.8, 320.7)(126.5, 320.7)(126.5, 422.2)(30.0, 422.2);GATE
Port:(36.7, 326.0)(104.1, 326.0)(104.1, 331.4)(36.7, 331.4);SD
Module:M9
Boundary:(223.6, 152.1)(330.8, 152.1)(330.8, 243.5)(223.6, 243.5);GATE
Port:(239.2, 238.2)(315.2, 238.2)(315.2, 243.5)(239.2, 243.5);SD
Port:(223.6, 152.1)(330.8, 152.1)(330.8, 236.2)(223.6, 236.2);GATE
Port:(230.1, 157.6)(324.3, 157.6)(324.3, 164.6)(230.1, 164.6);SD
Module:M5
Boundary:(130.2, 20.0)(178.6, 20.0)(178.6, 20.1)(193.6, 20.1)(193.6, 160.6)(130.2, 160.6);GATE
Port:(143.7, 155.5)(180.1, 155.5)(180.1, 160.6)(143.7, 160.6);SD
Port:(130.2, 20.0)(178.6, 20.0)(178.6, 20.1)(193.6, 20.1)(193.6, 154.0)(130.2, 154.0);GATE
Port:(137.1, 25.9)(171.7, 25.9)(171.7, 31.5)(137.1, 31.5);SD
Module:M11
Boundary:(350.8, 235.7)(423.2, 235.7)(423.2, 236.0)(437.1, 236.0)(437.1, 326.2)(350.8, 326.2);GATE
Port:(362.5, 321.5)(425.4, 321.5)(425.4, 326.2)(362.5, 326.2);SD
Port:(350.8, 235.7)(423.2, 235.7)(423.2, 236.0)(437.1, 236.0)(437.1, 319.5)(350.8, 319.5);GATE
Port:(356.8, 240.7)(417.2, 240.7)(417.2, 245.8)(356.8, 245.8);SD
Module:M1
Boundary:(421.4, 30.0)(421.4, 112.1)(243.6, 112.1)(243.6, 30.0);GATE
Port:(243.6, 43.2)(247.6, 43.2)(247.6, 98.9)(243.6, 98.9);SD
Port:(421.4, 30.0)(421.4, 112.1)(250.3, 112.1)(250.3, 30.0);GATE
Port:(410.8, 35.9)(416.5, 35.9)(416.5, 106.2)(410.8, 106.2);SD
Module:M6
Boundary:(10.0, 147.8)(93.7, 147.8)(93.7, 280.3)(10.0, 280.3);GATE
Port:(23.7, 275.5)(80.0, 275.5)(80.0, 280.3)(23.7, 280.3);SD
Port:(10.0, 147.8)(93.7, 147.8)(93.7, 273.2)(10.0, 273.2);GATE
Port:(16.2, 153.0)(87.5, 153.0)(87.5, 158.7)(16.2, 158.7);SD
Module:M2
Boundary:(525.0, 356.2)(525.0, 431.2)(351.8, 431.2)(351.8, 356.2);GATE
Port:(351.8, 368.2)(357.3, 368.2)(357.3, 419.2)(351.8, 419.2);SD
Port:(525.0, 356.2)(525.0, 431.2)(360.0, 431.2)(360.0, 356.2);GATE
Port:(515.3, 361.4)(520.8, 361.4)(520.8, 426.0)(515.3, 426.0);SD
Module:M16
Boundary:(467.5, 152.1)(467.5, 215.7)(350.8, 215.7)(350.8, 152.1);GATE
Port:(350.8, 164.5)(356.7, 164.5)(356.7, 203.3)(350.8, 203.3);SD
Port:(467.5, 152.1)(467.5, 215.7)(358.9, 215.7)(358.9, 152.1);GATE
Port:(457.7, 157.1)(463.5, 157.1)(463.5, 210.7)(457.7, 210.7);SD
Module:M13
Boundary:(555.0, 369.3)(628.8, 369.3)(628.8, 440.7)(555.0, 440.7);GATE
Port:(570.0, 435.6)(613.8, 435.6)(613.8, 440.7)(570.0, 440.7);SD
Port:(555.0, 369.3)(628.8, 369.3)(628.8, 433.3)(555.0, 433.3);GATE
Port:(561.9, 375.2)(621.9, 375.2)(621.9, 381.2)(561.9, 381.2);SD
Module:M10
Boundary:(487.5, 148.1)(554.6, 148.1)(554.6, 324.8)(487.5, 324.8);GATE
Port:(500.3, 318.9)(541.8, 318.9)(541.8, 324.8)(500.3, 324.8);SD
Port:(487.5, 148.1)(554.6, 148.1)(554.6, 317.8)(487.5, 317.8);GATE
Port:(492.6, 152.2)(549.5, 152.2)(549.5, 157.5)(492.6, 157.5);SD
Module:M7
Boundary:(20.0, 20.0)(73.0, 20.0)(73.0, 20.2)(90.2, 20.2)(90.2, 117.8)(20.0, 117.8);GATE
Port:(34.4, 113.7)(75.8, 113.7)(75.8, 117.8)(34.4, 117.8);SD
Port:(20.0, 20.0)(73.0, 20.0)(73.0, 20.2)(90.2, 20.2)(90.2, 111.4)(20.0, 111.4);GATE
Port:(26.0, 25.0)(67.0, 25.0)(67.0, 31.6)(26.0, 31.6);SD
Module:M3
Boundary:(113.7, 190.6)(188.2, 190.6)(188.2, 190.6)(203.0, 190.6)(203.0, 266.3)(113.7, 266.3);GATE
Port:(124.9, 261.4)(191.8, 261.4)(191.8, 266.3)(124.9, 266.3);SD
Port:(113.7, 190.6)(188.2, 190.6)(188.2, 190.6)(203.0, 190.6)(203.0, 258.7)(113.7, 258.7);GATE
Port:(118.8, 194.7)(183.1, 194.7)(183.1, 200.2)(118.8, 200.2);SD
Module:M15
Boundary:(648.7, 10.0)(648.7, 128.1)(461.4, 128.1)(461.4, 10.0);GATE
Port:(461.4, 23.8)(467.2, 23.8)(467.2, 114.3)(461.4, 114.3);SD
Port:(648.7, 10.0)(648.7, 128.1)(468.5, 128.1)(468.5, 10.0);GATE
Port:(637.2, 16.7)(643.0, 16.7)(643.0, 121.4)(637.2, 121.4);SD
Module:M12
Boundary:(574.6, 148.1)(646.9, 148.1)(646.9, 349.3)(574.6, 349.3);GATE
Port:(589.7, 343.4)(631.8, 343.4)(631.8, 349.3)(589.7, 349.3);SD
Port:(574.6, 148.1)(646.9, 148.1)(646.9, 340.9)(574.6, 340.9);GATE
Port:(581.6, 154.1)(639.9, 154.1)(639.9, 160.3)(581.6, 160.3);SD
Module:M8
Boundary:(176.5, 296.3)(228.7, 296.3)(228.7, 433.4)(176.5, 433.4);GATE
Port:(190.6, 429.1)(214.6, 429.1)(214.6, 433.4)(190.6, 433.4);SD
Port:(176.5, 296.3)(228.7, 296.3)(228.7, 427.5)(176.5, 427.5);GATE
Port:(182.8, 301.6)(222.4, 301.6)(222.4, 308.4)(182.8, 308.4);SD
Module:M4
Boundary:(268.7, 273.5)(297.8, 273.5)(297.8, 273.5)(311.8, 273.5)(311.8, 438.8)(268.7, 438.8);GATE
Port:(279.6, 432.9)(300.9, 432.9)(300.9, 438.8)(279.6, 438.8);SD
Port:(268.7, 273.5)(297.8, 273.5)(297.8, 273.5)(311.8, 273.5)(311.8, 430.0)(268.7, 430.0);GATE
Port:(274.1, 277.9)(292.4, 277.9)(292.4, 282.7)(274.1, 282.7);SD
