Area:(-30.0, -30.0)(499.4, -30.0)(499.4, 747.4)(-30.0, 747.4)
Rule:GATE(5,5);SD(5,5);GATE_SD(0.5);GATE_ITO(0.5);SD_ITO(0.5)
Module:M14
Boundary:(444.6, 376.4)(444.6, 456.1)(444.2, 456.1)(444.2, 471.3)(296.7, 471.3)(296.7, 376.4);GATE
Port:(296.7, 390.1)(302.2, 390.1)(302.2, 457.6)(296.7, 457.6);SD
Port:(444.6, 376.4)(444.6, 456.1)(444.2, 456.1)(444.2, 471.3)(304.8, 471.3)(304.8, 376.4);GATE
Port:(433.4, 383.4)(438.6, 383.4)(438.6, 449.1)(433.4, 449.1);SD
Module:M9
Boundary:(458.5, 215.1)(458.5, 336.4)(250.0, 336.4)(250.0, 215.1);GATE
Port:(250.0, 229.4)(255.5, 229.4)(255.5, 322.1)(250.0, 322.1);SD
Port:(458.5, 215.1)(458.5, 336.4)(256.6, 336.4)(256.6, 215.1);GATE
Port:(446.4, 220.7)(453.9, 220.7)(453.9, 330.8)(446.4, 330.8);SD
Module:M5
Boundary:(203.8, 113.8)(203.8, 193.0)(20.0, 193.0)(20.0, 113.8);GATE
Port:(20.0, 127.6)(25.4, 127.6)(25.4, 179.2)(20.0, 179.2);SD
Port:(203.8, 113.8)(203.8, 193.0)(27.4, 193.0)(27.4, 113.8);GATE
Port:(192.6, 120.1)(198.5, 120.1)(198.5, 186.7)(192.6, 186.7);SD
Module:M11
Boundary:(256.7, 361.4)(256.7, 467.5)(256.0, 467.5)(256.0, 484.7)(102.0, 484.7)(102.0, 361.4);GATE
Port:(102.0, 376.7)(106.2, 376.7)(106.2, 469.4)(102.0, 469.4);SD
Port:(256.7, 361.4)(256.7, 467.5)(256.0, 467.5)(256.0, 484.7)(107.9, 484.7)(107.9, 361.4);GATE
Port:(244.7, 368.4)(250.7, 368.4)(250.7, 460.5)(244.7, 460.5);SD
Module:M1
Boundary:(210.0, 243.0)(210.0, 321.4)(122.0, 321.4)(122.0, 243.0);GATE
Port:(122.0, 255.0)(127.2, 255.0)(127.2, 309.4)(122.0, 309.4);SD
Port:(210.0, 243.0)(210.0, 321.4)(130.2, 321.4)(130.2, 243.0);GATE
Port:(200.1, 249.3)(204.7, 249.3)(204.7, 315.1)(200.1, 315.1);SD
Module:M6
Boundary:(233.9, 584.0)(286.4, 584.0)(286.4, 584.2)(302.2, 584.2)(302.2, 707.4)(233.9, 707.4);GATE
Port:(249.2, 702.8)(286.9, 702.8)(286.9, 707.4)(249.2, 707.4);SD
Port:(233.9, 584.0)(286.4, 584.0)(286.4, 584.2)(302.2, 584.2)(302.2, 700.8)(233.9, 700.8);GATE
Port:(240.5, 589.6)(279.8, 589.6)(279.8, 596.9)(240.5, 596.9);SD
Module:M2
Boundary:(20.0, 463.8)(54.5, 463.8)(54.5, 464.0)(71.8, 464.0)(71.8, 568.4)(20.0, 568.4);GATE
Port:(33.3, 563.2)(58.5, 563.2)(58.5, 568.4)(33.3, 568.4);SD
Port:(20.0, 463.8)(54.5, 463.8)(54.5, 464.0)(71.8, 464.0)(71.8, 561.8)(20.0, 561.8);GATE
Port:(26.0, 468.8)(48.5, 468.8)(48.5, 474.6)(26.0, 474.6);SD
Module:M16
Boundary:(433.1, 511.3)(433.1, 546.7)(433.1, 546.7)(433.1, 564.0)(224.7, 564.0)(224.7, 511.3);GATE
Port:(224.7, 525.8)(229.3, 525.8)(229.3, 549.5)(224.7, 549.5);SD
Port:(433.1, 511.3)(433.1, 546.7)(433.1, 546.7)(433.1, 564.0)(232.1, 564.0)(232.1, 511.3);GATE
Port:(421.6, 517.4)(428.0, 517.4)(428.0, 540.6)(421.6, 540.6);SD
Module:M13
Boundary:(143.9, 615.7)(213.9, 615.7)(213.9, 706.2)(143.9, 706.2);GATE
Port:(155.9, 702.0)(201.9, 702.0)(201.9, 706.2)(155.9, 706.2);SD
Port:(143.9, 615.7)(213.9, 615.7)(213.9, 699.5)(143.9, 699.5);GATE
Port:(150.2, 621.0)(207.6, 621.0)(207.6, 625.8)(150.2, 625.8);SD
Module:M10
Boundary:(10.0, 223.0)(68.0, 223.0)(68.0, 223.1)(82.0, 223.1)(82.0, 433.8)(10.0, 433.8);GATE
Port:(21.7, 428.1)(70.3, 428.1)(70.3, 433.8)(21.7, 433.8);SD
Port:(10.0, 223.0)(68.0, 223.0)(68.0, 223.1)(82.0, 223.1)(82.0, 425.8)(10.0, 425.8);GATE
Port:(15.5, 227.5)(62.5, 227.5)(62.5, 232.9)(15.5, 232.9);SD
Module:M7
Boundary:(353.4, 20.0)(441.9, 20.0)(441.9, 20.2)(459.4, 20.2)(459.4, 177.7)(353.4, 177.7);GATE
Port:(368.4, 172.3)(444.4, 172.3)(444.4, 177.7)(368.4, 177.7);SD
Port:(353.4, 20.0)(441.9, 20.0)(441.9, 20.2)(459.4, 20.2)(459.4, 169.8)(353.4, 169.8);GATE
Port:(359.3, 24.9)(436.0, 24.9)(436.0, 31.6)(359.3, 31.6);SD
Module:M3
Boundary:(123.9, 615.7)(123.9, 685.9)(123.7, 685.9)(123.7, 703.0)(10.0, 703.0)(10.0, 615.7);GATE
Port:(10.0, 630.3)(15.2, 630.3)(15.2, 688.4)(10.0, 688.4);SD
Port:(123.9, 615.7)(123.9, 685.9)(123.7, 685.9)(123.7, 703.0)(16.6, 703.0)(16.6, 615.7);GATE
Port:(112.4, 622.4)(118.2, 622.4)(118.2, 679.2)(112.4, 679.2);SD
Module:M15
Boundary:(216.8, 10.0)(216.8, 83.8)(10.0, 83.8)(10.0, 10.0);GATE
Port:(10.0, 21.2)(15.1, 21.2)(15.1, 72.6)(10.0, 72.6);SD
Port:(216.8, 10.0)(216.8, 83.8)(16.8, 83.8)(16.8, 10.0);GATE
Port:(207.5, 15.2)(212.6, 15.2)(212.6, 78.6)(207.5, 78.6);SD
Module:M12
Boundary:(101.8, 504.7)(204.7, 504.7)(204.7, 595.7)(101.8, 595.7);GATE
Port:(116.4, 590.0)(190.1, 590.0)(190.1, 595.7)(116.4, 595.7);SD
Port:(101.8, 504.7)(204.7, 504.7)(204.7, 588.4)(101.8, 588.4);GATE
Port:(107.8, 509.7)(198.7, 509.7)(198.7, 516.5)(107.8, 516.5);SD
Module:M8
Boundary:(455.2, 594.0)(455.2, 657.9)(445.6, 657.9)(445.6, 671.7)(332.2, 671.7)(332.2, 594.0);GATE
Port:(332.2, 607.5)(337.2, 607.5)(337.2, 658.2)(332.2, 658.2);SD
Port:(455.2, 594.0)(455.2, 657.9)(445.6, 657.9)(445.6, 671.7)(339.4, 671.7)(339.4, 594.0);GATE
Port:(443.5, 599.4)(450.8, 599.4)(450.8, 651.5)(443.5, 651.5);SD
Module:M4
Boundary:(246.8, 20.0)(313.4, 20.0)(313.4, 185.1)(246.8, 185.1);GATE
Port:(260.7, 179.1)(299.5, 179.1)(299.5, 185.1)(260.7, 185.1);SD
Port:(246.8, 20.0)(313.4, 20.0)(313.4, 177.7)(246.8, 177.7);GATE
Port:(252.6, 24.8)(307.6, 24.8)(307.6, 31.3)(252.6, 31.3);SD
