Area:(-30.0, -20.0)(554.6, -20.0)(554.6, 668.6)(-30.0, 668.6)
Rule:GATE(5,5);SD(5,5);GATE_SD(0.5);GATE_ITO(0.5);SD_ITO(0.5)
Module:M14
Boundary:(400.4, 30.0)(400.4, 91.1)(400.3, 91.1)(400.3, 105.2)(252.1, 105.2)(252.1, 30.0);GATE
Port:(252.1, 43.4)(257.2, 43.4)(257.2, 91.8)(252.1, 91.8);SD
Port:(400.4, 30.0)(400.4, 91.1)(400.3, 91.1)(400.3, 105.2)(258.8, 105.2)(258.8, 30.0);GATE
Port:(389.0, 36.2)(395.2, 36.2)(395.2, 84.9)(389.0, 84.9);SD
Module:M9
Boundary:(124.5, 427.4)(173.5, 427.4)(173.5, 533.3)(124.5, 533.3);GATE
Port:(138.5, 527.7)(159.5, 527.7)(159.5, 533.3)(138.5, 533.3);SD
Port:(124.5, 427.4)(173.5, 427.4)(173.5, 526.6)(124.5, 526.6);GATE
Port:(131.4, 433.3)(166.6, 433.3)(166.6, 438.9)(131.4, 438.9);SD
Module:M5
Boundary:(450.4, 20.0)(499.7, 20.0)(499.7, 124.4)(450.4, 124.4);GATE
Port:(464.2, 119.6)(485.9, 119.6)(485.9, 124.4)(464.2, 124.4);SD
Port:(450.4, 20.0)(499.7, 20.0)(499.7, 118.6)(450.4, 118.6);GATE
Port:(456.2, 24.8)(493.9, 24.8)(493.9, 30.7)(456.2, 30.7);SD
Module:M11
Boundary:(277.7, 419.7)(364.0, 419.7)(364.0, 420.0)(381.3, 420.0)(381.3, 628.4)(277.7, 628.4);GATE
Port:(291.3, 622.9)(367.7, 622.9)(367.7, 628.4)(291.3, 628.4);SD
Port:(277.7, 419.7)(364.0, 419.7)(364.0, 420.0)(381.3, 420.0)(381.3, 620.4)(277.7, 620.4);GATE
Port:(283.4, 424.4)(358.3, 424.4)(358.3, 430.3)(283.4, 430.3);SD
Module:M1
Boundary:(396.3, 165.2)(396.3, 258.2)(396.2, 258.2)(396.2, 273.0)(252.1, 273.0)(252.1, 165.2);GATE
Port:(252.1, 179.0)(256.7, 179.0)(256.7, 259.2)(252.1, 259.2);SD
Port:(396.3, 165.2)(396.3, 258.2)(396.2, 258.2)(396.2, 273.0)(258.3, 273.0)(258.3, 165.2);GATE
Port:(384.5, 172.2)(390.3, 172.2)(390.3, 251.2)(384.5, 251.2);SD
Module:M6
Boundary:(193.5, 427.4)(242.5, 427.4)(242.5, 427.4)(257.7, 427.4)(257.7, 528.1)(193.5, 528.1);GATE
Port:(206.5, 522.1)(244.7, 522.1)(244.7, 528.1)(206.5, 528.1);SD
Port:(193.5, 427.4)(242.5, 427.4)(242.5, 427.4)(257.7, 427.4)(257.7, 520.3)(193.5, 520.3);GATE
Port:(200.5, 433.4)(235.5, 433.4)(235.5, 438.5)(200.5, 438.5);SD
Module:M2
Boundary:(20.0, 256.6)(65.6, 256.6)(65.6, 256.7)(81.0, 256.7)(81.0, 482.5)(20.0, 482.5);GATE
Port:(31.9, 476.7)(69.1, 476.7)(69.1, 482.5)(31.9, 482.5);SD
Port:(20.0, 256.6)(65.6, 256.6)(65.6, 256.7)(81.0, 256.7)(81.0, 474.6)(20.0, 474.6);GATE
Port:(25.7, 261.3)(59.9, 261.3)(59.9, 265.6)(25.7, 265.6);SD
Module:M16
Boundary:(354.9, 313.0)(354.9, 382.7)(354.5, 382.7)(354.5, 399.7)(232.1, 399.7)(232.1, 313.0);GATE
Port:(232.1, 327.8)(236.2, 327.8)(236.2, 384.9)(232.1, 384.9);SD
Port:(354.9, 313.0)(354.9, 382.7)(354.5, 382.7)(354.5, 399.7)(237.3, 399.7)(237.3, 313.0);GATE
Port:(343.3, 318.9)(350.0, 318.9)(350.0, 376.8)(343.3, 376.8);SD
Module:M13
Boundary:(10.0, 512.5)(104.5, 512.5)(104.5, 615.8)(10.0, 615.8);GATE
Port:(22.3, 611.6)(92.2, 611.6)(92.2, 615.8)(22.3, 615.8);SD
Port:(10.0, 512.5)(104.5, 512.5)(104.5, 610.0)(10.0, 610.0);GATE
Port:(16.0, 517.5)(98.5, 517.5)(98.5, 522.7)(16.0, 522.7);SD
Module:M10
Boundary:(512.8, 318.7)(512.8, 407.4)(401.3, 407.4)(401.3, 318.7);GATE
Port:(401.3, 334.1)(406.5, 334.1)(406.5, 392.0)(401.3, 392.0);SD
Port:(512.8, 318.7)(512.8, 407.4)(409.4, 407.4)(409.4, 318.7);GATE
Port:(500.7, 325.6)(506.9, 325.6)(506.9, 400.5)(500.7, 400.5);SD
Module:M7
Boundary:(446.3, 164.4)(483.5, 164.4)(483.5, 164.5)(501.6, 164.5)(501.6, 288.7)(446.3, 288.7);GATE
Port:(461.2, 284.0)(486.7, 284.0)(486.7, 288.7)(461.2, 288.7);SD
Port:(446.3, 164.4)(483.5, 164.4)(483.5, 164.5)(501.6, 164.5)(501.6, 282.0)(446.3, 282.0);GATE
Port:(451.7, 168.8)(478.1, 168.8)(478.1, 176.4)(451.7, 176.4);SD
Module:M3
Boundary:(401.3, 427.4)(514.6, 427.4)(514.6, 628.6)(401.3, 628.6);GATE
Port:(414.4, 623.1)(501.5, 623.1)(501.5, 628.6)(414.4, 628.6);SD
Port:(401.3, 427.4)(514.6, 427.4)(514.6, 620.8)(401.3, 620.8);GATE
Port:(407.3, 432.4)(508.6, 432.4)(508.6, 438.1)(407.3, 438.1);SD
Module:M15
Boundary:(255.8, 553.3)(255.8, 604.9)(255.7, 604.9)(255.7, 622.5)(124.5, 622.5)(124.5, 553.3);GATE
Port:(124.5, 566.4)(130.1, 566.4)(130.1, 609.4)(124.5, 609.4);SD
Port:(255.8, 553.3)(255.8, 604.9)(255.7, 604.9)(255.7, 622.5)(131.3, 622.5)(131.3, 553.3);GATE
Port:(245.4, 558.8)(251.3, 558.8)(251.3, 599.4)(245.4, 599.4);SD
Module:M12
Boundary:(211.6, 273.7)(211.6, 407.4)(111.0, 407.4)(111.0, 273.7);GATE
Port:(111.0, 289.7)(115.5, 289.7)(115.5, 391.4)(111.0, 391.4);SD
Port:(211.6, 273.7)(211.6, 407.4)(118.4, 407.4)(118.4, 273.7);GATE
Port:(199.0, 280.1)(206.2, 280.1)(206.2, 401.0)(199.0, 401.0);SD
Module:M8
Boundary:(20.0, 20.0)(86.2, 20.0)(86.2, 20.1)(102.0, 20.1)(102.0, 216.6)(20.0, 216.6);GATE
Port:(33.7, 211.4)(88.3, 211.4)(88.3, 216.6)(33.7, 216.6);SD
Port:(20.0, 20.0)(86.2, 20.0)(86.2, 20.1)(102.0, 20.1)(102.0, 210.1)(20.0, 210.1);GATE
Port:(25.9, 24.9)(80.3, 24.9)(80.3, 31.2)(25.9, 31.2);SD
Module:M4
Boundary:(142.0, 20.0)(188.0, 20.0)(188.0, 20.2)(202.1, 20.2)(202.1, 243.7)(142.0, 243.7);GATE
Port:(154.8, 238.6)(189.3, 238.6)(189.3, 243.7)(154.8, 243.7);SD
Port:(142.0, 20.0)(188.0, 20.0)(188.0, 20.2)(202.1, 20.2)(202.1, 235.9)(142.0, 235.9);GATE
Port:(148.9, 25.9)(181.1, 25.9)(181.1, 30.8)(148.9, 30.8);SD
