Area:(-30.0, -30.0)(450.5, -30.0)(450.5, 931.6)(-30.0, 931.6)
Rule:GATE(5,5);SD(5,5);GATE_SD(0.5);GATE_ITO(0.5);SD_ITO(0.5)
Module:M14
Boundary:(308.0, 473.5)(380.1, 473.5)(380.1, 473.6)(398.0, 473.6)(398.0, 672.3)(308.0, 672.3);GATE
Port:(322.5, 667.8)(383.5, 667.8)(383.5, 672.3)(322.5, 672.3);SD
Port:(308.0, 473.5)(380.1, 473.5)(380.1, 473.6)(398.0, 473.6)(398.0, 665.7)(308.0, 665.7);GATE
Port:(314.3, 478.8)(373.8, 478.8)(373.8, 484.8)(314.3, 484.8);SD
Module:M9
Boundary:(290.1, 186.7)(290.1, 284.6)(182.0, 284.6)(182.0, 186.7);GATE
Port:(182.0, 199.9)(187.6, 199.9)(187.6, 271.4)(182.0, 271.4);SD
Port:(290.1, 186.7)(290.1, 284.6)(189.6, 284.6)(189.6, 186.7);GATE
Port:(279.4, 192.1)(285.7, 192.1)(285.7, 279.2)(279.4, 279.2);SD
Module:M5
Boundary:(192.0, 314.6)(271.3, 314.6)(271.3, 414.8)(192.0, 414.8);GATE
Port:(205.3, 410.3)(258.0, 410.3)(258.0, 414.8)(205.3, 414.8);SD
Port:(192.0, 314.6)(271.3, 314.6)(271.3, 408.8)(192.0, 408.8);GATE
Port:(198.7, 320.3)(264.6, 320.3)(264.6, 326.0)(198.7, 326.0);SD
Module:M11
Boundary:(318.5, 10.0)(392.7, 10.0)(392.7, 10.0)(410.5, 10.0)(410.5, 231.3)(318.5, 231.3);GATE
Port:(334.3, 226.4)(394.7, 226.4)(394.7, 231.3)(334.3, 231.3);SD
Port:(318.5, 10.0)(392.7, 10.0)(392.7, 10.0)(410.5, 10.0)(410.5, 223.8)(318.5, 223.8);GATE
Port:(325.0, 15.5)(386.2, 15.5)(386.2, 22.7)(325.0, 22.7);SD
Module:M1
Boundary:(377.2, 743.9)(377.2, 853.6)(376.6, 853.6)(376.6, 872.0)(227.8, 872.0)(227.8, 743.9);GATE
Port:(227.8, 758.0)(232.8, 758.0)(232.8, 857.9)(227.8, 857.9);SD
Port:(377.2, 743.9)(377.2, 853.6)(376.6, 853.6)(376.6, 872.0)(235.8, 872.0)(235.8, 743.9);GATE
Port:(366.0, 749.2)(372.9, 749.2)(372.9, 848.3)(366.0, 848.3);SD
Module:M6
Boundary:(182.0, 10.0)(281.9, 10.0)(281.9, 10.7)(298.5, 10.7)(298.5, 166.7)(182.0, 166.7);GATE
Port:(195.4, 161.8)(285.1, 161.8)(285.1, 166.7)(195.4, 166.7);SD
Port:(182.0, 10.0)(281.9, 10.0)(281.9, 10.7)(298.5, 10.7)(298.5, 159.4)(182.0, 159.4);GATE
Port:(187.9, 14.9)(276.0, 14.9)(276.0, 20.4)(187.9, 20.4);SD
Module:M2
Boundary:(145.7, 474.3)(145.7, 543.3)(20.0, 543.3)(20.0, 474.3);GATE
Port:(20.0, 488.6)(25.7, 488.6)(25.7, 529.0)(20.0, 529.0);SD
Port:(145.7, 474.3)(145.7, 543.3)(28.6, 543.3)(28.6, 474.3);GATE
Port:(134.1, 480.9)(140.1, 480.9)(140.1, 536.7)(134.1, 536.7);SD
Module:M16
Boundary:(264.1, 617.0)(264.1, 687.1)(263.9, 687.1)(263.9, 703.9)(151.4, 703.9)(151.4, 617.0);GATE
Port:(151.4, 631.5)(156.6, 631.5)(156.6, 689.4)(151.4, 689.4);SD
Port:(264.1, 617.0)(264.1, 687.1)(263.9, 687.1)(263.9, 703.9)(158.0, 703.9)(158.0, 617.0);GATE
Port:(252.0, 623.6)(258.5, 623.6)(258.5, 680.5)(252.0, 680.5);SD
Module:M13
Boundary:(10.0, 241.1)(72.8, 241.1)(72.8, 422.6)(10.0, 422.6);GATE
Port:(23.2, 416.7)(59.6, 416.7)(59.6, 422.6)(23.2, 422.6);SD
Port:(10.0, 241.1)(72.8, 241.1)(72.8, 414.3)(10.0, 414.3);GATE
Port:(16.2, 246.3)(66.6, 246.3)(66.6, 252.2)(16.2, 252.2);SD
Module:M10
Boundary:(162.0, 10.0)(162.0, 110.4)(122.9, 110.4)(122.9, 126.1)(10.0, 126.1)(10.0, 10.0);GATE
Port:(10.0, 22.5)(15.2, 22.5)(15.2, 113.6)(10.0, 113.6);SD
Port:(162.0, 10.0)(162.0, 110.4)(122.9, 110.4)(122.9, 126.1)(18.0, 126.1)(18.0, 10.0);GATE
Port:(152.3, 15.6)(157.4, 15.6)(157.4, 103.8)(152.3, 103.8);SD
Module:M7
Boundary:(320.1, 261.3)(403.8, 261.3)(403.8, 423.5)(320.1, 423.5);GATE
Port:(334.5, 417.8)(389.4, 417.8)(389.4, 423.5)(334.5, 423.5);SD
Port:(320.1, 261.3)(403.8, 261.3)(403.8, 415.8)(320.1, 415.8);GATE
Port:(326.8, 267.0)(397.1, 267.0)(397.1, 273.5)(326.8, 273.5);SD
Module:M3
Boundary:(124.2, 146.1)(124.2, 206.8)(124.0, 206.8)(124.0, 221.1)(10.0, 221.1)(10.0, 146.1);GATE
Port:(10.0, 158.9)(15.1, 158.9)(15.1, 208.3)(10.0, 208.3);SD
Port:(124.2, 146.1)(124.2, 206.8)(124.0, 206.8)(124.0, 221.1)(17.8, 221.1)(17.8, 146.1);GATE
Port:(113.0, 152.1)(119.2, 152.1)(119.2, 200.8)(113.0, 200.8);SD
Module:M15
Boundary:(181.3, 444.8)(250.7, 444.8)(250.7, 445.0)(268.0, 445.0)(268.0, 597.0)(181.3, 597.0);GATE
Port:(195.1, 591.8)(254.2, 591.8)(254.2, 597.0)(195.1, 597.0);SD
Port:(181.3, 444.8)(250.7, 444.8)(250.7, 445.0)(268.0, 445.0)(268.0, 589.6)(181.3, 589.6);GATE
Port:(186.3, 448.8)(245.7, 448.8)(245.7, 455.7)(186.3, 455.7);SD
Module:M12
Boundary:(187.8, 812.9)(187.8, 876.5)(187.6, 876.5)(187.6, 891.6)(10.0, 891.6)(10.0, 812.9);GATE
Port:(10.0, 826.4)(15.1, 826.4)(15.1, 878.1)(10.0, 878.1);SD
Port:(187.8, 812.9)(187.8, 876.5)(187.6, 876.5)(187.6, 891.6)(17.2, 891.6)(17.2, 812.9);GATE
Port:(176.4, 819.4)(182.3, 819.4)(182.3, 870.0)(176.4, 870.0);SD
Module:M8
Boundary:(102.8, 251.1)(135.2, 251.1)(135.2, 251.3)(151.3, 251.3)(151.3, 434.3)(102.8, 434.3);GATE
Port:(115.7, 430.0)(138.4, 430.0)(138.4, 434.3)(115.7, 434.3);SD
Port:(102.8, 251.1)(135.2, 251.1)(135.2, 251.3)(151.3, 251.3)(151.3, 428.4)(102.8, 428.4);GATE
Port:(108.1, 255.4)(129.9, 255.4)(129.9, 261.1)(108.1, 261.1);SD
Module:M4
Boundary:(20.0, 583.3)(121.4, 583.3)(121.4, 782.9)(20.0, 782.9);GATE
Port:(33.9, 778.5)(107.5, 778.5)(107.5, 782.9)(33.9, 782.9);SD
Port:(20.0, 583.3)(121.4, 583.3)(121.4, 776.7)(20.0, 776.7);GATE
Port:(25.4, 587.7)(116.0, 587.7)(116.0, 594.3)(25.4, 594.3);SD
