Area:(-30.0, -30.0)(597.3, -30.0)(597.3, 663.0)(-30.0, 663.0)
Rule:GATE(5,5);SD(5,5);GATE_SD(0.5);GATE_ITO(0.5);SD_ITO(0.5)
Module:M14
Boundary:(189.3, 334.1)(189.3, 386.9)(30.0, 386.9)(30.0, 334.1);GATE
Port:(30.0, 349.0)(34.5, 349.0)(34.5, 372.0)(30.0, 372.0);SD
Port:(189.3, 334.1)(189.3, 386.9)(36.2, 386.9)(36.2, 334.1);GATE
Port:(177.0, 339.9)(184.5, 339.9)(184.5, 381.1)(177.0, 381.1);SD
Module:M9
Boundary:(159.2, 505.7)(159.2, 623.0)(10.0, 623.0)(10.0, 505.7);GATE
Port:(10.0, 518.5)(15.4, 518.5)(15.4, 610.2)(10.0, 610.2);SD
Port:(159.2, 505.7)(159.2, 623.0)(16.7, 623.0)(16.7, 505.7);GATE
Port:(149.6, 511.1)(154.8, 511.1)(154.8, 617.6)(149.6, 617.6);SD
Module:M5
Boundary:(531.1, 417.4)(531.1, 495.6)(397.0, 495.6)(397.0, 417.4);GATE
Port:(397.0, 433.6)(402.5, 433.6)(402.5, 479.4)(397.0, 479.4);SD
Port:(531.1, 417.4)(531.1, 495.6)(403.6, 495.6)(403.6, 417.4);GATE
Port:(518.1, 424.4)(525.1, 424.4)(525.1, 488.6)(518.1, 488.6);SD
Module:M11
Boundary:(361.7, 505.7)(361.7, 605.7)(361.5, 605.7)(361.5, 621.5)(179.2, 621.5)(179.2, 505.7);GATE
Port:(179.2, 520.9)(183.8, 520.9)(183.8, 606.3)(179.2, 606.3);SD
Port:(361.7, 505.7)(361.7, 605.7)(361.5, 605.7)(361.5, 621.5)(186.6, 621.5)(186.6, 505.7);GATE
Port:(348.8, 512.5)(355.9, 512.5)(355.9, 598.9)(348.8, 598.9);SD
Module:M1
Boundary:(213.5, 164.0)(298.0, 164.0)(298.0, 245.9)(213.5, 245.9);GATE
Port:(225.8, 240.4)(285.7, 240.4)(285.7, 245.9)(225.8, 245.9);SD
Port:(213.5, 164.0)(298.0, 164.0)(298.0, 238.7)(213.5, 238.7);GATE
Port:(218.5, 168.0)(293.0, 168.0)(293.0, 174.7)(218.5, 174.7);SD
Module:M6
Boundary:(553.1, 10.0)(553.1, 77.4)(444.9, 77.4)(444.9, 10.0);GATE
Port:(444.9, 24.6)(448.9, 24.6)(448.9, 62.8)(444.9, 62.8);SD
Port:(553.1, 10.0)(553.1, 77.4)(450.2, 77.4)(450.2, 10.0);GATE
Port:(541.6, 16.1)(548.0, 16.1)(548.0, 71.3)(541.6, 71.3);SD
Module:M2
Boundary:(163.5, 216.9)(163.5, 268.0)(163.3, 268.0)(163.3, 284.1)(20.0, 284.1)(20.0, 216.9);GATE
Port:(20.0, 230.9)(25.8, 230.9)(25.8, 270.1)(20.0, 270.1);SD
Port:(163.5, 216.9)(163.5, 268.0)(163.3, 268.0)(163.3, 284.1)(27.8, 284.1)(27.8, 216.9);GATE
Port:(152.5, 223.2)(158.2, 223.2)(158.2, 261.7)(152.5, 261.7);SD
Module:M16
Boundary:(557.3, 525.6)(557.3, 622.9)(381.7, 622.9)(381.7, 525.6);GATE
Port:(381.7, 539.2)(385.7, 539.2)(385.7, 609.3)(381.7, 609.3);SD
Port:(557.3, 525.6)(557.3, 622.9)(388.6, 622.9)(388.6, 525.6);GATE
Port:(545.9, 530.8)(553.1, 530.8)(553.1, 617.7)(545.9, 617.7);SD
Module:M13
Boundary:(323.9, 10.0)(424.9, 10.0)(424.9, 108.7)(323.9, 108.7);GATE
Port:(337.7, 103.0)(411.1, 103.0)(411.1, 108.7)(337.7, 108.7);SD
Port:(323.9, 10.0)(424.9, 10.0)(424.9, 101.7)(323.9, 101.7);GATE
Port:(330.6, 15.7)(418.2, 15.7)(418.2, 20.5)(330.6, 20.5);SD
Module:M10
Boundary:(555.2, 97.4)(555.2, 202.4)(554.8, 202.4)(554.8, 220.2)(454.7, 220.2)(454.7, 97.4);GATE
Port:(454.7, 110.6)(460.2, 110.6)(460.2, 207.0)(454.7, 207.0);SD
Port:(555.2, 97.4)(555.2, 202.4)(554.8, 202.4)(554.8, 220.2)(462.9, 220.2)(462.9, 97.4);GATE
Port:(545.5, 102.7)(550.9, 102.7)(550.9, 197.1)(545.5, 197.1);SD
Module:M7
Boundary:(293.9, 20.0)(293.9, 95.5)(293.7, 95.5)(293.7, 114.0)(124.1, 114.0)(124.1, 20.0);GATE
Port:(124.1, 35.4)(128.1, 35.4)(128.1, 98.6)(124.1, 98.6);SD
Port:(293.9, 20.0)(293.9, 95.5)(293.7, 95.5)(293.7, 114.0)(130.5, 114.0)(130.5, 20.0);GATE
Port:(281.5, 26.5)(288.4, 26.5)(288.4, 89.0)(281.5, 89.0);SD
Module:M3
Boundary:(238.8, 426.9)(238.8, 485.7)(10.0, 485.7)(10.0, 426.9);GATE
Port:(10.0, 438.9)(15.9, 438.9)(15.9, 473.7)(10.0, 473.7);SD
Port:(238.8, 426.9)(238.8, 485.7)(17.9, 485.7)(17.9, 426.9);GATE
Port:(228.7, 433.4)(233.3, 433.4)(233.3, 479.2)(228.7, 479.2);SD
Module:M15
Boundary:(10.0, 10.0)(77.7, 10.0)(77.7, 10.4)(94.1, 10.4)(94.1, 186.9)(10.0, 186.9);GATE
Port:(23.9, 181.9)(80.2, 181.9)(80.2, 186.9)(23.9, 186.9);SD
Port:(10.0, 10.0)(77.7, 10.0)(77.7, 10.4)(94.1, 10.4)(94.1, 179.8)(10.0, 179.8);GATE
Port:(16.3, 15.3)(71.4, 15.3)(71.4, 21.4)(16.3, 21.4);SD
Module:M12
Boundary:(258.8, 285.9)(367.0, 285.9)(367.0, 472.2)(258.8, 472.2);GATE
Port:(271.1, 467.7)(354.7, 467.7)(354.7, 472.2)(271.1, 472.2);SD
Port:(258.8, 285.9)(367.0, 285.9)(367.0, 464.8)(258.8, 464.8);GATE
Port:(264.4, 290.5)(361.4, 290.5)(361.4, 296.1)(264.4, 296.1);SD
Module:M8
Boundary:(424.7, 138.7)(424.7, 220.8)(348.0, 220.8)(348.0, 138.7);GATE
Port:(348.0, 152.1)(353.4, 152.1)(353.4, 207.4)(348.0, 207.4);SD
Port:(424.7, 138.7)(424.7, 220.8)(356.0, 220.8)(356.0, 138.7);GATE
Port:(414.0, 145.2)(419.2, 145.2)(419.2, 214.3)(414.0, 214.3);SD
Module:M4
Boundary:(538.4, 260.8)(538.4, 377.4)(397.0, 377.4)(397.0, 260.8);GATE
Port:(397.0, 274.6)(402.4, 274.6)(402.4, 363.6)(397.0, 363.6);SD
Port:(538.4, 260.8)(538.4, 377.4)(404.7, 377.4)(404.7, 260.8);GATE
Port:(526.9, 266.6)(533.6, 266.6)(533.6, 371.6)(526.9, 371.6);SD
