Area:(-30.0, -30.0)(524.8, -30.0)(524.8, 774.5)(-30.0, 774.5)
Rule:GATE(5,5);SD(5,5);GATE_SD(0.5);GATE_ITO(0.5);SD_ITO(0.5)
Module:M14
Boundary:(147.9, 291.2)(216.4, 291.2)(216.4, 291.2)(233.6, 291.2)(233.6, 448.6)(147.9, 448.6);GATE
Port:(161.1, 443.7)(220.4, 443.7)(220.4, 448.6)(161.1, 448.6);SD
Port:(147.9, 291.2)(216.4, 291.2)(216.4, 291.2)(233.6, 291.2)(233.6, 441.9)(147.9, 441.9);GATE
Port:(153.9, 296.2)(210.4, 296.2)(210.4, 301.6)(153.9, 301.6);SD
Module:M9
Boundary:(278.3, 10.0)(307.5, 10.0)(307.5, 10.1)(321.0, 10.1)(321.0, 131.9)(278.3, 131.9);GATE
Port:(289.8, 126.3)(309.5, 126.3)(309.5, 131.9)(289.8, 131.9);SD
Port:(278.3, 10.0)(307.5, 10.0)(307.5, 10.1)(321.0, 10.1)(321.0, 124.6)(278.3, 124.6);GATE
Port:(283.4, 14.1)(302.4, 14.1)(302.4, 19.8)(283.4, 19.8);SD
Module:M5
Boundary:(217.4, 647.7)(217.4, 734.5)(20.0, 734.5)(20.0, 647.7);GATE
Port:(20.0, 663.0)(24.4, 663.0)(24.4, 719.2)(20.0, 719.2);SD
Port:(217.4, 647.7)(217.4, 734.5)(25.5, 734.5)(25.5, 647.7);GATE
Port:(204.5, 654.6)(211.5, 654.6)(211.5, 727.6)(204.5, 727.6);SD
Module:M11
Boundary:(10.0, 262.2)(82.9, 262.2)(82.9, 262.5)(101.5, 262.5)(101.5, 475.6)(10.0, 475.6);GATE
Port:(24.3, 469.8)(87.2, 469.8)(87.2, 475.6)(24.3, 475.6);SD
Port:(10.0, 262.2)(82.9, 262.2)(82.9, 262.5)(101.5, 262.5)(101.5, 468.4)(10.0, 468.4);GATE
Port:(15.5, 266.7)(77.4, 266.7)(77.4, 273.1)(15.5, 273.1);SD
Module:M1
Boundary:(466.7, 617.7)(466.7, 731.7)(267.4, 731.7)(267.4, 617.7);GATE
Port:(267.4, 632.4)(273.2, 632.4)(273.2, 717.0)(267.4, 717.0);SD
Port:(466.7, 617.7)(466.7, 731.7)(275.3, 731.7)(275.3, 617.7);GATE
Port:(454.6, 623.5)(461.9, 623.5)(461.9, 725.9)(454.6, 725.9);SD
Module:M6
Boundary:(147.8, 495.6)(147.8, 617.7)(10.0, 617.7)(10.0, 495.6);GATE
Port:(10.0, 508.7)(14.4, 508.7)(14.4, 604.6)(10.0, 604.6);SD
Port:(147.8, 495.6)(147.8, 617.7)(15.7, 617.7)(15.7, 495.6);GATE
Port:(138.2, 501.3)(143.1, 501.3)(143.1, 612.0)(138.2, 612.0);SD
Module:M2
Boundary:(322.5, 177.6)(322.5, 226.4)(322.4, 226.4)(322.4, 241.2)(137.9, 241.2)(137.9, 177.6);GATE
Port:(137.9, 191.4)(142.7, 191.4)(142.7, 227.4)(137.9, 227.4);SD
Port:(322.5, 177.6)(322.5, 226.4)(322.4, 226.4)(322.4, 241.2)(144.7, 241.2)(144.7, 177.6);GATE
Port:(310.6, 183.3)(317.8, 183.3)(317.8, 220.7)(310.6, 220.7);SD
Module:M16
Boundary:(127.9, 10.0)(258.3, 10.0)(258.3, 147.6)(127.9, 147.6);GATE
Port:(142.1, 143.3)(244.1, 143.3)(244.1, 147.6)(142.1, 147.6);SD
Port:(127.9, 10.0)(258.3, 10.0)(258.3, 141.1)(127.9, 141.1);GATE
Port:(134.3, 15.4)(251.9, 15.4)(251.9, 21.0)(134.3, 21.0);SD
Module:M13
Boundary:(471.8, 241.7)(471.8, 319.7)(471.7, 319.7)(471.7, 335.1)(372.5, 335.1)(372.5, 241.7);GATE
Port:(372.5, 253.7)(377.3, 253.7)(377.3, 323.1)(372.5, 323.1);SD
Port:(471.8, 241.7)(471.8, 319.7)(471.7, 319.7)(471.7, 335.1)(379.5, 335.1)(379.5, 241.7);GATE
Port:(461.6, 247.5)(467.0, 247.5)(467.0, 313.9)(461.6, 313.9);SD
Module:M10
Boundary:(288.6, 503.5)(288.6, 563.3)(288.6, 563.3)(288.6, 577.7)(167.8, 577.7)(167.8, 503.5);GATE
Port:(167.8, 515.6)(173.3, 515.6)(173.3, 565.6)(167.8, 565.6);SD
Port:(288.6, 503.5)(288.6, 563.3)(288.6, 563.3)(288.6, 577.7)(174.4, 577.7)(174.4, 503.5);GATE
Port:(278.5, 508.5)(284.6, 508.5)(284.6, 558.3)(278.5, 558.3);SD
Module:M7
Boundary:(283.6, 281.2)(342.5, 281.2)(342.5, 473.5)(283.6, 473.5);GATE
Port:(294.5, 468.5)(331.6, 468.5)(331.6, 473.5)(294.5, 473.5);SD
Port:(283.6, 281.2)(342.5, 281.2)(342.5, 465.6)(283.6, 465.6);GATE
Port:(289.1, 285.7)(337.0, 285.7)(337.0, 289.8)(289.1, 289.8);SD
Module:M3
Boundary:(372.5, 355.1)(460.6, 355.1)(460.6, 355.4)(477.9, 355.4)(477.9, 485.1)(372.5, 485.1);GATE
Port:(387.4, 479.9)(463.0, 479.9)(463.0, 485.1)(387.4, 485.1);SD
Port:(372.5, 355.1)(460.6, 355.1)(460.6, 355.4)(477.9, 355.4)(477.9, 478.8)(372.5, 478.8);GATE
Port:(378.5, 360.1)(454.6, 360.1)(454.6, 366.9)(378.5, 366.9);SD
Module:M15
Boundary:(484.8, 505.1)(484.8, 576.1)(308.6, 576.1)(308.6, 505.1);GATE
Port:(308.6, 515.8)(314.0, 515.8)(314.0, 565.4)(308.6, 565.4);SD
Port:(484.8, 505.1)(484.8, 576.1)(316.6, 576.1)(316.6, 505.1);GATE
Port:(475.6, 510.4)(480.5, 510.4)(480.5, 570.8)(475.6, 570.8);SD
Module:M12
Boundary:(484.7, 10.0)(484.7, 71.4)(341.0, 71.4)(341.0, 10.0);GATE
Port:(341.0, 22.6)(345.5, 22.6)(345.5, 58.8)(341.0, 58.8);SD
Port:(484.7, 10.0)(484.7, 71.4)(347.3, 71.4)(347.3, 10.0);GATE
Port:(473.8, 16.6)(479.1, 16.6)(479.1, 64.8)(473.8, 64.8);SD
Module:M8
Boundary:(476.1, 101.4)(476.1, 196.0)(476.0, 196.0)(476.0, 211.7)(362.5, 211.7)(362.5, 101.4);GATE
Port:(362.5, 113.8)(367.0, 113.8)(367.0, 199.3)(362.5, 199.3);SD
Port:(476.1, 101.4)(476.1, 196.0)(476.0, 196.0)(476.0, 211.7)(368.5, 211.7)(368.5, 101.4);GATE
Port:(465.8, 106.7)(471.8, 106.7)(471.8, 190.7)(465.8, 190.7);SD
Module:M4
Boundary:(20.0, 20.0)(82.3, 20.0)(82.3, 20.3)(97.9, 20.3)(97.9, 232.2)(20.0, 232.2);GATE
Port:(32.5, 227.8)(85.4, 227.8)(85.4, 232.2)(32.5, 232.2);SD
Port:(20.0, 20.0)(82.3, 20.0)(82.3, 20.3)(97.9, 20.3)(97.9, 226.7)(20.0, 226.7);GATE
Port:(25.5, 24.5)(76.8, 24.5)(76.8, 29.8)(25.5, 29.8);SD
