Area:(-30.0, -30.0)(1061.6, -30.0)(1061.6, 385.5)(-30.0, 385.5)
Rule:GATE(5,5);SD(5,5);GATE_SD(0.5);GATE_ITO(0.5);SD_ITO(0.5)
Module:M14
Boundary:(456.7, 115.7)(525.8, 115.7)(525.8, 115.9)(542.8, 115.9)(542.8, 338.1)(456.7, 338.1);GATE
Port:(471.0, 334.0)(528.5, 334.0)(528.5, 338.1)(471.0, 338.1);SD
Port:(456.7, 115.7)(525.8, 115.7)(525.8, 115.9)(542.8, 115.9)(542.8, 332.1)(456.7, 332.1);GATE
Port:(461.7, 119.7)(520.8, 119.7)(520.8, 127.1)(461.7, 127.1);SD
Module:M9
Boundary:(10.0, 10.0)(72.0, 10.0)(72.0, 189.2)(10.0, 189.2);GATE
Port:(23.3, 184.9)(58.7, 184.9)(58.7, 189.2)(23.3, 189.2);SD
Port:(10.0, 10.0)(72.0, 10.0)(72.0, 182.1)(10.0, 182.1);GATE
Port:(16.4, 15.4)(65.6, 15.4)(65.6, 21.5)(16.4, 21.5);SD
Module:M5
Boundary:(299.2, 166.9)(406.7, 166.9)(406.7, 345.5)(299.2, 345.5);GATE
Port:(311.6, 340.1)(394.3, 340.1)(394.3, 345.5)(311.6, 345.5);SD
Port:(299.2, 166.9)(406.7, 166.9)(406.7, 337.2)(299.2, 337.2);GATE
Port:(304.7, 171.4)(401.2, 171.4)(401.2, 177.4)(304.7, 177.4);SD
Module:M11
Boundary:(289.2, 10.0)(372.2, 10.0)(372.2, 10.1)(388.9, 10.1)(388.9, 136.9)(289.2, 136.9);GATE
Port:(301.9, 131.0)(376.2, 131.0)(376.2, 136.9)(301.9, 136.9);SD
Port:(289.2, 10.0)(372.2, 10.0)(372.2, 10.1)(388.9, 10.1)(388.9, 128.9)(289.2, 128.9);GATE
Port:(294.4, 14.2)(367.0, 14.2)(367.0, 20.3)(294.4, 20.3);SD
Module:M1
Boundary:(771.6, 30.0)(771.6, 126.9)(771.0, 126.9)(771.0, 142.7)(675.8, 142.7)(675.8, 30.0);GATE
Port:(675.8, 43.5)(680.3, 43.5)(680.3, 129.2)(675.8, 129.2);SD
Port:(771.6, 30.0)(771.6, 126.9)(771.0, 126.9)(771.0, 142.7)(682.3, 142.7)(682.3, 30.0);GATE
Port:(760.3, 36.5)(766.1, 36.5)(766.1, 120.4)(760.3, 120.4);SD
Module:M6
Boundary:(10.0, 209.2)(112.4, 209.2)(112.4, 290.2)(10.0, 290.2);GATE
Port:(22.9, 285.8)(99.5, 285.8)(99.5, 290.2)(22.9, 290.2);SD
Port:(10.0, 209.2)(112.4, 209.2)(112.4, 283.9)(10.0, 283.9);GATE
Port:(16.0, 214.2)(106.4, 214.2)(106.4, 218.9)(16.0, 218.9);SD
Module:M2
Boundary:(744.2, 192.7)(744.2, 237.9)(744.1, 237.9)(744.1, 250.9)(665.8, 250.9)(665.8, 192.7);GATE
Port:(665.8, 205.6)(671.3, 205.6)(671.3, 238.0)(665.8, 238.0);SD
Port:(744.2, 192.7)(744.2, 237.9)(744.1, 237.9)(744.1, 250.9)(672.7, 250.9)(672.7, 192.7);GATE
Port:(732.8, 199.6)(738.3, 199.6)(738.3, 231.0)(732.8, 231.0);SD
Module:M16
Boundary:(243.2, 238.1)(243.2, 299.8)(243.0, 299.8)(243.0, 313.9)(132.4, 313.9)(132.4, 238.1);GATE
Port:(132.4, 251.5)(137.3, 251.5)(137.3, 300.5)(132.4, 300.5);SD
Port:(243.2, 238.1)(243.2, 299.8)(243.0, 299.8)(243.0, 313.9)(139.3, 313.9)(139.3, 238.1);GATE
Port:(231.9, 244.8)(237.5, 244.8)(237.5, 293.1)(231.9, 293.1);SD
Module:M13
Boundary:(966.3, 10.0)(1021.6, 10.0)(1021.6, 140.9)(966.3, 140.9);GATE
Port:(977.5, 135.2)(1010.4, 135.2)(1010.4, 140.9)(977.5, 140.9);SD
Port:(966.3, 10.0)(1021.6, 10.0)(1021.6, 133.5)(966.3, 133.5);GATE
Port:(972.1, 14.8)(1015.8, 14.8)(1015.8, 19.6)(972.1, 19.6);SD
Module:M10
Boundary:(92.0, 10.0)(122.9, 10.0)(122.9, 10.1)(136.9, 10.1)(136.9, 182.6)(92.0, 182.6);GATE
Port:(103.9, 177.1)(125.0, 177.1)(125.0, 182.6)(103.9, 182.6);SD
Port:(92.0, 10.0)(122.9, 10.0)(122.9, 10.1)(136.9, 10.1)(136.9, 176.0)(92.0, 176.0);GATE
Port:(98.5, 15.5)(116.4, 15.5)(116.4, 20.2)(98.5, 20.2);SD
Module:M7
Boundary:(821.6, 20.0)(936.3, 20.0)(936.3, 164.5)(821.6, 164.5);GATE
Port:(835.9, 159.2)(922.0, 159.2)(922.0, 164.5)(835.9, 164.5);SD
Port:(821.6, 20.0)(936.3, 20.0)(936.3, 157.8)(821.6, 157.8);GATE
Port:(827.1, 24.5)(930.8, 24.5)(930.8, 31.8)(827.1, 31.8);SD
Module:M3
Boundary:(156.9, 10.0)(269.2, 10.0)(269.2, 218.1)(156.9, 218.1);GATE
Port:(172.7, 214.1)(253.4, 214.1)(253.4, 218.1)(172.7, 218.1);SD
Port:(156.9, 10.0)(269.2, 10.0)(269.2, 211.8)(156.9, 211.8);GATE
Port:(163.7, 15.8)(262.4, 15.8)(262.4, 22.8)(163.7, 22.8);SD
Module:M15
Boundary:(1020.9, 194.5)(1020.9, 274.3)(1020.7, 274.3)(1020.7, 290.0)(815.2, 290.0)(815.2, 194.5);GATE
Port:(815.2, 207.2)(819.4, 207.2)(819.4, 277.3)(815.2, 277.3);SD
Port:(1020.9, 194.5)(1020.9, 274.3)(1020.7, 274.3)(1020.7, 290.0)(821.8, 290.0)(821.8, 194.5);GATE
Port:(1010.0, 200.3)(1016.1, 200.3)(1016.1, 268.5)(1010.0, 268.5);SD
Module:M12
Boundary:(587.6, 10.0)(635.8, 10.0)(635.8, 235.5)(587.6, 235.5);GATE
Port:(601.8, 231.5)(621.6, 231.5)(621.6, 235.5)(601.8, 235.5);SD
Port:(587.6, 10.0)(635.8, 10.0)(635.8, 228.9)(587.6, 228.9);GATE
Port:(594.1, 15.5)(629.3, 15.5)(629.3, 22.6)(594.1, 22.6);SD
Module:M8
Boundary:(785.2, 290.9)(785.2, 324.0)(785.2, 324.0)(785.2, 338.1)(592.8, 338.1)(592.8, 290.9);GATE
Port:(592.8, 304.1)(598.6, 304.1)(598.6, 324.9)(592.8, 324.9);SD
Port:(785.2, 290.9)(785.2, 324.0)(785.2, 324.0)(785.2, 338.1)(600.6, 338.1)(600.6, 290.9);GATE
Port:(773.6, 296.4)(780.7, 296.4)(780.7, 318.5)(773.6, 318.5);SD
Module:M4
Boundary:(557.6, 20.0)(557.6, 65.7)(418.9, 65.7)(418.9, 20.0);GATE
Port:(418.9, 31.8)(423.8, 31.8)(423.8, 53.9)(418.9, 53.9);SD
Port:(557.6, 20.0)(557.6, 65.7)(425.9, 65.7)(425.9, 20.0);GATE
Port:(547.6, 25.6)(553.0, 25.6)(553.0, 60.1)(547.6, 60.1);SD
