Area:(-30.0, -30.0)(675.5, -30.0)(675.5, 565.2)(-30.0, 565.2)
Rule:GATE(5,5);SD(5,5);GATE_SD(0.5);GATE_ITO(0.5);SD_ITO(0.5)
Module:M14
Boundary:(30.0, 117.7)(95.5, 117.7)(95.5, 234.3)(30.0, 234.3);GATE
Port:(42.6, 229.4)(82.9, 229.4)(82.9, 234.3)(42.6, 234.3);SD
Port:(30.0, 117.7)(95.5, 117.7)(95.5, 226.7)(30.0, 226.7);GATE
Port:(35.2, 121.9)(90.3, 121.9)(90.3, 127.2)(35.2, 127.2);SD
Module:M9
Boundary:(136.0, 360.7)(237.8, 360.7)(237.8, 361.2)(254.6, 361.2)(254.6, 509.5)(136.0, 509.5);GATE
Port:(150.0, 503.8)(240.6, 503.8)(240.6, 509.5)(150.0, 509.5);SD
Port:(136.0, 360.7)(237.8, 360.7)(237.8, 361.2)(254.6, 361.2)(254.6, 502.1)(136.0, 502.1);GATE
Port:(141.3, 365.0)(232.5, 365.0)(232.5, 371.9)(141.3, 371.9);SD
Module:M5
Boundary:(442.1, 20.0)(533.5, 20.0)(533.5, 181.6)(442.1, 181.6);GATE
Port:(458.0, 177.4)(517.6, 177.4)(517.6, 181.6)(458.0, 181.6);SD
Port:(442.1, 20.0)(533.5, 20.0)(533.5, 175.4)(442.1, 175.4);GATE
Port:(448.9, 25.8)(526.7, 25.8)(526.7, 33.2)(448.9, 33.2);SD
Module:M11
Boundary:(486.2, 329.9)(486.2, 402.8)(486.1, 402.8)(486.1, 417.4)(280.1, 417.4)(280.1, 329.9);GATE
Port:(280.1, 340.8)(285.2, 340.8)(285.2, 406.5)(280.1, 406.5);SD
Port:(486.2, 329.9)(486.2, 402.8)(486.1, 402.8)(486.1, 417.4)(287.0, 417.4)(287.0, 329.9);GATE
Port:(477.4, 335.4)(481.7, 335.4)(481.7, 397.3)(477.4, 397.3);SD
Module:M1
Boundary:(526.2, 345.2)(602.7, 345.2)(602.7, 345.6)(617.2, 345.6)(617.2, 496.3)(526.2, 496.3);GATE
Port:(539.4, 490.4)(604.0, 490.4)(604.0, 496.3)(539.4, 496.3);SD
Port:(526.2, 345.2)(602.7, 345.2)(602.7, 345.6)(617.2, 345.6)(617.2, 488.7)(526.2, 488.7);GATE
Port:(532.6, 350.6)(596.3, 350.6)(596.3, 356.4)(532.6, 356.4);SD
Module:M6
Boundary:(563.5, 10.0)(614.7, 10.0)(614.7, 10.1)(630.9, 10.1)(630.9, 178.2)(563.5, 178.2);GATE
Port:(577.5, 173.9)(616.9, 173.9)(616.9, 178.2)(577.5, 178.2);SD
Port:(563.5, 10.0)(614.7, 10.0)(614.7, 10.1)(630.9, 10.1)(630.9, 171.4)(563.5, 171.4);GATE
Port:(569.5, 15.0)(608.7, 15.0)(608.7, 21.0)(569.5, 21.0);SD
Module:M2
Boundary:(111.7, 20.0)(111.7, 67.7)(20.0, 67.7)(20.0, 20.0);GATE
Port:(20.0, 32.1)(24.6, 32.1)(24.6, 55.6)(20.0, 55.6);SD
Port:(111.7, 20.0)(111.7, 67.7)(26.7, 67.7)(26.7, 20.0);GATE
Port:(101.5, 25.5)(107.2, 25.5)(107.2, 62.2)(101.5, 62.2);SD
Module:M16
Boundary:(469.5, 437.4)(469.5, 510.8)(469.3, 510.8)(469.3, 525.2)(280.1, 525.2)(280.1, 437.4);GATE
Port:(280.1, 449.0)(284.9, 449.0)(284.9, 513.6)(280.1, 513.6);SD
Port:(469.5, 437.4)(469.5, 510.8)(469.3, 510.8)(469.3, 525.2)(287.4, 525.2)(287.4, 437.4);GATE
Port:(459.4, 442.9)(465.0, 442.9)(465.0, 505.3)(459.4, 505.3);SD
Module:M13
Boundary:(113.1, 274.3)(113.1, 343.4)(112.6, 343.4)(112.6, 360.9)(10.0, 360.9)(10.0, 274.3);GATE
Port:(10.0, 287.5)(15.2, 287.5)(15.2, 347.7)(10.0, 347.7);SD
Port:(113.1, 274.3)(113.1, 343.4)(112.6, 343.4)(112.6, 360.9)(17.0, 360.9)(17.0, 274.3);GATE
Port:(103.1, 280.8)(107.6, 280.8)(107.6, 336.9)(103.1, 336.9);SD
Module:M10
Boundary:(280.1, 10.0)(393.7, 10.0)(393.7, 10.1)(412.1, 10.1)(412.1, 166.3)(280.1, 166.3);GATE
Port:(296.3, 161.6)(395.9, 161.6)(395.9, 166.3)(296.3, 166.3);SD
Port:(280.1, 10.0)(393.7, 10.0)(393.7, 10.1)(412.1, 10.1)(412.1, 159.1)(280.1, 159.1);GATE
Port:(286.8, 15.7)(387.0, 15.7)(387.0, 23.2)(286.8, 23.2);SD
Module:M7
Boundary:(290.1, 196.3)(382.4, 196.3)(382.4, 196.4)(396.9, 196.4)(396.9, 299.9)(290.1, 299.9);GATE
Port:(304.1, 294.4)(382.9, 294.4)(382.9, 299.9)(304.1, 299.9);SD
Port:(290.1, 196.3)(382.4, 196.3)(382.4, 196.4)(396.9, 196.4)(396.9, 293.0)(290.1, 293.0);GATE
Port:(296.1, 201.3)(376.4, 201.3)(376.4, 208.5)(296.1, 208.5);SD
Module:M3
Boundary:(426.9, 211.6)(551.0, 211.6)(551.0, 305.2)(426.9, 305.2);GATE
Port:(441.9, 300.1)(536.0, 300.1)(536.0, 305.2)(441.9, 305.2);SD
Port:(426.9, 211.6)(551.0, 211.6)(551.0, 298.4)(426.9, 298.4);GATE
Port:(433.2, 216.9)(544.7, 216.9)(544.7, 223.1)(433.2, 223.1);SD
Module:M15
Boundary:(10.0, 380.9)(116.0, 380.9)(116.0, 519.0)(10.0, 519.0);GATE
Port:(24.5, 515.0)(101.5, 515.0)(101.5, 519.0)(24.5, 519.0);SD
Port:(10.0, 380.9)(116.0, 380.9)(116.0, 513.1)(10.0, 513.1);GATE
Port:(16.2, 386.1)(109.8, 386.1)(109.8, 392.8)(16.2, 392.8);SD
Module:M12
Boundary:(571.0, 198.2)(620.3, 198.2)(620.3, 198.3)(635.5, 198.3)(635.5, 300.5)(571.0, 300.5);GATE
Port:(584.5, 294.6)(622.0, 294.6)(622.0, 300.5)(584.5, 300.5);SD
Port:(571.0, 198.2)(620.3, 198.2)(620.3, 198.3)(635.5, 198.3)(635.5, 292.8)(571.0, 292.8);GATE
Port:(577.3, 203.5)(614.0, 203.5)(614.0, 209.6)(577.3, 209.6);SD
Module:M8
Boundary:(151.7, 20.0)(234.1, 20.0)(234.1, 20.0)(250.1, 20.0)(250.1, 159.2)(151.7, 159.2);GATE
Port:(165.4, 153.8)(236.4, 153.8)(236.4, 159.2)(165.4, 159.2);SD
Port:(151.7, 20.0)(234.1, 20.0)(234.1, 20.0)(250.1, 20.0)(250.1, 152.1)(151.7, 152.1);GATE
Port:(157.3, 24.6)(228.5, 24.6)(228.5, 31.3)(157.3, 31.3);SD
Module:M4
Boundary:(145.5, 199.2)(246.3, 199.2)(246.3, 330.7)(145.5, 330.7);GATE
Port:(159.1, 325.3)(232.7, 325.3)(232.7, 330.7)(159.1, 330.7);SD
Port:(145.5, 199.2)(246.3, 199.2)(246.3, 322.8)(145.5, 322.8);GATE
Port:(151.9, 204.6)(239.9, 204.6)(239.9, 210.1)(151.9, 210.1);SD
