Area:(-30.0, -30.0)(660.5, -30.0)(660.5, 644.4)(-30.0, 644.4)
Rule:GATE(5,5);SD(5,5);GATE_SD(0.5);GATE_ITO(0.5);SD_ITO(0.5)
Module:M14
Boundary:(196.9, 30.0)(196.9, 125.9)(196.5, 125.9)(196.5, 142.0)(30.0, 142.0)(30.0, 30.0);GATE
Port:(30.0, 41.9)(35.6, 41.9)(35.6, 130.1)(30.0, 130.1);SD
Port:(196.9, 30.0)(196.9, 125.9)(196.5, 125.9)(196.5, 142.0)(38.1, 142.0)(38.1, 30.0);GATE
Port:(187.7, 36.2)(191.7, 36.2)(191.7, 119.7)(187.7, 119.7);SD
Module:M9
Boundary:(293.7, 493.5)(293.7, 599.2)(115.5, 599.2)(115.5, 493.5);GATE
Port:(115.5, 508.9)(121.0, 508.9)(121.0, 583.8)(115.5, 583.8);SD
Port:(293.7, 493.5)(293.7, 599.2)(122.4, 599.2)(122.4, 493.5);GATE
Port:(281.5, 499.6)(288.6, 499.6)(288.6, 593.1)(281.5, 593.1);SD
Module:M5
Boundary:(246.9, 20.0)(309.6, 20.0)(309.6, 20.2)(324.1, 20.2)(324.1, 97.1)(246.9, 97.1);GATE
Port:(260.2, 92.6)(310.8, 92.6)(310.8, 97.1)(260.2, 97.1);SD
Port:(246.9, 20.0)(309.6, 20.0)(309.6, 20.2)(324.1, 20.2)(324.1, 90.0)(246.9, 90.0);GATE
Port:(252.9, 25.0)(303.6, 25.0)(303.6, 31.2)(252.9, 31.2);SD
Module:M11
Boundary:(510.0, 479.3)(510.0, 604.4)(313.7, 604.4)(313.7, 479.3);GATE
Port:(313.7, 494.2)(318.6, 494.2)(318.6, 589.5)(313.7, 589.5);SD
Port:(510.0, 479.3)(510.0, 604.4)(320.6, 604.4)(320.6, 479.3);GATE
Port:(498.2, 485.7)(504.6, 485.7)(504.6, 598.0)(498.2, 598.0);SD
Module:M1
Boundary:(498.4, 30.0)(585.6, 30.0)(585.6, 30.1)(601.9, 30.1)(601.9, 204.8)(498.4, 204.8);GATE
Port:(514.1, 200.1)(586.2, 200.1)(586.2, 204.8)(514.1, 204.8);SD
Port:(498.4, 30.0)(585.6, 30.0)(585.6, 30.1)(601.9, 30.1)(601.9, 197.6)(498.4, 197.6);GATE
Port:(505.3, 35.9)(578.7, 35.9)(578.7, 43.3)(505.3, 43.3);SD
Module:M6
Boundary:(172.8, 258.0)(172.8, 318.7)(10.0, 318.7)(10.0, 258.0);GATE
Port:(10.0, 271.7)(16.0, 271.7)(16.0, 305.0)(10.0, 305.0);SD
Port:(172.8, 258.0)(172.8, 318.7)(19.0, 318.7)(19.0, 258.0);GATE
Port:(160.8, 263.9)(167.9, 263.9)(167.9, 312.8)(160.8, 312.8);SD
Module:M2
Boundary:(448.4, 137.1)(448.4, 196.3)(448.3, 196.3)(448.3, 209.4)(246.9, 209.4)(246.9, 137.1);GATE
Port:(246.9, 150.6)(251.1, 150.6)(251.1, 195.9)(246.9, 195.9);SD
Port:(448.4, 137.1)(448.4, 196.3)(448.3, 196.3)(448.3, 209.4)(252.6, 209.4)(252.6, 137.1);GATE
Port:(436.7, 143.8)(442.7, 143.8)(442.7, 189.6)(436.7, 189.6);SD
Module:M16
Boundary:(10.0, 493.5)(95.5, 493.5)(95.5, 601.8)(10.0, 601.8);GATE
Port:(21.7, 597.2)(83.8, 597.2)(83.8, 601.8)(21.7, 601.8);SD
Port:(10.0, 493.5)(95.5, 493.5)(95.5, 595.3)(10.0, 595.3);GATE
Port:(16.4, 498.9)(89.1, 498.9)(89.1, 503.1)(16.4, 503.1);SD
Module:M13
Boundary:(495.0, 387.5)(495.0, 459.3)(271.0, 459.3)(271.0, 387.5);GATE
Port:(271.0, 399.8)(275.9, 399.8)(275.9, 447.0)(271.0, 447.0);SD
Port:(495.0, 387.5)(495.0, 459.3)(277.6, 459.3)(277.6, 387.5);GATE
Port:(484.3, 393.9)(489.6, 393.9)(489.6, 452.9)(484.3, 452.9);SD
Module:M10
Boundary:(171.3, 182.0)(171.3, 238.0)(10.0, 238.0)(10.0, 182.0);GATE
Port:(10.0, 193.9)(14.7, 193.9)(14.7, 226.1)(10.0, 226.1);SD
Port:(171.3, 182.0)(171.3, 238.0)(15.9, 238.0)(15.9, 182.0);GATE
Port:(161.3, 188.7)(165.6, 188.7)(165.6, 231.3)(161.3, 231.3);SD
Module:M7
Boundary:(241.0, 392.3)(241.0, 445.5)(240.7, 445.5)(240.7, 463.5)(20.0, 463.5)(20.0, 392.3);GATE
Port:(20.0, 406.4)(25.3, 406.4)(25.3, 449.4)(20.0, 449.4);SD
Port:(241.0, 392.3)(241.0, 445.5)(240.7, 445.5)(240.7, 463.5)(26.7, 463.5)(26.7, 392.3);GATE
Port:(230.1, 397.9)(236.4, 397.9)(236.4, 439.9)(230.1, 439.9);SD
Module:M3
Boundary:(520.5, 244.8)(604.1, 244.8)(604.1, 245.1)(620.5, 245.1)(620.5, 376.4)(520.5, 376.4);GATE
Port:(534.5, 370.9)(606.5, 370.9)(606.5, 376.4)(534.5, 376.4);SD
Port:(520.5, 244.8)(604.1, 244.8)(604.1, 245.1)(620.5, 245.1)(620.5, 369.9)(520.5, 369.9);GATE
Port:(525.9, 249.2)(598.7, 249.2)(598.7, 256.0)(525.9, 256.0);SD
Module:M15
Boundary:(192.8, 239.4)(291.5, 239.4)(291.5, 239.7)(307.8, 239.7)(307.8, 362.3)(192.8, 362.3);GATE
Port:(205.6, 357.2)(295.0, 357.2)(295.0, 362.3)(205.6, 362.3);SD
Port:(192.8, 239.4)(291.5, 239.4)(291.5, 239.7)(307.8, 239.7)(307.8, 354.5)(192.8, 354.5);GATE
Port:(198.1, 243.7)(286.2, 243.7)(286.2, 249.9)(198.1, 249.9);SD
Module:M12
Boundary:(456.8, 10.0)(456.8, 62.9)(456.5, 62.9)(456.5, 79.0)(354.1, 79.0)(354.1, 10.0);GATE
Port:(354.1, 24.5)(358.3, 24.5)(358.3, 64.5)(354.1, 64.5);SD
Port:(456.8, 10.0)(456.8, 62.9)(456.5, 62.9)(456.5, 79.0)(359.6, 79.0)(359.6, 10.0);GATE
Port:(444.3, 16.3)(451.5, 16.3)(451.5, 56.6)(444.3, 56.6);SD
Module:M8
Boundary:(490.5, 254.8)(490.5, 340.4)(490.1, 340.4)(490.1, 357.5)(337.8, 357.5)(337.8, 254.8);GATE
Port:(337.8, 268.3)(343.7, 268.3)(343.7, 344.0)(337.8, 344.0);SD
Port:(490.5, 254.8)(490.5, 340.4)(490.1, 340.4)(490.1, 357.5)(345.4, 357.5)(345.4, 254.8);GATE
Port:(480.2, 260.3)(486.0, 260.3)(486.0, 334.9)(480.2, 334.9);SD
Module:M4
Boundary:(540.0, 406.4)(590.1, 406.4)(590.1, 406.6)(606.3, 406.6)(606.3, 596.4)(540.0, 596.4);GATE
Port:(553.4, 591.1)(592.9, 591.1)(592.9, 596.4)(553.4, 596.4);SD
Port:(540.0, 406.4)(590.1, 406.4)(590.1, 406.6)(606.3, 406.6)(606.3, 589.9)(540.0, 589.9);GATE
Port:(545.6, 411.0)(584.5, 411.0)(584.5, 417.0)(545.6, 417.0);SD
