Area:(-20.0, -30.0)(1007.2, -30.0)(1007.2, 404.6)(-20.0, 404.6)
Rule:GATE(5,5);SD(5,5);GATE_SD(0.5);GATE_ITO(0.5);SD_ITO(0.5)
Module:M14
Boundary:(469.9, 144.7)(520.0, 144.7)(520.0, 144.7)(535.7, 144.7)(535.7, 338.5)(469.9, 338.5);GATE
Port:(483.3, 332.9)(522.3, 332.9)(522.3, 338.5)(483.3, 338.5);SD
Port:(469.9, 144.7)(520.0, 144.7)(520.0, 144.7)(535.7, 144.7)(535.7, 330.2)(469.9, 330.2);GATE
Port:(475.4, 149.2)(514.5, 149.2)(514.5, 156.5)(475.4, 156.5);SD
Module:M9
Boundary:(130.4, 255.3)(195.1, 255.3)(195.1, 255.4)(209.8, 255.4)(209.8, 364.6)(130.4, 364.6);GATE
Port:(144.9, 358.9)(195.3, 358.9)(195.3, 364.6)(144.9, 364.6);SD
Port:(130.4, 255.3)(195.1, 255.3)(195.1, 255.4)(209.8, 255.4)(209.8, 356.7)(130.4, 356.7);GATE
Port:(136.6, 260.5)(188.9, 260.5)(188.9, 267.9)(136.6, 267.9);SD
Module:M5
Boundary:(20.0, 185.2)(84.3, 185.2)(84.3, 185.5)(100.4, 185.5)(100.4, 351.0)(20.0, 351.0);GATE
Port:(32.4, 346.6)(88.0, 346.6)(88.0, 351.0)(32.4, 351.0);SD
Port:(20.0, 185.2)(84.3, 185.2)(84.3, 185.5)(100.4, 185.5)(100.4, 343.8)(20.0, 343.8);GATE
Port:(25.7, 189.9)(78.6, 189.9)(78.6, 195.0)(25.7, 195.0);SD
Module:M11
Boundary:(849.7, 10.0)(951.0, 10.0)(951.0, 10.3)(967.2, 10.3)(967.2, 235.8)(849.7, 235.8);GATE
Port:(864.6, 231.7)(952.3, 231.7)(952.3, 235.8)(864.6, 235.8);SD
Port:(849.7, 10.0)(951.0, 10.0)(951.0, 10.3)(967.2, 10.3)(967.2, 228.7)(849.7, 228.7);GATE
Port:(856.6, 15.9)(944.1, 15.9)(944.1, 22.5)(856.6, 22.5);SD
Module:M1
Boundary:(948.3, 275.8)(948.3, 328.8)(948.2, 328.8)(948.2, 346.2)(747.6, 346.2)(747.6, 275.8);GATE
Port:(747.6, 289.9)(752.2, 289.9)(752.2, 332.1)(747.6, 332.1);SD
Port:(948.3, 275.8)(948.3, 328.8)(948.2, 328.8)(948.2, 346.2)(753.9, 346.2)(753.9, 275.8);GATE
Port:(937.2, 282.2)(942.9, 282.2)(942.9, 322.4)(937.2, 322.4);SD
Module:M6
Boundary:(608.0, 10.0)(608.0, 84.6)(607.7, 84.6)(607.7, 99.2)(469.5, 99.2)(469.5, 10.0);GATE
Port:(469.5, 21.9)(474.3, 21.9)(474.3, 87.3)(469.5, 87.3);SD
Port:(608.0, 10.0)(608.0, 84.6)(607.7, 84.6)(607.7, 99.2)(475.3, 99.2)(475.3, 10.0);GATE
Port:(598.0, 15.4)(603.6, 15.4)(603.6, 79.2)(598.0, 79.2);SD
Module:M2
Boundary:(317.3, 134.7)(407.8, 134.7)(407.8, 209.5)(317.3, 209.5);GATE
Port:(331.2, 205.2)(393.9, 205.2)(393.9, 209.5)(331.2, 209.5);SD
Port:(317.3, 134.7)(407.8, 134.7)(407.8, 203.1)(317.3, 203.1);GATE
Port:(322.6, 139.0)(402.5, 139.0)(402.5, 145.2)(322.6, 145.2);SD
Module:M16
Boundary:(449.5, 10.0)(449.5, 104.7)(373.6, 104.7)(373.6, 10.0);GATE
Port:(373.6, 23.4)(378.1, 23.4)(378.1, 91.3)(373.6, 91.3);SD
Port:(449.5, 10.0)(449.5, 104.7)(379.5, 104.7)(379.5, 10.0);GATE
Port:(438.1, 17.0)(443.5, 17.0)(443.5, 97.7)(438.1, 97.7);SD
Module:M13
Boundary:(353.6, 10.0)(353.6, 72.4)(153.7, 72.4)(153.7, 10.0);GATE
Port:(153.7, 23.2)(158.8, 23.2)(158.8, 59.2)(153.7, 59.2);SD
Port:(353.6, 10.0)(353.6, 72.4)(160.8, 72.4)(160.8, 10.0);GATE
Port:(342.3, 15.5)(349.1, 15.5)(349.1, 66.9)(342.3, 66.9);SD
Module:M10
Boundary:(323.0, 255.3)(323.0, 337.9)(323.0, 337.9)(323.0, 354.3)(229.8, 354.3)(229.8, 255.3);GATE
Port:(229.8, 268.7)(235.2, 268.7)(235.2, 340.9)(229.8, 340.9);SD
Port:(323.0, 255.3)(323.0, 337.9)(323.0, 337.9)(323.0, 354.3)(237.0, 354.3)(237.0, 255.3);GATE
Port:(312.6, 261.7)(317.6, 261.7)(317.6, 331.5)(312.6, 331.5);SD
Module:M7
Boundary:(585.7, 144.6)(681.5, 144.6)(681.5, 144.7)(697.6, 144.7)(697.6, 326.8)(585.7, 326.8);GATE
Port:(598.0, 322.7)(685.3, 322.7)(685.3, 326.8)(598.0, 326.8);SD
Port:(585.7, 144.6)(681.5, 144.6)(681.5, 144.7)(697.6, 144.7)(697.6, 321.3)(585.7, 321.3);GATE
Port:(591.0, 148.9)(676.2, 148.9)(676.2, 154.5)(591.0, 154.5);SD
Module:M3
Boundary:(429.9, 239.5)(429.9, 361.2)(343.0, 361.2)(343.0, 239.5);GATE
Port:(343.0, 253.2)(347.6, 253.2)(347.6, 347.5)(343.0, 347.5);SD
Port:(429.9, 239.5)(429.9, 361.2)(350.5, 361.2)(350.5, 239.5);GATE
Port:(419.2, 246.4)(424.0, 246.4)(424.0, 354.3)(419.2, 354.3);SD
Module:M15
Boundary:(739.3, 10.0)(829.7, 10.0)(829.7, 235.3)(739.3, 235.3);GATE
Port:(753.0, 230.8)(816.0, 230.8)(816.0, 235.3)(753.0, 235.3);SD
Port:(739.3, 10.0)(829.7, 10.0)(829.7, 229.4)(739.3, 229.4);GATE
Port:(745.0, 14.7)(824.0, 14.7)(824.0, 20.3)(745.0, 20.3);SD
Module:M12
Boundary:(628.0, 10.0)(701.6, 10.0)(701.6, 10.3)(719.3, 10.3)(719.3, 114.6)(628.0, 114.6);GATE
Port:(643.4, 109.0)(703.9, 109.0)(703.9, 114.6)(643.4, 114.6);SD
Port:(628.0, 10.0)(701.6, 10.0)(701.6, 10.3)(719.3, 10.3)(719.3, 106.7)(628.0, 106.7);GATE
Port:(634.2, 15.2)(695.4, 15.2)(695.4, 22.7)(634.2, 22.7);SD
Module:M8
Boundary:(123.7, 20.0)(123.7, 145.2)(20.0, 145.2)(20.0, 20.0);GATE
Port:(20.0, 34.8)(25.5, 34.8)(25.5, 130.4)(20.0, 130.4);SD
Port:(123.7, 20.0)(123.7, 145.2)(28.5, 145.2)(28.5, 20.0);GATE
Port:(112.4, 25.9)(118.8, 25.9)(118.8, 139.3)(112.4, 139.3);SD
Module:M4
Boundary:(277.3, 102.4)(277.3, 207.5)(277.1, 207.5)(277.1, 225.3)(163.7, 225.3)(163.7, 102.4);GATE
Port:(163.7, 116.2)(169.2, 116.2)(169.2, 211.5)(163.7, 211.5);SD
Port:(277.3, 102.4)(277.3, 207.5)(277.1, 207.5)(277.1, 225.3)(171.1, 225.3)(171.1, 102.4);GATE
Port:(266.8, 107.6)(273.1, 107.6)(273.1, 202.3)(266.8, 202.3);SD
