Area:(-30.0, -30.0)(376.5, -30.0)(376.5, 1067.3)(-30.0, 1067.3)
Rule:GATE(5,5);SD(5,5);GATE_SD(0.5);GATE_ITO(0.5);SD_ITO(0.5)
Module:M14
Boundary:(30.0, 892.1)(101.2, 892.1)(101.2, 1013.7)(30.0, 1013.7);GATE
Port:(44.8, 1007.8)(86.4, 1007.8)(86.4, 1013.7)(44.8, 1013.7);SD
Port:(30.0, 892.1)(101.2, 892.1)(101.2, 1005.3)(30.0, 1005.3);GATE
Port:(35.9, 897.0)(95.3, 897.0)(95.3, 904.0)(35.9, 904.0);SD
Module:M9
Boundary:(327.4, 903.3)(327.4, 1027.3)(141.2, 1027.3)(141.2, 903.3);GATE
Port:(141.2, 917.4)(146.1, 917.4)(146.1, 1013.2)(141.2, 1013.2);SD
Port:(327.4, 903.3)(327.4, 1027.3)(148.1, 1027.3)(148.1, 903.3);GATE
Port:(316.5, 908.9)(322.8, 908.9)(322.8, 1021.7)(316.5, 1021.7);SD
Module:M5
Boundary:(327.1, 192.6)(327.1, 259.1)(327.1, 259.1)(327.1, 274.7)(157.4, 274.7)(157.4, 192.6);GATE
Port:(157.4, 206.7)(163.4, 206.7)(163.4, 260.6)(157.4, 260.6);SD
Port:(327.1, 192.6)(327.1, 259.1)(327.1, 259.1)(327.1, 274.7)(164.8, 274.7)(164.8, 192.6);GATE
Port:(315.0, 198.4)(322.3, 198.4)(322.3, 253.3)(315.0, 253.3);SD
Module:M11
Boundary:(10.0, 669.6)(110.0, 669.6)(110.0, 669.8)(125.8, 669.8)(125.8, 852.1)(10.0, 852.1);GATE
Port:(25.2, 847.5)(110.6, 847.5)(110.6, 852.1)(25.2, 852.1);SD
Port:(10.0, 669.6)(110.0, 669.6)(110.0, 669.8)(125.8, 669.8)(125.8, 844.7)(10.0, 844.7);GATE
Port:(16.8, 675.4)(103.2, 675.4)(103.2, 682.5)(16.8, 682.5);SD
Module:M1
Boundary:(30.0, 335.5)(117.3, 335.5)(117.3, 510.6)(30.0, 510.6);GATE
Port:(42.6, 505.0)(104.7, 505.0)(104.7, 510.6)(42.6, 510.6);SD
Port:(30.0, 335.5)(117.3, 335.5)(117.3, 502.1)(30.0, 502.1);GATE
Port:(36.2, 340.7)(111.1, 340.7)(111.1, 346.5)(36.2, 346.5);SD
Module:M6
Boundary:(253.9, 543.9)(336.5, 543.9)(336.5, 727.8)(253.9, 727.8);GATE
Port:(265.9, 723.6)(324.5, 723.6)(324.5, 727.8)(265.9, 727.8);SD
Port:(253.9, 543.9)(336.5, 543.9)(336.5, 721.1)(253.9, 721.1);GATE
Port:(259.4, 548.4)(331.0, 548.4)(331.0, 554.2)(259.4, 554.2);SD
Module:M2
Boundary:(155.8, 679.6)(201.7, 679.6)(201.7, 679.6)(215.7, 679.6)(215.7, 873.3)(155.8, 873.3);GATE
Port:(168.7, 867.9)(202.8, 867.9)(202.8, 873.3)(168.7, 873.3);SD
Port:(155.8, 679.6)(201.7, 679.6)(201.7, 679.6)(215.7, 679.6)(215.7, 865.4)(155.8, 865.4);GATE
Port:(162.2, 685.0)(195.3, 685.0)(195.3, 690.1)(162.2, 690.1);SD
Module:M16
Boundary:(10.0, 200.6)(127.4, 200.6)(127.4, 295.5)(10.0, 295.5);GATE
Port:(22.9, 290.3)(114.5, 290.3)(114.5, 295.5)(22.9, 295.5);SD
Port:(10.0, 200.6)(127.4, 200.6)(127.4, 288.1)(10.0, 288.1);GATE
Port:(15.3, 204.9)(122.1, 204.9)(122.1, 210.6)(15.3, 210.6);SD
Module:M13
Boundary:(233.9, 550.6)(233.9, 633.8)(233.9, 633.8)(233.9, 649.6)(10.0, 649.6)(10.0, 550.6);GATE
Port:(10.0, 564.6)(14.5, 564.6)(14.5, 635.6)(10.0, 635.6);SD
Port:(233.9, 550.6)(233.9, 633.8)(233.9, 633.8)(233.9, 649.6)(17.4, 649.6)(17.4, 550.6);GATE
Port:(221.5, 557.2)(228.3, 557.2)(228.3, 627.2)(221.5, 627.2);SD
Module:M10
Boundary:(157.3, 304.7)(225.7, 304.7)(225.7, 451.0)(157.3, 451.0);GATE
Port:(172.2, 445.7)(210.8, 445.7)(210.8, 451.0)(172.2, 451.0);SD
Port:(157.3, 304.7)(225.7, 304.7)(225.7, 444.4)(157.3, 444.4);GATE
Port:(163.9, 310.3)(219.1, 310.3)(219.1, 316.6)(163.9, 316.6);SD
Module:M7
Boundary:(255.7, 757.8)(305.7, 757.8)(305.7, 758.1)(321.7, 758.1)(321.7, 862.3)(255.7, 862.3);GATE
Port:(269.2, 857.1)(308.2, 857.1)(308.2, 862.3)(269.2, 862.3);SD
Port:(255.7, 757.8)(305.7, 757.8)(305.7, 758.1)(321.7, 758.1)(321.7, 854.1)(255.7, 854.1);GATE
Port:(262.2, 763.3)(299.2, 763.3)(299.2, 768.5)(262.2, 768.5);SD
Module:M3
Boundary:(142.4, 10.0)(235.2, 10.0)(235.2, 139.3)(142.4, 139.3);GATE
Port:(154.9, 133.8)(222.7, 133.8)(222.7, 139.3)(154.9, 139.3);SD
Port:(142.4, 10.0)(235.2, 10.0)(235.2, 131.3)(142.4, 131.3);GATE
Port:(148.0, 14.6)(229.6, 14.6)(229.6, 20.7)(148.0, 20.7);SD
Module:M15
Boundary:(322.7, 474.7)(322.7, 507.8)(322.5, 507.8)(322.5, 523.9)(157.3, 523.9)(157.3, 474.7);GATE
Port:(157.3, 488.2)(161.4, 488.2)(161.4, 510.4)(157.3, 510.4);SD
Port:(322.7, 474.7)(322.7, 507.8)(322.5, 507.8)(322.5, 523.9)(164.1, 523.9)(164.1, 474.7);GATE
Port:(312.2, 481.1)(317.3, 481.1)(317.3, 501.4)(312.2, 501.4);SD
Module:M12
Boundary:(255.2, 10.0)(319.6, 10.0)(319.6, 10.2)(335.2, 10.2)(335.2, 162.6)(255.2, 162.6);GATE
Port:(267.8, 157.1)(322.6, 157.1)(322.6, 162.6)(267.8, 162.6);SD
Port:(255.2, 10.0)(319.6, 10.0)(319.6, 10.2)(335.2, 10.2)(335.2, 155.9)(255.2, 155.9);GATE
Port:(260.9, 14.7)(313.9, 14.7)(313.9, 21.0)(260.9, 21.0);SD
Module:M8
Boundary:(255.7, 314.7)(315.6, 314.7)(315.6, 444.7)(255.7, 444.7);GATE
Port:(266.6, 440.3)(304.7, 440.3)(304.7, 444.7)(266.6, 444.7);SD
Port:(255.7, 314.7)(315.6, 314.7)(315.6, 438.9)(255.7, 438.9);GATE
Port:(261.1, 319.1)(310.2, 319.1)(310.2, 323.9)(261.1, 323.9);SD
Module:M4
Boundary:(20.0, 20.0)(99.5, 20.0)(99.5, 20.4)(112.4, 20.4)(112.4, 170.6)(20.0, 170.6);GATE
Port:(30.9, 165.8)(101.5, 165.8)(101.5, 170.6)(30.9, 170.6);SD
Port:(20.0, 20.0)(99.5, 20.0)(99.5, 20.4)(112.4, 20.4)(112.4, 163.5)(20.0, 163.5);GATE
Port:(25.3, 24.3)(94.2, 24.3)(94.2, 29.2)(25.3, 29.2);SD
