Area:(-30.0, -30.0)(486.7, -30.0)(486.7, 679.6)(-30.0, 679.6)
Rule:GATE(5,5);SD(5,5);GATE_SD(0.5);GATE_ITO(0.5);SD_ITO(0.5)
Module:M14
Boundary:(30.0, 424.3)(92.8, 424.3)(92.8, 424.5)(108.1, 424.5)(108.1, 619.1)(30.0, 619.1);GATE
Port:(42.2, 613.7)(95.9, 613.7)(95.9, 619.1)(42.2, 619.1);SD
Port:(30.0, 424.3)(92.8, 424.3)(92.8, 424.5)(108.1, 424.5)(108.1, 611.5)(30.0, 611.5);GATE
Port:(36.7, 430.0)(86.1, 430.0)(86.1, 434.4)(36.7, 434.4);SD
Module:M9
Boundary:(142.0, 10.0)(142.0, 60.4)(141.8, 60.4)(141.8, 77.0)(10.0, 77.0)(10.0, 10.0);GATE
Port:(10.0, 23.0)(15.6, 23.0)(15.6, 64.0)(10.0, 64.0);SD
Port:(142.0, 10.0)(142.0, 60.4)(141.8, 60.4)(141.8, 77.0)(18.5, 77.0)(18.5, 10.0);GATE
Port:(131.7, 15.0)(138.0, 15.0)(138.0, 55.4)(131.7, 55.4);SD
Module:M5
Boundary:(436.4, 206.8)(436.4, 257.7)(436.1, 257.7)(436.1, 274.1)(364.2, 274.1)(364.2, 206.8);GATE
Port:(364.2, 220.9)(368.4, 220.9)(368.4, 260.0)(364.2, 260.0);SD
Port:(436.4, 206.8)(436.4, 257.7)(436.1, 257.7)(436.1, 274.1)(370.1, 274.1)(370.1, 206.8);GATE
Port:(425.4, 212.5)(431.7, 212.5)(431.7, 252.0)(425.4, 252.0);SD
Module:M11
Boundary:(226.8, 187.3)(316.5, 187.3)(316.5, 187.7)(334.2, 187.7)(334.2, 282.8)(226.8, 282.8);GATE
Port:(241.8, 277.3)(319.2, 277.3)(319.2, 282.8)(241.8, 282.8);SD
Port:(226.8, 187.3)(316.5, 187.3)(316.5, 187.7)(334.2, 187.7)(334.2, 276.0)(226.8, 276.0);GATE
Port:(232.8, 192.3)(310.5, 192.3)(310.5, 199.2)(232.8, 199.2);SD
Module:M1
Boundary:(424.0, 324.1)(424.0, 407.8)(350.4, 407.8)(350.4, 324.1);GATE
Port:(350.4, 337.1)(355.1, 337.1)(355.1, 394.8)(350.4, 394.8);SD
Port:(424.0, 324.1)(424.0, 407.8)(356.8, 407.8)(356.8, 324.1);GATE
Port:(413.4, 329.2)(419.9, 329.2)(419.9, 402.7)(413.4, 402.7);SD
Module:M6
Boundary:(237.1, 10.0)(237.1, 76.1)(162.0, 76.1)(162.0, 10.0);GATE
Port:(162.0, 24.5)(166.3, 24.5)(166.3, 61.6)(162.0, 61.6);SD
Port:(237.1, 10.0)(237.1, 76.1)(168.4, 76.1)(168.4, 10.0);GATE
Port:(225.2, 15.9)(232.2, 15.9)(232.2, 70.2)(225.2, 70.2);SD
Module:M2
Boundary:(334.9, 110.1)(334.9, 157.3)(236.8, 157.3)(236.8, 110.1);GATE
Port:(236.8, 122.9)(242.8, 122.9)(242.8, 144.5)(236.8, 144.5);SD
Port:(334.9, 110.1)(334.9, 157.3)(245.5, 157.3)(245.5, 110.1);GATE
Port:(324.0, 117.0)(329.0, 117.0)(329.0, 150.4)(324.0, 150.4);SD
Module:M16
Boundary:(376.9, 10.0)(428.9, 10.0)(428.9, 10.2)(446.7, 10.2)(446.7, 176.8)(376.9, 176.8);GATE
Port:(390.6, 172.1)(433.0, 172.1)(433.0, 176.8)(390.6, 176.8);SD
Port:(376.9, 10.0)(428.9, 10.0)(428.9, 10.2)(446.7, 10.2)(446.7, 170.0)(376.9, 170.0);GATE
Port:(382.3, 14.4)(423.5, 14.4)(423.5, 20.6)(382.3, 20.6);SD
Module:M13
Boundary:(255.1, 438.0)(305.4, 438.0)(305.4, 639.6)(255.1, 639.6);GATE
Port:(268.8, 635.1)(291.7, 635.1)(291.7, 639.6)(268.8, 639.6);SD
Port:(255.1, 438.0)(305.4, 438.0)(305.4, 632.8)(255.1, 632.8);GATE
Port:(260.7, 442.6)(299.8, 442.6)(299.8, 448.6)(260.7, 448.6);SD
Module:M10
Boundary:(257.1, 10.0)(356.9, 10.0)(356.9, 80.1)(257.1, 80.1);GATE
Port:(269.1, 75.3)(344.9, 75.3)(344.9, 80.1)(269.1, 80.1);SD
Port:(257.1, 10.0)(356.9, 10.0)(356.9, 73.1)(257.1, 73.1);GATE
Port:(263.5, 15.4)(350.5, 15.4)(350.5, 19.7)(263.5, 19.7);SD
Module:M7
Boundary:(335.4, 457.8)(438.5, 457.8)(438.5, 631.0)(335.4, 631.0);GATE
Port:(350.2, 626.9)(423.7, 626.9)(423.7, 631.0)(350.2, 631.0);SD
Port:(335.4, 457.8)(438.5, 457.8)(438.5, 625.1)(335.4, 625.1);GATE
Port:(342.1, 463.5)(431.8, 463.5)(431.8, 470.0)(342.1, 470.0);SD
Module:M3
Boundary:(163.5, 227.7)(163.5, 284.4)(10.0, 284.4)(10.0, 227.7);GATE
Port:(10.0, 242.6)(16.0, 242.6)(16.0, 269.5)(10.0, 269.5);SD
Port:(163.5, 227.7)(163.5, 284.4)(17.0, 284.4)(17.0, 227.7);GATE
Port:(151.9, 233.5)(158.7, 233.5)(158.7, 278.6)(151.9, 278.6);SD
Module:M15
Boundary:(166.0, 304.4)(166.0, 368.6)(165.7, 368.6)(165.7, 384.3)(10.0, 384.3)(10.0, 304.4);GATE
Port:(10.0, 317.5)(15.9, 317.5)(15.9, 371.2)(10.0, 371.2);SD
Port:(166.0, 304.4)(166.0, 368.6)(165.7, 368.6)(165.7, 384.3)(18.3, 384.3)(18.3, 304.4);GATE
Port:(155.5, 310.2)(161.2, 310.2)(161.2, 362.8)(155.5, 362.8);SD
Module:M12
Boundary:(206.8, 97.0)(206.8, 191.8)(206.2, 191.8)(206.2, 207.7)(10.0, 207.7)(10.0, 97.0);GATE
Port:(10.0, 109.1)(14.3, 109.1)(14.3, 195.6)(10.0, 195.6);SD
Port:(206.8, 97.0)(206.8, 191.8)(206.2, 191.8)(206.2, 207.7)(16.2, 207.7)(16.2, 97.0);GATE
Port:(197.6, 102.0)(202.8, 102.0)(202.8, 186.8)(197.6, 186.8);SD
Module:M8
Boundary:(300.4, 312.8)(300.4, 388.7)(300.4, 388.7)(300.4, 408.0)(196.0, 408.0)(196.0, 312.8);GATE
Port:(196.0, 327.5)(201.1, 327.5)(201.1, 393.3)(196.0, 393.3);SD
Port:(300.4, 312.8)(300.4, 388.7)(300.4, 388.7)(300.4, 408.0)(202.4, 408.0)(202.4, 312.8);GATE
Port:(289.2, 319.5)(294.7, 319.5)(294.7, 382.0)(289.2, 382.0);SD
Module:M4
Boundary:(158.1, 448.0)(225.1, 448.0)(225.1, 631.0)(158.1, 631.0);GATE
Port:(171.5, 625.3)(211.7, 625.3)(211.7, 631.0)(171.5, 631.0);SD
Port:(158.1, 448.0)(225.1, 448.0)(225.1, 622.9)(158.1, 622.9);GATE
Port:(164.4, 453.3)(218.8, 453.3)(218.8, 458.2)(164.4, 458.2);SD
