Area:(-30.0, -30.0)(743.9, -30.0)(743.9, 566.3)(-30.0, 566.3)
Rule:GATE(5,5);SD(5,5);GATE_SD(0.5);GATE_ITO(0.5);SD_ITO(0.5)
Module:M14
Boundary:(440.0, 30.0)(440.0, 134.1)(254.8, 134.1)(254.8, 30.0);GATE
Port:(254.8, 46.0)(259.0, 46.0)(259.0, 118.1)(254.8, 118.1);SD
Port:(440.0, 30.0)(440.0, 134.1)(260.3, 134.1)(260.3, 30.0);GATE
Port:(427.1, 36.8)(434.2, 36.8)(434.2, 127.3)(427.1, 127.3);SD
Module:M9
Boundary:(337.5, 301.6)(382.4, 301.6)(382.4, 301.8)(397.3, 301.8)(397.3, 506.8)(337.5, 506.8);GATE
Port:(349.1, 502.1)(385.7, 502.1)(385.7, 506.8)(349.1, 506.8);SD
Port:(337.5, 301.6)(382.4, 301.6)(382.4, 301.8)(397.3, 301.8)(397.3, 500.1)(337.5, 500.1);GATE
Port:(342.9, 306.0)(377.0, 306.0)(377.0, 310.9)(342.9, 310.9);SD
Module:M5
Boundary:(20.0, 20.0)(110.7, 20.0)(110.7, 162.4)(20.0, 162.4);GATE
Port:(36.0, 158.0)(94.7, 158.0)(94.7, 162.4)(36.0, 162.4);SD
Port:(20.0, 20.0)(110.7, 20.0)(110.7, 156.4)(20.0, 156.4);GATE
Port:(27.0, 26.0)(103.7, 26.0)(103.7, 33.7)(27.0, 33.7);SD
Module:M11
Boundary:(140.7, 10.0)(200.3, 10.0)(200.3, 10.0)(214.8, 10.0)(214.8, 144.3)(140.7, 144.3);GATE
Port:(152.4, 139.1)(203.1, 139.1)(203.1, 144.3)(152.4, 144.3);SD
Port:(140.7, 10.0)(200.3, 10.0)(200.3, 10.0)(214.8, 10.0)(214.8, 137.5)(140.7, 137.5);GATE
Port:(146.1, 14.4)(194.9, 14.4)(194.9, 20.1)(146.1, 20.1);SD
Module:M1
Boundary:(686.4, 30.0)(686.4, 133.6)(686.1, 133.6)(686.1, 150.6)(500.0, 150.6)(500.0, 30.0);GATE
Port:(500.0, 44.6)(505.8, 44.6)(505.8, 136.0)(500.0, 136.0);SD
Port:(686.4, 30.0)(686.4, 133.6)(686.1, 133.6)(686.1, 150.6)(507.3, 150.6)(507.3, 30.0);GATE
Port:(675.2, 35.6)(681.8, 35.6)(681.8, 128.0)(675.2, 128.0);SD
Module:M6
Boundary:(317.5, 316.1)(317.5, 412.9)(105.1, 412.9)(105.1, 316.1);GATE
Port:(105.1, 330.0)(110.0, 330.0)(110.0, 399.0)(105.1, 399.0);SD
Port:(317.5, 316.1)(317.5, 412.9)(112.6, 412.9)(112.6, 316.1);GATE
Port:(305.9, 321.5)(313.1, 321.5)(313.1, 407.5)(305.9, 407.5);SD
Module:M2
Boundary:(703.9, 200.6)(703.9, 291.1)(703.4, 291.1)(703.4, 306.0)(574.7, 306.0)(574.7, 200.6);GATE
Port:(574.7, 213.0)(580.4, 213.0)(580.4, 293.6)(574.7, 293.6);SD
Port:(703.9, 200.6)(703.9, 291.1)(703.4, 291.1)(703.4, 306.0)(582.0, 306.0)(582.0, 200.6);GATE
Port:(694.1, 206.1)(699.4, 206.1)(699.4, 285.6)(694.1, 285.6);SD
Module:M16
Boundary:(530.7, 438.3)(530.7, 490.2)(469.6, 490.2)(469.6, 504.1)(417.3, 504.1)(417.3, 438.3);GATE
Port:(417.3, 453.2)(421.5, 453.2)(421.5, 489.2)(417.3, 489.2);SD
Port:(530.7, 438.3)(530.7, 490.2)(469.6, 490.2)(469.6, 504.1)(423.8, 504.1)(423.8, 438.3);GATE
Port:(518.4, 445.1)(524.9, 445.1)(524.9, 482.4)(518.4, 482.4);SD
Module:M13
Boundary:(332.0, 174.1)(393.6, 174.1)(393.6, 281.6)(332.0, 281.6);GATE
Port:(343.9, 275.8)(381.7, 275.8)(381.7, 281.6)(343.9, 281.6);SD
Port:(332.0, 174.1)(393.6, 174.1)(393.6, 273.7)(332.0, 273.7);GATE
Port:(337.2, 178.3)(388.4, 178.3)(388.4, 184.2)(337.2, 184.2);SD
Module:M10
Boundary:(131.2, 445.3)(131.2, 502.4)(130.9, 502.4)(130.9, 516.8)(10.0, 516.8)(10.0, 445.3);GATE
Port:(10.0, 456.3)(15.4, 456.3)(15.4, 505.8)(10.0, 505.8);SD
Port:(131.2, 445.3)(131.2, 502.4)(130.9, 502.4)(130.9, 516.8)(17.3, 516.8)(17.3, 445.3);GATE
Port:(122.6, 450.6)(126.9, 450.6)(126.9, 497.1)(122.6, 497.1);SD
Module:M7
Boundary:(574.7, 346.0)(653.0, 346.0)(653.0, 516.1)(574.7, 516.1);GATE
Port:(586.8, 511.4)(640.9, 511.4)(640.9, 516.1)(586.8, 516.1);SD
Port:(574.7, 346.0)(653.0, 346.0)(653.0, 508.8)(574.7, 508.8);GATE
Port:(579.8, 350.1)(647.9, 350.1)(647.9, 355.7)(579.8, 355.7);SD
Module:M3
Boundary:(10.0, 313.6)(69.9, 313.6)(69.9, 313.9)(85.1, 313.9)(85.1, 425.3)(10.0, 425.3);GATE
Port:(21.4, 421.0)(73.7, 421.0)(73.7, 425.3)(21.4, 425.3);SD
Port:(10.0, 313.6)(69.9, 313.6)(69.9, 313.9)(85.1, 313.9)(85.1, 418.9)(10.0, 418.9);GATE
Port:(15.2, 317.8)(64.7, 317.8)(64.7, 322.6)(15.2, 322.6);SD
Module:M15
Boundary:(296.6, 432.9)(296.6, 526.3)(151.2, 526.3)(151.2, 432.9);GATE
Port:(151.2, 448.1)(157.1, 448.1)(157.1, 511.1)(151.2, 511.1);SD
Port:(296.6, 432.9)(296.6, 526.3)(158.6, 526.3)(158.6, 432.9);GATE
Port:(284.9, 439.6)(290.9, 439.6)(290.9, 519.6)(284.9, 519.6);SD
Module:M12
Boundary:(312.0, 174.1)(312.0, 278.9)(311.5, 278.9)(311.5, 296.1)(153.2, 296.1)(153.2, 174.1);GATE
Port:(153.2, 188.4)(158.7, 188.4)(158.7, 281.8)(153.2, 281.8);SD
Port:(312.0, 174.1)(312.0, 278.9)(311.5, 278.9)(311.5, 296.1)(160.7, 296.1)(160.7, 174.1);GATE
Port:(300.5, 180.3)(306.8, 180.3)(306.8, 272.7)(300.5, 272.7);SD
Module:M8
Boundary:(123.2, 202.4)(123.2, 283.6)(20.0, 283.6)(20.0, 202.4);GATE
Port:(20.0, 214.9)(24.1, 214.9)(24.1, 271.1)(20.0, 271.1);SD
Port:(123.2, 202.4)(123.2, 283.6)(25.6, 283.6)(25.6, 202.4);GATE
Port:(112.2, 209.1)(117.5, 209.1)(117.5, 276.9)(112.2, 276.9);SD
Module:M4
Boundary:(427.3, 200.6)(519.4, 200.6)(519.4, 200.6)(534.7, 200.6)(534.7, 408.3)(427.3, 408.3);GATE
Port:(439.5, 403.4)(522.5, 403.4)(522.5, 408.3)(439.5, 408.3);SD
Port:(427.3, 200.6)(519.4, 200.6)(519.4, 200.6)(534.7, 200.6)(534.7, 400.5)(427.3, 400.5);GATE
Port:(432.6, 204.9)(514.1, 204.9)(514.1, 210.5)(432.6, 210.5);SD
