Area:(-30.0, -30.0)(819.5, -30.0)(819.5, 471.6)(-30.0, 471.6)
Rule:GATE(5,5);SD(5,5);GATE_SD(0.5);GATE_ITO(0.5);SD_ITO(0.5)
Module:M14
Boundary:(118.4, 30.0)(118.4, 146.2)(30.0, 146.2)(30.0, 30.0);GATE
Port:(30.0, 43.2)(34.9, 43.2)(34.9, 133.0)(30.0, 133.0);SD
Port:(118.4, 30.0)(118.4, 146.2)(36.5, 146.2)(36.5, 30.0);GATE
Port:(108.4, 35.2)(114.2, 35.2)(114.2, 141.0)(108.4, 141.0);SD
Module:M9
Boundary:(469.5, 162.6)(523.0, 162.6)(523.0, 162.9)(539.7, 162.9)(539.7, 282.4)(469.5, 282.4);GATE
Port:(483.9, 277.6)(525.3, 277.6)(525.3, 282.4)(483.9, 282.4);SD
Port:(469.5, 162.6)(523.0, 162.6)(523.0, 162.9)(539.7, 162.9)(539.7, 275.6)(469.5, 275.6);GATE
Port:(476.2, 168.3)(516.3, 168.3)(516.3, 174.4)(476.2, 174.4);SD
Module:M5
Boundary:(689.7, 20.0)(689.7, 116.8)(689.5, 116.8)(689.5, 132.6)(509.7, 132.6)(509.7, 20.0);GATE
Port:(509.7, 33.7)(515.1, 33.7)(515.1, 118.9)(509.7, 118.9);SD
Port:(689.7, 20.0)(689.7, 116.8)(689.5, 116.8)(689.5, 132.6)(517.3, 132.6)(517.3, 20.0);GATE
Port:(678.7, 25.1)(685.6, 25.1)(685.6, 111.7)(678.7, 111.7);SD
Module:M11
Boundary:(343.3, 10.0)(343.3, 144.3)(158.4, 144.3)(158.4, 10.0);GATE
Port:(158.4, 25.3)(163.7, 25.3)(163.7, 129.0)(158.4, 129.0);SD
Port:(343.3, 10.0)(343.3, 144.3)(166.0, 144.3)(166.0, 10.0);GATE
Port:(331.3, 16.5)(337.8, 16.5)(337.8, 137.8)(331.3, 137.8);SD
Module:M1
Boundary:(153.8, 206.2)(153.8, 305.7)(30.0, 305.7)(30.0, 206.2);GATE
Port:(30.0, 218.4)(35.6, 218.4)(35.6, 293.5)(30.0, 293.5);SD
Port:(153.8, 206.2)(153.8, 305.7)(36.9, 305.7)(36.9, 206.2);GATE
Port:(144.1, 212.0)(149.0, 212.0)(149.0, 299.9)(144.1, 299.9);SD
Module:M6
Boundary:(588.9, 251.9)(645.6, 251.9)(645.6, 322.0)(588.9, 322.0);GATE
Port:(600.8, 316.7)(633.7, 316.7)(633.7, 322.0)(600.8, 322.0);SD
Port:(588.9, 251.9)(645.6, 251.9)(645.6, 314.2)(588.9, 314.2);GATE
Port:(594.9, 256.9)(639.6, 256.9)(639.6, 262.0)(594.9, 262.0);SD
Module:M2
Boundary:(754.7, 367.0)(754.7, 414.4)(598.9, 414.4)(598.9, 367.0);GATE
Port:(598.9, 380.4)(604.4, 380.4)(604.4, 401.0)(598.9, 401.0);SD
Port:(754.7, 367.0)(754.7, 414.4)(606.1, 414.4)(606.1, 367.0);GATE
Port:(743.2, 372.5)(750.2, 372.5)(750.2, 408.9)(743.2, 408.9);SD
Module:M16
Boundary:(363.3, 161.5)(449.5, 161.5)(449.5, 284.6)(363.3, 284.6);GATE
Port:(375.6, 278.9)(437.2, 278.9)(437.2, 284.6)(375.6, 284.6);SD
Port:(363.3, 161.5)(449.5, 161.5)(449.5, 277.9)(363.3, 277.9);GATE
Port:(368.4, 165.6)(444.4, 165.6)(444.4, 171.7)(368.4, 171.7);SD
Module:M13
Boundary:(167.0, 345.7)(167.0, 429.6)(10.0, 429.6)(10.0, 345.7);GATE
Port:(10.0, 357.8)(15.4, 357.8)(15.4, 417.5)(10.0, 417.5);SD
Port:(167.0, 345.7)(167.0, 429.6)(18.3, 429.6)(18.3, 345.7);GATE
Port:(156.6, 351.2)(162.5, 351.2)(162.5, 424.1)(156.6, 424.1);SD
Module:M10
Boundary:(775.5, 232.5)(775.5, 337.0)(665.6, 337.0)(665.6, 232.5);GATE
Port:(665.6, 247.0)(669.9, 247.0)(669.9, 322.5)(665.6, 322.5);SD
Port:(775.5, 232.5)(775.5, 337.0)(671.3, 337.0)(671.3, 232.5);GATE
Port:(764.3, 237.8)(771.2, 237.8)(771.2, 331.7)(764.3, 331.7);SD
Module:M7
Boundary:(558.9, 314.6)(558.9, 413.2)(373.3, 413.2)(373.3, 314.6);GATE
Port:(373.3, 327.7)(378.8, 327.7)(378.8, 400.1)(373.3, 400.1);SD
Port:(558.9, 314.6)(558.9, 413.2)(381.0, 413.2)(381.0, 314.6);GATE
Port:(548.3, 320.2)(554.3, 320.2)(554.3, 407.6)(548.3, 407.6);SD
Module:M3
Boundary:(629.1, 162.6)(629.1, 231.9)(559.7, 231.9)(559.7, 162.6);GATE
Port:(559.7, 176.7)(565.2, 176.7)(565.2, 217.8)(559.7, 217.8);SD
Port:(629.1, 162.6)(629.1, 231.9)(567.0, 231.9)(567.0, 162.6);GATE
Port:(618.2, 168.8)(623.9, 168.8)(623.9, 225.7)(618.2, 225.7);SD
Module:M15
Boundary:(332.1, 376.3)(332.1, 431.6)(193.8, 431.6)(193.8, 376.3);GATE
Port:(193.8, 391.2)(199.6, 391.2)(199.6, 416.7)(193.8, 416.7);SD
Port:(332.1, 376.3)(332.1, 431.6)(200.8, 431.6)(200.8, 376.3);GATE
Port:(320.7, 382.4)(327.0, 382.4)(327.0, 425.5)(320.7, 425.5);SD
Module:M12
Boundary:(719.7, 10.0)(779.5, 10.0)(779.5, 212.5)(719.7, 212.5);GATE
Port:(733.2, 206.9)(766.0, 206.9)(766.0, 212.5)(733.2, 212.5);SD
Port:(719.7, 10.0)(779.5, 10.0)(779.5, 204.2)(719.7, 204.2);GATE
Port:(726.5, 15.8)(772.7, 15.8)(772.7, 21.5)(726.5, 21.5);SD
Module:M8
Boundary:(469.7, 20.0)(469.7, 131.5)(373.3, 131.5)(373.3, 20.0);GATE
Port:(373.3, 33.6)(378.2, 33.6)(378.2, 117.9)(373.3, 117.9);SD
Port:(469.7, 20.0)(469.7, 131.5)(379.6, 131.5)(379.6, 20.0);GATE
Port:(458.1, 25.8)(464.9, 25.8)(464.9, 125.7)(458.1, 125.7);SD
Module:M4
Boundary:(203.8, 174.3)(323.6, 174.3)(323.6, 346.3)(203.8, 346.3);GATE
Port:(218.6, 340.9)(308.8, 340.9)(308.8, 346.3)(218.6, 346.3);SD
Port:(203.8, 174.3)(323.6, 174.3)(323.6, 339.1)(203.8, 339.1);GATE
Port:(209.6, 179.1)(317.8, 179.1)(317.8, 185.9)(209.6, 185.9);SD
