Area:(-30.0, -30.0)(639.6, -30.0)(639.6, 603.4)(-30.0, 603.4)
Rule:GATE(5,5);SD(5,5);GATE_SD(0.5);GATE_ITO(0.5);SD_ITO(0.5)
Module:M14
Boundary:(225.4, 366.9)(273.9, 366.9)(273.9, 367.1)(288.0, 367.1)(288.0, 461.3)(225.4, 461.3);GATE
Port:(239.5, 457.0)(273.9, 457.0)(273.9, 461.3)(239.5, 461.3);SD
Port:(225.4, 366.9)(273.9, 366.9)(273.9, 367.1)(288.0, 367.1)(288.0, 454.6)(225.4, 454.6);GATE
Port:(231.8, 372.3)(267.5, 372.3)(267.5, 379.1)(231.8, 379.1);SD
Module:M9
Boundary:(108.5, 255.1)(108.5, 318.0)(108.4, 318.0)(108.4, 333.0)(10.0, 333.0)(10.0, 255.1);GATE
Port:(10.0, 268.2)(15.5, 268.2)(15.5, 319.9)(10.0, 319.9);SD
Port:(108.5, 255.1)(108.5, 318.0)(108.4, 318.0)(108.4, 333.0)(17.0, 333.0)(17.0, 255.1);GATE
Port:(97.3, 261.4)(103.2, 261.4)(103.2, 311.7)(97.3, 311.7);SD
Module:M5
Boundary:(510.2, 381.3)(599.6, 381.3)(599.6, 556.7)(510.2, 556.7);GATE
Port:(524.9, 551.9)(584.9, 551.9)(584.9, 556.7)(524.9, 556.7);SD
Port:(510.2, 381.3)(599.6, 381.3)(599.6, 550.3)(510.2, 550.3);GATE
Port:(517.0, 387.1)(592.8, 387.1)(592.8, 393.4)(517.0, 393.4);SD
Module:M11
Boundary:(407.0, 10.0)(407.0, 69.8)(406.9, 69.8)(406.9, 83.5)(202.9, 83.5)(202.9, 10.0);GATE
Port:(202.9, 22.9)(208.2, 22.9)(208.2, 70.6)(202.9, 70.6);SD
Port:(407.0, 10.0)(407.0, 69.8)(406.9, 69.8)(406.9, 83.5)(209.9, 83.5)(209.9, 10.0);GATE
Port:(396.0, 15.9)(402.1, 15.9)(402.1, 63.9)(396.0, 63.9);SD
Module:M1
Boundary:(348.0, 399.7)(444.4, 399.7)(444.4, 399.9)(460.2, 399.9)(460.2, 547.2)(348.0, 547.2);GATE
Port:(360.9, 543.0)(447.3, 543.0)(447.3, 547.2)(360.9, 547.2);SD
Port:(348.0, 399.7)(444.4, 399.7)(444.4, 399.9)(460.2, 399.9)(460.2, 540.4)(348.0, 540.4);GATE
Port:(353.8, 404.5)(438.6, 404.5)(438.6, 410.5)(353.8, 410.5);SD
Module:M6
Boundary:(232.1, 103.5)(315.8, 103.5)(315.8, 262.0)(232.1, 262.0);GATE
Port:(245.5, 256.3)(302.4, 256.3)(302.4, 262.0)(245.5, 262.0);SD
Port:(232.1, 103.5)(315.8, 103.5)(315.8, 253.4)(232.1, 253.4);GATE
Port:(237.7, 108.1)(310.2, 108.1)(310.2, 114.7)(237.7, 114.7);SD
Module:M2
Boundary:(496.1, 122.2)(574.9, 122.2)(574.9, 122.5)(590.1, 122.5)(590.1, 341.3)(496.1, 341.3);GATE
Port:(509.2, 335.8)(577.0, 335.8)(577.0, 341.3)(509.2, 341.3);SD
Port:(496.1, 122.2)(574.9, 122.2)(574.9, 122.5)(590.1, 122.5)(590.1, 333.2)(496.1, 333.2);GATE
Port:(502.3, 127.4)(568.7, 127.4)(568.7, 132.8)(502.3, 132.8);SD
Module:M16
Boundary:(182.9, 10.0)(182.9, 81.2)(88.5, 81.2)(88.5, 10.0);GATE
Port:(88.5, 24.3)(93.5, 24.3)(93.5, 66.9)(88.5, 66.9);SD
Port:(182.9, 10.0)(182.9, 81.2)(94.6, 81.2)(94.6, 10.0);GATE
Port:(171.9, 16.1)(177.8, 16.1)(177.8, 75.1)(171.9, 75.1);SD
Module:M13
Boundary:(114.1, 353.0)(185.4, 353.0)(185.4, 478.4)(114.1, 478.4);GATE
Port:(129.0, 474.2)(170.5, 474.2)(170.5, 478.4)(129.0, 478.4);SD
Port:(114.1, 353.0)(185.4, 353.0)(185.4, 471.9)(114.1, 471.9);GATE
Port:(120.6, 358.5)(178.9, 358.5)(178.9, 364.9)(120.6, 364.9);SD
Module:M10
Boundary:(10.0, 353.0)(77.7, 353.0)(77.7, 353.2)(94.1, 353.2)(94.1, 559.0)(10.0, 559.0);GATE
Port:(23.7, 554.8)(80.4, 554.8)(80.4, 559.0)(23.7, 559.0);SD
Port:(10.0, 353.0)(77.7, 353.0)(77.7, 353.2)(94.1, 353.2)(94.1, 552.0)(10.0, 552.0);GATE
Port:(16.1, 358.1)(71.6, 358.1)(71.6, 364.4)(16.1, 364.4);SD
Module:M7
Boundary:(202.1, 113.5)(202.1, 199.9)(202.1, 199.9)(202.1, 213.6)(98.5, 213.6)(98.5, 113.5);GATE
Port:(98.5, 125.7)(103.6, 125.7)(103.6, 201.4)(98.5, 201.4);SD
Port:(202.1, 113.5)(202.1, 199.9)(202.1, 199.9)(202.1, 213.6)(106.2, 213.6)(106.2, 113.5);GATE
Port:(191.6, 120.3)(196.3, 120.3)(196.3, 193.1)(191.6, 193.1);SD
Module:M3
Boundary:(286.7, 501.3)(286.7, 563.4)(114.1, 563.4)(114.1, 501.3);GATE
Port:(114.1, 514.8)(119.8, 514.8)(119.8, 549.9)(114.1, 549.9);SD
Port:(286.7, 501.3)(286.7, 563.4)(121.8, 563.4)(121.8, 501.3);GATE
Port:(274.7, 508.1)(280.9, 508.1)(280.9, 556.6)(274.7, 556.6);SD
Module:M15
Boundary:(308.2, 282.0)(308.2, 326.9)(128.5, 326.9)(128.5, 282.0);GATE
Port:(128.5, 293.9)(133.1, 293.9)(133.1, 315.0)(128.5, 315.0);SD
Port:(308.2, 282.0)(308.2, 326.9)(135.5, 326.9)(135.5, 282.0);GATE
Port:(297.9, 288.4)(302.8, 288.4)(302.8, 320.5)(297.9, 320.5);SD
Module:M12
Boundary:(10.0, 10.0)(54.3, 10.0)(54.3, 10.1)(68.5, 10.1)(68.5, 235.1)(10.0, 235.1);GATE
Port:(21.9, 230.4)(56.6, 230.4)(56.6, 235.1)(21.9, 235.1);SD
Port:(10.0, 10.0)(54.3, 10.0)(54.3, 10.1)(68.5, 10.1)(68.5, 227.6)(10.0, 227.6);GATE
Port:(15.5, 14.5)(48.8, 14.5)(48.8, 19.8)(15.5, 19.8);SD
Module:M8
Boundary:(594.9, 20.0)(594.9, 82.2)(437.0, 82.2)(437.0, 20.0);GATE
Port:(437.0, 33.9)(442.0, 33.9)(442.0, 68.3)(437.0, 68.3);SD
Port:(594.9, 20.0)(594.9, 82.2)(444.4, 82.2)(444.4, 20.0);GATE
Port:(583.5, 26.9)(589.0, 26.9)(589.0, 75.3)(583.5, 75.3);SD
Module:M4
Boundary:(345.8, 122.2)(456.1, 122.2)(456.1, 349.7)(345.8, 349.7);GATE
Port:(358.4, 343.9)(443.5, 343.9)(443.5, 349.7)(358.4, 349.7);SD
Port:(345.8, 122.2)(456.1, 122.2)(456.1, 342.8)(345.8, 342.8);GATE
Port:(351.0, 126.4)(450.9, 126.4)(450.9, 131.8)(351.0, 131.8);SD
