Area:(-30.0, -30.0)(356.2, -30.0)(356.2, 978.3)(-30.0, 978.3)
Rule:GATE(5,5);SD(5,5);GATE_SD(0.5);GATE_ITO(0.5);SD_ITO(0.5)
Module:M14
Boundary:(30.0, 143.1)(91.5, 143.1)(91.5, 143.2)(105.6, 143.2)(105.6, 331.9)(30.0, 331.9);GATE
Port:(43.0, 326.1)(92.6, 326.1)(92.6, 331.9)(43.0, 331.9);SD
Port:(30.0, 143.1)(91.5, 143.1)(91.5, 143.2)(105.6, 143.2)(105.6, 324.0)(30.0, 324.0);GATE
Port:(36.0, 148.1)(85.5, 148.1)(85.5, 154.6)(36.0, 154.6);SD
Module:M9
Boundary:(294.6, 838.2)(294.6, 924.0)(294.3, 924.0)(294.3, 938.3)(131.6, 938.3)(131.6, 838.2);GATE
Port:(131.6, 848.9)(136.2, 848.9)(136.2, 927.6)(131.6, 927.6);SD
Port:(294.6, 838.2)(294.6, 924.0)(294.3, 924.0)(294.3, 938.3)(138.1, 938.3)(138.1, 838.2);GATE
Port:(285.8, 843.6)(290.2, 843.6)(290.2, 918.6)(285.8, 918.6);SD
Module:M5
Boundary:(299.5, 750.0)(299.5, 808.2)(162.7, 808.2)(162.7, 750.0);GATE
Port:(162.7, 761.7)(167.6, 761.7)(167.6, 796.5)(162.7, 796.5);SD
Port:(299.5, 750.0)(299.5, 808.2)(170.3, 808.2)(170.3, 750.0);GATE
Port:(289.6, 756.0)(294.5, 756.0)(294.5, 802.2)(289.6, 802.2);SD
Module:M11
Boundary:(154.9, 470.8)(154.9, 501.1)(154.8, 501.1)(154.8, 516.1)(10.0, 516.1)(10.0, 470.8);GATE
Port:(10.0, 482.6)(15.8, 482.6)(15.8, 504.3)(10.0, 504.3);SD
Port:(154.9, 470.8)(154.9, 501.1)(154.8, 501.1)(154.8, 516.1)(17.0, 516.1)(17.0, 470.8);GATE
Port:(145.6, 476.7)(150.0, 476.7)(150.0, 495.2)(145.6, 495.2);SD
Module:M1
Boundary:(30.0, 783.3)(91.6, 783.3)(91.6, 920.4)(30.0, 920.4);GATE
Port:(42.4, 915.9)(79.2, 915.9)(79.2, 920.4)(42.4, 920.4);SD
Port:(30.0, 783.3)(91.6, 783.3)(91.6, 913.5)(30.0, 913.5);GATE
Port:(35.7, 788.0)(85.9, 788.0)(85.9, 793.5)(35.7, 793.5);SD
Module:M6
Boundary:(132.7, 672.3)(132.7, 726.8)(132.6, 726.8)(132.6, 743.3)(10.0, 743.3)(10.0, 672.3);GATE
Port:(10.0, 687.4)(14.3, 687.4)(14.3, 728.2)(10.0, 728.2);SD
Port:(132.7, 672.3)(132.7, 726.8)(132.6, 726.8)(132.6, 743.3)(16.7, 743.3)(16.7, 672.3);GATE
Port:(119.5, 679.0)(127.0, 679.0)(127.0, 720.1)(119.5, 720.1);SD
Module:M2
Boundary:(115.7, 20.0)(115.7, 79.3)(115.5, 79.3)(115.5, 93.1)(20.0, 93.1)(20.0, 20.0);GATE
Port:(20.0, 32.6)(24.2, 32.6)(24.2, 80.5)(20.0, 80.5);SD
Port:(115.7, 20.0)(115.7, 79.3)(115.5, 79.3)(115.5, 93.1)(26.4, 93.1)(26.4, 20.0);GATE
Port:(104.7, 25.0)(111.7, 25.0)(111.7, 74.3)(104.7, 74.3);SD
Module:M16
Boundary:(10.0, 536.1)(140.4, 536.1)(140.4, 652.3)(10.0, 652.3);GATE
Port:(24.9, 646.7)(125.5, 646.7)(125.5, 652.3)(24.9, 652.3);SD
Port:(10.0, 536.1)(140.4, 536.1)(140.4, 644.5)(10.0, 644.5);GATE
Port:(16.1, 541.2)(134.3, 541.2)(134.3, 547.7)(16.1, 547.7);SD
Module:M13
Boundary:(230.4, 10.0)(230.4, 120.6)(145.7, 120.6)(145.7, 10.0);GATE
Port:(145.7, 25.6)(150.9, 25.6)(150.9, 105.0)(145.7, 105.0);SD
Port:(230.4, 10.0)(230.4, 120.6)(152.5, 120.6)(152.5, 10.0);GATE
Port:(218.0, 17.0)(224.4, 17.0)(224.4, 113.6)(218.0, 113.6);SD
Module:M10
Boundary:(207.3, 371.9)(207.3, 450.8)(115.4, 450.8)(115.4, 371.9);GATE
Port:(115.4, 385.0)(120.3, 385.0)(120.3, 437.7)(115.4, 437.7);SD
Port:(207.3, 371.9)(207.3, 450.8)(123.1, 450.8)(123.1, 371.9);GATE
Port:(196.9, 377.6)(202.6, 377.6)(202.6, 445.1)(196.9, 445.1);SD
Module:M7
Boundary:(260.4, 20.0)(289.5, 20.0)(289.5, 20.1)(304.5, 20.1)(304.5, 190.1)(260.4, 190.1);GATE
Port:(271.4, 184.9)(293.5, 184.9)(293.5, 190.1)(271.4, 190.1);SD
Port:(260.4, 20.0)(289.5, 20.0)(289.5, 20.1)(304.5, 20.1)(304.5, 182.9)(260.4, 182.9);GATE
Port:(265.7, 24.3)(284.2, 24.3)(284.2, 28.6)(265.7, 28.6);SD
Module:M3
Boundary:(233.3, 220.1)(316.2, 220.1)(316.2, 447.6)(233.3, 447.6);GATE
Port:(246.0, 443.1)(303.5, 443.1)(303.5, 447.6)(246.0, 447.6);SD
Port:(233.3, 220.1)(316.2, 220.1)(316.2, 440.5)(233.3, 440.5);GATE
Port:(239.9, 225.7)(309.6, 225.7)(309.6, 231.2)(239.9, 231.2);SD
Module:M15
Boundary:(307.3, 612.8)(307.3, 702.3)(306.9, 702.3)(306.9, 720.0)(160.4, 720.0)(160.4, 612.8);GATE
Port:(160.4, 627.0)(165.5, 627.0)(165.5, 705.8)(160.4, 705.8);SD
Port:(307.3, 612.8)(307.3, 702.3)(306.9, 702.3)(306.9, 720.0)(168.0, 720.0)(168.0, 612.8);GATE
Port:(296.2, 618.9)(302.2, 618.9)(302.2, 696.2)(296.2, 696.2);SD
Module:M12
Boundary:(10.0, 371.9)(78.4, 371.9)(78.4, 372.3)(95.4, 372.3)(95.4, 448.8)(10.0, 448.8);GATE
Port:(24.2, 443.8)(81.2, 443.8)(81.2, 448.8)(24.2, 448.8);SD
Port:(10.0, 371.9)(78.4, 371.9)(78.4, 372.3)(95.4, 372.3)(95.4, 441.4)(10.0, 441.4);GATE
Port:(15.8, 376.7)(72.6, 376.7)(72.6, 383.1)(15.8, 383.1);SD
Module:M8
Boundary:(184.9, 480.8)(280.9, 480.8)(280.9, 480.9)(299.7, 480.9)(299.7, 582.8)(184.9, 582.8);GATE
Port:(201.1, 578.1)(283.5, 578.1)(283.5, 582.8)(201.1, 582.8);SD
Port:(184.9, 480.8)(280.9, 480.8)(280.9, 480.9)(299.7, 480.9)(299.7, 575.5)(184.9, 575.5);GATE
Port:(191.6, 486.5)(274.2, 486.5)(274.2, 493.7)(191.6, 493.7);SD
Module:M4
Boundary:(155.7, 150.6)(188.3, 150.6)(188.3, 150.7)(203.3, 150.7)(203.3, 308.4)(155.7, 308.4);GATE
Port:(168.1, 303.9)(190.9, 303.9)(190.9, 308.4)(168.1, 308.4);SD
Port:(155.7, 150.6)(188.3, 150.6)(188.3, 150.7)(203.3, 150.7)(203.3, 302.8)(155.7, 302.8);GATE
Port:(161.5, 155.4)(182.5, 155.4)(182.5, 161.2)(161.5, 161.2);SD
