Area:(-30.0, -30.0)(794.8, -30.0)(794.8, 496.9)(-30.0, 496.9)
Rule:GATE(5,5);SD(5,5);GATE_SD(0.5);GATE_ITO(0.5);SD_ITO(0.5)
Module:M14
Boundary:(266.6, 30.0)(266.6, 74.9)(181.5, 74.9)(181.5, 30.0);GATE
Port:(181.5, 41.5)(185.9, 41.5)(185.9, 63.4)(181.5, 63.4);SD
Port:(266.6, 30.0)(266.6, 74.9)(187.9, 74.9)(187.9, 30.0);GATE
Port:(257.5, 35.1)(262.5, 35.1)(262.5, 69.8)(257.5, 69.8);SD
Module:M9
Boundary:(436.5, 132.7)(496.7, 132.7)(496.7, 132.8)(511.4, 132.8)(511.4, 315.9)(436.5, 315.9);GATE
Port:(448.3, 311.4)(499.6, 311.4)(499.6, 315.9)(448.3, 315.9);SD
Port:(436.5, 132.7)(496.7, 132.7)(496.7, 132.8)(511.4, 132.8)(511.4, 309.7)(436.5, 309.7);GATE
Port:(442.1, 137.3)(491.1, 137.3)(491.1, 142.5)(442.1, 142.5);SD
Module:M5
Boundary:(541.4, 20.0)(587.1, 20.0)(587.1, 20.1)(601.7, 20.1)(601.7, 156.1)(541.4, 156.1);GATE
Port:(553.8, 150.7)(589.3, 150.7)(589.3, 156.1)(553.8, 156.1);SD
Port:(541.4, 20.0)(587.1, 20.0)(587.1, 20.1)(601.7, 20.1)(601.7, 147.7)(541.4, 147.7);GATE
Port:(547.2, 24.8)(581.3, 24.8)(581.3, 29.8)(547.2, 29.8);SD
Module:M11
Boundary:(500.3, 10.0)(500.3, 112.7)(306.6, 112.7)(306.6, 10.0);GATE
Port:(306.6, 24.5)(311.8, 24.5)(311.8, 98.2)(306.6, 98.2);SD
Port:(500.3, 10.0)(500.3, 112.7)(314.1, 112.7)(314.1, 10.0);GATE
Port:(488.8, 15.5)(495.8, 15.5)(495.8, 107.2)(488.8, 107.2);SD
Module:M1
Boundary:(727.2, 206.1)(727.2, 295.2)(551.4, 295.2)(551.4, 206.1);GATE
Port:(551.4, 221.7)(556.3, 221.7)(556.3, 279.6)(551.4, 279.6);SD
Port:(727.2, 206.1)(727.2, 295.2)(557.5, 295.2)(557.5, 206.1);GATE
Port:(714.9, 212.8)(721.5, 212.8)(721.5, 288.5)(714.9, 288.5);SD
Module:M6
Boundary:(194.2, 374.5)(194.2, 426.0)(194.0, 426.0)(194.0, 441.9)(10.0, 441.9)(10.0, 374.5);GATE
Port:(10.0, 388.5)(15.5, 388.5)(15.5, 427.9)(10.0, 427.9);SD
Port:(194.2, 374.5)(194.2, 426.0)(194.0, 426.0)(194.0, 441.9)(16.8, 441.9)(16.8, 374.5);GATE
Port:(181.9, 381.3)(188.4, 381.3)(188.4, 419.2)(181.9, 419.2);SD
Module:M2
Boundary:(752.5, 20.0)(752.5, 127.0)(752.3, 127.0)(752.3, 144.9)(641.7, 144.9)(641.7, 20.0);GATE
Port:(641.7, 34.1)(646.8, 34.1)(646.8, 130.8)(641.7, 130.8);SD
Port:(752.5, 20.0)(752.5, 127.0)(752.3, 127.0)(752.3, 144.9)(647.9, 144.9)(647.9, 20.0);GATE
Port:(741.8, 25.8)(747.7, 25.8)(747.7, 121.2)(741.8, 121.2);SD
Module:M16
Boundary:(141.5, 10.0)(141.5, 114.1)(141.3, 114.1)(141.3, 131.2)(10.0, 131.2)(10.0, 10.0);GATE
Port:(10.0, 24.4)(14.6, 24.4)(14.6, 116.8)(10.0, 116.8);SD
Port:(141.5, 10.0)(141.5, 114.1)(141.3, 114.1)(141.3, 131.2)(17.4, 131.2)(17.4, 10.0);GATE
Port:(129.9, 15.3)(137.2, 15.3)(137.2, 108.8)(129.9, 108.8);SD
Module:M13
Boundary:(407.3, 264.7)(407.3, 323.5)(294.0, 323.5)(294.0, 264.7);GATE
Port:(294.0, 276.3)(299.6, 276.3)(299.6, 311.9)(294.0, 311.9);SD
Port:(407.3, 264.7)(407.3, 323.5)(302.5, 323.5)(302.5, 264.7);GATE
Port:(398.3, 270.4)(402.6, 270.4)(402.6, 317.8)(398.3, 317.8);SD
Module:M10
Boundary:(573.6, 343.5)(573.6, 438.5)(573.3, 438.5)(573.3, 456.9)(345.1, 456.9)(345.1, 343.5);GATE
Port:(345.1, 359.4)(349.7, 359.4)(349.7, 441.0)(345.1, 441.0);SD
Port:(573.6, 343.5)(573.6, 438.5)(573.3, 438.5)(573.3, 456.9)(352.5, 456.9)(352.5, 343.5);GATE
Port:(560.5, 350.0)(568.1, 350.0)(568.1, 432.0)(560.5, 432.0);SD
Module:M7
Boundary:(406.5, 142.7)(406.5, 219.9)(406.2, 219.9)(406.2, 234.7)(304.0, 234.7)(304.0, 142.7);GATE
Port:(304.0, 155.6)(308.5, 155.6)(308.5, 221.8)(304.0, 221.8);SD
Port:(406.5, 142.7)(406.5, 219.9)(406.2, 219.9)(406.2, 234.7)(310.6, 234.7)(310.6, 142.7);GATE
Port:(395.3, 149.4)(400.8, 149.4)(400.8, 213.2)(395.3, 213.2);SD
Module:M3
Boundary:(325.1, 374.5)(325.1, 440.1)(325.0, 440.1)(325.0, 456.0)(214.2, 456.0)(214.2, 374.5);GATE
Port:(214.2, 387.7)(218.4, 387.7)(218.4, 442.8)(214.2, 442.8);SD
Port:(325.1, 374.5)(325.1, 440.1)(325.0, 440.1)(325.0, 456.0)(219.8, 456.0)(219.8, 374.5);GATE
Port:(314.6, 380.2)(320.4, 380.2)(320.4, 434.4)(314.6, 434.4);SD
Module:M15
Boundary:(192.2, 151.2)(192.2, 198.7)(192.0, 198.7)(192.0, 213.2)(10.0, 213.2)(10.0, 151.2);GATE
Port:(10.0, 164.7)(14.8, 164.7)(14.8, 199.7)(10.0, 199.7);SD
Port:(192.2, 151.2)(192.2, 198.7)(192.0, 198.7)(192.0, 213.2)(16.2, 213.2)(16.2, 151.2);GATE
Port:(181.2, 157.3)(187.1, 157.3)(187.1, 192.6)(181.2, 192.6);SD
Module:M12
Boundary:(212.2, 114.9)(274.0, 114.9)(274.0, 212.9)(212.2, 212.9);GATE
Port:(225.2, 207.5)(261.0, 207.5)(261.0, 212.9)(225.2, 212.9);SD
Port:(212.2, 114.9)(274.0, 114.9)(274.0, 204.9)(212.2, 204.9);GATE
Port:(218.7, 120.4)(267.5, 120.4)(267.5, 126.4)(218.7, 126.4);SD
Module:M8
Boundary:(229.3, 243.2)(229.3, 344.5)(20.0, 344.5)(20.0, 243.2);GATE
Port:(20.0, 254.6)(25.4, 254.6)(25.4, 333.1)(20.0, 333.1);SD
Port:(229.3, 243.2)(229.3, 344.5)(26.6, 344.5)(26.6, 243.2);GATE
Port:(219.5, 248.2)(225.3, 248.2)(225.3, 339.5)(219.5, 339.5);SD
Module:M4
Boundary:(754.8, 345.2)(754.8, 441.0)(603.6, 441.0)(603.6, 345.2);GATE
Port:(603.6, 359.2)(608.5, 359.2)(608.5, 427.0)(603.6, 427.0);SD
Port:(754.8, 345.2)(754.8, 441.0)(610.7, 441.0)(610.7, 345.2);GATE
Port:(743.3, 351.7)(749.3, 351.7)(749.3, 434.5)(743.3, 434.5);SD
