Area:(-30.0, -20.0)(392.6, -20.0)(392.6, 1079.8)(-30.0, 1079.8)
Rule:GATE(5,5);SD(5,5);GATE_SD(0.5);GATE_ITO(0.5);SD_ITO(0.5)
Module:M14
Boundary:(192.4, 30.0)(192.4, 91.4)(192.3, 91.4)(192.3, 106.6)(30.0, 106.6)(30.0, 30.0);GATE
Port:(30.0, 41.7)(34.1, 41.7)(34.1, 94.9)(30.0, 94.9);SD
Port:(192.4, 30.0)(192.4, 91.4)(192.3, 91.4)(192.3, 106.6)(36.5, 106.6)(36.5, 30.0);GATE
Port:(182.7, 35.4)(188.0, 35.4)(188.0, 86.0)(182.7, 86.0);SD
Module:M9
Boundary:(313.2, 698.1)(313.2, 760.5)(313.1, 760.5)(313.1, 774.8)(164.0, 774.8)(164.0, 698.1);GATE
Port:(164.0, 711.8)(169.4, 711.8)(169.4, 761.1)(164.0, 761.1);SD
Port:(313.2, 698.1)(313.2, 760.5)(313.1, 760.5)(313.1, 774.8)(170.7, 774.8)(170.7, 698.1);GATE
Port:(301.1, 703.9)(308.4, 703.9)(308.4, 754.7)(301.1, 754.7);SD
Module:M5
Boundary:(106.4, 305.3)(190.7, 305.3)(190.7, 305.3)(207.0, 305.3)(207.0, 432.7)(106.4, 432.7);GATE
Port:(120.8, 427.0)(192.6, 427.0)(192.6, 432.7)(120.8, 432.7);SD
Port:(106.4, 305.3)(190.7, 305.3)(190.7, 305.3)(207.0, 305.3)(207.0, 425.5)(106.4, 425.5);GATE
Port:(113.1, 311.0)(184.0, 311.0)(184.0, 316.9)(113.1, 316.9);SD
Module:M11
Boundary:(279.1, 501.8)(352.6, 501.8)(352.6, 678.1)(279.1, 678.1);GATE
Port:(292.2, 672.2)(339.5, 672.2)(339.5, 678.1)(292.2, 678.1);SD
Port:(279.1, 501.8)(352.6, 501.8)(352.6, 669.6)(279.1, 669.6);GATE
Port:(285.3, 507.0)(346.4, 507.0)(346.4, 513.2)(285.3, 513.2);SD
Module:M1
Boundary:(30.0, 494.4)(124.0, 494.4)(124.0, 702.1)(30.0, 702.1);GATE
Port:(44.8, 696.8)(109.2, 696.8)(109.2, 702.1)(44.8, 702.1);SD
Port:(30.0, 494.4)(124.0, 494.4)(124.0, 695.2)(30.0, 695.2);GATE
Port:(35.2, 498.6)(118.8, 498.6)(118.8, 505.8)(35.2, 505.8);SD
Module:M6
Boundary:(149.5, 146.6)(149.5, 257.3)(149.2, 257.3)(149.2, 275.3)(10.0, 275.3)(10.0, 146.6);GATE
Port:(10.0, 162.3)(15.0, 162.3)(15.0, 259.6)(10.0, 259.6);SD
Port:(149.5, 146.6)(149.5, 257.3)(149.2, 257.3)(149.2, 275.3)(17.8, 275.3)(17.8, 146.6);GATE
Port:(136.8, 152.9)(144.2, 152.9)(144.2, 251.0)(136.8, 251.0);SD
Module:M2
Boundary:(344.8, 804.8)(344.8, 880.1)(344.7, 880.1)(344.7, 893.8)(123.8, 893.8)(123.8, 804.8);GATE
Port:(123.8, 818.8)(129.4, 818.8)(129.4, 879.8)(123.8, 879.8);SD
Port:(344.8, 804.8)(344.8, 880.1)(344.7, 880.1)(344.7, 893.8)(131.5, 893.8)(131.5, 804.8);GATE
Port:(332.6, 811.4)(339.2, 811.4)(339.2, 873.5)(332.6, 873.5);SD
Module:M16
Boundary:(164.0, 501.8)(259.1, 501.8)(259.1, 668.4)(164.0, 668.4);GATE
Port:(177.9, 663.1)(245.2, 663.1)(245.2, 668.4)(177.9, 668.4);SD
Port:(164.0, 501.8)(259.1, 501.8)(259.1, 660.7)(164.0, 660.7);GATE
Port:(170.1, 506.9)(253.0, 506.9)(253.0, 513.5)(170.1, 513.5);SD
Module:M13
Boundary:(235.2, 923.8)(336.4, 923.8)(336.4, 924.2)(352.6, 924.2)(352.6, 1039.8)(235.2, 1039.8);GATE
Port:(250.1, 1035.3)(337.7, 1035.3)(337.7, 1039.8)(250.1, 1039.8);SD
Port:(235.2, 923.8)(336.4, 923.8)(336.4, 924.2)(352.6, 924.2)(352.6, 1032.8)(235.2, 1032.8);GATE
Port:(241.6, 929.2)(330.0, 929.2)(330.0, 935.9)(241.6, 935.9);SD
Module:M10
Boundary:(314.9, 160.3)(314.9, 230.3)(169.5, 230.3)(169.5, 160.3);GATE
Port:(169.5, 174.2)(175.2, 174.2)(175.2, 216.4)(169.5, 216.4);SD
Port:(314.9, 160.3)(314.9, 230.3)(177.6, 230.3)(177.6, 160.3);GATE
Port:(303.5, 166.0)(310.2, 166.0)(310.2, 224.6)(303.5, 224.6);SD
Module:M7
Boundary:(20.0, 752.1)(69.5, 752.1)(69.5, 752.2)(83.8, 752.2)(83.8, 900.6)(20.0, 900.6);GATE
Port:(34.5, 895.5)(69.3, 895.5)(69.3, 900.6)(34.5, 900.6);SD
Port:(20.0, 752.1)(69.5, 752.1)(69.5, 752.2)(83.8, 752.2)(83.8, 893.0)(20.0, 893.0);GATE
Port:(26.9, 758.0)(62.6, 758.0)(62.6, 765.0)(26.9, 765.0);SD
Module:M3
Boundary:(10.0, 295.3)(60.1, 295.3)(60.1, 295.6)(76.4, 295.6)(76.4, 454.4)(10.0, 454.4);GATE
Port:(23.8, 450.3)(62.6, 450.3)(62.6, 454.4)(23.8, 454.4);SD
Port:(10.0, 295.3)(60.1, 295.3)(60.1, 295.6)(76.4, 295.6)(76.4, 448.2)(10.0, 448.2);GATE
Port:(16.2, 300.5)(53.9, 300.5)(53.9, 305.8)(16.2, 305.8);SD
Module:M15
Boundary:(215.2, 930.6)(215.2, 1017.5)(214.9, 1017.5)(214.9, 1034.6)(10.0, 1034.6)(10.0, 930.6);GATE
Port:(10.0, 945.2)(14.5, 945.2)(14.5, 1020.0)(10.0, 1020.0);SD
Port:(215.2, 930.6)(215.2, 1017.5)(214.9, 1017.5)(214.9, 1034.6)(15.6, 1034.6)(15.6, 930.6);GATE
Port:(203.5, 936.1)(210.7, 936.1)(210.7, 1012.0)(203.5, 1012.0);SD
Module:M12
Boundary:(237.0, 250.3)(331.9, 250.3)(331.9, 250.4)(351.0, 250.4)(351.0, 352.4)(237.0, 352.4);GATE
Port:(252.1, 348.0)(335.9, 348.0)(335.9, 352.4)(252.1, 352.4);SD
Port:(237.0, 250.3)(331.9, 250.3)(331.9, 250.4)(351.0, 250.4)(351.0, 346.5)(237.0, 346.5);GATE
Port:(242.4, 254.7)(326.5, 254.7)(326.5, 261.9)(242.4, 261.9);SD
Module:M8
Boundary:(242.4, 20.0)(333.2, 20.0)(333.2, 130.3)(242.4, 130.3);GATE
Port:(255.9, 125.9)(319.7, 125.9)(319.7, 130.3)(255.9, 130.3);SD
Port:(242.4, 20.0)(333.2, 20.0)(333.2, 123.7)(242.4, 123.7);GATE
Port:(247.6, 24.2)(328.0, 24.2)(328.0, 31.9)(247.6, 31.9);SD
Module:M4
Boundary:(343.9, 382.4)(343.9, 471.8)(247.0, 471.8)(247.0, 382.4);GATE
Port:(247.0, 397.2)(252.9, 397.2)(252.9, 457.0)(247.0, 457.0);SD
Port:(343.9, 382.4)(343.9, 471.8)(254.3, 471.8)(254.3, 382.4);GATE
Port:(332.4, 388.3)(339.0, 388.3)(339.0, 465.9)(332.4, 465.9);SD
