Area:(-30.0, -30.0)(836.2, -30.0)(836.2, 443.3)(-30.0, 443.3)
Rule:GATE(5,5);SD(5,5);GATE_SD(0.5);GATE_ITO(0.5);SD_ITO(0.5)
Module:M14
Boundary:(323.4, 264.2)(323.4, 386.2)(150.9, 386.2)(150.9, 264.2);GATE
Port:(150.9, 277.7)(156.5, 277.7)(156.5, 372.7)(150.9, 372.7);SD
Port:(323.4, 264.2)(323.4, 386.2)(158.4, 386.2)(158.4, 264.2);GATE
Port:(313.2, 270.7)(317.9, 270.7)(317.9, 379.7)(313.2, 379.7);SD
Module:M9
Boundary:(10.0, 240.7)(110.9, 240.7)(110.9, 403.3)(10.0, 403.3);GATE
Port:(25.2, 397.7)(95.7, 397.7)(95.7, 403.3)(25.2, 403.3);SD
Port:(10.0, 240.7)(110.9, 240.7)(110.9, 395.7)(10.0, 395.7);GATE
Port:(16.4, 246.1)(104.5, 246.1)(104.5, 253.6)(16.4, 253.6);SD
Module:M5
Boundary:(590.2, 20.0)(590.2, 122.0)(497.2, 122.0)(497.2, 20.0);GATE
Port:(497.2, 35.1)(502.9, 35.1)(502.9, 106.9)(497.2, 106.9);SD
Port:(590.2, 20.0)(590.2, 122.0)(505.7, 122.0)(505.7, 20.0);GATE
Port:(577.5, 26.5)(584.7, 26.5)(584.7, 115.5)(577.5, 115.5);SD
Module:M11
Boundary:(796.2, 312.6)(796.2, 388.5)(796.2, 388.5)(796.2, 402.4)(646.4, 402.4)(646.4, 312.6);GATE
Port:(646.4, 326.6)(651.4, 326.6)(651.4, 388.4)(646.4, 388.4);SD
Port:(796.2, 312.6)(796.2, 388.5)(796.2, 388.5)(796.2, 402.4)(653.2, 402.4)(653.2, 312.6);GATE
Port:(783.8, 318.8)(791.0, 318.8)(791.0, 382.3)(783.8, 382.3);SD
Module:M1
Boundary:(606.4, 305.1)(606.4, 375.8)(383.4, 375.8)(383.4, 305.1);GATE
Port:(383.4, 319.7)(388.7, 319.7)(388.7, 361.2)(383.4, 361.2);SD
Port:(606.4, 305.1)(606.4, 375.8)(390.5, 375.8)(390.5, 305.1);GATE
Port:(595.0, 311.7)(600.8, 311.7)(600.8, 369.2)(595.0, 369.2);SD
Module:M6
Boundary:(269.7, 10.0)(337.9, 10.0)(337.9, 10.0)(354.1, 10.0)(354.1, 223.7)(269.7, 223.7);GATE
Port:(284.2, 218.0)(339.6, 218.0)(339.6, 223.7)(284.2, 223.7);SD
Port:(269.7, 10.0)(337.9, 10.0)(337.9, 10.0)(354.1, 10.0)(354.1, 215.1)(269.7, 215.1);GATE
Port:(275.8, 15.1)(331.8, 15.1)(331.8, 22.1)(275.8, 22.1);SD
Module:M2
Boundary:(384.1, 20.0)(442.9, 20.0)(442.9, 20.1)(457.2, 20.1)(457.2, 127.0)(384.1, 127.0);GATE
Port:(396.2, 122.5)(445.1, 122.5)(445.1, 127.0)(396.2, 127.0);SD
Port:(384.1, 20.0)(442.9, 20.0)(442.9, 20.1)(457.2, 20.1)(457.2, 120.1)(384.1, 120.1);GATE
Port:(389.1, 24.0)(437.9, 24.0)(437.9, 29.8)(389.1, 29.8);SD
Module:M16
Boundary:(112.9, 10.0)(112.9, 69.8)(10.0, 69.8)(10.0, 10.0);GATE
Port:(10.0, 23.0)(14.2, 23.0)(14.2, 56.8)(10.0, 56.8);SD
Port:(112.9, 10.0)(112.9, 69.8)(16.1, 69.8)(16.1, 10.0);GATE
Port:(101.8, 16.6)(107.3, 16.6)(107.3, 63.2)(101.8, 63.2);SD
Module:M13
Boundary:(605.6, 157.0)(605.6, 247.7)(605.2, 247.7)(605.2, 265.1)(469.8, 265.1)(469.8, 157.0);GATE
Port:(469.8, 172.5)(475.1, 172.5)(475.1, 249.6)(469.8, 249.6);SD
Port:(605.6, 157.0)(605.6, 247.7)(605.2, 247.7)(605.2, 265.1)(477.1, 265.1)(477.1, 157.0);GATE
Port:(592.7, 163.9)(599.7, 163.9)(599.7, 240.8)(592.7, 240.8);SD
Module:M10
Boundary:(625.6, 142.8)(678.3, 142.8)(678.3, 143.0)(695.4, 143.0)(695.4, 261.6)(625.6, 261.6);GATE
Port:(640.2, 257.5)(680.8, 257.5)(680.8, 261.6)(640.2, 261.6);SD
Port:(625.6, 142.8)(678.3, 142.8)(678.3, 143.0)(695.4, 143.0)(695.4, 255.6)(625.6, 255.6);GATE
Port:(631.5, 147.7)(672.4, 147.7)(672.4, 154.1)(631.5, 154.1);SD
Module:M7
Boundary:(784.1, 20.0)(784.1, 94.4)(783.9, 94.4)(783.9, 112.8)(630.2, 112.8)(630.2, 20.0);GATE
Port:(630.2, 34.9)(635.9, 34.9)(635.9, 97.9)(630.2, 97.9);SD
Port:(784.1, 20.0)(784.1, 94.4)(783.9, 94.4)(783.9, 112.8)(638.2, 112.8)(638.2, 20.0);GATE
Port:(772.4, 26.9)(778.2, 26.9)(778.2, 87.5)(772.4, 87.5);SD
Module:M3
Boundary:(715.4, 142.8)(775.3, 142.8)(775.3, 143.2)(790.2, 143.2)(790.2, 292.6)(715.4, 292.6);GATE
Port:(727.0, 287.9)(778.6, 287.9)(778.6, 292.6)(727.0, 292.6);SD
Port:(715.4, 142.8)(775.3, 142.8)(775.3, 143.2)(790.2, 143.2)(790.2, 286.4)(715.4, 286.4);GATE
Port:(720.6, 147.0)(770.1, 147.0)(770.1, 152.1)(720.6, 152.1);SD
Module:M15
Boundary:(132.9, 10.0)(249.7, 10.0)(249.7, 121.4)(132.9, 121.4);GATE
Port:(146.9, 116.7)(235.7, 116.7)(235.7, 121.4)(146.9, 121.4);SD
Port:(132.9, 10.0)(249.7, 10.0)(249.7, 114.4)(132.9, 114.4);GATE
Port:(138.3, 14.4)(244.3, 14.4)(244.3, 22.0)(138.3, 22.0);SD
Module:M12
Boundary:(449.8, 157.0)(449.8, 241.4)(449.6, 241.4)(449.6, 258.0)(374.1, 258.0)(374.1, 157.0);GATE
Port:(374.1, 170.6)(378.3, 170.6)(378.3, 244.4)(374.1, 244.4);SD
Port:(449.8, 157.0)(449.8, 241.4)(449.6, 241.4)(449.6, 258.0)(381.0, 258.0)(381.0, 157.0);GATE
Port:(438.7, 162.7)(445.1, 162.7)(445.1, 235.7)(438.7, 235.7);SD
Module:M8
Boundary:(20.0, 99.8)(86.3, 99.8)(86.3, 100.3)(102.3, 100.3)(102.3, 210.7)(20.0, 210.7);GATE
Port:(34.0, 206.4)(88.3, 206.4)(88.3, 210.7)(34.0, 210.7);SD
Port:(20.0, 99.8)(86.3, 99.8)(86.3, 100.3)(102.3, 100.3)(102.3, 203.6)(20.0, 203.6);GATE
Port:(25.8, 104.6)(80.5, 104.6)(80.5, 110.5)(25.8, 110.5);SD
Module:M4
Boundary:(233.4, 151.4)(233.4, 198.5)(233.3, 198.5)(233.3, 214.2)(142.9, 214.2)(142.9, 151.4);GATE
Port:(142.9, 163.5)(146.9, 163.5)(146.9, 202.1)(142.9, 202.1);SD
Port:(233.4, 151.4)(233.4, 198.5)(233.3, 198.5)(233.3, 214.2)(149.8, 214.2)(149.8, 151.4);GATE
Port:(223.6, 157.3)(228.5, 157.3)(228.5, 192.6)(223.6, 192.6);SD
