Area:(-30.0, -30.0)(534.9, -30.0)(534.9, 756.7)(-30.0, 756.7)
Rule:GATE(5,5);SD(5,5);GATE_SD(0.5);GATE_ITO(0.5);SD_ITO(0.5)
Module:M14
Boundary:(404.9, 30.0)(457.7, 30.0)(457.7, 30.2)(473.9, 30.2)(473.9, 144.1)(404.9, 144.1);GATE
Port:(419.3, 139.2)(459.5, 139.2)(459.5, 144.1)(419.3, 144.1);SD
Port:(404.9, 30.0)(457.7, 30.0)(457.7, 30.2)(473.9, 30.2)(473.9, 137.5)(404.9, 137.5);GATE
Port:(411.6, 35.7)(451.0, 35.7)(451.0, 42.6)(411.6, 42.6);SD
Module:M9
Boundary:(238.6, 624.3)(238.6, 700.9)(238.1, 700.9)(238.1, 716.7)(106.5, 716.7)(106.5, 624.3);GATE
Port:(106.5, 635.1)(110.7, 635.1)(110.7, 705.9)(106.5, 705.9);SD
Port:(238.6, 624.3)(238.6, 700.9)(238.1, 700.9)(238.1, 716.7)(111.8, 716.7)(111.8, 624.3);GATE
Port:(230.2, 629.3)(234.6, 629.3)(234.6, 695.9)(230.2, 695.9);SD
Module:M5
Boundary:(20.0, 359.6)(76.5, 359.6)(76.5, 561.1)(20.0, 561.1);GATE
Port:(36.0, 555.4)(60.5, 555.4)(60.5, 561.1)(36.0, 561.1);SD
Port:(20.0, 359.6)(76.5, 359.6)(76.5, 552.9)(20.0, 552.9);GATE
Port:(26.7, 365.3)(69.8, 365.3)(69.8, 372.4)(26.7, 372.4);SD
Module:M11
Boundary:(285.6, 10.0)(349.5, 10.0)(349.5, 10.3)(364.9, 10.3)(364.9, 213.5)(285.6, 213.5);GATE
Port:(298.8, 208.3)(351.7, 208.3)(351.7, 213.5)(298.8, 213.5);SD
Port:(285.6, 10.0)(349.5, 10.0)(349.5, 10.3)(364.9, 10.3)(364.9, 206.7)(285.6, 206.7);GATE
Port:(291.9, 15.3)(343.2, 15.3)(343.2, 20.4)(291.9, 20.4);SD
Module:M1
Boundary:(352.0, 277.9)(352.0, 339.2)(238.2, 339.2)(238.2, 277.9);GATE
Port:(238.2, 290.6)(243.6, 290.6)(243.6, 326.5)(238.2, 326.5);SD
Port:(352.0, 277.9)(352.0, 339.2)(245.2, 339.2)(245.2, 277.9);GATE
Port:(341.2, 283.7)(347.2, 283.7)(347.2, 333.4)(341.2, 333.4);SD
Module:M6
Boundary:(265.6, 140.5)(265.6, 237.9)(91.5, 237.9)(91.5, 140.5);GATE
Port:(91.5, 152.8)(96.8, 152.8)(96.8, 225.6)(91.5, 225.6);SD
Port:(265.6, 140.5)(265.6, 237.9)(99.0, 237.9)(99.0, 140.5);GATE
Port:(256.1, 146.1)(261.0, 146.1)(261.0, 232.3)(256.1, 232.3);SD
Module:M2
Boundary:(214.4, 20.0)(214.4, 92.9)(214.3, 92.9)(214.3, 110.5)(20.0, 110.5)(20.0, 20.0);GATE
Port:(20.0, 35.4)(24.5, 35.4)(24.5, 95.1)(20.0, 95.1);SD
Port:(214.4, 20.0)(214.4, 92.9)(214.3, 92.9)(214.3, 110.5)(26.2, 110.5)(26.2, 20.0);GATE
Port:(202.1, 25.8)(209.6, 25.8)(209.6, 87.1)(202.1, 87.1);SD
Module:M16
Boundary:(10.0, 591.1)(61.9, 591.1)(61.9, 652.2)(75.8, 652.2)(75.8, 704.5)(10.0, 704.5);GATE
Port:(24.9, 700.3)(60.9, 700.3)(60.9, 704.5)(24.9, 704.5);SD
Port:(10.0, 591.1)(61.9, 591.1)(61.9, 652.2)(75.8, 652.2)(75.8, 698.0)(10.0, 698.0);GATE
Port:(16.8, 596.9)(54.1, 596.9)(54.1, 603.4)(16.8, 603.4);SD
Module:M13
Boundary:(444.6, 352.9)(494.7, 352.9)(494.7, 533.6)(444.6, 533.6);GATE
Port:(457.4, 527.8)(481.9, 527.8)(481.9, 533.6)(457.4, 533.6);SD
Port:(444.6, 352.9)(494.7, 352.9)(494.7, 526.0)(444.6, 526.0);GATE
Port:(450.5, 357.8)(488.8, 357.8)(488.8, 363.1)(450.5, 363.1);SD
Module:M10
Boundary:(198.2, 257.9)(198.2, 352.5)(197.8, 352.5)(197.8, 368.3)(106.5, 368.3)(106.5, 257.9);GATE
Port:(106.5, 269.6)(111.5, 269.6)(111.5, 356.6)(106.5, 356.6);SD
Port:(198.2, 257.9)(198.2, 352.5)(197.8, 352.5)(197.8, 368.3)(112.8, 368.3)(112.8, 257.9);GATE
Port:(188.7, 263.8)(193.3, 263.8)(193.3, 346.6)(188.7, 346.6);SD
Module:M7
Boundary:(479.3, 570.0)(479.3, 672.3)(478.7, 672.3)(478.7, 689.7)(294.5, 689.7)(294.5, 570.0);GATE
Port:(294.5, 582.6)(300.2, 582.6)(300.2, 677.1)(294.5, 677.1);SD
Port:(479.3, 570.0)(479.3, 672.3)(478.7, 672.3)(478.7, 689.7)(301.2, 689.7)(301.2, 570.0);GATE
Port:(470.1, 575.2)(475.1, 575.2)(475.1, 667.1)(470.1, 667.1);SD
Module:M3
Boundary:(325.9, 379.2)(405.0, 379.2)(405.0, 379.3)(424.6, 379.3)(424.6, 540.0)(325.9, 540.0);GATE
Port:(342.0, 534.6)(408.5, 534.6)(408.5, 540.0)(342.0, 540.0);SD
Port:(325.9, 379.2)(405.0, 379.2)(405.0, 379.3)(424.6, 379.3)(424.6, 532.5)(325.9, 532.5);GATE
Port:(332.1, 384.4)(398.8, 384.4)(398.8, 391.8)(332.1, 391.8);SD
Module:M15
Boundary:(10.0, 140.5)(71.5, 140.5)(71.5, 329.6)(10.0, 329.6);GATE
Port:(22.5, 323.8)(59.0, 323.8)(59.0, 329.6)(22.5, 329.6);SD
Port:(10.0, 140.5)(71.5, 140.5)(71.5, 322.5)(10.0, 322.5);GATE
Port:(16.6, 146.1)(64.9, 146.1)(64.9, 151.1)(16.6, 151.1);SD
Module:M12
Boundary:(392.0, 184.1)(478.5, 184.1)(478.5, 184.6)(494.9, 184.6)(494.9, 332.9)(392.0, 332.9);GATE
Port:(407.0, 327.1)(479.9, 327.1)(479.9, 332.9)(407.0, 332.9);SD
Port:(392.0, 184.1)(478.5, 184.1)(478.5, 184.6)(494.9, 184.6)(494.9, 324.7)(392.0, 324.7);GATE
Port:(398.9, 190.0)(471.6, 190.0)(471.6, 196.7)(398.9, 196.7);SD
Module:M8
Boundary:(254.5, 525.6)(254.5, 581.3)(254.3, 581.3)(254.3, 594.3)(116.5, 594.3)(116.5, 525.6);GATE
Port:(116.5, 537.3)(121.5, 537.3)(121.5, 582.6)(116.5, 582.6);SD
Port:(254.5, 525.6)(254.5, 581.3)(254.3, 581.3)(254.3, 594.3)(122.7, 594.3)(122.7, 525.6);GATE
Port:(244.4, 531.5)(249.6, 531.5)(249.6, 575.4)(244.4, 575.4);SD
Module:M4
Boundary:(295.9, 398.3)(295.9, 471.9)(295.6, 471.9)(295.6, 485.6)(116.5, 485.6)(116.5, 398.3);GATE
Port:(116.5, 411.5)(121.1, 411.5)(121.1, 472.4)(116.5, 472.4);SD
Port:(295.9, 398.3)(295.9, 471.9)(295.6, 471.9)(295.6, 485.6)(123.7, 485.6)(123.7, 398.3);GATE
Port:(284.8, 404.4)(290.8, 404.4)(290.8, 465.8)(284.8, 465.8);SD
