Area:(-30.0, -30.0)(606.4, -30.0)(606.4, 746.8)(-30.0, 746.8)
Rule:GATE(5,5);SD(5,5);GATE_SD(0.5);GATE_ITO(0.5);SD_ITO(0.5)
Module:M14
Boundary:(185.9, 633.7)(185.9, 689.1)(30.0, 689.1)(30.0, 633.7);GATE
Port:(30.0, 649.1)(34.1, 649.1)(34.1, 673.7)(30.0, 673.7);SD
Port:(185.9, 633.7)(185.9, 689.1)(36.4, 689.1)(36.4, 633.7);GATE
Port:(173.1, 640.4)(180.2, 640.4)(180.2, 682.4)(173.1, 682.4);SD
Module:M9
Boundary:(311.6, 423.5)(405.9, 423.5)(405.9, 423.7)(420.7, 423.7)(420.7, 594.0)(311.6, 594.0);GATE
Port:(325.2, 589.3)(407.1, 589.3)(407.1, 594.0)(325.2, 594.0);SD
Port:(311.6, 423.5)(405.9, 423.5)(405.9, 423.7)(420.7, 423.7)(420.7, 586.5)(311.6, 586.5);GATE
Port:(318.5, 429.4)(399.0, 429.4)(399.0, 435.5)(318.5, 435.5);SD
Module:M5
Boundary:(450.7, 463.5)(546.9, 463.5)(546.9, 463.6)(566.0, 463.6)(566.0, 685.4)(450.7, 685.4);GATE
Port:(466.5, 680.3)(550.2, 680.3)(550.2, 685.4)(466.5, 685.4);SD
Port:(450.7, 463.5)(546.9, 463.5)(546.9, 463.6)(566.0, 463.6)(566.0, 677.9)(450.7, 677.9);GATE
Port:(457.6, 469.4)(540.0, 469.4)(540.0, 475.9)(457.6, 475.9);SD
Module:M11
Boundary:(96.2, 309.6)(202.9, 309.6)(202.9, 309.9)(220.0, 309.9)(220.0, 494.3)(96.2, 494.3);GATE
Port:(111.6, 488.8)(204.6, 488.8)(204.6, 494.3)(111.6, 494.3);SD
Port:(96.2, 309.6)(202.9, 309.6)(202.9, 309.9)(220.0, 309.9)(220.0, 486.2)(96.2, 486.2);GATE
Port:(103.0, 315.4)(196.1, 315.4)(196.1, 322.7)(103.0, 322.7);SD
Module:M1
Boundary:(544.2, 334.7)(544.2, 398.3)(543.9, 398.3)(543.9, 413.5)(467.2, 413.5)(467.2, 334.7);GATE
Port:(467.2, 347.3)(471.5, 347.3)(471.5, 400.9)(467.2, 400.9);SD
Port:(544.2, 334.7)(544.2, 398.3)(543.9, 398.3)(543.9, 413.5)(474.3, 413.5)(474.3, 334.7);GATE
Port:(533.7, 341.0)(538.9, 341.0)(538.9, 392.0)(533.7, 392.0);SD
Module:M6
Boundary:(347.5, 10.0)(425.7, 10.0)(425.7, 10.1)(441.2, 10.1)(441.2, 168.2)(347.5, 168.2);GATE
Port:(360.1, 163.2)(428.6, 163.2)(428.6, 168.2)(360.1, 168.2);SD
Port:(347.5, 10.0)(425.7, 10.0)(425.7, 10.1)(441.2, 10.1)(441.2, 161.0)(347.5, 161.0);GATE
Port:(353.6, 15.1)(419.6, 15.1)(419.6, 20.1)(353.6, 20.1);SD
Module:M2
Boundary:(566.4, 171.6)(566.4, 268.6)(565.9, 268.6)(565.9, 284.7)(485.0, 284.7)(485.0, 171.6);GATE
Port:(485.0, 184.4)(489.9, 184.4)(489.9, 271.9)(485.0, 271.9);SD
Port:(566.4, 171.6)(566.4, 268.6)(565.9, 268.6)(565.9, 284.7)(491.1, 284.7)(491.1, 171.6);GATE
Port:(556.3, 176.8)(562.2, 176.8)(562.2, 263.4)(556.3, 263.4);SD
Module:M16
Boundary:(244.0, 10.0)(327.5, 10.0)(327.5, 202.9)(244.0, 202.9);GATE
Port:(257.6, 198.8)(313.9, 198.8)(313.9, 202.9)(257.6, 202.9);SD
Port:(244.0, 10.0)(327.5, 10.0)(327.5, 197.4)(244.0, 197.4);GATE
Port:(250.5, 15.5)(321.0, 15.5)(321.0, 20.5)(250.5, 20.5);SD
Module:M13
Boundary:(416.5, 614.0)(416.5, 692.0)(416.5, 692.0)(416.5, 706.8)(225.9, 706.8)(225.9, 614.0);GATE
Port:(225.9, 627.7)(231.2, 627.7)(231.2, 693.1)(225.9, 693.1);SD
Port:(416.5, 614.0)(416.5, 692.0)(416.5, 692.0)(416.5, 706.8)(232.7, 706.8)(232.7, 614.0);GATE
Port:(405.2, 619.8)(411.7, 619.8)(411.7, 686.2)(405.2, 686.2);SD
Module:M10
Boundary:(96.2, 10.0)(205.5, 10.0)(205.5, 10.6)(224.0, 10.6)(224.0, 110.2)(96.2, 110.2);GATE
Port:(110.3, 105.4)(209.9, 105.4)(209.9, 110.2)(110.3, 110.2);SD
Port:(96.2, 10.0)(205.5, 10.0)(205.5, 10.6)(224.0, 10.6)(224.0, 104.0)(96.2, 104.0);GATE
Port:(101.7, 14.5)(200.0, 14.5)(200.0, 20.9)(101.7, 20.9);SD
Module:M7
Boundary:(417.2, 311.4)(417.2, 393.5)(254.0, 393.5)(254.0, 311.4);GATE
Port:(254.0, 323.7)(258.1, 323.7)(258.1, 381.2)(254.0, 381.2);SD
Port:(417.2, 311.4)(417.2, 393.5)(260.5, 393.5)(260.5, 311.4);GATE
Port:(408.4, 316.7)(412.9, 316.7)(412.9, 388.2)(408.4, 388.2);SD
Module:M3
Boundary:(347.5, 188.2)(455.0, 188.2)(455.0, 281.4)(347.5, 281.4);GATE
Port:(358.8, 275.5)(443.7, 275.5)(443.7, 281.4)(358.8, 281.4);SD
Port:(347.5, 188.2)(455.0, 188.2)(455.0, 274.4)(347.5, 274.4);GATE
Port:(353.0, 192.7)(449.5, 192.7)(449.5, 197.7)(353.0, 197.7);SD
Module:M15
Boundary:(291.6, 514.3)(291.6, 578.7)(291.5, 578.7)(291.5, 593.7)(96.2, 593.7)(96.2, 514.3);GATE
Port:(96.2, 528.1)(100.4, 528.1)(100.4, 579.9)(96.2, 579.9);SD
Port:(291.6, 514.3)(291.6, 578.7)(291.5, 578.7)(291.5, 593.7)(102.3, 593.7)(102.3, 514.3);GATE
Port:(279.8, 521.3)(285.6, 521.3)(285.6, 571.7)(279.8, 571.7);SD
Module:M12
Boundary:(10.0, 10.0)(60.3, 10.0)(60.3, 10.2)(76.2, 10.2)(76.2, 214.0)(10.0, 214.0);GATE
Port:(23.7, 208.9)(62.5, 208.9)(62.5, 214.0)(23.7, 214.0);SD
Port:(10.0, 10.0)(60.3, 10.0)(60.3, 10.2)(76.2, 10.2)(76.2, 207.7)(10.0, 207.7);GATE
Port:(15.7, 14.7)(54.6, 14.7)(54.6, 21.6)(15.7, 21.6);SD
Module:M8
Boundary:(106.2, 140.2)(201.9, 140.2)(201.9, 279.6)(106.2, 279.6);GATE
Port:(120.5, 274.5)(187.6, 274.5)(187.6, 279.6)(120.5, 279.6);SD
Port:(106.2, 140.2)(201.9, 140.2)(201.9, 273.0)(106.2, 273.0);GATE
Port:(112.5, 145.5)(195.6, 145.5)(195.6, 152.8)(112.5, 152.8);SD
Module:M4
Boundary:(563.5, 20.0)(563.5, 113.7)(563.4, 113.7)(563.4, 131.6)(471.2, 131.6)(471.2, 20.0);GATE
Port:(471.2, 36.6)(475.4, 36.6)(475.4, 115.0)(471.2, 115.0);SD
Port:(563.5, 20.0)(563.5, 113.7)(563.4, 113.7)(563.4, 131.6)(477.5, 131.6)(477.5, 20.0);GATE
Port:(550.0, 26.9)(557.6, 26.9)(557.6, 106.8)(550.0, 106.8);SD
