Area:(-30.0, -30.0)(1047.1, -30.0)(1047.1, 385.6)(-30.0, 385.6)
Rule:GATE(5,5);SD(5,5);GATE_SD(0.5);GATE_ITO(0.5);SD_ITO(0.5)
Module:M14
Boundary:(484.0, 30.0)(484.0, 90.0)(413.5, 90.0)(413.5, 30.0);GATE
Port:(413.5, 41.6)(418.9, 41.6)(418.9, 78.4)(413.5, 78.4);SD
Port:(484.0, 30.0)(484.0, 90.0)(420.8, 90.0)(420.8, 30.0);GATE
Port:(474.7, 35.4)(479.6, 35.4)(479.6, 84.6)(474.7, 84.6);SD
Module:M9
Boundary:(764.2, 132.7)(876.5, 132.7)(876.5, 133.0)(895.1, 133.0)(895.1, 345.6)(764.2, 345.6);GATE
Port:(779.4, 340.0)(879.9, 340.0)(879.9, 345.6)(779.4, 345.6);SD
Port:(764.2, 132.7)(876.5, 132.7)(876.5, 133.0)(895.1, 133.0)(895.1, 337.5)(764.2, 337.5);GATE
Port:(770.3, 137.8)(870.4, 137.8)(870.4, 144.5)(770.3, 144.5);SD
Module:M5
Boundary:(534.0, 20.0)(584.0, 20.0)(584.0, 20.2)(598.7, 20.2)(598.7, 91.1)(534.0, 91.1);GATE
Port:(547.8, 85.6)(584.9, 85.6)(584.9, 91.1)(547.8, 91.1);SD
Port:(534.0, 20.0)(584.0, 20.0)(584.0, 20.2)(598.7, 20.2)(598.7, 83.0)(534.0, 83.0);GATE
Port:(540.7, 25.7)(577.3, 25.7)(577.3, 32.2)(540.7, 32.2);SD
Module:M11
Boundary:(536.2, 130.0)(536.2, 198.3)(393.5, 198.3)(393.5, 130.0);GATE
Port:(393.5, 144.9)(398.6, 144.9)(398.6, 183.4)(393.5, 183.4);SD
Port:(536.2, 130.0)(536.2, 198.3)(400.1, 198.3)(400.1, 130.0);GATE
Port:(523.6, 136.6)(530.6, 136.6)(530.6, 191.7)(523.6, 191.7);SD
Module:M1
Boundary:(472.1, 248.0)(472.1, 326.1)(264.8, 326.1)(264.8, 248.0);GATE
Port:(264.8, 261.1)(270.3, 261.1)(270.3, 313.0)(264.8, 313.0);SD
Port:(472.1, 248.0)(472.1, 326.1)(272.0, 326.1)(272.0, 248.0);GATE
Port:(461.0, 253.8)(467.3, 253.8)(467.3, 320.3)(461.0, 320.3);SD
Module:M6
Boundary:(240.5, 10.0)(240.5, 115.5)(240.0, 115.5)(240.0, 132.6)(94.5, 132.6)(94.5, 10.0);GATE
Port:(94.5, 25.3)(98.8, 25.3)(98.8, 117.3)(94.5, 117.3);SD
Port:(240.5, 10.0)(240.5, 115.5)(240.0, 115.5)(240.0, 132.6)(99.8, 132.6)(99.8, 10.0);GATE
Port:(228.7, 16.3)(235.2, 16.3)(235.2, 109.2)(228.7, 109.2);SD
Module:M2
Boundary:(925.1, 142.7)(991.8, 142.7)(991.8, 142.8)(1007.1, 142.8)(1007.1, 311.7)(925.1, 311.7);GATE
Port:(940.0, 306.3)(992.2, 306.3)(992.2, 311.7)(940.0, 311.7);SD
Port:(925.1, 142.7)(991.8, 142.7)(991.8, 142.8)(1007.1, 142.8)(1007.1, 304.5)(925.1, 304.5);GATE
Port:(932.1, 148.7)(984.8, 148.7)(984.8, 155.2)(932.1, 155.2);SD
Module:M16
Boundary:(741.7, 214.5)(741.7, 263.5)(556.2, 263.5)(556.2, 214.5);GATE
Port:(556.2, 228.6)(560.4, 228.6)(560.4, 249.4)(556.2, 249.4);SD
Port:(741.7, 214.5)(741.7, 263.5)(561.9, 263.5)(561.9, 214.5);GATE
Port:(729.2, 220.9)(736.3, 220.9)(736.3, 257.1)(729.2, 257.1);SD
Module:M13
Boundary:(999.9, 10.0)(999.9, 112.7)(864.1, 112.7)(864.1, 10.0);GATE
Port:(864.1, 23.7)(869.7, 23.7)(869.7, 99.0)(864.1, 99.0);SD
Port:(999.9, 10.0)(999.9, 112.7)(871.0, 112.7)(871.0, 10.0);GATE
Port:(989.4, 15.1)(995.8, 15.1)(995.8, 107.6)(989.4, 107.6);SD
Module:M10
Boundary:(10.0, 10.0)(74.5, 10.0)(74.5, 92.1)(10.0, 92.1);GATE
Port:(23.1, 86.9)(61.4, 86.9)(61.4, 92.1)(23.1, 92.1);SD
Port:(10.0, 10.0)(74.5, 10.0)(74.5, 85.5)(10.0, 85.5);GATE
Port:(16.2, 15.2)(68.3, 15.2)(68.3, 20.7)(16.2, 20.7);SD
Module:M7
Boundary:(214.8, 249.8)(214.8, 321.4)(214.5, 321.4)(214.5, 335.7)(20.0, 335.7)(20.0, 249.8);GATE
Port:(20.0, 261.1)(25.9, 261.1)(25.9, 324.4)(20.0, 324.4);SD
Port:(214.8, 249.8)(214.8, 321.4)(214.5, 321.4)(214.5, 335.7)(27.1, 335.7)(27.1, 249.8);GATE
Port:(205.9, 255.2)(210.4, 255.2)(210.4, 316.0)(205.9, 316.0);SD
Module:M3
Boundary:(211.8, 152.6)(211.8, 219.8)(10.0, 219.8)(10.0, 152.6);GATE
Port:(10.0, 165.5)(15.6, 165.5)(15.6, 206.9)(10.0, 206.9);SD
Port:(211.8, 152.6)(211.8, 219.8)(17.7, 219.8)(17.7, 152.6);GATE
Port:(202.0, 157.8)(207.6, 157.8)(207.6, 214.6)(202.0, 214.6);SD
Module:M15
Boundary:(744.2, 121.1)(744.2, 176.6)(744.1, 176.6)(744.1, 194.5)(556.2, 194.5)(556.2, 121.1);GATE
Port:(556.2, 136.0)(561.3, 136.0)(561.3, 179.6)(556.2, 179.6);SD
Port:(744.2, 121.1)(744.2, 176.6)(744.1, 176.6)(744.1, 194.5)(563.5, 194.5)(563.5, 121.1);GATE
Port:(732.7, 127.8)(738.5, 127.8)(738.5, 169.9)(732.7, 169.9);SD
Module:M12
Boundary:(704.6, 283.5)(704.6, 317.6)(704.6, 317.6)(704.6, 333.1)(512.1, 333.1)(512.1, 283.5);GATE
Port:(512.1, 297.5)(517.8, 297.5)(517.8, 319.1)(512.1, 319.1);SD
Port:(704.6, 283.5)(704.6, 317.6)(704.6, 317.6)(704.6, 333.1)(518.9, 333.1)(518.9, 283.5);GATE
Port:(693.5, 289.9)(699.2, 289.9)(699.2, 311.2)(693.5, 311.2);SD
Module:M8
Boundary:(270.5, 20.0)(363.5, 20.0)(363.5, 198.0)(270.5, 198.0);GATE
Port:(286.6, 192.0)(347.4, 192.0)(347.4, 198.0)(286.6, 198.0);SD
Port:(270.5, 20.0)(363.5, 20.0)(363.5, 190.1)(270.5, 190.1);GATE
Port:(277.1, 25.6)(356.9, 25.6)(356.9, 33.4)(277.1, 33.4);SD
Module:M4
Boundary:(834.1, 20.0)(834.1, 55.1)(834.0, 55.1)(834.0, 69.5)(638.7, 69.5)(638.7, 20.0);GATE
Port:(638.7, 34.5)(642.9, 34.5)(642.9, 55.0)(638.7, 55.0);SD
Port:(834.1, 20.0)(834.1, 55.1)(834.0, 55.1)(834.0, 69.5)(644.5, 69.5)(644.5, 20.0);GATE
Port:(821.4, 26.6)(828.5, 26.6)(828.5, 48.5)(821.4, 48.5);SD
