Area:(-20.0, -30.0)(707.3, -30.0)(707.3, 527.0)(-20.0, 527.0)
Rule:GATE(5,5);SD(5,5);GATE_SD(0.5);GATE_ITO(0.5);SD_ITO(0.5)
Module:M14
Boundary:(647.3, 351.3)(647.3, 461.3)(421.9, 461.3)(421.9, 351.3);GATE
Port:(421.9, 366.2)(426.7, 366.2)(426.7, 446.4)(421.9, 446.4);SD
Port:(647.3, 351.3)(647.3, 461.3)(429.3, 461.3)(429.3, 351.3);GATE
Port:(635.4, 356.7)(642.9, 356.7)(642.9, 455.9)(635.4, 455.9);SD
Module:M9
Boundary:(153.1, 360.0)(215.7, 360.0)(215.7, 360.2)(230.3, 360.2)(230.3, 487.0)(153.1, 487.0);GATE
Port:(166.6, 481.9)(216.8, 481.9)(216.8, 487.0)(166.6, 487.0);SD
Port:(153.1, 360.0)(215.7, 360.0)(215.7, 360.2)(230.3, 360.2)(230.3, 479.4)(153.1, 479.4);GATE
Port:(159.0, 364.9)(209.8, 364.9)(209.8, 371.8)(159.0, 371.8);SD
Module:M5
Boundary:(121.5, 20.0)(121.5, 103.8)(121.5, 103.8)(121.5, 120.7)(20.0, 120.7)(20.0, 20.0);GATE
Port:(20.0, 32.6)(24.4, 32.6)(24.4, 108.1)(20.0, 108.1);SD
Port:(121.5, 20.0)(121.5, 103.8)(121.5, 103.8)(121.5, 120.7)(26.2, 120.7)(26.2, 20.0);GATE
Port:(111.8, 25.9)(116.6, 25.9)(116.6, 97.9)(111.8, 97.9);SD
Module:M11
Boundary:(577.6, 185.7)(657.1, 185.7)(657.1, 304.8)(577.6, 304.8);GATE
Port:(591.0, 300.0)(643.7, 300.0)(643.7, 304.8)(591.0, 304.8);SD
Port:(577.6, 185.7)(657.1, 185.7)(657.1, 298.9)(577.6, 298.9);GATE
Port:(583.4, 190.5)(651.3, 190.5)(651.3, 196.3)(583.4, 196.3);SD
Module:M1
Boundary:(30.0, 170.7)(92.8, 170.7)(92.8, 170.7)(108.0, 170.7)(108.0, 348.2)(30.0, 348.2);GATE
Port:(42.8, 343.3)(95.2, 343.3)(95.2, 348.2)(42.8, 348.2);SD
Port:(30.0, 170.7)(92.8, 170.7)(92.8, 170.7)(108.0, 170.7)(108.0, 341.4)(30.0, 341.4);GATE
Port:(35.9, 175.6)(86.9, 175.6)(86.9, 181.0)(35.9, 181.0);SD
Module:M6
Boundary:(497.1, 10.0)(497.1, 74.8)(326.2, 74.8)(326.2, 10.0);GATE
Port:(326.2, 23.4)(331.0, 23.4)(331.0, 61.4)(326.2, 61.4);SD
Port:(497.1, 10.0)(497.1, 74.8)(332.6, 74.8)(332.6, 10.0);GATE
Port:(486.2, 15.5)(492.6, 15.5)(492.6, 69.3)(486.2, 69.3);SD
Module:M2
Boundary:(361.5, 144.6)(361.5, 241.8)(161.5, 241.8)(161.5, 144.6);GATE
Port:(161.5, 158.9)(166.2, 158.9)(166.2, 227.5)(161.5, 227.5);SD
Port:(361.5, 144.6)(361.5, 241.8)(167.7, 241.8)(167.7, 144.6);GATE
Port:(349.5, 151.3)(355.8, 151.3)(355.8, 235.1)(349.5, 235.1);SD
Module:M16
Boundary:(288.6, 271.8)(366.7, 271.8)(366.7, 272.2)(381.9, 272.2)(381.9, 371.5)(288.6, 371.5);GATE
Port:(301.0, 365.8)(369.5, 365.8)(369.5, 371.5)(301.0, 371.5);SD
Port:(288.6, 271.8)(366.7, 271.8)(366.7, 272.2)(381.9, 272.2)(381.9, 364.4)(288.6, 364.4);GATE
Port:(294.0, 276.2)(361.3, 276.2)(361.3, 282.3)(294.0, 282.3);SD
Module:M13
Boundary:(306.2, 10.0)(306.2, 97.9)(305.9, 97.9)(305.9, 114.6)(151.5, 114.6)(151.5, 10.0);GATE
Port:(151.5, 25.4)(155.8, 25.4)(155.8, 99.2)(151.5, 99.2);SD
Port:(306.2, 10.0)(306.2, 97.9)(305.9, 97.9)(305.9, 114.6)(157.1, 114.6)(157.1, 10.0);GATE
Port:(293.3, 16.9)(300.3, 16.9)(300.3, 91.0)(293.3, 91.0);SD
Module:M10
Boundary:(250.3, 391.5)(361.7, 391.5)(361.7, 480.9)(250.3, 480.9);GATE
Port:(263.0, 476.0)(349.0, 476.0)(349.0, 480.9)(263.0, 480.9);SD
Port:(250.3, 391.5)(361.7, 391.5)(361.7, 474.1)(250.3, 474.1);GATE
Port:(255.3, 395.5)(356.7, 395.5)(356.7, 401.4)(255.3, 401.4);SD
Module:M7
Boundary:(401.5, 104.8)(483.2, 104.8)(483.2, 170.7)(401.5, 170.7);GATE
Port:(412.6, 165.6)(472.1, 165.6)(472.1, 170.7)(412.6, 170.7);SD
Port:(401.5, 104.8)(483.2, 104.8)(483.2, 164.4)(401.5, 164.4);GATE
Port:(406.9, 109.2)(477.8, 109.2)(477.8, 114.2)(406.9, 114.2);SD
Module:M3
Boundary:(605.6, 10.0)(652.9, 10.0)(652.9, 10.2)(667.3, 10.2)(667.3, 165.7)(605.6, 165.7);GATE
Port:(618.7, 161.0)(654.2, 161.0)(654.2, 165.7)(618.7, 165.7);SD
Port:(605.6, 10.0)(652.9, 10.0)(652.9, 10.2)(667.3, 10.2)(667.3, 158.7)(605.6, 158.7);GATE
Port:(610.8, 14.2)(647.7, 14.2)(647.7, 21.5)(610.8, 21.5);SD
Module:M15
Boundary:(557.6, 200.7)(557.6, 296.3)(557.5, 296.3)(557.5, 311.3)(401.9, 311.3)(401.9, 200.7);GATE
Port:(401.9, 215.4)(407.2, 215.4)(407.2, 296.6)(401.9, 296.6);SD
Port:(557.6, 200.7)(557.6, 296.3)(557.5, 296.3)(557.5, 311.3)(410.1, 311.3)(410.1, 200.7);GATE
Port:(544.9, 207.0)(552.3, 207.0)(552.3, 290.0)(544.9, 290.0);SD
Module:M12
Boundary:(268.6, 271.8)(268.6, 340.0)(148.0, 340.0)(148.0, 271.8);GATE
Port:(148.0, 284.5)(153.5, 284.5)(153.5, 327.3)(148.0, 327.3);SD
Port:(268.6, 271.8)(268.6, 340.0)(156.4, 340.0)(156.4, 271.8);GATE
Port:(259.0, 277.0)(264.4, 277.0)(264.4, 334.8)(259.0, 334.8);SD
Module:M8
Boundary:(123.1, 398.2)(123.1, 467.4)(122.9, 467.4)(122.9, 480.5)(20.0, 480.5)(20.0, 398.2);GATE
Port:(20.0, 410.1)(24.4, 410.1)(24.4, 468.6)(20.0, 468.6);SD
Port:(123.1, 398.2)(123.1, 467.4)(122.9, 467.4)(122.9, 480.5)(26.1, 480.5)(26.1, 398.2);GATE
Port:(112.8, 404.2)(118.1, 404.2)(118.1, 461.4)(112.8, 461.4);SD
Module:M4
Boundary:(527.1, 20.0)(560.5, 20.0)(560.5, 20.1)(575.6, 20.1)(575.6, 143.4)(527.1, 143.4);GATE
Port:(540.5, 138.5)(562.2, 138.5)(562.2, 143.4)(540.5, 143.4);SD
Port:(527.1, 20.0)(560.5, 20.0)(560.5, 20.1)(575.6, 20.1)(575.6, 136.6)(527.1, 136.6);GATE
Port:(534.1, 26.0)(553.5, 26.0)(553.5, 30.9)(534.1, 30.9);SD
