Area:(-30.0, -30.0)(1000.6, -30.0)(1000.6, 355.2)(-30.0, 355.2)
Rule:GATE(5,5);SD(5,5);GATE_SD(0.5);GATE_ITO(0.5);SD_ITO(0.5)
Module:M14
Boundary:(112.1, 235.8)(112.1, 282.5)(112.0, 282.5)(112.0, 296.4)(30.0, 296.4)(30.0, 235.8);GATE
Port:(30.0, 249.0)(35.9, 249.0)(35.9, 283.2)(30.0, 283.2);SD
Port:(112.1, 235.8)(112.1, 282.5)(112.0, 282.5)(112.0, 296.4)(38.0, 296.4)(38.0, 235.8);GATE
Port:(101.1, 241.8)(107.1, 241.8)(107.1, 276.5)(101.1, 276.5);SD
Module:M9
Boundary:(404.1, 163.5)(478.7, 163.5)(478.7, 163.7)(496.9, 163.7)(496.9, 305.0)(404.1, 305.0);GATE
Port:(419.2, 299.1)(481.8, 299.1)(481.8, 305.0)(419.2, 305.0);SD
Port:(404.1, 163.5)(478.7, 163.5)(478.7, 163.7)(496.9, 163.7)(496.9, 296.8)(404.1, 296.8);GATE
Port:(410.3, 168.7)(472.5, 168.7)(472.5, 175.7)(410.3, 175.7);SD
Module:M5
Boundary:(415.9, 20.0)(415.9, 114.4)(415.8, 114.4)(415.8, 129.9)(310.8, 129.9)(310.8, 20.0);GATE
Port:(310.8, 32.6)(314.9, 32.6)(314.9, 117.3)(310.8, 117.3);SD
Port:(415.9, 20.0)(415.9, 114.4)(415.8, 114.4)(415.8, 129.9)(317.3, 129.9)(317.3, 20.0);GATE
Port:(405.2, 25.4)(411.5, 25.4)(411.5, 109.0)(405.2, 109.0);SD
Module:M11
Boundary:(163.5, 10.0)(163.5, 128.9)(10.0, 128.9)(10.0, 10.0);GATE
Port:(10.0, 24.2)(15.0, 24.2)(15.0, 114.7)(10.0, 114.7);SD
Port:(163.5, 10.0)(163.5, 128.9)(17.9, 128.9)(17.9, 10.0);GATE
Port:(152.2, 16.3)(158.2, 16.3)(158.2, 122.6)(152.2, 122.6);SD
Module:M1
Boundary:(364.1, 190.9)(364.1, 292.9)(203.5, 292.9)(203.5, 190.9);GATE
Port:(203.5, 205.2)(208.1, 205.2)(208.1, 278.6)(203.5, 278.6);SD
Port:(364.1, 190.9)(364.1, 292.9)(210.3, 292.9)(210.3, 190.9);GATE
Port:(352.7, 197.1)(358.9, 197.1)(358.9, 286.7)(352.7, 286.7);SD
Module:M6
Boundary:(759.9, 156.4)(759.9, 206.0)(587.6, 206.0)(587.6, 156.4);GATE
Port:(587.6, 170.1)(592.1, 170.1)(592.1, 192.3)(587.6, 192.3);SD
Port:(759.9, 156.4)(759.9, 206.0)(593.3, 206.0)(593.3, 156.4);GATE
Port:(748.8, 163.3)(754.0, 163.3)(754.0, 199.1)(748.8, 199.1);SD
Module:M2
Boundary:(455.9, 20.0)(541.4, 20.0)(541.4, 20.3)(557.6, 20.3)(557.6, 133.5)(455.9, 133.5);GATE
Port:(471.2, 128.0)(542.3, 128.0)(542.3, 133.5)(471.2, 133.5);SD
Port:(455.9, 20.0)(541.4, 20.0)(541.4, 20.3)(557.6, 20.3)(557.6, 125.3)(455.9, 125.3);GATE
Port:(461.9, 25.0)(535.4, 25.0)(535.4, 32.7)(461.9, 32.7);SD
Module:M16
Boundary:(960.6, 227.4)(960.6, 315.2)(793.8, 315.2)(793.8, 227.4);GATE
Port:(793.8, 238.3)(799.0, 238.3)(799.0, 304.3)(793.8, 304.3);SD
Port:(960.6, 227.4)(960.6, 315.2)(801.2, 315.2)(801.2, 227.4);GATE
Port:(951.9, 232.7)(956.3, 232.7)(956.3, 309.9)(951.9, 309.9);SD
Module:M13
Boundary:(131.2, 148.9)(131.2, 180.2)(131.0, 180.2)(131.0, 195.8)(10.0, 195.8)(10.0, 148.9);GATE
Port:(10.0, 161.4)(15.3, 161.4)(15.3, 183.3)(10.0, 183.3);SD
Port:(131.2, 148.9)(131.2, 180.2)(131.0, 180.2)(131.0, 195.8)(16.7, 195.8)(16.7, 148.9);GATE
Port:(121.7, 154.5)(126.6, 154.5)(126.6, 174.6)(121.7, 174.6);SD
Module:M10
Boundary:(516.9, 163.5)(560.9, 163.5)(560.9, 309.8)(516.9, 309.8);GATE
Port:(529.2, 304.3)(548.6, 304.3)(548.6, 309.8)(529.2, 309.8);SD
Port:(516.9, 163.5)(560.9, 163.5)(560.9, 302.3)(516.9, 302.3);GATE
Port:(523.2, 168.8)(554.6, 168.8)(554.6, 174.1)(523.2, 174.1);SD
Module:M7
Boundary:(193.5, 20.0)(270.8, 20.0)(270.8, 140.9)(193.5, 140.9);GATE
Port:(207.0, 135.3)(257.3, 135.3)(257.3, 140.9)(207.0, 140.9);SD
Port:(193.5, 20.0)(270.8, 20.0)(270.8, 132.9)(193.5, 132.9);GATE
Port:(199.4, 24.9)(264.9, 24.9)(264.9, 31.2)(199.4, 31.2);SD
Module:M3
Boundary:(587.6, 10.0)(654.0, 10.0)(654.0, 10.3)(669.8, 10.3)(669.8, 136.4)(587.6, 136.4);GATE
Port:(601.0, 132.1)(656.4, 132.1)(656.4, 136.4)(601.0, 136.4);SD
Port:(587.6, 10.0)(654.0, 10.0)(654.0, 10.3)(669.8, 10.3)(669.8, 131.1)(587.6, 131.1);GATE
Port:(594.4, 15.8)(647.2, 15.8)(647.2, 21.1)(594.4, 21.1);SD
Module:M15
Boundary:(689.8, 10.0)(733.1, 10.0)(733.1, 10.1)(747.3, 10.1)(747.3, 95.7)(689.8, 95.7);GATE
Port:(701.2, 91.0)(735.9, 91.0)(735.9, 95.7)(701.2, 95.7);SD
Port:(689.8, 10.0)(733.1, 10.0)(733.1, 10.1)(747.3, 10.1)(747.3, 89.6)(689.8, 89.6);GATE
Port:(695.6, 14.8)(727.3, 14.8)(727.3, 19.0)(695.6, 19.0);SD
Module:M12
Boundary:(952.0, 10.0)(952.0, 89.2)(951.8, 89.2)(951.8, 104.9)(767.3, 104.9)(767.3, 10.0);GATE
Port:(767.3, 22.4)(771.6, 22.4)(771.6, 92.5)(767.3, 92.5);SD
Port:(952.0, 10.0)(952.0, 89.2)(951.8, 89.2)(951.8, 104.9)(772.7, 104.9)(772.7, 10.0);GATE
Port:(942.1, 16.1)(946.9, 16.1)(946.9, 83.1)(942.1, 83.1);SD
Module:M8
Boundary:(943.7, 134.9)(943.7, 197.4)(789.9, 197.4)(789.9, 134.9);GATE
Port:(789.9, 147.3)(794.8, 147.3)(794.8, 185.0)(789.9, 185.0);SD
Port:(943.7, 134.9)(943.7, 197.4)(796.2, 197.4)(796.2, 134.9);GATE
Port:(933.2, 141.3)(938.3, 141.3)(938.3, 191.0)(933.2, 191.0);SD
Module:M4
Boundary:(763.8, 237.4)(763.8, 271.8)(763.8, 271.8)(763.8, 289.3)(590.9, 289.3)(590.9, 237.4);GATE
Port:(590.9, 251.0)(595.7, 251.0)(595.7, 275.7)(590.9, 275.7);SD
Port:(763.8, 237.4)(763.8, 271.8)(763.8, 271.8)(763.8, 289.3)(597.7, 289.3)(597.7, 237.4);GATE
Port:(753.4, 243.8)(758.4, 243.8)(758.4, 265.4)(753.4, 265.4);SD
