Area:(-30.0, -30.0)(671.8, -30.0)(671.8, 585.0)(-30.0, 585.0)
Rule:GATE(5,5);SD(5,5);GATE_SD(0.5);GATE_ITO(0.5);SD_ITO(0.5)
Module:M14
Boundary:(500.8, 153.8)(590.1, 153.8)(590.1, 154.2)(604.2, 154.2)(604.2, 246.9)(500.8, 246.9);GATE
Port:(514.0, 242.5)(591.0, 242.5)(591.0, 246.9)(514.0, 246.9);SD
Port:(500.8, 153.8)(590.1, 153.8)(590.1, 154.2)(604.2, 154.2)(604.2, 240.8)(500.8, 240.8);GATE
Port:(507.0, 159.0)(583.9, 159.0)(583.9, 165.1)(507.0, 165.1);SD
Module:M9
Boundary:(353.4, 10.0)(353.4, 73.4)(138.3, 73.4)(138.3, 10.0);GATE
Port:(138.3, 22.8)(142.3, 22.8)(142.3, 60.6)(138.3, 60.6);SD
Port:(353.4, 10.0)(353.4, 73.4)(144.8, 73.4)(144.8, 10.0);GATE
Port:(343.7, 15.2)(349.2, 15.2)(349.2, 68.2)(343.7, 68.2);SD
Module:M5
Boundary:(627.5, 420.9)(627.5, 534.4)(474.8, 534.4)(474.8, 420.9);GATE
Port:(474.8, 434.3)(480.7, 434.3)(480.7, 521.0)(474.8, 521.0);SD
Port:(627.5, 420.9)(627.5, 534.4)(482.4, 534.4)(482.4, 420.9);GATE
Port:(617.2, 427.0)(622.4, 427.0)(622.4, 528.3)(617.2, 528.3);SD
Module:M11
Boundary:(209.7, 478.0)(209.7, 545.0)(10.0, 545.0)(10.0, 478.0);GATE
Port:(10.0, 491.6)(15.0, 491.6)(15.0, 531.4)(10.0, 531.4);SD
Port:(209.7, 478.0)(209.7, 545.0)(16.3, 545.0)(16.3, 478.0);GATE
Port:(198.5, 483.6)(205.1, 483.6)(205.1, 539.4)(198.5, 539.4);SD
Module:M1
Boundary:(393.4, 30.0)(424.4, 30.0)(424.4, 30.0)(440.8, 30.0)(440.8, 184.7)(393.4, 184.7);GATE
Port:(405.8, 180.6)(428.4, 180.6)(428.4, 184.7)(405.8, 184.7);SD
Port:(393.4, 30.0)(424.4, 30.0)(424.4, 30.0)(440.8, 30.0)(440.8, 179.1)(393.4, 179.1);GATE
Port:(398.8, 34.4)(419.0, 34.4)(419.0, 38.9)(398.8, 38.9);SD
Module:M6
Boundary:(631.8, 286.9)(631.8, 390.9)(464.8, 390.9)(464.8, 286.9);GATE
Port:(464.8, 299.9)(469.3, 299.9)(469.3, 377.9)(464.8, 377.9);SD
Port:(631.8, 286.9)(631.8, 390.9)(472.0, 390.9)(472.0, 286.9);GATE
Port:(622.0, 292.3)(627.4, 292.3)(627.4, 385.5)(622.0, 385.5);SD
Module:M2
Boundary:(20.0, 243.5)(69.3, 243.5)(69.3, 243.6)(85.7, 243.6)(85.7, 442.2)(20.0, 442.2);GATE
Port:(32.6, 437.9)(73.1, 437.9)(73.1, 442.2)(32.6, 442.2);SD
Port:(20.0, 243.5)(69.3, 243.5)(69.3, 243.6)(85.7, 243.6)(85.7, 436.7)(20.0, 436.7);GATE
Port:(26.4, 248.9)(62.9, 248.9)(62.9, 253.4)(26.4, 253.4);SD
Module:M16
Boundary:(380.6, 327.1)(444.8, 327.1)(444.8, 464.5)(380.6, 464.5);GATE
Port:(394.1, 458.7)(431.3, 458.7)(431.3, 464.5)(394.1, 464.5);SD
Port:(380.6, 327.1)(444.8, 327.1)(444.8, 455.9)(380.6, 455.9);GATE
Port:(386.8, 332.3)(438.6, 332.3)(438.6, 338.4)(386.8, 338.4);SD
Module:M13
Boundary:(436.6, 224.7)(436.6, 291.1)(436.2, 291.1)(436.2, 307.1)(367.1, 307.1)(367.1, 224.7);GATE
Port:(367.1, 238.0)(371.6, 238.0)(371.6, 293.8)(367.1, 293.8);SD
Port:(436.6, 224.7)(436.6, 291.1)(436.2, 291.1)(436.2, 307.1)(373.6, 307.1)(373.6, 224.7);GATE
Port:(425.6, 230.4)(431.9, 230.4)(431.9, 285.4)(425.6, 285.4);SD
Module:M10
Boundary:(420.8, 484.5)(420.8, 532.8)(229.7, 532.8)(229.7, 484.5);GATE
Port:(229.7, 498.1)(235.5, 498.1)(235.5, 519.2)(229.7, 519.2);SD
Port:(420.8, 484.5)(420.8, 532.8)(237.6, 532.8)(237.6, 484.5);GATE
Port:(410.0, 491.4)(414.9, 491.4)(414.9, 525.9)(410.0, 525.9);SD
Module:M7
Boundary:(323.5, 234.8)(323.5, 321.4)(148.3, 321.4)(148.3, 234.8);GATE
Port:(148.3, 247.7)(153.7, 247.7)(153.7, 308.5)(148.3, 308.5);SD
Port:(323.5, 234.8)(323.5, 321.4)(155.3, 321.4)(155.3, 234.8);GATE
Port:(313.7, 240.0)(319.3, 240.0)(319.3, 316.2)(313.7, 316.2);SD
Module:M3
Boundary:(547.7, 10.0)(628.8, 10.0)(628.8, 113.8)(547.7, 113.8);GATE
Port:(561.2, 109.4)(615.3, 109.4)(615.3, 113.8)(561.2, 113.8);SD
Port:(547.7, 10.0)(628.8, 10.0)(628.8, 107.5)(547.7, 107.5);GATE
Port:(552.7, 14.0)(623.8, 14.0)(623.8, 20.6)(552.7, 20.6);SD
Module:M15
Boundary:(10.0, 10.0)(118.3, 10.0)(118.3, 213.5)(10.0, 213.5);GATE
Port:(23.1, 208.8)(105.2, 208.8)(105.2, 213.5)(23.1, 213.5);SD
Port:(10.0, 10.0)(118.3, 10.0)(118.3, 206.2)(10.0, 206.2);GATE
Port:(15.5, 14.5)(112.8, 14.5)(112.8, 20.6)(15.5, 20.6);SD
Module:M12
Boundary:(480.8, 10.0)(527.7, 10.0)(527.7, 98.7)(480.8, 98.7);GATE
Port:(493.4, 94.6)(515.1, 94.6)(515.1, 98.7)(493.4, 98.7);SD
Port:(480.8, 10.0)(527.7, 10.0)(527.7, 91.8)(480.8, 91.8);GATE
Port:(486.6, 14.8)(521.9, 14.8)(521.9, 20.9)(486.6, 20.9);SD
Module:M8
Boundary:(337.1, 103.4)(337.1, 176.6)(336.8, 176.6)(336.8, 194.8)(148.3, 194.8)(148.3, 103.4);GATE
Port:(148.3, 117.9)(153.2, 117.9)(153.2, 180.3)(148.3, 180.3);SD
Port:(337.1, 103.4)(337.1, 176.6)(336.8, 176.6)(336.8, 194.8)(155.4, 194.8)(155.4, 103.4);GATE
Port:(325.8, 109.8)(331.7, 109.8)(331.7, 170.2)(325.8, 170.2);SD
Module:M4
Boundary:(350.6, 361.4)(350.6, 431.0)(350.2, 431.0)(350.2, 448.0)(125.7, 448.0)(125.7, 361.4);GATE
Port:(125.7, 375.8)(129.8, 375.8)(129.8, 433.6)(125.7, 433.6);SD
Port:(350.6, 361.4)(350.6, 431.0)(350.2, 431.0)(350.2, 448.0)(132.2, 448.0)(132.2, 361.4);GATE
Port:(339.1, 368.2)(344.8, 368.2)(344.8, 424.2)(339.1, 424.2);SD
