Area:(-30.0, -30.0)(393.0, -30.0)(393.0, 938.7)(-30.0, 938.7)
Rule:GATE(5,5);SD(5,5);GATE_SD(0.5);GATE_ITO(0.5);SD_ITO(0.5)
Module:M14
Boundary:(237.7, 450.7)(337.7, 450.7)(337.7, 597.4)(237.7, 597.4);GATE
Port:(252.3, 591.9)(323.1, 591.9)(323.1, 597.4)(252.3, 597.4);SD
Port:(237.7, 450.7)(337.7, 450.7)(337.7, 589.4)(237.7, 589.4);GATE
Port:(244.6, 456.6)(330.8, 456.6)(330.8, 462.7)(244.6, 462.7);SD
Module:M9
Boundary:(10.0, 493.5)(109.4, 493.5)(109.4, 695.8)(10.0, 695.8);GATE
Port:(24.8, 690.5)(94.6, 690.5)(94.6, 695.8)(24.8, 695.8);SD
Port:(10.0, 493.5)(109.4, 493.5)(109.4, 689.1)(10.0, 689.1);GATE
Port:(16.2, 498.7)(103.2, 498.7)(103.2, 506.0)(16.2, 506.0);SD
Module:M5
Boundary:(213.5, 784.6)(334.4, 784.6)(334.4, 894.9)(213.5, 894.9);GATE
Port:(226.8, 889.1)(321.1, 889.1)(321.1, 894.9)(226.8, 894.9);SD
Port:(213.5, 784.6)(334.4, 784.6)(334.4, 887.7)(213.5, 887.7);GATE
Port:(219.9, 790.0)(328.0, 790.0)(328.0, 795.3)(219.9, 795.3);SD
Module:M11
Boundary:(10.0, 266.6)(92.6, 266.6)(92.6, 266.8)(109.0, 266.8)(109.0, 393.0)(10.0, 393.0);GATE
Port:(22.8, 388.0)(96.2, 388.0)(96.2, 393.0)(22.8, 393.0);SD
Port:(10.0, 266.6)(92.6, 266.6)(92.6, 266.8)(109.0, 266.8)(109.0, 386.4)(10.0, 386.4);GATE
Port:(15.0, 270.6)(87.6, 270.6)(87.6, 276.7)(15.0, 276.7);SD
Module:M1
Boundary:(149.0, 132.6)(198.4, 132.6)(198.4, 260.8)(149.0, 260.8);GATE
Port:(163.0, 255.7)(184.4, 255.7)(184.4, 260.8)(163.0, 260.8);SD
Port:(149.0, 132.6)(198.4, 132.6)(198.4, 252.8)(149.0, 252.8);GATE
Port:(155.5, 138.1)(191.9, 138.1)(191.9, 145.0)(155.5, 145.0);SD
Module:M6
Boundary:(353.0, 112.6)(353.0, 204.5)(238.4, 204.5)(238.4, 112.6);GATE
Port:(238.4, 126.3)(242.5, 126.3)(242.5, 190.8)(238.4, 190.8);SD
Port:(353.0, 112.6)(353.0, 204.5)(245.2, 204.5)(245.2, 112.6);GATE
Port:(342.6, 117.8)(348.8, 117.8)(348.8, 199.3)(342.6, 199.3);SD
Module:M2
Boundary:(248.4, 234.5)(297.3, 234.5)(297.3, 234.6)(312.7, 234.6)(312.7, 400.7)(248.4, 400.7);GATE
Port:(261.3, 394.7)(299.8, 394.7)(299.8, 400.7)(261.3, 400.7);SD
Port:(248.4, 234.5)(297.3, 234.5)(297.3, 234.6)(312.7, 234.6)(312.7, 393.6)(248.4, 393.6);GATE
Port:(254.3, 239.4)(291.4, 239.4)(291.4, 245.8)(254.3, 245.8);SD
Module:M16
Boundary:(183.5, 729.3)(183.5, 814.8)(10.0, 814.8)(10.0, 729.3);GATE
Port:(10.0, 744.1)(15.4, 744.1)(15.4, 800.0)(10.0, 800.0);SD
Port:(183.5, 729.3)(183.5, 814.8)(18.3, 814.8)(18.3, 729.3);GATE
Port:(171.5, 735.6)(178.2, 735.6)(178.2, 808.5)(171.5, 808.5);SD
Module:M13
Boundary:(175.9, 834.8)(175.9, 883.1)(175.6, 883.1)(175.6, 898.7)(10.0, 898.7)(10.0, 834.8);GATE
Port:(10.0, 848.1)(15.5, 848.1)(15.5, 885.4)(10.0, 885.4);SD
Port:(175.9, 834.8)(175.9, 883.1)(175.6, 883.1)(175.6, 898.7)(17.1, 898.7)(17.1, 834.8);GATE
Port:(165.7, 841.4)(170.3, 841.4)(170.3, 876.5)(165.7, 876.5);SD
Module:M10
Boundary:(197.9, 10.0)(315.6, 10.0)(315.6, 92.6)(197.9, 92.6);GATE
Port:(211.3, 86.9)(302.2, 86.9)(302.2, 92.6)(211.3, 92.6);SD
Port:(197.9, 10.0)(315.6, 10.0)(315.6, 84.7)(197.9, 84.7);GATE
Port:(203.1, 14.2)(310.4, 14.2)(310.4, 20.5)(203.1, 20.5);SD
Module:M7
Boundary:(341.1, 647.4)(341.1, 744.6)(227.7, 744.6)(227.7, 647.4);GATE
Port:(227.7, 660.2)(233.2, 660.2)(233.2, 731.8)(227.7, 731.8);SD
Port:(341.1, 647.4)(341.1, 744.6)(235.3, 744.6)(235.3, 647.4);GATE
Port:(330.9, 652.7)(336.8, 652.7)(336.8, 739.3)(330.9, 739.3);SD
Module:M3
Boundary:(177.9, 10.0)(177.9, 91.2)(10.0, 91.2)(10.0, 10.0);GATE
Port:(10.0, 24.1)(14.5, 24.1)(14.5, 77.1)(10.0, 77.1);SD
Port:(177.9, 10.0)(177.9, 91.2)(15.9, 91.2)(15.9, 10.0);GATE
Port:(166.9, 16.3)(172.6, 16.3)(172.6, 84.9)(166.9, 84.9);SD
Module:M15
Boundary:(129.0, 300.8)(189.4, 300.8)(189.4, 376.6)(129.0, 376.6);GATE
Port:(142.1, 372.1)(176.3, 372.1)(176.3, 376.6)(142.1, 376.6);SD
Port:(129.0, 300.8)(189.4, 300.8)(189.4, 370.0)(129.0, 370.0);GATE
Port:(135.9, 306.7)(182.5, 306.7)(182.5, 312.3)(135.9, 312.3);SD
Module:M12
Boundary:(185.9, 413.0)(185.9, 458.6)(185.7, 458.6)(185.7, 473.5)(10.0, 473.5)(10.0, 413.0);GATE
Port:(10.0, 424.9)(15.3, 424.9)(15.3, 461.6)(10.0, 461.6);SD
Port:(185.9, 413.0)(185.9, 458.6)(185.7, 458.6)(185.7, 473.5)(17.2, 473.5)(17.2, 413.0);GATE
Port:(176.1, 418.3)(181.6, 418.3)(181.6, 453.3)(176.1, 453.3);SD
Module:M8
Boundary:(99.0, 121.2)(99.0, 217.3)(98.5, 217.3)(98.5, 236.6)(20.0, 236.6)(20.0, 121.2);GATE
Port:(20.0, 136.3)(24.9, 136.3)(24.9, 221.5)(20.0, 221.5);SD
Port:(99.0, 121.2)(99.0, 217.3)(98.5, 217.3)(98.5, 236.6)(27.4, 236.6)(27.4, 121.2);GATE
Port:(87.1, 127.6)(93.6, 127.6)(93.6, 210.9)(87.1, 210.9);SD
Module:M4
Boundary:(139.4, 503.5)(187.7, 503.5)(187.7, 699.3)(139.4, 699.3);GATE
Port:(153.1, 694.1)(174.0, 694.1)(174.0, 699.3)(153.1, 699.3);SD
Port:(139.4, 503.5)(187.7, 503.5)(187.7, 692.9)(139.4, 692.9);GATE
Port:(146.0, 509.1)(181.1, 509.1)(181.1, 515.0)(146.0, 515.0);SD
