Area:(-30.0, -30.0)(589.7, -30.0)(589.7, 581.0)(-30.0, 581.0)
Rule:GATE(5,5);SD(5,5);GATE_SD(0.5);GATE_ITO(0.5);SD_ITO(0.5)
Module:M14
Boundary:(172.8, 30.0)(276.9, 30.0)(276.9, 30.3)(294.1, 30.3)(294.1, 108.3)(172.8, 108.3);GATE
Port:(186.7, 102.7)(280.2, 102.7)(280.2, 108.3)(186.7, 108.3);SD
Port:(172.8, 30.0)(276.9, 30.0)(276.9, 30.3)(294.1, 30.3)(294.1, 100.2)(172.8, 100.2);GATE
Port:(177.9, 34.1)(271.8, 34.1)(271.8, 41.1)(177.9, 41.1);SD
Module:M9
Boundary:(451.6, 319.6)(451.6, 433.5)(227.3, 433.5)(227.3, 319.6);GATE
Port:(227.3, 331.9)(231.7, 331.9)(231.7, 421.2)(227.3, 421.2);SD
Port:(451.6, 319.6)(451.6, 433.5)(234.0, 433.5)(234.0, 319.6);GATE
Port:(441.2, 325.1)(447.1, 325.1)(447.1, 428.0)(441.2, 428.0);SD
Module:M5
Boundary:(374.7, 137.1)(438.6, 137.1)(438.6, 137.3)(454.3, 137.3)(454.3, 289.6)(374.7, 289.6);GATE
Port:(387.1, 285.5)(441.9, 285.5)(441.9, 289.6)(387.1, 289.6);SD
Port:(374.7, 137.1)(438.6, 137.1)(438.6, 137.3)(454.3, 137.3)(454.3, 283.3)(374.7, 283.3);GATE
Port:(381.2, 142.6)(432.1, 142.6)(432.1, 147.0)(381.2, 147.0);SD
Module:M11
Boundary:(177.8, 391.6)(177.8, 425.2)(177.7, 425.2)(177.7, 440.5)(10.0, 440.5)(10.0, 391.6);GATE
Port:(10.0, 405.2)(14.6, 405.2)(14.6, 426.9)(10.0, 426.9);SD
Port:(177.8, 391.6)(177.8, 425.2)(177.7, 425.2)(177.7, 440.5)(17.0, 440.5)(17.0, 391.6);GATE
Port:(166.9, 398.0)(172.4, 398.0)(172.4, 418.8)(166.9, 418.8);SD
Module:M1
Boundary:(112.8, 30.0)(112.8, 105.5)(112.8, 105.5)(112.8, 119.9)(30.0, 119.9)(30.0, 30.0);GATE
Port:(30.0, 42.6)(34.8, 42.6)(34.8, 107.3)(30.0, 107.3);SD
Port:(112.8, 30.0)(112.8, 105.5)(112.8, 105.5)(112.8, 119.9)(37.2, 119.9)(37.2, 30.0);GATE
Port:(101.9, 36.7)(107.1, 36.7)(107.1, 98.8)(101.9, 98.8);SD
Module:M6
Boundary:(207.3, 319.5)(207.3, 353.5)(207.2, 353.5)(207.2, 371.6)(104.5, 371.6)(104.5, 319.5);GATE
Port:(104.5, 332.7)(110.3, 332.7)(110.3, 358.4)(104.5, 358.4);SD
Port:(207.3, 319.5)(207.3, 353.5)(207.2, 353.5)(207.2, 371.6)(112.3, 371.6)(112.3, 319.5);GATE
Port:(196.9, 324.8)(203.0, 324.8)(203.0, 348.2)(196.9, 348.2);SD
Module:M2
Boundary:(114.5, 169.9)(174.6, 169.9)(174.6, 170.2)(188.4, 170.2)(188.4, 284.7)(114.5, 284.7);GATE
Port:(127.5, 279.7)(175.4, 279.7)(175.4, 284.7)(127.5, 284.7);SD
Port:(114.5, 169.9)(174.6, 169.9)(174.6, 170.2)(188.4, 170.2)(188.4, 278.6)(114.5, 278.6);GATE
Port:(120.4, 174.8)(168.7, 174.8)(168.7, 181.2)(120.4, 181.2);SD
Module:M16
Boundary:(343.3, 238.9)(343.3, 299.5)(218.4, 299.5)(218.4, 238.9);GATE
Port:(218.4, 251.2)(224.2, 251.2)(224.2, 287.2)(218.4, 287.2);SD
Port:(343.3, 238.9)(343.3, 299.5)(227.2, 299.5)(227.2, 238.9);GATE
Port:(333.6, 244.6)(338.6, 244.6)(338.6, 293.8)(333.6, 293.8);SD
Module:M13
Boundary:(334.1, 10.0)(465.3, 10.0)(465.3, 107.1)(334.1, 107.1);GATE
Port:(349.0, 102.0)(450.4, 102.0)(450.4, 107.1)(349.0, 107.1);SD
Port:(334.1, 10.0)(465.3, 10.0)(465.3, 100.2)(334.1, 100.2);GATE
Port:(340.6, 15.5)(458.8, 15.5)(458.8, 21.6)(340.6, 21.6);SD
Module:M10
Boundary:(484.3, 163.5)(531.6, 163.5)(531.6, 163.6)(546.7, 163.6)(546.7, 385.3)(484.3, 385.3);GATE
Port:(496.9, 380.6)(534.1, 380.6)(534.1, 385.3)(496.9, 385.3);SD
Port:(484.3, 163.5)(531.6, 163.5)(531.6, 163.6)(546.7, 163.6)(546.7, 378.2)(484.3, 378.2);GATE
Port:(490.2, 168.4)(525.7, 168.4)(525.7, 173.9)(490.2, 173.9);SD
Module:M7
Boundary:(443.6, 463.5)(443.6, 537.3)(247.6, 537.3)(247.6, 463.5);GATE
Port:(247.6, 477.8)(252.0, 477.8)(252.0, 523.0)(247.6, 523.0);SD
Port:(443.6, 463.5)(443.6, 537.3)(254.9, 537.3)(254.9, 463.5);GATE
Port:(432.7, 469.6)(438.5, 469.6)(438.5, 531.2)(432.7, 531.2);SD
Module:M3
Boundary:(485.3, 10.0)(539.7, 10.0)(539.7, 143.5)(485.3, 143.5);GATE
Port:(499.8, 138.9)(525.2, 138.9)(525.2, 143.5)(499.8, 143.5);SD
Port:(485.3, 10.0)(539.7, 10.0)(539.7, 136.0)(485.3, 136.0);GATE
Port:(492.1, 15.8)(532.9, 15.8)(532.9, 21.8)(492.1, 21.8);SD
Module:M15
Boundary:(344.7, 148.3)(344.7, 218.9)(218.4, 218.9)(218.4, 148.3);GATE
Port:(218.4, 162.8)(223.4, 162.8)(223.4, 204.4)(218.4, 204.4);SD
Port:(344.7, 148.3)(344.7, 218.9)(224.6, 218.9)(224.6, 148.3);GATE
Port:(333.5, 154.5)(339.5, 154.5)(339.5, 212.7)(333.5, 212.7);SD
Module:M12
Boundary:(473.6, 405.3)(549.7, 405.3)(549.7, 541.0)(473.6, 541.0);GATE
Port:(486.6, 536.7)(536.7, 536.7)(536.7, 541.0)(486.6, 541.0);SD
Port:(473.6, 405.3)(549.7, 405.3)(549.7, 535.4)(473.6, 535.4);GATE
Port:(479.4, 410.1)(543.9, 410.1)(543.9, 416.1)(479.4, 416.1);SD
Module:M8
Boundary:(207.6, 470.5)(207.6, 523.5)(20.0, 523.5)(20.0, 470.5);GATE
Port:(20.0, 485.7)(25.4, 485.7)(25.4, 508.3)(20.0, 508.3);SD
Port:(207.6, 470.5)(207.6, 523.5)(28.3, 523.5)(28.3, 470.5);GATE
Port:(194.5, 477.0)(202.1, 477.0)(202.1, 517.0)(194.5, 517.0);SD
Module:M4
Boundary:(20.0, 169.9)(74.5, 169.9)(74.5, 348.9)(20.0, 348.9);GATE
Port:(35.8, 344.0)(58.7, 344.0)(58.7, 348.9)(35.8, 348.9);SD
Port:(20.0, 169.9)(74.5, 169.9)(74.5, 342.7)(20.0, 342.7);GATE
Port:(26.4, 175.3)(68.1, 175.3)(68.1, 182.9)(26.4, 182.9);SD
