Area:(-30.0, -30.0)(619.5, -30.0)(619.5, 617.3)(-30.0, 617.3)
Rule:GATE(5,5);SD(5,5);GATE_SD(0.5);GATE_ITO(0.5);SD_ITO(0.5)
Module:M14
Boundary:(487.4, 224.0)(567.2, 224.0)(567.2, 380.2)(487.4, 380.2);GATE
Port:(499.9, 375.2)(554.7, 375.2)(554.7, 380.2)(499.9, 380.2);SD
Port:(487.4, 224.0)(567.2, 224.0)(567.2, 372.3)(487.4, 372.3);GATE
Port:(493.9, 229.5)(560.7, 229.5)(560.7, 233.9)(493.9, 233.9);SD
Module:M9
Boundary:(316.0, 469.2)(316.0, 552.8)(222.4, 552.8)(222.4, 469.2);GATE
Port:(222.4, 483.1)(228.4, 483.1)(228.4, 538.9)(222.4, 538.9);SD
Port:(316.0, 469.2)(316.0, 552.8)(230.7, 552.8)(230.7, 469.2);GATE
Port:(304.5, 475.0)(311.2, 475.0)(311.2, 547.0)(304.5, 547.0);SD
Module:M5
Boundary:(178.2, 163.3)(178.2, 252.5)(177.7, 252.5)(177.7, 269.4)(20.0, 269.4)(20.0, 163.3);GATE
Port:(20.0, 178.9)(24.1, 178.9)(24.1, 253.8)(20.0, 253.8);SD
Port:(178.2, 163.3)(178.2, 252.5)(177.7, 252.5)(177.7, 269.4)(25.9, 269.4)(25.9, 163.3);GATE
Port:(165.0, 169.7)(172.8, 169.7)(172.8, 246.1)(165.0, 246.1);SD
Module:M11
Boundary:(279.3, 125.1)(343.7, 125.1)(343.7, 248.2)(279.3, 248.2);GATE
Port:(292.3, 243.5)(330.7, 243.5)(330.7, 248.2)(292.3, 248.2);SD
Port:(279.3, 125.1)(343.7, 125.1)(343.7, 241.2)(279.3, 241.2);GATE
Port:(285.6, 130.4)(337.4, 130.4)(337.4, 135.9)(285.6, 135.9);SD
Module:M1
Boundary:(567.8, 440.9)(567.8, 530.9)(567.7, 530.9)(567.7, 548.6)(356.0, 548.6)(356.0, 440.9);GATE
Port:(356.0, 455.8)(361.6, 455.8)(361.6, 533.7)(356.0, 533.7);SD
Port:(567.8, 440.9)(567.8, 530.9)(567.7, 530.9)(567.7, 548.6)(363.9, 548.6)(363.9, 440.9);GATE
Port:(555.8, 447.8)(561.9, 447.8)(561.9, 524.0)(555.8, 524.0);SD
Module:M6
Boundary:(363.7, 111.6)(428.5, 111.6)(428.5, 111.8)(444.0, 111.8)(444.0, 252.8)(363.7, 252.8);GATE
Port:(377.0, 247.0)(430.7, 247.0)(430.7, 252.8)(377.0, 252.8);SD
Port:(363.7, 111.6)(428.5, 111.6)(428.5, 111.8)(444.0, 111.8)(444.0, 244.6)(363.7, 244.6);GATE
Port:(369.3, 116.2)(422.9, 116.2)(422.9, 123.2)(369.3, 123.2);SD
Module:M2
Boundary:(140.9, 20.0)(140.9, 123.3)(20.0, 123.3)(20.0, 20.0);GATE
Port:(20.0, 34.4)(25.7, 34.4)(25.7, 108.9)(20.0, 108.9);SD
Port:(140.9, 20.0)(140.9, 123.3)(28.1, 123.3)(28.1, 20.0);GATE
Port:(129.1, 26.0)(135.9, 26.0)(135.9, 117.3)(129.1, 117.3);SD
Module:M16
Boundary:(10.0, 299.4)(114.6, 299.4)(114.6, 439.7)(10.0, 439.7);GATE
Port:(23.5, 435.6)(101.1, 435.6)(101.1, 439.7)(23.5, 439.7);SD
Port:(10.0, 299.4)(114.6, 299.4)(114.6, 434.4)(10.0, 434.4);GATE
Port:(15.8, 304.2)(108.8, 304.2)(108.8, 310.0)(15.8, 310.0);SD
Module:M13
Boundary:(465.0, 10.0)(563.3, 10.0)(563.3, 10.3)(579.5, 10.3)(579.5, 184.0)(465.0, 184.0);GATE
Port:(477.9, 178.9)(566.6, 178.9)(566.6, 184.0)(477.9, 184.0);SD
Port:(465.0, 10.0)(563.3, 10.0)(563.3, 10.3)(579.5, 10.3)(579.5, 177.1)(465.0, 177.1);GATE
Port:(470.2, 14.2)(558.1, 14.2)(558.1, 20.2)(470.2, 20.2);SD
Module:M10
Boundary:(208.2, 125.1)(242.7, 125.1)(242.7, 125.2)(259.3, 125.2)(259.3, 276.3)(208.2, 276.3);GATE
Port:(222.3, 271.6)(245.2, 271.6)(245.2, 276.3)(222.3, 276.3);SD
Port:(208.2, 125.1)(242.7, 125.1)(242.7, 125.2)(259.3, 125.2)(259.3, 270.1)(208.2, 270.1);GATE
Port:(214.8, 130.7)(236.1, 130.7)(236.1, 136.3)(214.8, 136.3);SD
Module:M7
Boundary:(437.4, 282.8)(437.4, 372.9)(436.9, 372.9)(436.9, 390.9)(346.0, 390.9)(346.0, 282.8);GATE
Port:(346.0, 296.9)(350.1, 296.9)(350.1, 376.8)(346.0, 376.8);SD
Port:(437.4, 282.8)(437.4, 372.9)(436.9, 372.9)(436.9, 390.9)(351.5, 390.9)(351.5, 282.8);GATE
Port:(426.7, 288.5)(432.7, 288.5)(432.7, 367.2)(426.7, 367.2);SD
Module:M3
Boundary:(202.4, 459.7)(202.4, 560.5)(202.3, 560.5)(202.3, 577.3)(10.0, 577.3)(10.0, 459.7);GATE
Port:(10.0, 473.0)(15.6, 473.0)(15.6, 564.0)(10.0, 564.0);SD
Port:(202.4, 459.7)(202.4, 560.5)(202.3, 560.5)(202.3, 577.3)(18.5, 577.3)(18.5, 459.7);GATE
Port:(192.0, 465.8)(197.3, 465.8)(197.3, 554.4)(192.0, 554.4);SD
Module:M15
Boundary:(445.0, 10.0)(445.0, 91.6)(297.7, 91.6)(297.7, 10.0);GATE
Port:(297.7, 20.9)(302.1, 20.9)(302.1, 80.7)(297.7, 80.7);SD
Port:(445.0, 10.0)(445.0, 91.6)(304.4, 91.6)(304.4, 10.0);GATE
Port:(435.8, 15.2)(440.8, 15.2)(440.8, 86.4)(435.8, 86.4);SD
Module:M12
Boundary:(134.6, 299.4)(211.0, 299.4)(211.0, 433.3)(134.6, 433.3);GATE
Port:(149.7, 427.3)(195.9, 427.3)(195.9, 433.3)(149.7, 433.3);SD
Port:(134.6, 299.4)(211.0, 299.4)(211.0, 425.1)(134.6, 425.1);GATE
Port:(140.7, 304.5)(204.9, 304.5)(204.9, 311.4)(140.7, 311.4);SD
Module:M8
Boundary:(241.0, 306.3)(290.0, 306.3)(290.0, 306.4)(306.0, 306.4)(306.0, 439.2)(241.0, 439.2);GATE
Port:(254.2, 433.8)(292.8, 433.8)(292.8, 439.2)(254.2, 439.2);SD
Port:(241.0, 306.3)(290.0, 306.3)(290.0, 306.4)(306.0, 306.4)(306.0, 431.2)(241.0, 431.2);GATE
Port:(247.0, 311.3)(284.0, 311.3)(284.0, 316.8)(247.0, 316.8);SD
Module:M4
Boundary:(267.7, 20.0)(267.7, 95.1)(180.9, 95.1)(180.9, 20.0);GATE
Port:(180.9, 31.9)(185.5, 31.9)(185.5, 83.2)(180.9, 83.2);SD
Port:(267.7, 20.0)(267.7, 95.1)(186.8, 95.1)(186.8, 20.0);GATE
Port:(258.0, 26.2)(262.5, 26.2)(262.5, 88.9)(258.0, 88.9);SD
