Area:(-30.0, -30.0)(956.4, -30.0)(956.4, 431.9)(-30.0, 431.9)
Rule:GATE(5,5);SD(5,5);GATE_SD(0.5);GATE_ITO(0.5);SD_ITO(0.5)
Module:M14
Boundary:(540.6, 119.3)(540.6, 170.2)(540.5, 170.2)(540.5, 186.5)(471.9, 186.5)(471.9, 119.3);GATE
Port:(471.9, 132.9)(476.4, 132.9)(476.4, 172.9)(471.9, 172.9);SD
Port:(540.6, 119.3)(540.6, 170.2)(540.5, 170.2)(540.5, 186.5)(478.5, 186.5)(478.5, 119.3);GATE
Port:(529.2, 125.4)(535.5, 125.4)(535.5, 164.1)(529.2, 164.1);SD
Module:M9
Boundary:(842.8, 254.7)(916.4, 254.7)(916.4, 378.0)(842.8, 378.0);GATE
Port:(855.5, 372.4)(903.7, 372.4)(903.7, 378.0)(855.5, 378.0);SD
Port:(842.8, 254.7)(916.4, 254.7)(916.4, 369.5)(842.8, 369.5);GATE
Port:(849.6, 260.5)(909.6, 260.5)(909.6, 265.8)(849.6, 265.8);SD
Module:M5
Boundary:(376.0, 146.7)(376.0, 230.8)(375.5, 230.8)(375.5, 248.0)(204.9, 248.0)(204.9, 146.7);GATE
Port:(204.9, 159.1)(209.7, 159.1)(209.7, 235.6)(204.9, 235.6);SD
Port:(376.0, 146.7)(376.0, 230.8)(375.5, 230.8)(375.5, 248.0)(211.5, 248.0)(211.5, 146.7);GATE
Port:(366.4, 151.7)(372.0, 151.7)(372.0, 225.8)(366.4, 225.8);SD
Module:M11
Boundary:(253.4, 278.0)(253.4, 370.2)(253.2, 370.2)(253.2, 385.3)(131.7, 385.3)(131.7, 278.0);GATE
Port:(131.7, 290.9)(137.4, 290.9)(137.4, 372.4)(131.7, 372.4);SD
Port:(253.4, 278.0)(253.4, 370.2)(253.2, 370.2)(253.2, 385.3)(139.7, 385.3)(139.7, 278.0);GATE
Port:(242.6, 283.5)(248.9, 283.5)(248.9, 364.7)(242.6, 364.7);SD
Module:M1
Boundary:(30.0, 169.6)(76.0, 169.6)(76.0, 169.9)(91.7, 169.9)(91.7, 366.0)(30.0, 366.0);GATE
Port:(41.7, 361.9)(80.0, 361.9)(80.0, 366.0)(41.7, 366.0);SD
Port:(30.0, 169.6)(76.0, 169.6)(76.0, 169.9)(91.7, 169.9)(91.7, 359.2)(30.0, 359.2);GATE
Port:(35.1, 173.7)(70.9, 173.7)(70.9, 178.6)(35.1, 178.6);SD
Module:M6
Boundary:(451.9, 226.5)(512.4, 226.5)(512.4, 226.6)(526.4, 226.6)(526.4, 388.9)(451.9, 388.9);GATE
Port:(465.0, 384.3)(513.3, 384.3)(513.3, 388.9)(465.0, 388.9);SD
Port:(451.9, 226.5)(512.4, 226.5)(512.4, 226.6)(526.4, 226.6)(526.4, 381.3)(451.9, 381.3);GATE
Port:(457.8, 231.4)(506.5, 231.4)(506.5, 237.6)(457.8, 237.6);SD
Module:M2
Boundary:(717.6, 20.0)(717.6, 53.9)(717.5, 53.9)(717.5, 69.3)(555.7, 69.3)(555.7, 20.0);GATE
Port:(555.7, 33.2)(561.2, 33.2)(561.2, 56.1)(555.7, 56.1);SD
Port:(717.6, 20.0)(717.6, 53.9)(717.5, 53.9)(717.5, 69.3)(563.4, 69.3)(563.4, 20.0);GATE
Port:(706.4, 26.9)(711.7, 26.9)(711.7, 47.0)(706.4, 47.0);SD
Module:M16
Boundary:(712.6, 279.4)(712.6, 368.3)(712.1, 368.3)(712.1, 382.4)(580.6, 382.4)(580.6, 279.4);GATE
Port:(580.6, 292.6)(585.4, 292.6)(585.4, 369.2)(580.6, 369.2);SD
Port:(712.6, 279.4)(712.6, 368.3)(712.1, 368.3)(712.1, 382.4)(587.4, 382.4)(587.4, 279.4);GATE
Port:(701.2, 285.7)(707.3, 285.7)(707.3, 362.0)(701.2, 362.0);SD
Module:M13
Boundary:(747.6, 10.0)(807.9, 10.0)(807.9, 10.2)(822.8, 10.2)(822.8, 162.9)(747.6, 162.9);GATE
Port:(758.9, 158.3)(811.5, 158.3)(811.5, 162.9)(758.9, 162.9);SD
Port:(747.6, 10.0)(807.9, 10.0)(807.9, 10.2)(822.8, 10.2)(822.8, 156.7)(747.6, 156.7);GATE
Port:(753.3, 14.7)(802.2, 14.7)(802.2, 19.6)(753.3, 19.6);SD
Module:M10
Boundary:(273.4, 278.0)(389.3, 278.0)(389.3, 391.9)(273.4, 391.9);GATE
Port:(287.2, 386.9)(375.5, 386.9)(375.5, 391.9)(287.2, 391.9);SD
Port:(273.4, 278.0)(389.3, 278.0)(389.3, 384.1)(273.4, 384.1);GATE
Port:(280.0, 283.6)(382.7, 283.6)(382.7, 289.9)(280.0, 289.9);SD
Module:M7
Boundary:(590.6, 109.3)(714.4, 109.3)(714.4, 249.4)(590.6, 249.4);GATE
Port:(605.2, 244.4)(699.8, 244.4)(699.8, 249.4)(605.2, 249.4);SD
Port:(590.6, 109.3)(714.4, 109.3)(714.4, 242.8)(590.6, 242.8);GATE
Port:(597.0, 114.7)(708.0, 114.7)(708.0, 120.8)(597.0, 120.8);SD
Module:M3
Boundary:(525.7, 10.0)(525.7, 76.7)(451.9, 76.7)(451.9, 10.0);GATE
Port:(451.9, 24.4)(457.8, 24.4)(457.8, 62.3)(451.9, 62.3);SD
Port:(525.7, 10.0)(525.7, 76.7)(459.2, 76.7)(459.2, 10.0);GATE
Port:(514.5, 16.0)(520.7, 16.0)(520.7, 70.7)(514.5, 70.7);SD
Module:M15
Boundary:(744.4, 182.9)(819.8, 182.9)(819.8, 371.3)(744.4, 371.3);GATE
Port:(757.6, 365.7)(806.6, 365.7)(806.6, 371.3)(757.6, 371.3);SD
Port:(744.4, 182.9)(819.8, 182.9)(819.8, 363.7)(744.4, 363.7);GATE
Port:(751.0, 188.5)(813.2, 188.5)(813.2, 193.7)(751.0, 193.7);SD
Module:M12
Boundary:(174.9, 10.0)(174.9, 129.6)(10.0, 129.6)(10.0, 10.0);GATE
Port:(10.0, 23.9)(15.6, 23.9)(15.6, 115.7)(10.0, 115.7);SD
Port:(174.9, 10.0)(174.9, 129.6)(17.4, 129.6)(17.4, 10.0);GATE
Port:(163.7, 15.9)(170.0, 15.9)(170.0, 123.7)(163.7, 123.7);SD
Module:M8
Boundary:(852.8, 20.0)(916.3, 20.0)(916.3, 224.7)(852.8, 224.7);GATE
Port:(865.2, 219.5)(903.9, 219.5)(903.9, 224.7)(865.2, 224.7);SD
Port:(852.8, 20.0)(916.3, 20.0)(916.3, 217.2)(852.8, 217.2);GATE
Port:(858.4, 24.6)(910.7, 24.6)(910.7, 29.1)(858.4, 29.1);SD
Module:M4
Boundary:(421.9, 20.0)(421.9, 90.0)(421.8, 90.0)(421.8, 106.7)(204.9, 106.7)(204.9, 20.0);GATE
Port:(204.9, 34.8)(209.6, 34.8)(209.6, 91.9)(204.9, 91.9);SD
Port:(421.9, 20.0)(421.9, 90.0)(421.8, 90.0)(421.8, 106.7)(212.5, 106.7)(212.5, 20.0);GATE
Port:(410.2, 26.7)(416.2, 26.7)(416.2, 83.3)(410.2, 83.3);SD
