Area:(-30.0, -30.0)(1116.6, -30.0)(1116.6, 370.9)(-30.0, 370.9)
Rule:GATE(5,5);SD(5,5);GATE_SD(0.5);GATE_ITO(0.5);SD_ITO(0.5)
Module:M14
Boundary:(635.4, 30.0)(635.4, 80.9)(579.4, 80.9)(579.4, 95.9)(421.7, 95.9)(421.7, 30.0);GATE
Port:(421.7, 43.0)(426.6, 43.0)(426.6, 82.9)(421.7, 82.9);SD
Port:(635.4, 30.0)(635.4, 80.9)(579.4, 80.9)(579.4, 95.9)(429.6, 95.9)(429.6, 30.0);GATE
Port:(624.2, 36.3)(630.1, 36.3)(630.1, 73.6)(624.2, 73.6);SD
Module:M9
Boundary:(850.2, 10.0)(966.5, 10.0)(966.5, 195.4)(850.2, 195.4);GATE
Port:(865.0, 190.4)(951.7, 190.4)(951.7, 195.4)(865.0, 195.4);SD
Port:(850.2, 10.0)(966.5, 10.0)(966.5, 187.9)(850.2, 187.9);GATE
Port:(857.0, 15.8)(959.7, 15.8)(959.7, 22.3)(857.0, 22.3);SD
Module:M5
Boundary:(206.5, 20.0)(253.8, 20.0)(253.8, 20.1)(269.3, 20.1)(269.3, 191.2)(206.5, 191.2);GATE
Port:(218.4, 185.9)(257.4, 185.9)(257.4, 191.2)(218.4, 191.2);SD
Port:(206.5, 20.0)(253.8, 20.0)(253.8, 20.1)(269.3, 20.1)(269.3, 183.8)(206.5, 183.8);GATE
Port:(212.6, 25.1)(247.7, 25.1)(247.7, 29.8)(212.6, 29.8);SD
Module:M11
Boundary:(164.0, 124.1)(164.0, 176.3)(163.7, 176.3)(163.7, 194.1)(10.0, 194.1)(10.0, 124.1);GATE
Port:(10.0, 138.1)(15.0, 138.1)(15.0, 180.1)(10.0, 180.1);SD
Port:(164.0, 124.1)(164.0, 176.3)(163.7, 176.3)(163.7, 194.1)(17.0, 194.1)(17.0, 124.1);GATE
Port:(153.2, 129.2)(159.9, 129.2)(159.9, 171.2)(153.2, 171.2);SD
Module:M1
Boundary:(545.3, 242.3)(545.3, 296.0)(545.2, 296.0)(545.2, 312.7)(340.1, 312.7)(340.1, 242.3);GATE
Port:(340.1, 257.7)(345.1, 257.7)(345.1, 297.3)(340.1, 297.3);SD
Port:(545.3, 242.3)(545.3, 296.0)(545.2, 296.0)(545.2, 312.7)(347.9, 312.7)(347.9, 242.3);GATE
Port:(532.7, 248.9)(539.7, 248.9)(539.7, 289.4)(532.7, 289.4);SD
Module:M6
Boundary:(176.5, 10.0)(176.5, 90.3)(106.3, 90.3)(106.3, 104.1)(10.0, 104.1)(10.0, 10.0);GATE
Port:(10.0, 24.4)(14.9, 24.4)(14.9, 89.7)(10.0, 89.7);SD
Port:(176.5, 10.0)(176.5, 90.3)(106.3, 90.3)(106.3, 104.1)(16.1, 104.1)(16.1, 10.0);GATE
Port:(164.8, 16.5)(171.0, 16.5)(171.0, 82.8)(164.8, 82.8);SD
Module:M2
Boundary:(1001.5, 20.0)(1050.1, 20.0)(1050.1, 33.8)(1062.8, 33.8)(1062.8, 186.6)(1001.5, 186.6);GATE
Port:(1015.4, 180.6)(1048.9, 180.6)(1048.9, 186.6)(1015.4, 186.6);SD
Port:(1001.5, 20.0)(1050.1, 20.0)(1050.1, 33.8)(1062.8, 33.8)(1062.8, 179.1)(1001.5, 179.1);GATE
Port:(1008.3, 25.8)(1042.3, 25.8)(1042.3, 32.3)(1008.3, 32.3);SD
Module:M16
Boundary:(830.2, 10.0)(830.2, 54.9)(751.8, 54.9)(751.8, 68.1)(675.4, 68.1)(675.4, 10.0);GATE
Port:(675.4, 20.9)(681.2, 20.9)(681.2, 57.2)(675.4, 57.2);SD
Port:(830.2, 10.0)(830.2, 54.9)(751.8, 54.9)(751.8, 68.1)(683.8, 68.1)(683.8, 10.0);GATE
Port:(820.9, 15.2)(826.0, 15.2)(826.0, 48.7)(820.9, 48.7);SD
Module:M13
Boundary:(991.5, 216.6)(1076.6, 216.6)(1076.6, 325.2)(991.5, 325.2);GATE
Port:(1005.0, 321.0)(1063.1, 321.0)(1063.1, 325.2)(1005.0, 325.2);SD
Port:(991.5, 216.6)(1076.6, 216.6)(1076.6, 318.2)(991.5, 318.2);GATE
Port:(997.0, 221.1)(1071.1, 221.1)(1071.1, 226.8)(997.0, 226.8);SD
Module:M10
Boundary:(10.0, 214.1)(63.0, 214.1)(63.0, 249.6)(79.4, 249.6)(79.4, 308.6)(10.0, 308.6);GATE
Port:(23.3, 303.2)(66.1, 303.2)(66.1, 308.6)(23.3, 308.6);SD
Port:(10.0, 214.1)(63.0, 214.1)(63.0, 249.6)(79.4, 249.6)(79.4, 301.6)(10.0, 301.6);GATE
Port:(15.3, 218.4)(56.7, 218.4)(56.7, 224.4)(15.3, 224.4);SD
Module:M7
Boundary:(309.3, 20.0)(356.0, 20.0)(356.0, 20.2)(371.7, 20.2)(371.7, 189.8)(309.3, 189.8);GATE
Port:(321.1, 184.3)(359.9, 184.3)(359.9, 189.8)(321.1, 189.8);SD
Port:(309.3, 20.0)(356.0, 20.0)(356.0, 20.2)(371.7, 20.2)(371.7, 182.4)(309.3, 182.4);GATE
Port:(314.4, 24.1)(350.9, 24.1)(350.9, 29.3)(314.4, 29.3);SD
Module:M3
Boundary:(784.6, 88.1)(784.6, 150.1)(675.4, 150.1)(675.4, 88.1);GATE
Port:(675.4, 101.1)(680.7, 101.1)(680.7, 137.1)(675.4, 137.1);SD
Port:(784.6, 88.1)(784.6, 150.1)(683.3, 150.1)(683.3, 88.1);GATE
Port:(773.8, 94.5)(779.2, 94.5)(779.2, 143.7)(773.8, 143.7);SD
Module:M15
Boundary:(971.5, 215.4)(971.5, 330.9)(792.9, 330.9)(792.9, 215.4);GATE
Port:(792.9, 230.1)(797.1, 230.1)(797.1, 316.2)(792.9, 316.2);SD
Port:(971.5, 215.4)(971.5, 330.9)(799.7, 330.9)(799.7, 215.4);GATE
Port:(958.9, 222.1)(965.8, 222.1)(965.8, 324.2)(958.9, 324.2);SD
Module:M12
Boundary:(612.0, 135.9)(612.0, 187.6)(482.3, 187.6)(482.3, 202.3)(401.7, 202.3)(401.7, 135.9);GATE
Port:(401.7, 150.1)(406.0, 150.1)(406.0, 188.1)(401.7, 188.1);SD
Port:(612.0, 135.9)(612.0, 187.6)(482.3, 187.6)(482.3, 202.3)(407.9, 202.3)(407.9, 135.9);GATE
Port:(599.9, 141.8)(607.1, 141.8)(607.1, 180.7)(599.9, 180.7);SD
Module:M8
Boundary:(762.9, 180.1)(762.9, 297.0)(743.4, 297.0)(743.4, 315.7)(642.0, 315.7)(642.0, 180.1);GATE
Port:(642.0, 194.8)(647.2, 194.8)(647.2, 301.0)(642.0, 301.0);SD
Port:(762.9, 180.1)(762.9, 297.0)(743.4, 297.0)(743.4, 315.7)(649.6, 315.7)(649.6, 180.1);GATE
Port:(751.7, 185.4)(758.6, 185.4)(758.6, 290.7)(751.7, 290.7);SD
Module:M4
Boundary:(290.1, 231.2)(290.1, 281.4)(210.1, 281.4)(210.1, 297.3)(109.4, 297.3)(109.4, 231.2);GATE
Port:(109.4, 243.5)(114.3, 243.5)(114.3, 285.0)(109.4, 285.0);SD
Port:(290.1, 231.2)(290.1, 281.4)(210.1, 281.4)(210.1, 297.3)(115.3, 297.3)(115.3, 231.2);GATE
Port:(280.3, 236.4)(285.9, 236.4)(285.9, 275.2)(280.3, 275.2);SD
