Area:(-30.0, -30.0)(403.9, -30.0)(403.9, 963.7)(-30.0, 963.7)
Rule:GATE(5,5);SD(5,5);GATE_SD(0.5);GATE_ITO(0.5);SD_ITO(0.5)
Module:M14
Boundary:(30.0, 801.3)(130.1, 801.3)(130.1, 902.1)(30.0, 902.1);GATE
Port:(43.4, 897.4)(116.7, 897.4)(116.7, 902.1)(43.4, 902.1);SD
Port:(30.0, 801.3)(130.1, 801.3)(130.1, 896.1)(30.0, 896.1);GATE
Port:(36.3, 806.6)(123.8, 806.6)(123.8, 811.9)(36.3, 811.9);SD
Module:M9
Boundary:(175.9, 422.1)(175.9, 486.6)(10.0, 486.6)(10.0, 422.1);GATE
Port:(10.0, 434.4)(15.8, 434.4)(15.8, 474.3)(10.0, 474.3);SD
Port:(175.9, 422.1)(175.9, 486.6)(17.0, 486.6)(17.0, 422.1);GATE
Port:(165.7, 427.1)(171.9, 427.1)(171.9, 481.6)(165.7, 481.6);SD
Module:M5
Boundary:(196.6, 516.6)(196.6, 595.7)(196.3, 595.7)(196.3, 610.1)(20.0, 610.1)(20.0, 516.6);GATE
Port:(20.0, 531.5)(25.9, 531.5)(25.9, 595.2)(20.0, 595.2);SD
Port:(196.6, 516.6)(196.6, 595.7)(196.3, 595.7)(196.3, 610.1)(27.4, 610.1)(27.4, 516.6);GATE
Port:(183.4, 523.0)(191.2, 523.0)(191.2, 589.3)(183.4, 589.3);SD
Module:M11
Boundary:(361.9, 388.9)(361.9, 481.7)(195.9, 481.7)(195.9, 388.9);GATE
Port:(195.9, 401.0)(201.6, 401.0)(201.6, 469.6)(195.9, 469.6);SD
Port:(361.9, 388.9)(361.9, 481.7)(203.2, 481.7)(203.2, 388.9);GATE
Port:(351.3, 394.0)(357.8, 394.0)(357.8, 476.6)(351.3, 476.6);SD
Module:M1
Boundary:(30.0, 277.9)(145.5, 277.9)(145.5, 382.1)(30.0, 382.1);GATE
Port:(42.7, 377.8)(132.8, 377.8)(132.8, 382.1)(42.7, 382.1);SD
Port:(30.0, 277.9)(145.5, 277.9)(145.5, 374.9)(30.0, 374.9);GATE
Port:(35.7, 282.6)(139.8, 282.6)(139.8, 288.4)(35.7, 288.4);SD
Module:M6
Boundary:(294.8, 184.0)(347.5, 184.0)(347.5, 184.1)(362.8, 184.1)(362.8, 368.9)(294.8, 368.9);GATE
Port:(310.3, 363.2)(347.3, 363.2)(347.3, 368.9)(310.3, 368.9);SD
Port:(294.8, 184.0)(347.5, 184.0)(347.5, 184.1)(362.8, 184.1)(362.8, 361.8)(294.8, 361.8);GATE
Port:(301.4, 189.6)(340.9, 189.6)(340.9, 197.5)(301.4, 197.5);SD
Module:M2
Boundary:(180.1, 791.3)(228.1, 791.3)(228.1, 791.4)(243.5, 791.4)(243.5, 915.0)(180.1, 915.0);GATE
Port:(192.5, 909.8)(231.1, 909.8)(231.1, 915.0)(192.5, 915.0);SD
Port:(180.1, 791.3)(228.1, 791.3)(228.1, 791.4)(243.5, 791.4)(243.5, 907.0)(180.1, 907.0);GATE
Port:(186.3, 796.5)(221.9, 796.5)(221.9, 801.6)(186.3, 801.6);SD
Module:M16
Boundary:(316.4, 501.7)(316.4, 609.9)(226.6, 609.9)(226.6, 501.7);GATE
Port:(226.6, 515.9)(230.6, 515.9)(230.6, 595.7)(226.6, 595.7);SD
Port:(316.4, 501.7)(316.4, 609.9)(232.0, 609.9)(232.0, 501.7);GATE
Port:(305.5, 507.0)(312.1, 507.0)(312.1, 604.6)(305.5, 604.6);SD
Module:M13
Boundary:(273.5, 736.5)(363.9, 736.5)(363.9, 923.7)(273.5, 923.7);GATE
Port:(289.2, 918.4)(348.2, 918.4)(348.2, 923.7)(289.2, 923.7);SD
Port:(273.5, 736.5)(363.9, 736.5)(363.9, 915.4)(273.5, 915.4);GATE
Port:(279.4, 741.4)(358.0, 741.4)(358.0, 748.8)(279.4, 748.8);SD
Module:M10
Boundary:(148.5, 10.0)(247.5, 10.0)(247.5, 201.5)(148.5, 201.5);GATE
Port:(162.0, 196.3)(234.0, 196.3)(234.0, 201.5)(162.0, 201.5);SD
Port:(148.5, 10.0)(247.5, 10.0)(247.5, 195.3)(148.5, 195.3);GATE
Port:(154.8, 15.3)(241.2, 15.3)(241.2, 20.0)(154.8, 20.0);SD
Module:M7
Boundary:(343.7, 639.9)(343.7, 706.5)(246.2, 706.5)(246.2, 639.9);GATE
Port:(246.2, 654.6)(251.1, 654.6)(251.1, 691.8)(246.2, 691.8);SD
Port:(343.7, 639.9)(343.7, 706.5)(253.5, 706.5)(253.5, 639.9);GATE
Port:(330.5, 646.6)(338.0, 646.6)(338.0, 699.8)(330.5, 699.8);SD
Module:M3
Boundary:(185.5, 221.5)(256.7, 221.5)(256.7, 221.7)(274.8, 221.7)(274.8, 330.4)(185.5, 330.4);GATE
Port:(199.4, 326.2)(260.9, 326.2)(260.9, 330.4)(199.4, 330.4);SD
Port:(185.5, 221.5)(256.7, 221.5)(256.7, 221.7)(274.8, 221.7)(274.8, 323.8)(185.5, 323.8);GATE
Port:(191.6, 226.6)(250.6, 226.6)(250.6, 232.0)(191.6, 232.0);SD
Module:M15
Boundary:(267.5, 10.0)(347.4, 10.0)(347.4, 10.3)(362.6, 10.3)(362.6, 164.0)(267.5, 164.0);GATE
Port:(281.0, 158.8)(349.1, 158.8)(349.1, 164.0)(281.0, 164.0);SD
Port:(267.5, 10.0)(347.4, 10.0)(347.4, 10.3)(362.6, 10.3)(362.6, 156.4)(267.5, 156.4);GATE
Port:(272.7, 14.2)(342.2, 14.2)(342.2, 22.0)(272.7, 22.0);SD
Module:M12
Boundary:(10.0, 148.5)(105.1, 148.5)(105.1, 148.8)(120.8, 148.8)(120.8, 237.9)(10.0, 237.9);GATE
Port:(22.9, 232.8)(107.9, 232.8)(107.9, 237.9)(22.9, 237.9);SD
Port:(10.0, 148.5)(105.1, 148.5)(105.1, 148.8)(120.8, 148.8)(120.8, 231.1)(10.0, 231.1);GATE
Port:(15.7, 153.2)(99.4, 153.2)(99.4, 159.1)(15.7, 159.1);SD
Module:M8
Boundary:(20.0, 20.0)(118.5, 20.0)(118.5, 118.5)(20.0, 118.5);GATE
Port:(31.7, 113.7)(106.8, 113.7)(106.8, 118.5)(31.7, 118.5);SD
Port:(20.0, 20.0)(118.5, 20.0)(118.5, 112.7)(20.0, 112.7);GATE
Port:(25.0, 24.0)(113.5, 24.0)(113.5, 30.0)(25.0, 30.0);SD
Module:M4
Boundary:(206.2, 650.1)(206.2, 751.3)(20.0, 751.3)(20.0, 650.1);GATE
Port:(20.0, 662.7)(25.9, 662.7)(25.9, 738.7)(20.0, 738.7);SD
Port:(206.2, 650.1)(206.2, 751.3)(27.4, 751.3)(27.4, 650.1);GATE
Port:(195.2, 656.7)(200.6, 656.7)(200.6, 744.7)(195.2, 744.7);SD
