Area:(-30.0, -30.0)(516.0, -30.0)(516.0, 772.5)(-30.0, 772.5)
Rule:GATE(5,5);SD(5,5);GATE_SD(0.5);GATE_ITO(0.5);SD_ITO(0.5)
Module:M14
Boundary:(175.7, 478.3)(270.0, 478.3)(270.0, 605.5)(175.7, 605.5);GATE
Port:(188.7, 600.6)(257.0, 600.6)(257.0, 605.5)(188.7, 605.5);SD
Port:(175.7, 478.3)(270.0, 478.3)(270.0, 598.8)(175.7, 598.8);GATE
Port:(182.6, 484.2)(263.1, 484.2)(263.1, 488.9)(182.6, 488.9);SD
Module:M9
Boundary:(475.4, 112.5)(475.4, 221.3)(324.6, 221.3)(324.6, 112.5);GATE
Port:(324.6, 126.4)(329.4, 126.4)(329.4, 207.4)(324.6, 207.4);SD
Port:(475.4, 112.5)(475.4, 221.3)(330.7, 221.3)(330.7, 112.5);GATE
Port:(465.0, 118.3)(470.6, 118.3)(470.6, 215.5)(465.0, 215.5);SD
Module:M5
Boundary:(455.2, 20.0)(455.2, 82.5)(344.6, 82.5)(344.6, 20.0);GATE
Port:(344.6, 34.2)(349.9, 34.2)(349.9, 68.3)(344.6, 68.3);SD
Port:(455.2, 20.0)(455.2, 82.5)(351.6, 82.5)(351.6, 20.0);GATE
Port:(442.7, 27.0)(449.2, 27.0)(449.2, 75.5)(442.7, 75.5);SD
Module:M11
Boundary:(304.6, 126.3)(304.6, 215.4)(304.3, 215.4)(304.3, 229.2)(157.7, 229.2)(157.7, 126.3);GATE
Port:(157.7, 139.9)(163.6, 139.9)(163.6, 215.6)(157.7, 215.6);SD
Port:(304.6, 126.3)(304.6, 215.4)(304.3, 215.4)(304.3, 229.2)(165.4, 229.2)(165.4, 126.3);GATE
Port:(292.6, 132.8)(299.1, 132.8)(299.1, 208.9)(292.6, 208.9);SD
Module:M1
Boundary:(384.2, 261.3)(434.6, 261.3)(434.6, 261.6)(450.2, 261.6)(450.2, 412.8)(384.2, 412.8);GATE
Port:(398.2, 406.9)(436.2, 406.9)(436.2, 412.8)(398.2, 412.8);SD
Port:(384.2, 261.3)(434.6, 261.3)(434.6, 261.6)(450.2, 261.6)(450.2, 404.4)(384.2, 404.4);GATE
Port:(390.5, 266.6)(428.3, 266.6)(428.3, 272.8)(390.5, 272.8);SD
Module:M6
Boundary:(260.3, 249.2)(328.3, 249.2)(328.3, 249.5)(344.2, 249.5)(344.2, 424.3)(260.3, 424.3);GATE
Port:(274.5, 419.2)(330.0, 419.2)(330.0, 424.3)(274.5, 424.3);SD
Port:(260.3, 249.2)(328.3, 249.2)(328.3, 249.5)(344.2, 249.5)(344.2, 416.4)(260.3, 416.4);GATE
Port:(266.8, 254.7)(321.8, 254.7)(321.8, 261.1)(266.8, 261.1);SD
Module:M2
Boundary:(20.0, 231.7)(89.7, 231.7)(89.7, 418.9)(20.0, 418.9);GATE
Port:(31.2, 414.4)(78.5, 414.4)(78.5, 418.9)(31.2, 418.9);SD
Port:(20.0, 231.7)(89.7, 231.7)(89.7, 411.8)(20.0, 411.8);GATE
Port:(25.3, 236.0)(84.4, 236.0)(84.4, 241.1)(25.3, 241.1);SD
Module:M16
Boundary:(217.3, 10.0)(217.3, 106.3)(10.0, 106.3)(10.0, 10.0);GATE
Port:(10.0, 22.5)(14.4, 22.5)(14.4, 93.8)(10.0, 93.8);SD
Port:(217.3, 10.0)(217.3, 106.3)(16.9, 106.3)(16.9, 10.0);GATE
Port:(207.2, 16.0)(212.3, 16.0)(212.3, 100.3)(207.2, 100.3);SD
Module:M13
Boundary:(474.7, 560.5)(474.7, 636.4)(310.0, 636.4)(310.0, 560.5);GATE
Port:(310.0, 573.6)(314.4, 573.6)(314.4, 623.3)(310.0, 623.3);SD
Port:(474.7, 560.5)(474.7, 636.4)(315.4, 636.4)(315.4, 560.5);GATE
Port:(464.0, 566.8)(469.4, 566.8)(469.4, 630.1)(464.0, 630.1);SD
Module:M10
Boundary:(137.7, 126.3)(137.7, 183.8)(137.6, 183.8)(137.6, 201.7)(10.0, 201.7)(10.0, 126.3);GATE
Port:(10.0, 142.5)(14.2, 142.5)(14.2, 185.5)(10.0, 185.5);SD
Port:(137.7, 126.3)(137.7, 183.8)(137.6, 183.8)(137.6, 201.7)(15.9, 201.7)(15.9, 126.3);GATE
Port:(124.4, 132.9)(132.1, 132.9)(132.1, 177.2)(124.4, 177.2);SD
Module:M7
Boundary:(457.5, 666.4)(457.5, 727.0)(265.7, 727.0)(265.7, 666.4);GATE
Port:(265.7, 679.3)(269.8, 679.3)(269.8, 714.1)(265.7, 714.1);SD
Port:(457.5, 666.4)(457.5, 727.0)(272.3, 727.0)(272.3, 666.4);GATE
Port:(446.7, 672.4)(452.5, 672.4)(452.5, 721.0)(446.7, 721.0);SD
Module:M3
Boundary:(476.0, 452.8)(476.0, 540.5)(310.0, 540.5)(310.0, 452.8);GATE
Port:(310.0, 468.0)(314.0, 468.0)(314.0, 525.3)(310.0, 525.3);SD
Port:(476.0, 452.8)(476.0, 540.5)(316.1, 540.5)(316.1, 452.8);GATE
Port:(463.7, 459.2)(470.6, 459.2)(470.6, 534.1)(463.7, 534.1);SD
Module:M15
Boundary:(235.7, 645.5)(235.7, 718.5)(235.3, 718.5)(235.3, 732.5)(10.0, 732.5)(10.0, 645.5);GATE
Port:(10.0, 657.3)(15.7, 657.3)(15.7, 720.7)(10.0, 720.7);SD
Port:(235.7, 645.5)(235.7, 718.5)(235.3, 718.5)(235.3, 732.5)(18.0, 732.5)(18.0, 645.5);GATE
Port:(225.5, 652.1)(230.1, 652.1)(230.1, 711.9)(225.5, 711.9);SD
Module:M12
Boundary:(314.6, 10.0)(314.6, 73.2)(237.3, 73.2)(237.3, 10.0);GATE
Port:(237.3, 22.1)(242.3, 22.1)(242.3, 61.1)(237.3, 61.1);SD
Port:(314.6, 10.0)(314.6, 73.2)(244.2, 73.2)(244.2, 10.0);GATE
Port:(305.2, 15.0)(310.6, 15.0)(310.6, 68.2)(305.2, 68.2);SD
Module:M8
Boundary:(20.0, 468.3)(125.7, 468.3)(125.7, 612.9)(20.0, 612.9);GATE
Port:(32.2, 607.1)(113.5, 607.1)(113.5, 612.9)(32.2, 612.9);SD
Port:(20.0, 468.3)(125.7, 468.3)(125.7, 604.9)(20.0, 604.9);GATE
Port:(26.5, 473.8)(119.2, 473.8)(119.2, 478.5)(26.5, 478.5);SD
Module:M4
Boundary:(129.7, 259.2)(230.3, 259.2)(230.3, 428.3)(129.7, 428.3);GATE
Port:(144.0, 423.6)(216.0, 423.6)(216.0, 428.3)(144.0, 428.3);SD
Port:(129.7, 259.2)(230.3, 259.2)(230.3, 420.7)(129.7, 420.7);GATE
Port:(136.4, 264.9)(223.6, 264.9)(223.6, 270.5)(136.4, 270.5);SD
