Area:(-30.0, -30.0)(393.5, -30.0)(393.5, 1074.4)(-30.0, 1074.4)
Rule:GATE(5,5);SD(5,5);GATE_SD(0.5);GATE_ITO(0.5);SD_ITO(0.5)
Module:M14
Boundary:(244.1, 842.6)(244.1, 922.4)(244.1, 922.4)(244.1, 937.7)(30.0, 937.7)(30.0, 842.6);GATE
Port:(30.0, 855.9)(35.8, 855.9)(35.8, 924.4)(30.0, 924.4);SD
Port:(244.1, 842.6)(244.1, 922.4)(244.1, 922.4)(244.1, 937.7)(37.8, 937.7)(37.8, 842.6);GATE
Port:(233.0, 849.5)(238.2, 849.5)(238.2, 915.5)(233.0, 915.5);SD
Module:M9
Boundary:(159.2, 977.7)(159.2, 1015.8)(159.0, 1015.8)(159.0, 1034.4)(10.0, 1034.4)(10.0, 977.7);GATE
Port:(10.0, 992.8)(14.6, 992.8)(14.6, 1019.3)(10.0, 1019.3);SD
Port:(159.2, 977.7)(159.2, 1015.8)(159.0, 1015.8)(159.0, 1034.4)(16.3, 1034.4)(16.3, 977.7);GATE
Port:(147.4, 984.2)(153.7, 984.2)(153.7, 1009.3)(147.4, 1009.3);SD
Module:M5
Boundary:(109.2, 713.3)(109.2, 771.2)(109.2, 771.2)(109.2, 784.9)(20.0, 784.9)(20.0, 713.3);GATE
Port:(20.0, 725.4)(25.7, 725.4)(25.7, 772.8)(20.0, 772.8);SD
Port:(109.2, 713.3)(109.2, 771.2)(109.2, 771.2)(109.2, 784.9)(27.5, 784.9)(27.5, 713.3);GATE
Port:(98.8, 718.4)(105.1, 718.4)(105.1, 766.1)(98.8, 766.1);SD
Module:M11
Boundary:(284.1, 822.6)(335.7, 822.6)(335.7, 822.6)(353.5, 822.6)(353.5, 1010.9)(284.1, 1010.9);GATE
Port:(297.1, 1006.6)(340.5, 1006.6)(340.5, 1010.9)(297.1, 1010.9);SD
Port:(284.1, 822.6)(335.7, 822.6)(335.7, 822.6)(353.5, 822.6)(353.5, 1004.0)(284.1, 1004.0);GATE
Port:(289.7, 827.2)(330.1, 827.2)(330.1, 832.4)(289.7, 832.4);SD
Module:M1
Boundary:(268.3, 109.1)(316.3, 109.1)(316.3, 109.3)(332.2, 109.3)(332.2, 311.8)(268.3, 311.8);GATE
Port:(281.1, 306.9)(319.4, 306.9)(319.4, 311.8)(281.1, 311.8);SD
Port:(268.3, 109.1)(316.3, 109.1)(316.3, 109.3)(332.2, 109.3)(332.2, 305.1)(268.3, 305.1);GATE
Port:(273.5, 113.3)(311.1, 113.3)(311.1, 119.3)(273.5, 119.3);SD
Module:M6
Boundary:(170.0, 10.0)(170.0, 58.9)(169.9, 58.9)(169.9, 73.7)(10.0, 73.7)(10.0, 10.0);GATE
Port:(10.0, 23.5)(15.0, 23.5)(15.0, 60.2)(10.0, 60.2);SD
Port:(170.0, 10.0)(170.0, 58.9)(169.9, 58.9)(169.9, 73.7)(18.0, 73.7)(18.0, 10.0);GATE
Port:(158.8, 16.6)(164.4, 16.6)(164.4, 52.3)(158.8, 52.3);SD
Module:M2
Boundary:(325.8, 584.2)(325.8, 659.6)(149.9, 659.6)(149.9, 584.2);GATE
Port:(149.9, 595.3)(155.4, 595.3)(155.4, 648.5)(149.9, 648.5);SD
Port:(325.8, 584.2)(325.8, 659.6)(157.1, 659.6)(157.1, 584.2);GATE
Port:(316.2, 589.4)(321.6, 589.4)(321.6, 654.4)(316.2, 654.4);SD
Module:M16
Boundary:(10.0, 447.6)(98.6, 447.6)(98.6, 559.8)(10.0, 559.8);GATE
Port:(24.7, 555.7)(83.9, 555.7)(83.9, 559.8)(24.7, 559.8);SD
Port:(10.0, 447.6)(98.6, 447.6)(98.6, 554.6)(10.0, 554.6);GATE
Port:(15.6, 452.2)(93.0, 452.2)(93.0, 459.5)(15.6, 459.5);SD
Module:M13
Boundary:(304.6, 448.5)(304.6, 536.6)(304.6, 536.6)(304.6, 554.2)(118.6, 554.2)(118.6, 448.5);GATE
Port:(118.6, 462.2)(123.5, 462.2)(123.5, 540.5)(118.6, 540.5);SD
Port:(304.6, 448.5)(304.6, 536.6)(304.6, 536.6)(304.6, 554.2)(124.6, 554.2)(124.6, 448.5);GATE
Port:(293.5, 454.4)(299.7, 454.4)(299.7, 530.7)(293.5, 530.7);SD
Module:M10
Boundary:(329.4, 10.0)(329.4, 69.1)(190.0, 69.1)(190.0, 10.0);GATE
Port:(190.0, 26.2)(195.9, 26.2)(195.9, 52.9)(190.0, 52.9);SD
Port:(329.4, 10.0)(329.4, 69.1)(197.1, 69.1)(197.1, 10.0);GATE
Port:(316.6, 17.0)(323.4, 17.0)(323.4, 62.1)(316.6, 62.1);SD
Module:M7
Boundary:(20.0, 589.8)(92.0, 589.8)(92.0, 590.0)(109.9, 590.0)(109.9, 673.3)(20.0, 673.3);GATE
Port:(34.5, 668.0)(95.4, 668.0)(95.4, 673.3)(34.5, 673.3);SD
Port:(20.0, 589.8)(92.0, 589.8)(92.0, 590.0)(109.9, 590.0)(109.9, 665.2)(20.0, 665.2);GATE
Port:(25.4, 594.2)(86.6, 594.2)(86.6, 601.3)(25.4, 601.3);SD
Module:M3
Boundary:(228.3, 93.7)(228.3, 173.4)(10.0, 173.4)(10.0, 93.7);GATE
Port:(10.0, 105.1)(15.2, 105.1)(15.2, 162.0)(10.0, 162.0);SD
Port:(228.3, 93.7)(228.3, 173.4)(17.7, 173.4)(17.7, 93.7);GATE
Port:(219.4, 99.3)(223.7, 99.3)(223.7, 167.8)(219.4, 167.8);SD
Module:M15
Boundary:(318.8, 351.8)(318.8, 414.8)(318.6, 414.8)(318.6, 428.5)(215.2, 428.5)(215.2, 351.8);GATE
Port:(215.2, 366.6)(219.4, 366.6)(219.4, 413.7)(215.2, 413.7);SD
Port:(318.8, 351.8)(318.8, 414.8)(318.6, 414.8)(318.6, 428.5)(221.1, 428.5)(221.1, 351.8);GATE
Port:(305.6, 358.7)(312.9, 358.7)(312.9, 407.9)(305.6, 407.9);SD
Module:M12
Boundary:(180.3, 193.4)(180.3, 280.7)(10.0, 280.7)(10.0, 193.4);GATE
Port:(10.0, 205.9)(15.2, 205.9)(15.2, 268.2)(10.0, 268.2);SD
Port:(180.3, 193.4)(180.3, 280.7)(16.8, 280.7)(16.8, 193.4);GATE
Port:(169.9, 199.6)(175.1, 199.6)(175.1, 274.5)(169.9, 274.5);SD
Module:M8
Boundary:(185.2, 310.7)(185.2, 400.4)(185.1, 400.4)(185.1, 417.6)(20.0, 417.6)(20.0, 310.7);GATE
Port:(20.0, 326.2)(24.2, 326.2)(24.2, 402.1)(20.0, 402.1);SD
Port:(185.2, 310.7)(185.2, 400.4)(185.1, 400.4)(185.1, 417.6)(25.2, 417.6)(25.2, 310.7);GATE
Port:(172.7, 317.3)(179.6, 317.3)(179.6, 393.8)(172.7, 393.8);SD
Module:M4
Boundary:(321.4, 699.6)(321.4, 774.1)(321.1, 774.1)(321.1, 792.6)(149.9, 792.6)(149.9, 699.6);GATE
Port:(149.9, 714.5)(155.2, 714.5)(155.2, 777.7)(149.9, 777.7);SD
Port:(321.4, 699.6)(321.4, 774.1)(321.1, 774.1)(321.1, 792.6)(157.3, 792.6)(157.3, 699.6);GATE
Port:(310.0, 706.1)(315.9, 706.1)(315.9, 767.6)(310.0, 767.6);SD
