Area:(-30.0, -30.0)(506.4, -30.0)(506.4, 714.4)(-30.0, 714.4)
Rule:GATE(5,5);SD(5,5);GATE_SD(0.5);GATE_ITO(0.5);SD_ITO(0.5)
Module:M14
Boundary:(341.4, 562.7)(341.4, 665.4)(175.1, 665.4)(175.1, 562.7);GATE
Port:(175.1, 576.5)(179.7, 576.5)(179.7, 651.6)(175.1, 651.6);SD
Port:(341.4, 562.7)(341.4, 665.4)(181.4, 665.4)(181.4, 562.7);GATE
Port:(330.2, 569.1)(336.0, 569.1)(336.0, 659.0)(330.2, 659.0);SD
Module:M9
Boundary:(89.7, 10.0)(89.7, 42.8)(89.7, 42.8)(89.7, 58.8)(10.0, 58.8)(10.0, 10.0);GATE
Port:(10.0, 22.5)(15.7, 22.5)(15.7, 46.3)(10.0, 46.3);SD
Port:(89.7, 10.0)(89.7, 42.8)(89.7, 42.8)(89.7, 58.8)(17.8, 58.8)(17.8, 10.0);GATE
Port:(79.1, 15.7)(85.0, 15.7)(85.0, 37.1)(79.1, 37.1);SD
Module:M5
Boundary:(391.4, 509.3)(446.2, 509.3)(446.2, 509.5)(459.0, 509.5)(459.0, 667.5)(391.4, 667.5);GATE
Port:(402.8, 663.1)(447.6, 663.1)(447.6, 667.5)(402.8, 667.5);SD
Port:(391.4, 509.3)(446.2, 509.3)(446.2, 509.5)(459.0, 509.5)(459.0, 660.5)(391.4, 660.5);GATE
Port:(397.5, 514.4)(440.1, 514.4)(440.1, 519.1)(397.5, 519.1);SD
Module:M11
Boundary:(400.7, 10.0)(466.4, 10.0)(466.4, 125.3)(400.7, 125.3);GATE
Port:(414.1, 119.5)(453.0, 119.5)(453.0, 125.3)(414.1, 125.3);SD
Port:(400.7, 10.0)(466.4, 10.0)(466.4, 117.6)(400.7, 117.6);GATE
Port:(407.2, 15.5)(459.9, 15.5)(459.9, 21.3)(407.2, 21.3);SD
Module:M1
Boundary:(295.9, 269.6)(295.9, 314.1)(119.1, 314.1)(119.1, 269.6);GATE
Port:(119.1, 281.8)(125.0, 281.8)(125.0, 301.9)(119.1, 301.9);SD
Port:(295.9, 269.6)(295.9, 314.1)(126.7, 314.1)(126.7, 269.6);GATE
Port:(285.3, 275.9)(290.6, 275.9)(290.6, 307.8)(285.3, 307.8);SD
Module:M6
Boundary:(10.0, 266.5)(66.0, 266.5)(66.0, 266.7)(79.1, 266.7)(79.1, 399.7)(10.0, 399.7);GATE
Port:(21.7, 395.5)(67.4, 395.5)(67.4, 399.7)(21.7, 399.7);SD
Port:(10.0, 266.5)(66.0, 266.5)(66.0, 266.7)(79.1, 266.7)(79.1, 393.3)(10.0, 393.3);GATE
Port:(16.7, 272.2)(59.3, 272.2)(59.3, 276.5)(16.7, 276.5);SD
Module:M2
Boundary:(351.4, 259.6)(444.1, 259.6)(444.1, 259.7)(458.6, 259.7)(458.6, 469.3)(351.4, 469.3);GATE
Port:(364.8, 464.3)(445.2, 464.3)(445.2, 469.3)(364.8, 469.3);SD
Port:(351.4, 259.6)(444.1, 259.6)(444.1, 259.7)(458.6, 259.7)(458.6, 461.5)(351.4, 461.5);GATE
Port:(357.9, 265.1)(437.6, 265.1)(437.6, 271.3)(357.9, 271.3);SD
Module:M16
Boundary:(109.7, 10.0)(202.8, 10.0)(202.8, 10.2)(218.0, 10.2)(218.0, 109.5)(109.7, 109.5);GATE
Port:(121.9, 104.6)(205.8, 104.6)(205.8, 109.5)(121.9, 109.5);SD
Port:(109.7, 10.0)(202.8, 10.0)(202.8, 10.2)(218.0, 10.2)(218.0, 102.2)(109.7, 102.2);GATE
Port:(116.0, 15.3)(196.5, 15.3)(196.5, 20.3)(116.0, 20.3);SD
Module:M13
Boundary:(380.7, 10.0)(380.7, 117.2)(238.0, 117.2)(238.0, 10.0);GATE
Port:(238.0, 23.3)(242.3, 23.3)(242.3, 103.9)(238.0, 103.9);SD
Port:(380.7, 10.0)(380.7, 117.2)(243.9, 117.2)(243.9, 10.0);GATE
Port:(369.0, 16.2)(375.5, 16.2)(375.5, 111.0)(369.0, 111.0);SD
Module:M10
Boundary:(10.0, 78.8)(57.8, 78.8)(57.8, 78.8)(72.6, 78.8)(72.6, 246.5)(10.0, 246.5);GATE
Port:(23.1, 241.2)(59.5, 241.2)(59.5, 246.5)(23.1, 246.5);SD
Port:(10.0, 78.8)(57.8, 78.8)(57.8, 78.8)(72.6, 78.8)(72.6, 239.8)(10.0, 239.8);GATE
Port:(15.7, 83.5)(52.1, 83.5)(52.1, 89.4)(15.7, 89.4);SD
Module:M7
Boundary:(20.0, 556.5)(110.5, 556.5)(110.5, 556.8)(125.1, 556.8)(125.1, 674.4)(20.0, 674.4);GATE
Port:(32.7, 669.6)(112.4, 669.6)(112.4, 674.4)(32.7, 674.4);SD
Port:(20.0, 556.5)(110.5, 556.5)(110.5, 556.8)(125.1, 556.8)(125.1, 668.2)(20.0, 668.2);GATE
Port:(25.1, 560.6)(105.4, 560.6)(105.4, 567.2)(25.1, 567.2);SD
Module:M3
Boundary:(10.0, 419.7)(92.5, 419.7)(92.5, 526.5)(10.0, 526.5);GATE
Port:(22.6, 521.4)(79.9, 521.4)(79.9, 526.5)(22.6, 526.5);SD
Port:(10.0, 419.7)(92.5, 419.7)(92.5, 520.1)(10.0, 520.1);GATE
Port:(16.1, 424.8)(86.4, 424.8)(86.4, 430.0)(16.1, 430.0);SD
Module:M15
Boundary:(321.4, 354.1)(321.4, 400.0)(321.3, 400.0)(321.3, 415.2)(112.5, 415.2)(112.5, 354.1);GATE
Port:(112.5, 365.8)(118.3, 365.8)(118.3, 403.5)(112.5, 403.5);SD
Port:(321.4, 354.1)(321.4, 400.0)(321.3, 400.0)(321.3, 415.2)(120.5, 415.2)(120.5, 354.1);GATE
Port:(312.0, 359.9)(316.6, 359.9)(316.6, 394.2)(312.0, 394.2);SD
Module:M12
Boundary:(349.5, 145.3)(453.8, 145.3)(453.8, 225.2)(349.5, 225.2);GATE
Port:(362.9, 219.7)(440.4, 219.7)(440.4, 225.2)(362.9, 225.2);SD
Port:(349.5, 145.3)(453.8, 145.3)(453.8, 217.7)(349.5, 217.7);GATE
Port:(355.3, 150.1)(448.0, 150.1)(448.0, 155.4)(355.3, 155.4);SD
Module:M8
Boundary:(310.7, 445.2)(310.7, 495.5)(310.5, 495.5)(310.5, 512.7)(122.5, 512.7)(122.5, 445.2);GATE
Port:(122.5, 458.6)(127.2, 458.6)(127.2, 499.3)(122.5, 499.3);SD
Port:(310.7, 445.2)(310.7, 495.5)(310.5, 495.5)(310.5, 512.7)(128.8, 512.7)(128.8, 445.2);GATE
Port:(300.6, 450.4)(306.5, 450.4)(306.5, 490.3)(300.6, 490.3);SD
Module:M4
Boundary:(319.5, 147.2)(319.5, 219.6)(109.1, 219.6)(109.1, 147.2);GATE
Port:(109.1, 160.8)(114.2, 160.8)(114.2, 206.0)(109.1, 206.0);SD
Port:(319.5, 147.2)(319.5, 219.6)(115.9, 219.6)(115.9, 147.2);GATE
Port:(309.1, 152.7)(315.0, 152.7)(315.0, 214.1)(309.1, 214.1);SD
