Area:(-30.0, -30.0)(682.8, -30.0)(682.8, 551.2)(-30.0, 551.2)
Rule:GATE(5,5);SD(5,5);GATE_SD(0.5);GATE_ITO(0.5);SD_ITO(0.5)
Module:M14
Boundary:(492.9, 30.0)(492.9, 78.0)(326.2, 78.0)(326.2, 30.0);GATE
Port:(326.2, 42.9)(331.1, 42.9)(331.1, 65.1)(326.2, 65.1);SD
Port:(492.9, 30.0)(492.9, 78.0)(333.8, 78.0)(333.8, 30.0);GATE
Port:(482.7, 35.3)(488.6, 35.3)(488.6, 72.7)(482.7, 72.7);SD
Module:M9
Boundary:(538.3, 193.5)(625.6, 193.5)(625.6, 193.8)(642.8, 193.8)(642.8, 385.7)(538.3, 385.7);GATE
Port:(552.3, 380.5)(628.8, 380.5)(628.8, 385.7)(552.3, 385.7);SD
Port:(538.3, 193.5)(625.6, 193.5)(625.6, 193.8)(642.8, 193.8)(642.8, 378.5)(538.3, 378.5);GATE
Port:(545.0, 199.2)(618.9, 199.2)(618.9, 205.0)(545.0, 205.0);SD
Module:M5
Boundary:(20.0, 355.7)(122.4, 355.7)(122.4, 493.0)(20.0, 493.0);GATE
Port:(34.0, 488.0)(108.4, 488.0)(108.4, 493.0)(34.0, 493.0);SD
Port:(20.0, 355.7)(122.4, 355.7)(122.4, 486.6)(20.0, 486.6);GATE
Port:(26.2, 360.9)(116.2, 360.9)(116.2, 367.1)(26.2, 367.1);SD
Module:M11
Boundary:(336.2, 399.2)(392.9, 399.2)(392.9, 399.5)(410.7, 399.5)(410.7, 505.5)(336.2, 505.5);GATE
Port:(351.9, 501.1)(395.0, 501.1)(395.0, 505.5)(351.9, 505.5);SD
Port:(336.2, 399.2)(392.9, 399.2)(392.9, 399.5)(410.7, 399.5)(410.7, 499.0)(336.2, 499.0);GATE
Port:(342.9, 404.9)(386.2, 404.9)(386.2, 411.6)(342.9, 411.6);SD
Module:M1
Boundary:(184.8, 30.0)(266.2, 30.0)(266.2, 176.4)(184.8, 176.4);GATE
Port:(198.0, 171.4)(253.0, 171.4)(253.0, 176.4)(198.0, 176.4);SD
Port:(184.8, 30.0)(266.2, 30.0)(266.2, 168.6)(184.8, 168.6);GATE
Port:(191.1, 35.3)(259.9, 35.3)(259.9, 41.2)(191.1, 41.2);SD
Module:M6
Boundary:(316.2, 405.4)(316.2, 511.2)(152.4, 511.2)(152.4, 405.4);GATE
Port:(152.4, 420.4)(157.3, 420.4)(157.3, 496.2)(152.4, 496.2);SD
Port:(316.2, 405.4)(316.2, 511.2)(158.7, 511.2)(158.7, 405.4);GATE
Port:(304.4, 411.7)(310.9, 411.7)(310.9, 504.9)(304.4, 504.9);SD
Module:M2
Boundary:(316.2, 128.0)(366.9, 128.0)(366.9, 128.1)(383.6, 128.1)(383.6, 249.1)(316.2, 249.1);GATE
Port:(329.3, 244.4)(370.5, 244.4)(370.5, 249.1)(329.3, 249.1);SD
Port:(316.2, 128.0)(366.9, 128.0)(366.9, 128.1)(383.6, 128.1)(383.6, 241.7)(316.2, 241.7);GATE
Port:(321.7, 132.5)(361.4, 132.5)(361.4, 138.4)(321.7, 138.4);SD
Module:M16
Boundary:(534.5, 10.0)(621.8, 10.0)(621.8, 173.5)(534.5, 173.5);GATE
Port:(548.1, 169.4)(608.2, 169.4)(608.2, 173.5)(548.1, 173.5);SD
Port:(534.5, 10.0)(621.8, 10.0)(621.8, 166.7)(534.5, 166.7);GATE
Port:(539.7, 14.2)(616.6, 14.2)(616.6, 21.0)(539.7, 21.0);SD
Module:M13
Boundary:(336.2, 279.1)(399.1, 279.1)(399.1, 377.3)(336.2, 377.3);GATE
Port:(349.4, 371.6)(385.9, 371.6)(385.9, 377.3)(349.4, 377.3);SD
Port:(336.2, 279.1)(399.1, 279.1)(399.1, 369.7)(336.2, 369.7);GATE
Port:(342.1, 284.0)(393.2, 284.0)(393.2, 289.6)(342.1, 289.6);SD
Module:M10
Boundary:(518.3, 276.1)(518.3, 361.9)(518.2, 361.9)(518.2, 379.2)(419.1, 379.2)(419.1, 276.1);GATE
Port:(419.1, 289.6)(424.6, 289.6)(424.6, 365.7)(419.1, 365.7);SD
Port:(518.3, 276.1)(518.3, 361.9)(518.2, 361.9)(518.2, 379.2)(426.3, 379.2)(426.3, 276.1);GATE
Port:(507.5, 281.3)(514.1, 281.3)(514.1, 356.7)(507.5, 356.7);SD
Module:M7
Boundary:(202.9, 226.4)(256.1, 226.4)(256.1, 226.6)(272.1, 226.6)(272.1, 375.4)(202.9, 375.4);GATE
Port:(217.8, 370.2)(257.2, 370.2)(257.2, 375.4)(217.8, 375.4);SD
Port:(202.9, 226.4)(256.1, 226.4)(256.1, 226.6)(272.1, 226.6)(272.1, 368.5)(202.9, 368.5);GATE
Port:(209.6, 232.1)(249.4, 232.1)(249.4, 239.5)(209.6, 239.5);SD
Module:M3
Boundary:(144.8, 10.0)(144.8, 102.1)(10.0, 102.1)(10.0, 10.0);GATE
Port:(10.0, 22.2)(15.3, 22.2)(15.3, 89.9)(10.0, 89.9);SD
Port:(144.8, 10.0)(144.8, 102.1)(18.0, 102.1)(18.0, 10.0);GATE
Port:(134.7, 15.4)(140.4, 15.4)(140.4, 96.7)(134.7, 96.7);SD
Module:M15
Boundary:(172.9, 250.4)(172.9, 325.7)(10.0, 325.7)(10.0, 250.4);GATE
Port:(10.0, 263.5)(14.5, 263.5)(14.5, 312.6)(10.0, 312.6);SD
Port:(172.9, 250.4)(172.9, 325.7)(15.8, 325.7)(15.8, 250.4);GATE
Port:(162.2, 256.7)(167.6, 256.7)(167.6, 319.4)(162.2, 319.4);SD
Module:M12
Boundary:(10.0, 122.1)(122.6, 122.1)(122.6, 230.4)(10.0, 230.4);GATE
Port:(23.5, 226.3)(109.1, 226.3)(109.1, 230.4)(23.5, 230.4);SD
Port:(10.0, 122.1)(122.6, 122.1)(122.6, 225.1)(10.0, 225.1);GATE
Port:(15.9, 127.0)(116.7, 127.0)(116.7, 134.1)(15.9, 134.1);SD
Module:M8
Boundary:(617.8, 415.7)(617.8, 477.5)(617.7, 477.5)(617.7, 491.2)(440.7, 491.2)(440.7, 415.7);GATE
Port:(440.7, 429.7)(446.5, 429.7)(446.5, 477.2)(440.7, 477.2);SD
Port:(617.8, 415.7)(617.8, 477.5)(617.7, 477.5)(617.7, 491.2)(448.0, 491.2)(448.0, 415.7);GATE
Port:(605.7, 422.6)(611.9, 422.6)(611.9, 470.6)(605.7, 470.6);SD
Module:M4
Boundary:(504.5, 128.0)(504.5, 230.5)(470.8, 230.5)(470.8, 246.1)(423.6, 246.1)(423.6, 128.0);GATE
Port:(423.6, 142.0)(428.6, 142.0)(428.6, 232.1)(423.6, 232.1);SD
Port:(504.5, 128.0)(504.5, 230.5)(470.8, 230.5)(470.8, 246.1)(430.6, 246.1)(430.6, 128.0);GATE
Port:(492.8, 134.2)(499.3, 134.2)(499.3, 223.3)(492.8, 223.3);SD
