Area:(-30.0, -30.0)(582.5, -30.0)(582.5, 587.8)(-30.0, 587.8)
Rule:GATE(5,5);SD(5,5);GATE_SD(0.5);GATE_ITO(0.5);SD_ITO(0.5)
Module:M14
Boundary:(351.1, 469.2)(351.1, 537.0)(161.2, 537.0)(161.2, 469.2);GATE
Port:(161.2, 483.3)(165.5, 483.3)(165.5, 522.9)(161.2, 522.9);SD
Port:(351.1, 469.2)(351.1, 537.0)(167.5, 537.0)(167.5, 469.2);GATE
Port:(339.8, 475.4)(345.9, 475.4)(345.9, 530.8)(339.8, 530.8);SD
Module:M9
Boundary:(271.4, 310.0)(271.4, 429.2)(141.2, 429.2)(141.2, 310.0);GATE
Port:(141.2, 323.6)(146.7, 323.6)(146.7, 415.6)(141.2, 415.6);SD
Port:(271.4, 310.0)(271.4, 429.2)(148.7, 429.2)(148.7, 310.0);GATE
Port:(260.6, 316.2)(266.2, 316.2)(266.2, 423.0)(260.6, 423.0);SD
Module:M5
Boundary:(163.1, 20.0)(224.5, 20.0)(224.5, 182.6)(163.1, 182.6);GATE
Port:(175.5, 177.4)(212.1, 177.4)(212.1, 182.6)(175.5, 182.6);SD
Port:(163.1, 20.0)(224.5, 20.0)(224.5, 175.5)(163.1, 175.5);GATE
Port:(168.1, 24.0)(219.5, 24.0)(219.5, 30.6)(168.1, 30.6);SD
Module:M11
Boundary:(455.4, 243.7)(542.5, 243.7)(542.5, 435.2)(455.4, 435.2);GATE
Port:(467.3, 429.5)(530.6, 429.5)(530.6, 435.2)(467.3, 435.2);SD
Port:(455.4, 243.7)(542.5, 243.7)(542.5, 427.6)(455.4, 427.6);GATE
Port:(461.4, 248.7)(536.5, 248.7)(536.5, 253.4)(461.4, 253.4);SD
Module:M1
Boundary:(415.4, 352.2)(415.4, 388.9)(415.2, 388.9)(415.2, 405.5)(311.4, 405.5)(311.4, 352.2);GATE
Port:(311.4, 366.6)(316.5, 366.6)(316.5, 391.1)(311.4, 391.1);SD
Port:(415.4, 352.2)(415.4, 388.9)(415.2, 388.9)(415.2, 405.5)(319.3, 405.5)(319.3, 352.2);GATE
Port:(403.5, 358.8)(409.8, 358.8)(409.8, 382.3)(403.5, 382.3);SD
Module:M6
Boundary:(10.0, 321.6)(92.0, 321.6)(92.0, 321.8)(105.5, 321.8)(105.5, 391.7)(10.0, 391.7);GATE
Port:(20.7, 386.3)(94.8, 386.3)(94.8, 391.7)(20.7, 391.7);SD
Port:(10.0, 321.6)(92.0, 321.6)(92.0, 321.8)(105.5, 321.8)(105.5, 383.3)(10.0, 383.3);GATE
Port:(15.2, 325.8)(86.8, 325.8)(86.8, 330.4)(15.2, 330.4);SD
Module:M2
Boundary:(421.3, 207.6)(421.3, 302.2)(301.4, 302.2)(301.4, 207.6);GATE
Port:(301.4, 220.2)(306.7, 220.2)(306.7, 289.6)(301.4, 289.6);SD
Port:(421.3, 207.6)(421.3, 302.2)(308.7, 302.2)(308.7, 207.6);GATE
Port:(411.0, 214.3)(415.6, 214.3)(415.6, 295.5)(411.0, 295.5);SD
Module:M16
Boundary:(10.0, 182.6)(104.0, 182.6)(104.0, 183.1)(119.1, 183.1)(119.1, 301.6)(10.0, 301.6);GATE
Port:(23.3, 296.4)(105.8, 296.4)(105.8, 301.6)(23.3, 301.6);SD
Port:(10.0, 182.6)(104.0, 182.6)(104.0, 183.1)(119.1, 183.1)(119.1, 293.5)(10.0, 293.5);GATE
Port:(15.3, 186.9)(98.7, 186.9)(98.7, 194.1)(15.3, 194.1);SD
Module:M13
Boundary:(537.2, 140.8)(537.2, 207.6)(537.0, 207.6)(537.0, 223.7)(451.3, 223.7)(451.3, 140.8);GATE
Port:(451.3, 154.2)(457.1, 154.2)(457.1, 210.3)(451.3, 210.3);SD
Port:(537.2, 140.8)(537.2, 207.6)(537.0, 207.6)(537.0, 223.7)(459.5, 223.7)(459.5, 140.8);GATE
Port:(525.7, 145.9)(533.1, 145.9)(533.1, 202.5)(525.7, 202.5);SD
Module:M10
Boundary:(271.2, 212.6)(271.2, 290.0)(139.1, 290.0)(139.1, 212.6);GATE
Port:(139.1, 225.5)(143.7, 225.5)(143.7, 277.1)(139.1, 277.1);SD
Port:(271.2, 212.6)(271.2, 290.0)(146.4, 290.0)(146.4, 212.6);GATE
Port:(261.2, 218.2)(266.6, 218.2)(266.6, 284.4)(261.2, 284.4);SD
Module:M7
Boundary:(20.0, 421.7)(111.2, 421.7)(111.2, 547.8)(20.0, 547.8);GATE
Port:(31.8, 542.8)(99.4, 542.8)(99.4, 547.8)(31.8, 547.8);SD
Port:(20.0, 421.7)(111.2, 421.7)(111.2, 541.3)(20.0, 541.3);GATE
Port:(26.0, 426.7)(105.2, 426.7)(105.2, 431.9)(26.0, 431.9);SD
Module:M3
Boundary:(412.9, 10.0)(412.9, 69.4)(412.6, 69.4)(412.6, 84.1)(254.5, 84.1)(254.5, 10.0);GATE
Port:(254.5, 21.3)(258.8, 21.3)(258.8, 72.8)(254.5, 72.8);SD
Port:(412.9, 10.0)(412.9, 69.4)(412.6, 69.4)(412.6, 84.1)(260.8, 84.1)(260.8, 10.0);GATE
Port:(403.6, 15.8)(408.1, 15.8)(408.1, 63.6)(403.6, 63.6);SD
Module:M15
Boundary:(432.9, 10.0)(542.2, 10.0)(542.2, 120.8)(432.9, 120.8);GATE
Port:(448.2, 115.5)(526.9, 115.5)(526.9, 120.8)(448.2, 120.8);SD
Port:(432.9, 10.0)(542.2, 10.0)(542.2, 113.7)(432.9, 113.7);GATE
Port:(439.2, 15.3)(535.9, 15.3)(535.9, 22.3)(439.2, 22.3);SD
Module:M12
Boundary:(394.5, 104.1)(394.5, 177.6)(254.5, 177.6)(254.5, 104.1);GATE
Port:(254.5, 118.6)(258.7, 118.6)(258.7, 163.1)(254.5, 163.1);SD
Port:(394.5, 104.1)(394.5, 177.6)(259.9, 177.6)(259.9, 104.1);GATE
Port:(382.9, 110.7)(388.9, 110.7)(388.9, 171.0)(382.9, 171.0);SD
Module:M8
Boundary:(529.4, 465.2)(529.4, 541.5)(401.1, 541.5)(401.1, 465.2);GATE
Port:(401.1, 478.7)(406.7, 478.7)(406.7, 528.0)(401.1, 528.0);SD
Port:(529.4, 465.2)(529.4, 541.5)(408.7, 541.5)(408.7, 465.2);GATE
Port:(517.7, 471.1)(524.5, 471.1)(524.5, 535.6)(517.7, 535.6);SD
Module:M4
Boundary:(20.0, 20.0)(108.9, 20.0)(108.9, 20.2)(123.1, 20.2)(123.1, 152.6)(20.0, 152.6);GATE
Port:(32.7, 146.6)(110.4, 146.6)(110.4, 152.6)(32.7, 152.6);SD
Port:(20.0, 20.0)(108.9, 20.0)(108.9, 20.2)(123.1, 20.2)(123.1, 145.6)(20.0, 145.6);GATE
Port:(26.3, 25.3)(102.6, 25.3)(102.6, 31.0)(26.3, 31.0);SD
