Area:(-30.0, -30.0)(441.2, -30.0)(441.2, 845.6)(-30.0, 845.6)
Rule:GATE(5,5);SD(5,5);GATE_SD(0.5);GATE_ITO(0.5);SD_ITO(0.5)
Module:M14
Boundary:(251.3, 199.9)(251.3, 286.4)(250.8, 286.4)(250.8, 302.9)(134.6, 302.9)(134.6, 199.9);GATE
Port:(134.6, 215.1)(139.4, 215.1)(139.4, 287.7)(134.6, 287.7);SD
Port:(251.3, 199.9)(251.3, 286.4)(250.8, 286.4)(250.8, 302.9)(141.9, 302.9)(141.9, 199.9);GATE
Port:(239.0, 206.2)(246.0, 206.2)(246.0, 280.1)(239.0, 280.1);SD
Module:M9
Boundary:(295.3, 277.9)(386.5, 277.9)(386.5, 278.3)(401.2, 278.3)(401.2, 387.4)(295.3, 387.4);GATE
Port:(308.0, 382.6)(388.5, 382.6)(388.5, 387.4)(308.0, 387.4);SD
Port:(295.3, 277.9)(386.5, 277.9)(386.5, 278.3)(401.2, 278.3)(401.2, 379.7)(295.3, 379.7);GATE
Port:(300.9, 282.5)(380.9, 282.5)(380.9, 288.3)(300.9, 288.3);SD
Module:M5
Boundary:(265.3, 352.9)(265.3, 444.7)(264.8, 444.7)(264.8, 462.8)(124.6, 462.8)(124.6, 352.9);GATE
Port:(124.6, 367.7)(129.1, 367.7)(129.1, 448.0)(124.6, 448.0);SD
Port:(265.3, 352.9)(265.3, 444.7)(264.8, 444.7)(264.8, 462.8)(132.1, 462.8)(132.1, 352.9);GATE
Port:(253.7, 359.0)(260.2, 359.0)(260.2, 438.6)(253.7, 438.6);SD
Module:M11
Boundary:(10.0, 10.0)(94.6, 10.0)(94.6, 238.2)(10.0, 238.2);GATE
Port:(24.4, 234.1)(80.2, 234.1)(80.2, 238.2)(24.4, 238.2);SD
Port:(10.0, 10.0)(94.6, 10.0)(94.6, 232.9)(10.0, 232.9);GATE
Port:(16.3, 15.3)(88.3, 15.3)(88.3, 21.2)(16.3, 21.2);SD
Module:M1
Boundary:(311.3, 149.7)(378.4, 149.7)(378.4, 237.9)(311.3, 237.9);GATE
Port:(325.9, 233.0)(363.8, 233.0)(363.8, 237.9)(325.9, 237.9);SD
Port:(311.3, 149.7)(378.4, 149.7)(378.4, 230.4)(311.3, 230.4);GATE
Port:(316.9, 154.3)(372.8, 154.3)(372.8, 161.9)(316.9, 161.9);SD
Module:M6
Boundary:(285.5, 502.1)(400.3, 502.1)(400.3, 684.2)(285.5, 684.2);GATE
Port:(299.3, 680.0)(386.5, 680.0)(386.5, 684.2)(299.3, 684.2);SD
Port:(285.5, 502.1)(400.3, 502.1)(400.3, 678.6)(285.5, 678.6);GATE
Port:(292.0, 507.6)(393.8, 507.6)(393.8, 513.8)(292.0, 513.8);SD
Module:M2
Boundary:(165.8, 502.8)(165.8, 586.8)(165.3, 586.8)(165.3, 604.1)(20.0, 604.1)(20.0, 502.8);GATE
Port:(20.0, 515.1)(24.6, 515.1)(24.6, 591.8)(20.0, 591.8);SD
Port:(165.8, 502.8)(165.8, 586.8)(165.3, 586.8)(165.3, 604.1)(25.7, 604.1)(25.7, 502.8);GATE
Port:(156.8, 508.4)(161.2, 508.4)(161.2, 581.2)(156.8, 581.2);SD
Module:M16
Boundary:(190.0, 739.2)(190.0, 802.8)(10.0, 802.8)(10.0, 739.2);GATE
Port:(10.0, 753.0)(15.2, 753.0)(15.2, 789.0)(10.0, 789.0);SD
Port:(190.0, 739.2)(190.0, 802.8)(16.5, 802.8)(16.5, 739.2);GATE
Port:(178.4, 744.8)(185.4, 744.8)(185.4, 797.2)(178.4, 797.2);SD
Module:M13
Boundary:(295.3, 407.4)(386.1, 407.4)(386.1, 482.1)(295.3, 482.1);GATE
Port:(308.1, 476.9)(373.3, 476.9)(373.3, 482.1)(308.1, 482.1);SD
Port:(295.3, 407.4)(386.1, 407.4)(386.1, 474.0)(295.3, 474.0);GATE
Port:(301.9, 413.0)(379.5, 413.0)(379.5, 418.4)(301.9, 418.4);SD
Module:M10
Boundary:(399.7, 709.8)(399.7, 805.6)(210.0, 805.6)(210.0, 709.8);GATE
Port:(210.0, 723.2)(214.2, 723.2)(214.2, 792.2)(210.0, 792.2);SD
Port:(399.7, 709.8)(399.7, 805.6)(217.1, 805.6)(217.1, 709.8);GATE
Port:(387.8, 716.1)(394.4, 716.1)(394.4, 799.3)(387.8, 799.3);SD
Module:M7
Boundary:(146.7, 644.1)(146.7, 709.2)(20.0, 709.2)(20.0, 644.1);GATE
Port:(20.0, 656.9)(24.8, 656.9)(24.8, 696.4)(20.0, 696.4);SD
Port:(146.7, 644.1)(146.7, 709.2)(26.2, 709.2)(26.2, 644.1);GATE
Port:(136.4, 650.5)(141.3, 650.5)(141.3, 702.8)(136.4, 702.8);SD
Module:M3
Boundary:(249.7, 10.0)(249.7, 83.3)(114.6, 83.3)(114.6, 10.0);GATE
Port:(114.6, 21.4)(119.1, 21.4)(119.1, 71.9)(114.6, 71.9);SD
Port:(249.7, 10.0)(249.7, 83.3)(120.5, 83.3)(120.5, 10.0);GATE
Port:(240.1, 15.1)(245.6, 15.1)(245.6, 78.2)(240.1, 78.2);SD
Module:M15
Boundary:(195.8, 492.8)(265.5, 492.8)(265.5, 689.8)(195.8, 689.8);GATE
Port:(208.9, 683.9)(252.4, 683.9)(252.4, 689.8)(208.9, 689.8);SD
Port:(195.8, 492.8)(265.5, 492.8)(265.5, 681.2)(195.8, 681.2);GATE
Port:(201.9, 497.9)(259.4, 497.9)(259.4, 502.6)(201.9, 502.6);SD
Module:M12
Boundary:(219.3, 103.3)(219.3, 159.9)(114.6, 159.9)(114.6, 103.3);GATE
Port:(114.6, 114.8)(119.3, 114.8)(119.3, 148.4)(114.6, 148.4);SD
Port:(219.3, 103.3)(219.3, 159.9)(122.2, 159.9)(122.2, 103.3);GATE
Port:(209.5, 108.5)(215.1, 108.5)(215.1, 154.7)(209.5, 154.7);SD
Module:M8
Boundary:(389.4, 20.0)(389.4, 84.4)(389.0, 84.4)(389.0, 99.7)(279.7, 99.7)(279.7, 20.0);GATE
Port:(279.7, 33.7)(284.1, 33.7)(284.1, 86.0)(279.7, 86.0);SD
Port:(389.4, 20.0)(389.4, 84.4)(389.0, 84.4)(389.0, 99.7)(286.8, 99.7)(286.8, 20.0);GATE
Port:(378.0, 25.3)(385.1, 25.3)(385.1, 79.1)(378.0, 79.1);SD
Module:M4
Boundary:(20.0, 268.2)(81.7, 268.2)(81.7, 441.7)(20.0, 441.7);GATE
Port:(33.2, 435.8)(68.5, 435.8)(68.5, 441.7)(33.2, 441.7);SD
Port:(20.0, 268.2)(81.7, 268.2)(81.7, 434.3)(20.0, 434.3);GATE
Port:(26.6, 273.8)(75.1, 273.8)(75.1, 279.6)(26.6, 279.6);SD
