Area:(-30.0, -30.0)(385.9, -30.0)(385.9, 1121.9)(-30.0, 1121.9)
Rule:GATE(5,5);SD(5,5);GATE_SD(0.5);GATE_ITO(0.5);SD_ITO(0.5)
Module:M14
Boundary:(238.2, 173.3)(323.1, 173.3)(323.1, 347.2)(238.2, 347.2);GATE
Port:(253.1, 342.5)(308.2, 342.5)(308.2, 347.2)(253.1, 347.2);SD
Port:(238.2, 173.3)(323.1, 173.3)(323.1, 339.7)(238.2, 339.7);GATE
Port:(244.9, 179.0)(316.4, 179.0)(316.4, 185.8)(244.9, 185.8);SD
Module:M9
Boundary:(251.3, 10.0)(345.9, 10.0)(345.9, 127.3)(251.3, 127.3);GATE
Port:(264.0, 123.2)(333.2, 123.2)(333.2, 127.3)(264.0, 127.3);SD
Port:(251.3, 10.0)(345.9, 10.0)(345.9, 121.1)(251.3, 121.1);GATE
Port:(258.0, 15.7)(339.2, 15.7)(339.2, 20.1)(258.0, 20.1);SD
Module:M5
Boundary:(146.1, 743.9)(146.1, 830.0)(145.9, 830.0)(145.9, 847.0)(20.0, 847.0)(20.0, 743.9);GATE
Port:(20.0, 758.1)(24.8, 758.1)(24.8, 832.8)(20.0, 832.8);SD
Port:(146.1, 743.9)(146.1, 830.0)(145.9, 830.0)(145.9, 847.0)(26.1, 847.0)(26.1, 743.9);GATE
Port:(135.3, 749.9)(141.1, 749.9)(141.1, 824.0)(135.3, 824.0);SD
Module:M11
Boundary:(190.8, 648.6)(221.7, 648.6)(221.7, 648.8)(237.5, 648.8)(237.5, 828.6)(190.8, 828.6);GATE
Port:(203.0, 823.9)(225.3, 823.9)(225.3, 828.6)(203.0, 828.6);SD
Port:(190.8, 648.6)(221.7, 648.6)(221.7, 648.8)(237.5, 648.8)(237.5, 821.3)(190.8, 821.3);GATE
Port:(196.4, 653.2)(216.1, 653.2)(216.1, 658.0)(196.4, 658.0);SD
Module:M1
Boundary:(30.0, 501.2)(148.6, 501.2)(148.6, 693.9)(30.0, 693.9);GATE
Port:(43.1, 688.5)(135.5, 688.5)(135.5, 693.9)(43.1, 693.9);SD
Port:(30.0, 501.2)(148.6, 501.2)(148.6, 686.1)(30.0, 686.1);GATE
Port:(35.4, 505.6)(143.2, 505.6)(143.2, 511.4)(35.4, 511.4);SD
Module:M6
Boundary:(180.2, 338.7)(180.2, 461.2)(10.0, 461.2)(10.0, 338.7);GATE
Port:(10.0, 354.4)(14.5, 354.4)(14.5, 445.5)(10.0, 445.5);SD
Port:(180.2, 338.7)(180.2, 461.2)(16.8, 461.2)(16.8, 338.7);GATE
Port:(167.9, 344.9)(175.0, 344.9)(175.0, 455.0)(167.9, 455.0);SD
Module:M2
Boundary:(332.2, 858.9)(332.2, 962.4)(331.8, 962.4)(331.8, 979.7)(200.8, 979.7)(200.8, 858.9);GATE
Port:(200.8, 872.1)(206.1, 872.1)(206.1, 966.5)(200.8, 966.5);SD
Port:(332.2, 858.9)(332.2, 962.4)(331.8, 962.4)(331.8, 979.7)(207.6, 979.7)(207.6, 858.9);GATE
Port:(321.3, 864.3)(327.8, 864.3)(327.8, 957.0)(321.3, 957.0);SD
Module:M16
Boundary:(257.5, 648.6)(322.7, 648.6)(322.7, 648.7)(337.7, 648.7)(337.7, 828.9)(257.5, 828.9);GATE
Port:(272.0, 824.7)(323.2, 824.7)(323.2, 828.9)(272.0, 828.9);SD
Port:(257.5, 648.6)(322.7, 648.6)(322.7, 648.7)(337.7, 648.7)(337.7, 822.6)(257.5, 822.6);GATE
Port:(264.4, 654.5)(315.8, 654.5)(315.8, 660.5)(264.4, 660.5);SD
Module:M13
Boundary:(185.2, 220.0)(185.2, 318.7)(10.0, 318.7)(10.0, 220.0);GATE
Port:(10.0, 234.0)(14.4, 234.0)(14.4, 304.7)(10.0, 304.7);SD
Port:(185.2, 220.0)(185.2, 318.7)(16.8, 318.7)(16.8, 220.0);GATE
Port:(173.9, 227.0)(179.2, 227.0)(179.2, 311.7)(173.9, 311.7);SD
Module:M10
Boundary:(198.2, 153.3)(198.2, 200.0)(10.0, 200.0)(10.0, 153.3);GATE
Port:(10.0, 166.0)(15.8, 166.0)(15.8, 187.3)(10.0, 187.3);SD
Port:(198.2, 153.3)(198.2, 200.0)(18.1, 200.0)(18.1, 153.3);GATE
Port:(187.2, 160.0)(192.5, 160.0)(192.5, 193.3)(187.2, 193.3);SD
Module:M7
Boundary:(215.2, 397.2)(305.2, 397.2)(305.2, 397.3)(323.3, 397.3)(323.3, 480.1)(215.2, 480.1);GATE
Port:(229.7, 474.9)(308.8, 474.9)(308.8, 480.1)(229.7, 480.1);SD
Port:(215.2, 397.2)(305.2, 397.2)(305.2, 397.3)(323.3, 397.3)(323.3, 471.9)(215.2, 471.9);GATE
Port:(220.8, 401.8)(299.6, 401.8)(299.6, 408.3)(220.8, 408.3);SD
Module:M3
Boundary:(170.8, 877.0)(170.8, 956.1)(170.7, 956.1)(170.7, 975.7)(10.0, 975.7)(10.0, 877.0);GATE
Port:(10.0, 893.1)(15.4, 893.1)(15.4, 959.6)(10.0, 959.6);SD
Port:(170.8, 877.0)(170.8, 956.1)(170.7, 956.1)(170.7, 975.7)(17.5, 975.7)(17.5, 877.0);GATE
Port:(158.2, 883.2)(165.6, 883.2)(165.6, 949.9)(158.2, 949.9);SD
Module:M15
Boundary:(327.9, 1009.7)(327.9, 1063.3)(327.7, 1063.3)(327.7, 1081.9)(190.8, 1081.9)(190.8, 1009.7);GATE
Port:(190.8, 1023.4)(195.7, 1023.4)(195.7, 1068.2)(190.8, 1068.2);SD
Port:(327.9, 1009.7)(327.9, 1063.3)(327.7, 1063.3)(327.7, 1081.9)(197.4, 1081.9)(197.4, 1009.7);GATE
Port:(317.6, 1015.0)(323.6, 1015.0)(323.6, 1058.0)(317.6, 1058.0);SD
Module:M12
Boundary:(164.6, 995.7)(164.6, 1078.4)(10.0, 1078.4)(10.0, 995.7);GATE
Port:(10.0, 1010.5)(15.0, 1010.5)(15.0, 1063.6)(10.0, 1063.6);SD
Port:(164.6, 995.7)(164.6, 1078.4)(17.7, 1078.4)(17.7, 995.7);GATE
Port:(152.6, 1002.5)(158.8, 1002.5)(158.8, 1071.6)(152.6, 1071.6);SD
Module:M8
Boundary:(221.3, 20.0)(221.3, 105.3)(221.2, 105.3)(221.2, 123.3)(20.0, 123.3)(20.0, 20.0);GATE
Port:(20.0, 31.7)(25.0, 31.7)(25.0, 111.6)(20.0, 111.6);SD
Port:(221.3, 20.0)(221.3, 105.3)(221.2, 105.3)(221.2, 123.3)(26.4, 123.3)(26.4, 20.0);GATE
Port:(213.0, 25.0)(217.3, 25.0)(217.3, 100.3)(213.0, 100.3);SD
Module:M4
Boundary:(325.3, 520.1)(325.3, 618.6)(210.2, 618.6)(210.2, 520.1);GATE
Port:(210.2, 534.1)(215.8, 534.1)(215.8, 604.6)(210.2, 604.6);SD
Port:(325.3, 520.1)(325.3, 618.6)(218.2, 618.6)(218.2, 520.1);GATE
Port:(314.3, 525.9)(320.5, 525.9)(320.5, 612.8)(314.3, 612.8);SD
