Area:(-30.0, -30.0)(656.6, -30.0)(656.6, 564.7)(-30.0, 564.7)
Rule:GATE(5,5);SD(5,5);GATE_SD(0.5);GATE_ITO(0.5);SD_ITO(0.5)
Module:M14
Boundary:(172.6, 30.0)(172.6, 126.0)(30.0, 126.0)(30.0, 30.0);GATE
Port:(30.0, 43.2)(35.7, 43.2)(35.7, 112.8)(30.0, 112.8);SD
Port:(172.6, 30.0)(172.6, 126.0)(37.9, 126.0)(37.9, 30.0);GATE
Port:(161.1, 35.6)(168.0, 35.6)(168.0, 120.4)(161.1, 120.4);SD
Module:M9
Boundary:(517.3, 355.9)(616.6, 355.9)(616.6, 524.7)(517.3, 524.7);GATE
Port:(531.4, 519.8)(602.5, 519.8)(602.5, 524.7)(531.4, 524.7);SD
Port:(517.3, 355.9)(616.6, 355.9)(616.6, 518.2)(517.3, 518.2);GATE
Port:(523.9, 361.5)(610.0, 361.5)(610.0, 367.5)(523.9, 367.5);SD
Module:M5
Boundary:(535.1, 205.6)(600.8, 205.6)(600.8, 325.9)(535.1, 325.9);GATE
Port:(549.5, 320.7)(586.4, 320.7)(586.4, 325.9)(549.5, 325.9);SD
Port:(535.1, 205.6)(600.8, 205.6)(600.8, 319.1)(535.1, 319.1);GATE
Port:(541.1, 210.6)(594.8, 210.6)(594.8, 218.3)(541.1, 218.3);SD
Module:M11
Boundary:(212.6, 243.9)(276.3, 243.9)(276.3, 385.4)(212.6, 385.4);GATE
Port:(226.0, 381.2)(262.9, 381.2)(262.9, 385.4)(226.0, 385.4);SD
Port:(212.6, 243.9)(276.3, 243.9)(276.3, 378.7)(212.6, 378.7);GATE
Port:(219.5, 249.8)(269.4, 249.8)(269.4, 254.8)(219.5, 254.8);SD
Module:M1
Boundary:(232.6, 30.0)(302.6, 30.0)(302.6, 30.0)(315.6, 30.0)(315.6, 203.9)(232.6, 203.9);GATE
Port:(245.0, 199.1)(303.2, 199.1)(303.2, 203.9)(245.0, 203.9);SD
Port:(232.6, 30.0)(302.6, 30.0)(302.6, 30.0)(315.6, 30.0)(315.6, 196.9)(232.6, 196.9);GATE
Port:(238.1, 34.5)(297.1, 34.5)(297.1, 40.8)(238.1, 40.8);SD
Module:M6
Boundary:(497.3, 343.7)(497.3, 389.6)(497.2, 389.6)(497.2, 404.3)(296.3, 404.3)(296.3, 343.7);GATE
Port:(296.3, 355.9)(300.4, 355.9)(300.4, 392.1)(296.3, 392.1);SD
Port:(497.3, 343.7)(497.3, 389.6)(497.2, 389.6)(497.2, 404.3)(301.4, 404.3)(301.4, 343.7);GATE
Port:(486.6, 348.8)(493.2, 348.8)(493.2, 384.5)(486.6, 384.5);SD
Module:M2
Boundary:(244.4, 415.4)(244.4, 516.2)(152.1, 516.2)(152.1, 415.4);GATE
Port:(152.1, 426.2)(157.4, 426.2)(157.4, 505.4)(152.1, 505.4);SD
Port:(244.4, 415.4)(244.4, 516.2)(158.6, 516.2)(158.6, 415.4);GATE
Port:(235.6, 420.5)(240.3, 420.5)(240.3, 511.1)(235.6, 511.1);SD
Module:M16
Boundary:(168.5, 289.8)(168.5, 379.6)(10.0, 379.6)(10.0, 289.8);GATE
Port:(10.0, 301.6)(14.7, 301.6)(14.7, 367.8)(10.0, 367.8);SD
Port:(168.5, 289.8)(168.5, 379.6)(15.9, 379.6)(15.9, 289.8);GATE
Port:(158.5, 295.3)(164.0, 295.3)(164.0, 374.1)(158.5, 374.1);SD
Module:M13
Boundary:(540.2, 10.0)(585.4, 10.0)(585.4, 10.3)(600.9, 10.3)(600.9, 175.6)(540.2, 175.6);GATE
Port:(551.9, 170.5)(589.2, 170.5)(589.2, 175.6)(551.9, 175.6);SD
Port:(540.2, 10.0)(585.4, 10.0)(585.4, 10.3)(600.9, 10.3)(600.9, 168.6)(540.2, 168.6);GATE
Port:(545.6, 14.4)(580.0, 14.4)(580.0, 18.8)(545.6, 18.8);SD
Module:M10
Boundary:(385.8, 232.1)(486.3, 232.1)(486.3, 232.6)(502.5, 232.6)(502.5, 322.1)(385.8, 322.1);GATE
Port:(400.0, 318.0)(488.3, 318.0)(488.3, 322.1)(400.0, 322.1);SD
Port:(385.8, 232.1)(486.3, 232.1)(486.3, 232.6)(502.5, 232.6)(502.5, 315.2)(385.8, 315.2);GATE
Port:(392.1, 237.4)(480.0, 237.4)(480.0, 244.0)(392.1, 244.0);SD
Module:M7
Boundary:(476.1, 434.3)(476.1, 513.7)(284.4, 513.7)(284.4, 434.3);GATE
Port:(284.4, 447.6)(289.5, 447.6)(289.5, 500.4)(284.4, 500.4);SD
Port:(476.1, 434.3)(476.1, 513.7)(291.4, 513.7)(291.4, 434.3);GATE
Port:(464.9, 441.1)(470.3, 441.1)(470.3, 506.9)(464.9, 506.9);SD
Module:M3
Boundary:(296.3, 243.9)(348.4, 243.9)(348.4, 244.2)(365.8, 244.2)(365.8, 323.7)(296.3, 323.7);GATE
Port:(310.0, 317.8)(352.1, 317.8)(352.1, 323.7)(310.0, 323.7);SD
Port:(296.3, 243.9)(348.4, 243.9)(348.4, 244.2)(365.8, 244.2)(365.8, 316.5)(296.3, 316.5);GATE
Port:(302.0, 248.6)(342.7, 248.6)(342.7, 254.2)(302.0, 254.2);SD
Module:M15
Boundary:(505.1, 125.9)(505.1, 195.1)(504.7, 195.1)(504.7, 212.1)(355.6, 212.1)(355.6, 125.9);GATE
Port:(355.6, 140.4)(360.2, 140.4)(360.2, 197.6)(355.6, 197.6);SD
Port:(505.1, 125.9)(505.1, 195.1)(504.7, 195.1)(504.7, 212.1)(362.0, 212.1)(362.0, 125.9);GATE
Port:(494.0, 132.7)(499.3, 132.7)(499.3, 188.3)(494.0, 188.3);SD
Module:M12
Boundary:(190.8, 166.0)(190.8, 252.7)(190.3, 252.7)(190.3, 269.8)(10.0, 269.8)(10.0, 166.0);GATE
Port:(10.0, 179.8)(15.8, 179.8)(15.8, 256.0)(10.0, 256.0);SD
Port:(190.8, 166.0)(190.8, 252.7)(190.3, 252.7)(190.3, 269.8)(17.3, 269.8)(17.3, 166.0);GATE
Port:(179.5, 171.9)(185.9, 171.9)(185.9, 246.8)(179.5, 246.8);SD
Module:M8
Boundary:(510.2, 20.0)(510.2, 95.9)(365.6, 95.9)(365.6, 20.0);GATE
Port:(365.6, 32.3)(370.5, 32.3)(370.5, 83.6)(365.6, 83.6);SD
Port:(510.2, 20.0)(510.2, 95.9)(373.5, 95.9)(373.5, 20.0);GATE
Port:(500.2, 26.5)(504.7, 26.5)(504.7, 89.4)(500.2, 89.4);SD
Module:M4
Boundary:(112.1, 409.6)(112.1, 516.8)(20.0, 516.8)(20.0, 409.6);GATE
Port:(20.0, 424.6)(25.1, 424.6)(25.1, 501.8)(20.0, 501.8);SD
Port:(112.1, 409.6)(112.1, 516.8)(28.1, 516.8)(28.1, 409.6);GATE
Port:(99.8, 416.6)(106.1, 416.6)(106.1, 509.8)(99.8, 509.8);SD
