Area:(-30.0, -30.0)(879.5, -30.0)(879.5, 515.1)(-30.0, 515.1)
Rule:GATE(5,5);SD(5,5);GATE_SD(0.5);GATE_ITO(0.5);SD_ITO(0.5)
Module:M14
Boundary:(821.8, 30.0)(821.8, 119.7)(821.6, 119.7)(821.6, 134.2)(667.5, 134.2)(667.5, 30.0);GATE
Port:(667.5, 42.7)(673.1, 42.7)(673.1, 121.5)(667.5, 121.5);SD
Port:(821.8, 30.0)(821.8, 119.7)(821.6, 119.7)(821.6, 134.2)(674.9, 134.2)(674.9, 30.0);GATE
Port:(811.5, 35.2)(817.6, 35.2)(817.6, 114.5)(811.5, 114.5);SD
Module:M9
Boundary:(159.2, 269.0)(251.5, 269.0)(251.5, 474.5)(159.2, 474.5);GATE
Port:(171.9, 468.6)(238.8, 468.6)(238.8, 474.5)(171.9, 474.5);SD
Port:(159.2, 269.0)(251.5, 269.0)(251.5, 466.3)(159.2, 466.3);GATE
Port:(164.2, 273.0)(246.5, 273.0)(246.5, 278.7)(164.2, 278.7);SD
Module:M5
Boundary:(526.3, 20.0)(617.5, 20.0)(617.5, 180.3)(526.3, 180.3);GATE
Port:(538.4, 175.6)(605.4, 175.6)(605.4, 180.3)(538.4, 180.3);SD
Port:(526.3, 20.0)(617.5, 20.0)(617.5, 173.7)(526.3, 173.7);GATE
Port:(532.4, 25.1)(611.4, 25.1)(611.4, 30.6)(532.4, 30.6);SD
Module:M11
Boundary:(232.5, 140.8)(232.5, 233.9)(232.1, 233.9)(232.1, 249.0)(159.2, 249.0)(159.2, 140.8);GATE
Port:(159.2, 153.8)(165.2, 153.8)(165.2, 236.0)(159.2, 236.0);SD
Port:(232.5, 140.8)(232.5, 233.9)(232.1, 233.9)(232.1, 249.0)(168.0, 249.0)(168.0, 140.8);GATE
Port:(221.5, 145.8)(228.5, 145.8)(228.5, 228.9)(221.5, 228.9);SD
Module:M1
Boundary:(464.9, 272.5)(464.9, 358.1)(464.8, 358.1)(464.8, 371.8)(291.5, 371.8)(291.5, 272.5);GATE
Port:(291.5, 284.7)(296.2, 284.7)(296.2, 359.6)(291.5, 359.6);SD
Port:(464.9, 272.5)(464.9, 358.1)(464.8, 358.1)(464.8, 371.8)(298.8, 371.8)(298.8, 272.5);GATE
Port:(454.5, 278.2)(460.2, 278.2)(460.2, 352.4)(454.5, 352.4);SD
Module:M6
Boundary:(10.0, 10.0)(57.9, 10.0)(57.9, 10.1)(72.3, 10.1)(72.3, 210.3)(10.0, 210.3);GATE
Port:(23.5, 204.7)(58.8, 204.7)(58.8, 210.3)(23.5, 210.3);SD
Port:(10.0, 10.0)(57.9, 10.0)(57.9, 10.1)(72.3, 10.1)(72.3, 202.7)(10.0, 202.7);GATE
Port:(16.4, 15.4)(51.5, 15.4)(51.5, 22.0)(16.4, 22.0);SD
Module:M2
Boundary:(429.0, 20.0)(486.3, 20.0)(486.3, 145.9)(429.0, 145.9);GATE
Port:(441.2, 141.8)(474.1, 141.8)(474.1, 145.9)(441.2, 145.9);SD
Port:(429.0, 20.0)(486.3, 20.0)(486.3, 139.8)(429.0, 139.8);GATE
Port:(434.1, 24.1)(481.2, 24.1)(481.2, 30.4)(434.1, 30.4);SD
Module:M16
Boundary:(10.0, 230.3)(119.7, 230.3)(119.7, 230.5)(138.2, 230.5)(138.2, 443.7)(10.0, 443.7);GATE
Port:(23.9, 439.5)(124.3, 439.5)(124.3, 443.7)(23.9, 443.7);SD
Port:(10.0, 230.3)(119.7, 230.3)(119.7, 230.5)(138.2, 230.5)(138.2, 437.1)(10.0, 437.1);GATE
Port:(15.3, 234.6)(114.4, 234.6)(114.4, 241.2)(15.3, 241.2);SD
Module:M13
Boundary:(728.6, 174.2)(839.5, 174.2)(839.5, 322.7)(728.6, 322.7);GATE
Port:(743.0, 317.6)(825.1, 317.6)(825.1, 322.7)(743.0, 322.7);SD
Port:(728.6, 174.2)(839.5, 174.2)(839.5, 314.6)(728.6, 314.6);GATE
Port:(735.6, 180.2)(832.5, 180.2)(832.5, 186.5)(735.6, 186.5);SD
Module:M10
Boundary:(92.3, 10.0)(139.2, 10.0)(139.2, 118.0)(92.3, 118.0);GATE
Port:(104.4, 113.6)(127.1, 113.6)(127.1, 118.0)(104.4, 118.0);SD
Port:(92.3, 10.0)(139.2, 10.0)(139.2, 112.1)(92.3, 112.1);GATE
Port:(98.3, 15.0)(133.2, 15.0)(133.2, 20.4)(98.3, 20.4);SD
Module:M7
Boundary:(387.0, 150.8)(387.0, 222.5)(262.5, 222.5)(262.5, 150.8);GATE
Port:(262.5, 165.8)(267.0, 165.8)(267.0, 207.5)(262.5, 207.5);SD
Port:(387.0, 150.8)(387.0, 222.5)(268.6, 222.5)(268.6, 150.8);GATE
Port:(375.3, 157.4)(381.4, 157.4)(381.4, 215.9)(375.3, 215.9);SD
Module:M3
Boundary:(449.8, 411.8)(449.8, 459.9)(449.8, 459.9)(449.8, 475.1)(271.5, 475.1)(271.5, 411.8);GATE
Port:(271.5, 424.6)(276.0, 424.6)(276.0, 462.3)(271.5, 462.3);SD
Port:(449.8, 411.8)(449.8, 459.9)(449.8, 459.9)(449.8, 475.1)(277.5, 475.1)(277.5, 411.8);GATE
Port:(438.7, 417.4)(445.2, 417.4)(445.2, 454.3)(438.7, 454.3);SD
Module:M15
Boundary:(708.6, 210.3)(708.6, 293.7)(516.3, 293.7)(516.3, 210.3);GATE
Port:(516.3, 223.3)(521.1, 223.3)(521.1, 280.7)(516.3, 280.7);SD
Port:(708.6, 210.3)(708.6, 293.7)(523.7, 293.7)(523.7, 210.3);GATE
Port:(698.0, 215.6)(704.3, 215.6)(704.3, 288.4)(698.0, 288.4);SD
Module:M12
Boundary:(516.3, 313.7)(581.7, 313.7)(581.7, 314.1)(598.1, 314.1)(598.1, 456.9)(516.3, 456.9);GATE
Port:(529.1, 452.0)(585.3, 452.0)(585.3, 456.9)(529.1, 456.9);SD
Port:(516.3, 313.7)(581.7, 313.7)(581.7, 314.1)(598.1, 314.1)(598.1, 449.0)(516.3, 449.0);GATE
Port:(522.2, 318.6)(575.8, 318.6)(575.8, 323.8)(522.2, 323.8);SD
Module:M8
Boundary:(389.0, 20.0)(389.0, 92.1)(388.8, 92.1)(388.8, 110.8)(169.2, 110.8)(169.2, 20.0);GATE
Port:(169.2, 33.5)(175.2, 33.5)(175.2, 97.3)(169.2, 97.3);SD
Port:(389.0, 20.0)(389.0, 92.1)(388.8, 92.1)(388.8, 110.8)(177.7, 110.8)(177.7, 20.0);GATE
Port:(378.6, 25.4)(384.6, 25.4)(384.6, 86.7)(378.6, 86.7);SD
Module:M4
Boundary:(822.2, 352.7)(822.2, 433.2)(822.0, 433.2)(822.0, 449.3)(628.1, 449.3)(628.1, 352.7);GATE
Port:(628.1, 365.5)(632.7, 365.5)(632.7, 436.5)(628.1, 436.5);SD
Port:(822.2, 352.7)(822.2, 433.2)(822.0, 433.2)(822.0, 449.3)(635.1, 449.3)(635.1, 352.7);GATE
Port:(812.2, 358.0)(817.9, 358.0)(817.9, 427.9)(812.2, 427.9);SD
