Area:(-30.0, -30.0)(522.3, -30.0)(522.3, 721.7)(-30.0, 721.7)
Rule:GATE(5,5);SD(5,5);GATE_SD(0.5);GATE_ITO(0.5);SD_ITO(0.5)
Module:M14
Boundary:(363.0, 434.1)(363.0, 516.1)(362.8, 516.1)(362.8, 531.4)(154.4, 531.4)(154.4, 434.1);GATE
Port:(154.4, 448.4)(160.4, 448.4)(160.4, 517.1)(154.4, 517.1);SD
Port:(363.0, 434.1)(363.0, 516.1)(362.8, 516.1)(362.8, 531.4)(162.6, 531.4)(162.6, 434.1);GATE
Port:(350.7, 440.8)(357.3, 440.8)(357.3, 509.4)(350.7, 509.4);SD
Module:M9
Boundary:(141.8, 192.3)(183.1, 192.3)(183.1, 192.3)(196.4, 192.3)(196.4, 262.4)(141.8, 262.4);GATE
Port:(152.6, 257.4)(185.6, 257.4)(185.6, 262.4)(152.6, 262.4);SD
Port:(141.8, 192.3)(183.1, 192.3)(183.1, 192.3)(196.4, 192.3)(196.4, 255.7)(141.8, 255.7);GATE
Port:(147.1, 196.6)(177.8, 196.6)(177.8, 201.3)(147.1, 201.3);SD
Module:M5
Boundary:(20.0, 20.0)(111.8, 20.0)(111.8, 221.0)(20.0, 221.0);GATE
Port:(32.1, 216.7)(99.7, 216.7)(99.7, 221.0)(32.1, 221.0);SD
Port:(20.0, 20.0)(111.8, 20.0)(111.8, 214.3)(20.0, 214.3);GATE
Port:(25.8, 24.8)(106.0, 24.8)(106.0, 29.0)(25.8, 29.0);SD
Module:M11
Boundary:(114.4, 332.6)(114.4, 365.0)(114.4, 365.0)(114.4, 382.3)(10.0, 382.3)(10.0, 332.6);GATE
Port:(10.0, 345.0)(15.9, 345.0)(15.9, 369.9)(10.0, 369.9);SD
Port:(114.4, 332.6)(114.4, 365.0)(114.4, 365.0)(114.4, 382.3)(18.1, 382.3)(18.1, 332.6);GATE
Port:(105.1, 338.1)(109.9, 338.1)(109.9, 359.5)(105.1, 359.5);SD
Module:M1
Boundary:(369.8, 30.0)(434.0, 30.0)(434.0, 30.0)(450.2, 30.0)(450.2, 141.0)(369.8, 141.0);GATE
Port:(382.1, 136.8)(437.9, 136.8)(437.9, 141.0)(382.1, 141.0);SD
Port:(369.8, 30.0)(434.0, 30.0)(434.0, 30.0)(450.2, 30.0)(450.2, 135.7)(369.8, 135.7);GATE
Port:(375.4, 34.6)(428.4, 34.6)(428.4, 39.8)(375.4, 39.8);SD
Module:M6
Boundary:(403.0, 478.5)(479.4, 478.5)(479.4, 668.7)(403.0, 668.7);GATE
Port:(416.1, 664.3)(466.3, 664.3)(466.3, 668.7)(416.1, 668.7);SD
Port:(403.0, 478.5)(479.4, 478.5)(479.4, 661.5)(403.0, 661.5);GATE
Port:(409.3, 483.8)(473.1, 483.8)(473.1, 490.0)(409.3, 490.0);SD
Module:M2
Boundary:(20.0, 412.3)(81.6, 412.3)(81.6, 412.7)(96.5, 412.7)(96.5, 521.1)(20.0, 521.1);GATE
Port:(32.7, 516.9)(83.8, 516.9)(83.8, 521.1)(32.7, 521.1);SD
Port:(20.0, 412.3)(81.6, 412.3)(81.6, 412.7)(96.5, 412.7)(96.5, 515.4)(20.0, 515.4);GATE
Port:(25.8, 417.1)(75.8, 417.1)(75.8, 422.7)(25.8, 422.7);SD
Module:M16
Boundary:(407.4, 181.0)(452.8, 181.0)(452.8, 181.3)(468.3, 181.3)(468.3, 343.7)(407.4, 343.7);GATE
Port:(418.9, 338.8)(456.8, 338.8)(456.8, 343.7)(418.9, 343.7);SD
Port:(407.4, 181.0)(452.8, 181.0)(452.8, 181.3)(468.3, 181.3)(468.3, 336.0)(407.4, 336.0);GATE
Port:(412.8, 185.4)(447.4, 185.4)(447.4, 189.8)(412.8, 189.8);SD
Module:M13
Boundary:(482.3, 363.7)(482.3, 442.9)(482.1, 442.9)(482.1, 458.5)(407.4, 458.5)(407.4, 363.7);GATE
Port:(407.4, 376.0)(413.0, 376.0)(413.0, 446.2)(407.4, 446.2);SD
Port:(482.3, 363.7)(482.3, 442.9)(482.1, 442.9)(482.1, 458.5)(414.3, 458.5)(414.3, 363.7);GATE
Port:(472.3, 370.3)(476.7, 370.3)(476.7, 436.3)(472.3, 436.3);SD
Module:M10
Boundary:(10.0, 551.1)(94.8, 551.1)(94.8, 551.4)(111.5, 551.4)(111.5, 681.7)(10.0, 681.7);GATE
Port:(23.6, 675.8)(97.9, 675.8)(97.9, 681.7)(23.6, 681.7);SD
Port:(10.0, 551.1)(94.8, 551.1)(94.8, 551.4)(111.5, 551.4)(111.5, 674.4)(10.0, 674.4);GATE
Port:(15.5, 555.6)(89.3, 555.6)(89.3, 562.0)(15.5, 562.0);SD
Module:M7
Boundary:(369.2, 581.4)(369.2, 657.4)(369.2, 657.4)(369.2, 671.4)(141.5, 671.4)(141.5, 581.4);GATE
Port:(141.5, 594.9)(147.2, 594.9)(147.2, 657.9)(141.5, 657.9);SD
Port:(369.2, 581.4)(369.2, 657.4)(369.2, 657.4)(369.2, 671.4)(148.7, 671.4)(148.7, 581.4);GATE
Port:(357.5, 588.0)(363.6, 588.0)(363.6, 650.8)(357.5, 650.8);SD
Module:M3
Boundary:(358.9, 201.9)(358.9, 259.5)(358.8, 259.5)(358.8, 272.8)(216.4, 272.8)(216.4, 201.9);GATE
Port:(216.4, 214.4)(221.7, 214.4)(221.7, 260.3)(216.4, 260.3);SD
Port:(358.9, 201.9)(358.9, 259.5)(358.8, 259.5)(358.8, 272.8)(223.8, 272.8)(223.8, 201.9);GATE
Port:(348.4, 207.6)(354.2, 207.6)(354.2, 253.8)(348.4, 253.8);SD
Module:M15
Boundary:(119.1, 251.0)(119.1, 297.9)(119.0, 297.9)(119.0, 312.6)(10.0, 312.6)(10.0, 251.0);GATE
Port:(10.0, 264.1)(15.7, 264.1)(15.7, 299.5)(10.0, 299.5);SD
Port:(119.1, 251.0)(119.1, 297.9)(119.0, 297.9)(119.0, 312.6)(18.0, 312.6)(18.0, 251.0);GATE
Port:(108.0, 257.0)(114.1, 257.0)(114.1, 291.9)(108.0, 291.9);SD
Module:M12
Boundary:(141.8, 10.0)(226.5, 10.0)(226.5, 172.3)(141.8, 172.3);GATE
Port:(156.9, 167.0)(211.4, 167.0)(211.4, 172.3)(156.9, 172.3);SD
Port:(141.8, 10.0)(226.5, 10.0)(226.5, 164.8)(141.8, 164.8);GATE
Port:(148.7, 15.9)(219.6, 15.9)(219.6, 22.8)(148.7, 22.8);SD
Module:M8
Boundary:(256.5, 20.0)(305.3, 20.0)(305.3, 20.3)(319.8, 20.3)(319.8, 171.9)(256.5, 171.9);GATE
Port:(270.3, 167.8)(306.0, 167.8)(306.0, 171.9)(270.3, 171.9);SD
Port:(256.5, 20.0)(305.3, 20.0)(305.3, 20.3)(319.8, 20.3)(319.8, 166.7)(256.5, 166.7);GATE
Port:(262.5, 25.0)(299.3, 25.0)(299.3, 31.8)(262.5, 31.8);SD
Module:M4
Boundary:(377.4, 302.8)(377.4, 384.1)(151.8, 384.1)(151.8, 302.8);GATE
Port:(151.8, 317.7)(156.9, 317.7)(156.9, 369.2)(151.8, 369.2);SD
Port:(377.4, 302.8)(377.4, 384.1)(158.8, 384.1)(158.8, 302.8);GATE
Port:(364.6, 309.3)(371.9, 309.3)(371.9, 377.6)(364.6, 377.6);SD
