Area:(-30.0, -30.0)(983.6, -30.0)(983.6, 423.2)(-30.0, 423.2)
Rule:GATE(5,5);SD(5,5);GATE_SD(0.5);GATE_ITO(0.5);SD_ITO(0.5)
Module:M14
Boundary:(208.7, 270.1)(208.7, 361.7)(30.0, 361.7)(30.0, 270.1);GATE
Port:(30.0, 284.3)(36.0, 284.3)(36.0, 347.5)(30.0, 347.5);SD
Port:(208.7, 270.1)(208.7, 361.7)(38.3, 361.7)(38.3, 270.1);GATE
Port:(198.0, 276.8)(203.0, 276.8)(203.0, 355.0)(198.0, 355.0);SD
Module:M9
Boundary:(833.4, 10.0)(931.5, 10.0)(931.5, 111.9)(833.4, 111.9);GATE
Port:(844.2, 106.7)(920.7, 106.7)(920.7, 111.9)(844.2, 111.9);SD
Port:(833.4, 10.0)(931.5, 10.0)(931.5, 103.9)(833.4, 103.9);GATE
Port:(838.9, 14.5)(926.0, 14.5)(926.0, 18.9)(838.9, 18.9);SD
Module:M5
Boundary:(930.1, 243.7)(930.1, 351.4)(929.8, 351.4)(929.8, 369.1)(755.1, 369.1)(755.1, 243.7);GATE
Port:(755.1, 258.2)(759.9, 258.2)(759.9, 354.6)(755.1, 354.6);SD
Port:(930.1, 243.7)(930.1, 351.4)(929.8, 351.4)(929.8, 369.1)(762.4, 369.1)(762.4, 243.7);GATE
Port:(918.6, 249.9)(924.9, 249.9)(924.9, 345.2)(918.6, 345.2);SD
Module:M11
Boundary:(161.8, 10.0)(210.9, 10.0)(210.9, 10.0)(227.0, 10.0)(227.0, 100.7)(161.8, 100.7);GATE
Port:(174.7, 94.9)(214.1, 94.9)(214.1, 100.7)(174.7, 100.7);SD
Port:(161.8, 10.0)(210.9, 10.0)(210.9, 10.0)(227.0, 10.0)(227.0, 93.5)(161.8, 93.5);GATE
Port:(167.5, 14.7)(205.2, 14.7)(205.2, 20.2)(167.5, 20.2);SD
Module:M1
Boundary:(358.2, 204.9)(464.9, 204.9)(464.9, 314.1)(358.2, 314.1);GATE
Port:(373.0, 309.1)(450.1, 309.1)(450.1, 314.1)(373.0, 314.1);SD
Port:(358.2, 204.9)(464.9, 204.9)(464.9, 307.6)(358.2, 307.6);GATE
Port:(364.5, 210.2)(458.6, 210.2)(458.6, 216.6)(364.5, 216.6);SD
Module:M6
Boundary:(248.7, 152.7)(283.8, 152.7)(283.8, 152.9)(299.5, 152.9)(299.5, 285.9)(248.7, 285.9);GATE
Port:(263.2, 281.7)(285.0, 281.7)(285.0, 285.9)(263.2, 285.9);SD
Port:(248.7, 152.7)(283.8, 152.7)(283.8, 152.9)(299.5, 152.9)(299.5, 279.4)(248.7, 279.4);GATE
Port:(255.3, 158.3)(277.2, 158.3)(277.2, 164.7)(255.3, 164.7);SD
Module:M2
Boundary:(715.1, 20.0)(715.1, 73.9)(715.1, 73.9)(715.1, 91.7)(514.9, 91.7)(514.9, 20.0);GATE
Port:(514.9, 34.2)(520.5, 34.2)(520.5, 77.5)(514.9, 77.5);SD
Port:(715.1, 20.0)(715.1, 73.9)(715.1, 73.9)(715.1, 91.7)(521.9, 91.7)(521.9, 20.0);GATE
Port:(703.9, 26.2)(709.9, 26.2)(709.9, 67.7)(703.9, 67.7);SD
Module:M16
Boundary:(248.7, 305.9)(304.8, 305.9)(304.8, 305.9)(318.2, 305.9)(318.2, 383.2)(248.7, 383.2);GATE
Port:(260.2, 377.7)(306.7, 377.7)(306.7, 383.2)(260.2, 383.2);SD
Port:(248.7, 305.9)(304.8, 305.9)(304.8, 305.9)(318.2, 305.9)(318.2, 375.2)(248.7, 375.2);GATE
Port:(254.0, 310.2)(299.5, 310.2)(299.5, 315.6)(254.0, 315.6);SD
Module:M13
Boundary:(943.6, 131.9)(943.6, 200.7)(943.5, 200.7)(943.5, 213.7)(833.4, 213.7)(833.4, 131.9);GATE
Port:(833.4, 143.7)(838.0, 143.7)(838.0, 201.9)(833.4, 201.9);SD
Port:(943.6, 131.9)(943.6, 200.7)(943.5, 200.7)(943.5, 213.7)(839.9, 213.7)(839.9, 131.9);GATE
Port:(933.5, 137.2)(939.3, 137.2)(939.3, 195.4)(933.5, 195.4);SD
Module:M10
Boundary:(222.2, 149.5)(222.2, 214.3)(222.1, 214.3)(222.1, 230.1)(10.0, 230.1)(10.0, 149.5);GATE
Port:(10.0, 163.0)(15.5, 163.0)(15.5, 216.6)(10.0, 216.6);SD
Port:(222.2, 149.5)(222.2, 214.3)(222.1, 214.3)(222.1, 230.1)(17.8, 230.1)(17.8, 149.5);GATE
Port:(211.6, 155.7)(217.0, 155.7)(217.0, 208.1)(211.6, 208.1);SD
Module:M7
Boundary:(20.0, 20.0)(113.5, 20.0)(113.5, 20.5)(131.8, 20.5)(131.8, 119.5)(20.0, 119.5);GATE
Port:(35.5, 114.9)(116.3, 114.9)(116.3, 119.5)(35.5, 119.5);SD
Port:(20.0, 20.0)(113.5, 20.0)(113.5, 20.5)(131.8, 20.5)(131.8, 112.3)(20.0, 112.3);GATE
Port:(26.1, 25.1)(107.4, 25.1)(107.4, 32.6)(26.1, 32.6);SD
Module:M3
Boundary:(373.5, 10.0)(373.5, 115.8)(373.3, 115.8)(373.3, 132.7)(247.0, 132.7)(247.0, 10.0);GATE
Port:(247.0, 25.3)(252.2, 25.3)(252.2, 117.4)(247.0, 117.4);SD
Port:(373.5, 10.0)(373.5, 115.8)(373.3, 115.8)(373.3, 132.7)(254.1, 132.7)(254.1, 10.0);GATE
Port:(360.5, 16.7)(367.8, 16.7)(367.8, 109.1)(360.5, 109.1);SD
Module:M15
Boundary:(393.5, 10.0)(483.3, 10.0)(483.3, 164.9)(393.5, 164.9);GATE
Port:(407.2, 159.9)(469.6, 159.9)(469.6, 164.9)(407.2, 164.9);SD
Port:(393.5, 10.0)(483.3, 10.0)(483.3, 157.4)(393.5, 157.4);GATE
Port:(400.1, 15.6)(476.7, 15.6)(476.7, 20.2)(400.1, 20.2);SD
Module:M12
Boundary:(745.1, 10.0)(813.4, 10.0)(813.4, 209.3)(745.1, 209.3);GATE
Port:(760.4, 203.8)(798.1, 203.8)(798.1, 209.3)(760.4, 209.3);SD
Port:(745.1, 10.0)(813.4, 10.0)(813.4, 202.5)(745.1, 202.5);GATE
Port:(752.1, 16.0)(806.4, 16.0)(806.4, 22.7)(752.1, 22.7);SD
Module:M8
Boundary:(601.5, 131.7)(695.4, 131.7)(695.4, 132.1)(710.8, 132.1)(710.8, 356.2)(601.5, 356.2);GATE
Port:(614.0, 352.0)(698.3, 352.0)(698.3, 356.2)(614.0, 356.2);SD
Port:(601.5, 131.7)(695.4, 131.7)(695.4, 132.1)(710.8, 132.1)(710.8, 349.4)(601.5, 349.4);GATE
Port:(606.6, 135.8)(690.3, 135.8)(690.3, 141.9)(606.6, 141.9);SD
Module:M4
Boundary:(514.9, 131.7)(546.7, 131.7)(546.7, 131.7)(561.5, 131.7)(561.5, 301.9)(514.9, 301.9);GATE
Port:(527.2, 296.3)(549.2, 296.3)(549.2, 301.9)(527.2, 301.9);SD
Port:(514.9, 131.7)(546.7, 131.7)(546.7, 131.7)(561.5, 131.7)(561.5, 295.1)(514.9, 295.1);GATE
Port:(520.1, 135.9)(541.5, 135.9)(541.5, 142.1)(520.1, 142.1);SD
