Area:(-30.0, -30.0)(706.2, -30.0)(706.2, 586.3)(-30.0, 586.3)
Rule:GATE(5,5);SD(5,5);GATE_SD(0.5);GATE_ITO(0.5);SD_ITO(0.5)
Module:M14
Boundary:(346.1, 358.7)(346.1, 421.2)(241.9, 421.2)(241.9, 358.7);GATE
Port:(241.9, 371.5)(247.5, 371.5)(247.5, 408.4)(241.9, 408.4);SD
Port:(346.1, 358.7)(346.1, 421.2)(248.5, 421.2)(248.5, 358.7);GATE
Port:(335.7, 364.3)(341.5, 364.3)(341.5, 415.6)(335.7, 415.6);SD
Module:M9
Boundary:(10.0, 279.3)(93.3, 279.3)(93.3, 419.6)(10.0, 419.6);GATE
Port:(21.9, 415.3)(81.4, 415.3)(81.4, 419.6)(21.9, 419.6);SD
Port:(10.0, 279.3)(93.3, 279.3)(93.3, 412.8)(10.0, 412.8);GATE
Port:(15.7, 284.0)(87.6, 284.0)(87.6, 288.1)(15.7, 288.1);SD
Module:M5
Boundary:(191.9, 175.4)(191.9, 231.1)(191.8, 231.1)(191.8, 249.3)(20.0, 249.3)(20.0, 175.4);GATE
Port:(20.0, 190.5)(24.0, 190.5)(24.0, 234.2)(20.0, 234.2);SD
Port:(191.9, 175.4)(191.9, 231.1)(191.8, 231.1)(191.8, 249.3)(26.6, 249.3)(26.6, 175.4);GATE
Port:(180.2, 181.3)(187.0, 181.3)(187.0, 225.2)(180.2, 225.2);SD
Module:M11
Boundary:(398.5, 461.2)(398.5, 546.3)(219.8, 546.3)(219.8, 461.2);GATE
Port:(219.8, 471.9)(224.8, 471.9)(224.8, 535.6)(219.8, 535.6);SD
Port:(398.5, 461.2)(398.5, 546.3)(225.9, 546.3)(225.9, 461.2);GATE
Port:(390.1, 466.4)(394.3, 466.4)(394.3, 541.1)(390.1, 541.1);SD
Module:M1
Boundary:(544.2, 30.0)(645.3, 30.0)(645.3, 212.9)(544.2, 212.9);GATE
Port:(557.3, 207.0)(632.2, 207.0)(632.2, 212.9)(557.3, 212.9);SD
Port:(544.2, 30.0)(645.3, 30.0)(645.3, 204.5)(544.2, 204.5);GATE
Port:(550.1, 34.9)(639.4, 34.9)(639.4, 41.6)(550.1, 41.6);SD
Module:M6
Boundary:(199.8, 441.3)(199.8, 533.0)(10.0, 533.0)(10.0, 441.3);GATE
Port:(10.0, 456.4)(15.0, 456.4)(15.0, 517.9)(10.0, 517.9);SD
Port:(199.8, 441.3)(199.8, 533.0)(18.0, 533.0)(18.0, 441.3);GATE
Port:(188.1, 447.7)(194.4, 447.7)(194.4, 526.6)(188.1, 526.6);SD
Module:M2
Boundary:(577.4, 295.2)(577.4, 387.3)(398.0, 387.3)(398.0, 295.2);GATE
Port:(398.0, 308.1)(402.5, 308.1)(402.5, 374.4)(398.0, 374.4);SD
Port:(577.4, 295.2)(577.4, 387.3)(404.0, 387.3)(404.0, 295.2);GATE
Port:(566.4, 301.1)(572.5, 301.1)(572.5, 381.4)(566.4, 381.4);SD
Module:M16
Boundary:(577.1, 417.3)(577.1, 515.9)(576.6, 515.9)(576.6, 532.1)(418.5, 532.1)(418.5, 417.3);GATE
Port:(418.5, 431.0)(423.3, 431.0)(423.3, 518.4)(418.5, 518.4);SD
Port:(577.1, 417.3)(577.1, 515.9)(576.6, 515.9)(576.6, 532.1)(425.4, 532.1)(425.4, 417.3);GATE
Port:(565.9, 422.7)(572.7, 422.7)(572.7, 510.5)(565.9, 510.5);SD
Module:M13
Boundary:(298.7, 10.0)(368.2, 10.0)(368.2, 10.1)(385.8, 10.1)(385.8, 196.5)(298.7, 196.5);GATE
Port:(312.2, 191.2)(372.3, 191.2)(372.3, 196.5)(312.2, 196.5);SD
Port:(298.7, 10.0)(368.2, 10.0)(368.2, 10.1)(385.8, 10.1)(385.8, 189.6)(298.7, 189.6);GATE
Port:(304.6, 14.9)(362.3, 14.9)(362.3, 20.0)(304.6, 20.0);SD
Module:M10
Boundary:(231.9, 10.0)(278.7, 10.0)(278.7, 175.5)(231.9, 175.5);GATE
Port:(245.0, 171.2)(265.6, 171.2)(265.6, 175.5)(245.0, 175.5);SD
Port:(231.9, 10.0)(278.7, 10.0)(278.7, 170.0)(231.9, 170.0);GATE
Port:(237.4, 14.5)(273.2, 14.5)(273.2, 20.4)(237.4, 20.4);SD
Module:M7
Boundary:(231.9, 226.5)(358.0, 226.5)(358.0, 308.7)(231.9, 308.7);GATE
Port:(246.2, 303.2)(343.7, 303.2)(343.7, 308.7)(246.2, 308.7);SD
Port:(231.9, 226.5)(358.0, 226.5)(358.0, 300.5)(231.9, 300.5);GATE
Port:(237.0, 230.6)(352.9, 230.6)(352.9, 238.2)(237.0, 238.2);SD
Module:M3
Boundary:(405.8, 10.0)(504.2, 10.0)(504.2, 142.7)(405.8, 142.7);GATE
Port:(419.9, 138.0)(490.1, 138.0)(490.1, 142.7)(419.9, 142.7);SD
Port:(405.8, 10.0)(504.2, 10.0)(504.2, 136.4)(405.8, 136.4);GATE
Port:(412.8, 16.0)(497.2, 16.0)(497.2, 21.7)(412.8, 21.7);SD
Module:M15
Boundary:(504.2, 162.7)(504.2, 265.2)(405.8, 265.2)(405.8, 162.7);GATE
Port:(405.8, 176.3)(410.3, 176.3)(410.3, 251.6)(405.8, 251.6);SD
Port:(504.2, 162.7)(504.2, 265.2)(412.5, 265.2)(412.5, 162.7);GATE
Port:(493.0, 168.7)(499.2, 168.7)(499.2, 259.2)(493.0, 259.2);SD
Module:M12
Boundary:(607.4, 252.9)(666.2, 252.9)(666.2, 452.8)(607.4, 452.8);GATE
Port:(619.0, 448.6)(654.6, 448.6)(654.6, 452.8)(619.0, 452.8);SD
Port:(607.4, 252.9)(666.2, 252.9)(666.2, 446.3)(607.4, 446.3);GATE
Port:(613.1, 257.6)(660.5, 257.6)(660.5, 262.6)(613.1, 262.6);SD
Module:M8
Boundary:(123.3, 289.3)(180.3, 289.3)(180.3, 411.3)(123.3, 411.3);GATE
Port:(138.7, 406.9)(164.9, 406.9)(164.9, 411.3)(138.7, 411.3);SD
Port:(123.3, 289.3)(180.3, 289.3)(180.3, 405.7)(123.3, 405.7);GATE
Port:(129.5, 294.5)(174.1, 294.5)(174.1, 301.7)(129.5, 301.7);SD
Module:M4
Boundary:(201.9, 20.0)(201.9, 135.4)(20.0, 135.4)(20.0, 20.0);GATE
Port:(20.0, 35.1)(24.7, 35.1)(24.7, 120.3)(20.0, 120.3);SD
Port:(201.9, 20.0)(201.9, 135.4)(26.4, 135.4)(26.4, 20.0);GATE
Port:(189.9, 26.9)(196.0, 26.9)(196.0, 128.5)(189.9, 128.5);SD
