Area:(-30.0, -30.0)(831.6, -30.0)(831.6, 388.1)(-30.0, 388.1)
Rule:GATE(5,5);SD(5,5);GATE_SD(0.5);GATE_ITO(0.5);SD_ITO(0.5)
Module:M14
Boundary:(30.0, 254.1)(105.2, 254.1)(105.2, 326.1)(30.0, 326.1);GATE
Port:(42.2, 320.3)(93.0, 320.3)(93.0, 326.1)(42.2, 326.1);SD
Port:(30.0, 254.1)(105.2, 254.1)(105.2, 317.8)(30.0, 317.8);GATE
Port:(35.4, 258.5)(99.8, 258.5)(99.8, 264.0)(35.4, 264.0);SD
Module:M9
Boundary:(396.5, 10.0)(449.1, 10.0)(449.1, 10.1)(467.5, 10.1)(467.5, 106.0)(396.5, 106.0);GATE
Port:(409.9, 100.1)(454.1, 100.1)(454.1, 106.0)(409.9, 106.0);SD
Port:(396.5, 10.0)(449.1, 10.0)(449.1, 10.1)(467.5, 10.1)(467.5, 97.4)(396.5, 97.4);GATE
Port:(401.7, 14.2)(443.9, 14.2)(443.9, 20.3)(401.7, 20.3);SD
Module:M5
Boundary:(206.4, 128.7)(305.4, 128.7)(305.4, 129.2)(321.8, 129.2)(321.8, 236.5)(206.4, 236.5);GATE
Port:(220.0, 230.6)(308.2, 230.6)(308.2, 236.5)(220.0, 236.5);SD
Port:(206.4, 128.7)(305.4, 128.7)(305.4, 129.2)(321.8, 129.2)(321.8, 227.6)(206.4, 227.6);GATE
Port:(212.7, 134.0)(299.1, 134.0)(299.1, 139.2)(212.7, 139.2);SD
Module:M11
Boundary:(327.4, 266.5)(327.4, 339.2)(145.2, 339.2)(145.2, 266.5);GATE
Port:(145.2, 281.2)(149.2, 281.2)(149.2, 324.5)(145.2, 324.5);SD
Port:(327.4, 266.5)(327.4, 339.2)(150.2, 339.2)(150.2, 266.5);GATE
Port:(315.7, 273.3)(321.6, 273.3)(321.6, 332.4)(315.7, 332.4);SD
Module:M1
Boundary:(371.8, 146.0)(440.5, 146.0)(440.5, 252.5)(371.8, 252.5);GATE
Port:(385.5, 246.7)(426.8, 246.7)(426.8, 252.5)(385.5, 252.5);SD
Port:(371.8, 146.0)(440.5, 146.0)(440.5, 244.5)(371.8, 244.5);GATE
Port:(377.8, 151.0)(434.5, 151.0)(434.5, 156.6)(377.8, 156.6);SD
Module:M6
Boundary:(112.6, 10.0)(112.6, 95.6)(10.0, 95.6)(10.0, 10.0);GATE
Port:(10.0, 24.1)(14.9, 24.1)(14.9, 81.5)(10.0, 81.5);SD
Port:(112.6, 10.0)(112.6, 95.6)(16.7, 95.6)(16.7, 10.0);GATE
Port:(100.5, 15.5)(108.1, 15.5)(108.1, 90.1)(100.5, 90.1);SD
Module:M2
Boundary:(694.5, 20.0)(694.5, 88.8)(694.4, 88.8)(694.4, 102.2)(497.5, 102.2)(497.5, 20.0);GATE
Port:(497.5, 30.8)(502.4, 30.8)(502.4, 91.4)(497.5, 91.4);SD
Port:(694.5, 20.0)(694.5, 88.8)(694.4, 88.8)(694.4, 102.2)(504.5, 102.2)(504.5, 20.0);GATE
Port:(685.3, 26.0)(689.5, 26.0)(689.5, 82.8)(685.3, 82.8);SD
Module:M16
Boundary:(584.2, 276.7)(645.4, 276.7)(645.4, 276.9)(659.6, 276.9)(659.6, 348.1)(584.2, 348.1);GATE
Port:(597.4, 343.4)(646.4, 343.4)(646.4, 348.1)(597.4, 348.1);SD
Port:(584.2, 276.7)(645.4, 276.7)(645.4, 276.9)(659.6, 276.9)(659.6, 342.2)(584.2, 342.2);GATE
Port:(589.9, 281.4)(639.7, 281.4)(639.7, 288.3)(589.9, 288.3);SD
Module:M13
Boundary:(691.2, 132.2)(691.2, 256.7)(584.2, 256.7)(584.2, 132.2);GATE
Port:(584.2, 145.6)(588.9, 145.6)(588.9, 243.3)(584.2, 243.3);SD
Port:(691.2, 132.2)(691.2, 256.7)(590.0, 256.7)(590.0, 132.2);GATE
Port:(681.1, 138.4)(686.0, 138.4)(686.0, 250.5)(681.1, 250.5);SD
Module:M10
Boundary:(176.4, 115.6)(176.4, 214.1)(10.0, 214.1)(10.0, 115.6);GATE
Port:(10.0, 128.7)(14.0, 128.7)(14.0, 201.0)(10.0, 201.0);SD
Port:(176.4, 115.6)(176.4, 214.1)(15.9, 214.1)(15.9, 115.6);GATE
Port:(166.8, 121.7)(171.3, 121.7)(171.3, 208.0)(166.8, 208.0);SD
Module:M7
Boundary:(721.2, 205.9)(786.7, 205.9)(786.7, 334.2)(721.2, 334.2);GATE
Port:(735.2, 330.1)(772.7, 330.1)(772.7, 334.2)(735.2, 334.2);SD
Port:(721.2, 205.9)(786.7, 205.9)(786.7, 327.3)(721.2, 327.3);GATE
Port:(726.9, 210.6)(781.0, 210.6)(781.0, 217.8)(726.9, 217.8);SD
Module:M3
Boundary:(724.5, 10.0)(775.2, 10.0)(775.2, 10.2)(791.6, 10.2)(791.6, 175.9)(724.5, 175.9);GATE
Port:(738.6, 170.0)(777.5, 170.0)(777.5, 175.9)(738.6, 175.9);SD
Port:(724.5, 10.0)(775.2, 10.0)(775.2, 10.2)(791.6, 10.2)(791.6, 168.8)(724.5, 168.8);GATE
Port:(730.5, 15.0)(769.2, 15.0)(769.2, 21.2)(730.5, 21.2);SD
Module:M15
Boundary:(480.5, 132.2)(546.8, 132.2)(546.8, 132.5)(564.2, 132.5)(564.2, 260.5)(480.5, 260.5);GATE
Port:(492.6, 256.1)(552.1, 256.1)(552.1, 260.5)(492.6, 260.5);SD
Port:(480.5, 132.2)(546.8, 132.2)(546.8, 132.5)(564.2, 132.5)(564.2, 253.4)(480.5, 253.4);GATE
Port:(485.7, 136.4)(541.6, 136.4)(541.6, 141.0)(485.7, 141.0);SD
Module:M12
Boundary:(556.6, 292.5)(556.6, 328.5)(556.5, 328.5)(556.5, 346.0)(347.4, 346.0)(347.4, 292.5);GATE
Port:(347.4, 306.8)(353.1, 306.8)(353.1, 331.7)(347.4, 331.7);SD
Port:(556.6, 292.5)(556.6, 328.5)(556.5, 328.5)(556.5, 346.0)(354.7, 346.0)(354.7, 292.5);GATE
Port:(545.4, 299.5)(550.6, 299.5)(550.6, 321.5)(545.4, 321.5);SD
Module:M8
Boundary:(320.9, 20.0)(352.5, 20.0)(352.5, 20.2)(366.5, 20.2)(366.5, 88.7)(320.9, 88.7);GATE
Port:(333.3, 82.7)(354.1, 82.7)(354.1, 88.7)(333.3, 88.7);SD
Port:(320.9, 20.0)(352.5, 20.0)(352.5, 20.2)(366.5, 20.2)(366.5, 81.2)(320.9, 81.2);GATE
Port:(327.4, 25.5)(346.0, 25.5)(346.0, 30.4)(327.4, 30.4);SD
Module:M4
Boundary:(280.9, 20.0)(280.9, 66.9)(280.7, 66.9)(280.7, 81.9)(142.6, 81.9)(142.6, 20.0);GATE
Port:(142.6, 32.6)(147.1, 32.6)(147.1, 69.3)(142.6, 69.3);SD
Port:(280.9, 20.0)(280.9, 66.9)(280.7, 66.9)(280.7, 81.9)(148.5, 81.9)(148.5, 20.0);GATE
Port:(270.7, 26.3)(275.6, 26.3)(275.6, 60.6)(270.7, 60.6);SD
