Area:(-30.0, -30.0)(817.6, -30.0)(817.6, 449.3)(-30.0, 449.3)
Rule:GATE(5,5);SD(5,5);GATE_SD(0.5);GATE_ITO(0.5);SD_ITO(0.5)
Module:M14
Boundary:(161.0, 315.8)(161.0, 387.1)(30.0, 387.1)(30.0, 315.8);GATE
Port:(30.0, 330.2)(34.1, 330.2)(34.1, 372.7)(30.0, 372.7);SD
Port:(161.0, 315.8)(161.0, 387.1)(35.8, 387.1)(35.8, 315.8);GATE
Port:(150.0, 322.4)(155.4, 322.4)(155.4, 380.5)(150.0, 380.5);SD
Module:M9
Boundary:(697.0, 10.0)(761.9, 10.0)(761.9, 10.2)(777.6, 10.2)(777.6, 139.5)(697.0, 139.5);GATE
Port:(710.4, 134.9)(764.2, 134.9)(764.2, 139.5)(710.4, 139.5);SD
Port:(697.0, 10.0)(761.9, 10.0)(761.9, 10.2)(777.6, 10.2)(777.6, 133.9)(697.0, 133.9);GATE
Port:(702.5, 14.5)(756.4, 14.5)(756.4, 21.1)(702.5, 21.1);SD
Module:M5
Boundary:(149.0, 94.1)(149.0, 126.4)(148.9, 126.4)(148.9, 141.3)(20.0, 141.3)(20.0, 94.1);GATE
Port:(20.0, 106.7)(25.4, 106.7)(25.4, 128.7)(20.0, 128.7);SD
Port:(149.0, 94.1)(149.0, 126.4)(148.9, 126.4)(148.9, 141.3)(28.0, 141.3)(28.0, 94.1);GATE
Port:(138.7, 99.9)(144.2, 99.9)(144.2, 120.6)(138.7, 120.6);SD
Module:M11
Boundary:(450.8, 158.8)(450.8, 213.7)(450.6, 213.7)(450.6, 231.1)(338.1, 231.1)(338.1, 158.8);GATE
Port:(338.1, 173.9)(343.7, 173.9)(343.7, 216.0)(338.1, 216.0);SD
Port:(450.8, 158.8)(450.8, 213.7)(450.6, 213.7)(450.6, 231.1)(345.5, 231.1)(345.5, 158.8);GATE
Port:(438.4, 165.0)(445.6, 165.0)(445.6, 207.5)(438.4, 207.5);SD
Module:M1
Boundary:(542.4, 287.7)(542.4, 385.5)(542.1, 385.5)(542.1, 401.9)(358.1, 401.9)(358.1, 287.7);GATE
Port:(358.1, 300.6)(362.6, 300.6)(362.6, 389.0)(358.1, 389.0);SD
Port:(542.4, 287.7)(542.4, 385.5)(542.1, 385.5)(542.1, 401.9)(365.2, 401.9)(365.2, 287.7);GATE
Port:(532.9, 293.8)(537.3, 293.8)(537.3, 379.4)(532.9, 379.4);SD
Module:M6
Boundary:(592.4, 186.9)(685.6, 186.9)(685.6, 277.1)(592.4, 277.1);GATE
Port:(605.0, 271.7)(673.0, 271.7)(673.0, 277.1)(605.0, 277.1);SD
Port:(592.4, 186.9)(685.6, 186.9)(685.6, 269.2)(592.4, 269.2);GATE
Port:(598.1, 191.6)(679.9, 191.6)(679.9, 197.4)(598.1, 197.4);SD
Module:M2
Boundary:(480.8, 20.0)(546.3, 20.0)(546.3, 20.4)(562.4, 20.4)(562.4, 237.7)(480.8, 237.7);GATE
Port:(494.1, 233.7)(549.1, 233.7)(549.1, 237.7)(494.1, 237.7);SD
Port:(480.8, 20.0)(546.3, 20.0)(546.3, 20.4)(562.4, 20.4)(562.4, 231.9)(480.8, 231.9);GATE
Port:(486.4, 24.6)(540.7, 24.6)(540.7, 30.9)(486.4, 30.9);SD
Module:M16
Boundary:(227.1, 10.0)(227.1, 51.7)(227.0, 51.7)(227.0, 64.1)(10.0, 64.1)(10.0, 10.0);GATE
Port:(10.0, 21.6)(14.7, 21.6)(14.7, 52.5)(10.0, 52.5);SD
Port:(227.1, 10.0)(227.1, 51.7)(227.0, 51.7)(227.0, 64.1)(17.6, 64.1)(17.6, 10.0);GATE
Port:(217.0, 16.4)(221.7, 16.4)(221.7, 45.3)(217.0, 45.3);SD
Module:M13
Boundary:(387.4, 10.0)(427.2, 10.0)(427.2, 10.0)(446.1, 10.0)(446.1, 138.8)(387.4, 138.8);GATE
Port:(403.6, 132.9)(429.9, 132.9)(429.9, 138.8)(403.6, 138.8);SD
Port:(387.4, 10.0)(427.2, 10.0)(427.2, 10.0)(446.1, 10.0)(446.1, 130.9)(387.4, 130.9);GATE
Port:(393.7, 15.3)(420.9, 15.3)(420.9, 22.9)(393.7, 22.9);SD
Module:M10
Boundary:(705.6, 159.5)(755.4, 159.5)(755.4, 159.6)(771.4, 159.6)(771.4, 301.1)(705.6, 301.1);GATE
Port:(719.0, 296.3)(758.0, 296.3)(758.0, 301.1)(719.0, 301.1);SD
Port:(705.6, 159.5)(755.4, 159.5)(755.4, 159.6)(771.4, 159.6)(771.4, 294.7)(705.6, 294.7);GATE
Port:(711.0, 163.9)(750.0, 163.9)(750.0, 170.9)(711.0, 170.9);SD
Module:M7
Boundary:(762.6, 331.1)(762.6, 393.6)(762.5, 393.6)(762.5, 409.3)(592.4, 409.3)(592.4, 331.1);GATE
Port:(592.4, 343.4)(597.7, 343.4)(597.7, 397.0)(592.4, 397.0);SD
Port:(762.6, 331.1)(762.6, 393.6)(762.5, 393.6)(762.5, 409.3)(599.7, 409.3)(599.7, 331.1);GATE
Port:(753.2, 336.7)(758.0, 336.7)(758.0, 388.0)(753.2, 388.0);SD
Module:M3
Boundary:(201.3, 171.3)(201.3, 261.2)(201.2, 261.2)(201.2, 275.8)(10.0, 275.8)(10.0, 171.3);GATE
Port:(10.0, 184.0)(15.7, 184.0)(15.7, 263.1)(10.0, 263.1);SD
Port:(201.3, 171.3)(201.3, 261.2)(201.2, 261.2)(201.2, 275.8)(16.9, 275.8)(16.9, 171.3);GATE
Port:(191.3, 176.9)(196.7, 176.9)(196.7, 255.6)(191.3, 255.6);SD
Module:M15
Boundary:(592.4, 10.0)(660.8, 10.0)(660.8, 10.1)(677.0, 10.1)(677.0, 166.9)(592.4, 166.9);GATE
Port:(607.1, 162.8)(662.3, 162.8)(662.3, 166.9)(607.1, 166.9);SD
Port:(592.4, 10.0)(660.8, 10.0)(660.8, 10.1)(677.0, 10.1)(677.0, 161.6)(592.4, 161.6);GATE
Port:(598.4, 15.0)(654.8, 15.0)(654.8, 21.9)(598.4, 21.9);SD
Module:M12
Boundary:(318.1, 319.1)(318.1, 392.6)(317.9, 392.6)(317.9, 406.5)(201.0, 406.5)(201.0, 319.1);GATE
Port:(201.0, 331.9)(206.3, 331.9)(206.3, 393.7)(201.0, 393.7);SD
Port:(318.1, 319.1)(318.1, 392.6)(317.9, 392.6)(317.9, 406.5)(208.3, 406.5)(208.3, 319.1);GATE
Port:(307.2, 325.1)(313.1, 325.1)(313.1, 386.6)(307.2, 386.6);SD
Module:M8
Boundary:(231.3, 165.9)(305.0, 165.9)(305.0, 289.1)(231.3, 289.1);GATE
Port:(245.7, 284.8)(290.6, 284.8)(290.6, 289.1)(245.7, 289.1);SD
Port:(231.3, 165.9)(305.0, 165.9)(305.0, 282.0)(231.3, 282.0);GATE
Port:(236.4, 170.0)(299.9, 170.0)(299.9, 177.0)(236.4, 177.0);SD
Module:M4
Boundary:(257.1, 20.0)(341.1, 20.0)(341.1, 20.3)(357.4, 20.3)(357.4, 125.9)(257.1, 125.9);GATE
Port:(271.5, 121.6)(343.0, 121.6)(343.0, 125.9)(271.5, 125.9);SD
Port:(257.1, 20.0)(341.1, 20.0)(341.1, 20.3)(357.4, 20.3)(357.4, 118.7)(257.1, 118.7);GATE
Port:(262.3, 24.2)(335.9, 24.2)(335.9, 31.8)(262.3, 31.8);SD
