Area:(-30.0, -30.0)(583.9, -30.0)(583.9, 705.5)(-30.0, 705.5)
Rule:GATE(5,5);SD(5,5);GATE_SD(0.5);GATE_ITO(0.5);SD_ITO(0.5)
Module:M14
Boundary:(218.5, 408.6)(218.5, 486.6)(218.4, 486.6)(218.4, 501.6)(108.3, 501.6)(108.3, 408.6);GATE
Port:(108.3, 421.6)(112.7, 421.6)(112.7, 488.6)(108.3, 488.6);SD
Port:(218.5, 408.6)(218.5, 486.6)(218.4, 486.6)(218.4, 501.6)(114.2, 501.6)(114.2, 408.6);GATE
Port:(207.5, 414.5)(213.6, 414.5)(213.6, 480.7)(207.5, 480.7);SD
Module:M9
Boundary:(265.5, 147.5)(313.1, 147.5)(313.1, 147.7)(329.3, 147.7)(329.3, 329.4)(265.5, 329.4);GATE
Port:(277.3, 323.7)(317.5, 323.7)(317.5, 329.4)(277.3, 329.4);SD
Port:(265.5, 147.5)(313.1, 147.5)(313.1, 147.7)(329.3, 147.7)(329.3, 321.8)(265.5, 321.8);GATE
Port:(270.6, 151.6)(308.0, 151.6)(308.0, 157.1)(270.6, 157.1);SD
Module:M5
Boundary:(286.2, 20.0)(286.2, 100.1)(285.8, 100.1)(285.8, 115.9)(117.3, 115.9)(117.3, 20.0);GATE
Port:(117.3, 33.0)(121.7, 33.0)(121.7, 102.9)(117.3, 102.9);SD
Port:(286.2, 20.0)(286.2, 100.1)(285.8, 100.1)(285.8, 115.9)(123.2, 115.9)(123.2, 20.0);GATE
Port:(276.0, 25.4)(281.8, 25.4)(281.8, 94.7)(276.0, 94.7);SD
Module:M11
Boundary:(533.6, 10.0)(533.6, 79.9)(436.6, 79.9)(436.6, 10.0);GATE
Port:(436.6, 24.2)(441.4, 24.2)(441.4, 65.7)(436.6, 65.7);SD
Port:(533.6, 10.0)(533.6, 79.9)(443.7, 79.9)(443.7, 10.0);GATE
Port:(522.7, 15.6)(529.0, 15.6)(529.0, 74.3)(522.7, 74.3);SD
Module:M1
Boundary:(278.5, 503.4)(341.2, 503.4)(341.2, 503.8)(355.8, 503.8)(355.8, 629.3)(278.5, 629.3);GATE
Port:(292.0, 624.2)(342.3, 624.2)(342.3, 629.3)(292.0, 629.3);SD
Port:(278.5, 503.4)(341.2, 503.4)(341.2, 503.8)(355.8, 503.8)(355.8, 622.0)(278.5, 622.0);GATE
Port:(284.5, 508.4)(335.2, 508.4)(335.2, 514.7)(284.5, 514.7);SD
Module:M6
Boundary:(416.6, 10.0)(416.6, 127.5)(316.2, 127.5)(316.2, 10.0);GATE
Port:(316.2, 24.1)(321.3, 24.1)(321.3, 113.4)(316.2, 113.4);SD
Port:(416.6, 10.0)(416.6, 127.5)(323.1, 127.5)(323.1, 10.0);GATE
Port:(405.1, 16.6)(411.0, 16.6)(411.0, 120.9)(405.1, 120.9);SD
Module:M2
Boundary:(220.2, 552.7)(220.2, 659.8)(20.0, 659.8)(20.0, 552.7);GATE
Port:(20.0, 567.5)(24.1, 567.5)(24.1, 645.0)(20.0, 645.0);SD
Port:(220.2, 552.7)(220.2, 659.8)(25.6, 659.8)(25.6, 552.7);GATE
Port:(208.2, 558.9)(215.0, 558.9)(215.0, 653.6)(208.2, 653.6);SD
Module:M16
Boundary:(10.0, 10.0)(72.0, 10.0)(72.0, 10.1)(87.3, 10.1)(87.3, 212.7)(10.0, 212.7);GATE
Port:(21.8, 208.4)(75.5, 208.4)(75.5, 212.7)(21.8, 212.7);SD
Port:(10.0, 10.0)(72.0, 10.0)(72.0, 10.1)(87.3, 10.1)(87.3, 206.0)(10.0, 206.0);GATE
Port:(15.6, 14.6)(66.4, 14.6)(66.4, 20.2)(15.6, 20.2);SD
Module:M13
Boundary:(543.9, 99.9)(543.9, 206.8)(543.2, 206.8)(543.2, 224.1)(468.0, 224.1)(468.0, 99.9);GATE
Port:(468.0, 115.6)(472.4, 115.6)(472.4, 208.4)(468.0, 208.4);SD
Port:(543.9, 99.9)(543.9, 206.8)(543.2, 206.8)(543.2, 224.1)(474.0, 224.1)(474.0, 99.9);GATE
Port:(531.4, 106.6)(538.2, 106.6)(538.2, 200.1)(531.4, 200.1);SD
Module:M10
Boundary:(395.8, 483.4)(527.6, 483.4)(527.6, 665.5)(395.8, 665.5);GATE
Port:(411.8, 660.5)(511.6, 660.5)(511.6, 665.5)(411.8, 665.5);SD
Port:(395.8, 483.4)(527.6, 483.4)(527.6, 658.4)(395.8, 658.4);GATE
Port:(402.4, 489.0)(521.0, 489.0)(521.0, 496.2)(402.4, 496.2);SD
Module:M7
Boundary:(20.0, 242.7)(77.3, 242.7)(77.3, 242.9)(90.7, 242.9)(90.7, 333.5)(20.0, 333.5);GATE
Port:(32.2, 329.2)(78.5, 329.2)(78.5, 333.5)(32.2, 333.5);SD
Port:(20.0, 242.7)(77.3, 242.7)(77.3, 242.9)(90.7, 242.9)(90.7, 326.3)(20.0, 326.3);GATE
Port:(26.2, 247.9)(71.1, 247.9)(71.1, 252.9)(26.2, 252.9);SD
Module:M3
Boundary:(349.3, 147.5)(428.4, 147.5)(428.4, 147.6)(448.0, 147.6)(448.0, 308.3)(349.3, 308.3);GATE
Port:(365.4, 302.9)(431.9, 302.9)(431.9, 308.3)(365.4, 308.3);SD
Port:(349.3, 147.5)(428.4, 147.5)(428.4, 147.6)(448.0, 147.6)(448.0, 300.8)(349.3, 300.8);GATE
Port:(355.5, 152.7)(422.2, 152.7)(422.2, 160.1)(355.5, 160.1);SD
Module:M15
Boundary:(470.6, 244.1)(542.9, 244.1)(542.9, 442.6)(470.6, 442.6);GATE
Port:(486.3, 437.5)(527.2, 437.5)(527.2, 442.6)(486.3, 442.6);SD
Port:(470.6, 244.1)(542.9, 244.1)(542.9, 436.2)(470.6, 436.2);GATE
Port:(476.6, 249.1)(536.9, 249.1)(536.9, 256.8)(476.6, 256.8);SD
Module:M12
Boundary:(10.0, 363.5)(54.3, 363.5)(54.3, 363.7)(68.3, 363.7)(68.3, 522.7)(10.0, 522.7);GATE
Port:(21.5, 518.7)(56.8, 518.7)(56.8, 522.7)(21.5, 522.7);SD
Port:(10.0, 363.5)(54.3, 363.5)(54.3, 363.7)(68.3, 363.7)(68.3, 517.7)(10.0, 517.7);GATE
Port:(15.3, 367.8)(49.0, 367.8)(49.0, 373.3)(15.3, 373.3);SD
Module:M8
Boundary:(440.6, 359.4)(440.6, 453.4)(275.5, 453.4)(275.5, 359.4);GATE
Port:(275.5, 372.0)(280.6, 372.0)(280.6, 440.8)(275.5, 440.8);SD
Port:(440.6, 359.4)(440.6, 453.4)(282.4, 453.4)(282.4, 359.4);GATE
Port:(430.3, 364.8)(436.2, 364.8)(436.2, 448.0)(430.3, 448.0);SD
Module:M4
Boundary:(130.7, 155.9)(220.9, 155.9)(220.9, 156.2)(235.5, 156.2)(235.5, 358.6)(130.7, 358.6);GATE
Port:(143.5, 354.1)(222.7, 354.1)(222.7, 358.6)(143.5, 358.6);SD
Port:(130.7, 155.9)(220.9, 155.9)(220.9, 156.2)(235.5, 156.2)(235.5, 351.4)(130.7, 351.4);GATE
Port:(135.8, 160.0)(215.8, 160.0)(215.8, 166.6)(135.8, 166.6);SD
