Area:(-30.0, -30.0)(584.0, -30.0)(584.0, 632.5)(-30.0, 632.5)
Rule:GATE(5,5);SD(5,5);GATE_SD(0.5);GATE_ITO(0.5);SD_ITO(0.5)
Module:M14
Boundary:(203.3, 30.0)(203.3, 97.5)(203.0, 97.5)(203.0, 112.9)(30.0, 112.9)(30.0, 30.0);GATE
Port:(30.0, 45.2)(35.8, 45.2)(35.8, 97.7)(30.0, 97.7);SD
Port:(203.3, 30.0)(203.3, 97.5)(203.0, 97.5)(203.0, 112.9)(38.6, 112.9)(38.6, 30.0);GATE
Port:(190.2, 36.8)(197.5, 36.8)(197.5, 90.7)(190.2, 90.7);SD
Module:M9
Boundary:(139.6, 492.4)(139.6, 592.5)(10.0, 592.5)(10.0, 492.4);GATE
Port:(10.0, 506.7)(14.3, 506.7)(14.3, 578.2)(10.0, 578.2);SD
Port:(139.6, 492.4)(139.6, 592.5)(16.6, 592.5)(16.6, 492.4);GATE
Port:(128.2, 499.3)(133.7, 499.3)(133.7, 585.6)(128.2, 585.6);SD
Module:M5
Boundary:(435.6, 424.1)(435.6, 483.8)(330.1, 483.8)(330.1, 424.1);GATE
Port:(330.1, 436.4)(334.4, 436.4)(334.4, 471.5)(330.1, 471.5);SD
Port:(435.6, 424.1)(435.6, 483.8)(335.9, 483.8)(335.9, 424.1);GATE
Port:(424.8, 430.3)(430.4, 430.3)(430.4, 477.6)(424.8, 477.6);SD
Module:M11
Boundary:(179.4, 217.7)(271.1, 217.7)(271.1, 217.9)(289.1, 217.9)(289.1, 410.7)(179.4, 410.7);GATE
Port:(195.0, 405.0)(273.5, 405.0)(273.5, 410.7)(195.0, 410.7);SD
Port:(179.4, 217.7)(271.1, 217.7)(271.1, 217.9)(289.1, 217.9)(289.1, 402.3)(179.4, 402.3);GATE
Port:(185.9, 223.2)(264.6, 223.2)(264.6, 229.9)(185.9, 229.9);SD
Module:M1
Boundary:(139.4, 237.7)(139.4, 320.9)(139.2, 320.9)(139.2, 337.9)(30.0, 337.9)(30.0, 237.7);GATE
Port:(30.0, 250.3)(35.9, 250.3)(35.9, 325.3)(30.0, 325.3);SD
Port:(139.4, 237.7)(139.4, 320.9)(139.2, 320.9)(139.2, 337.9)(37.9, 337.9)(37.9, 237.7);GATE
Port:(130.0, 242.7)(135.4, 242.7)(135.4, 315.9)(130.0, 315.9);SD
Module:M6
Boundary:(191.5, 152.9)(191.5, 197.7)(10.0, 197.7)(10.0, 152.9);GATE
Port:(10.0, 164.0)(14.5, 164.0)(14.5, 186.6)(10.0, 186.6);SD
Port:(191.5, 152.9)(191.5, 197.7)(17.2, 197.7)(17.2, 152.9);GATE
Port:(182.0, 158.0)(187.4, 158.0)(187.4, 192.6)(182.0, 192.6);SD
Module:M2
Boundary:(429.2, 523.8)(429.2, 573.4)(330.1, 573.4)(330.1, 523.8);GATE
Port:(330.1, 537.4)(335.9, 537.4)(335.9, 559.8)(330.1, 559.8);SD
Port:(429.2, 523.8)(429.2, 573.4)(338.1, 573.4)(338.1, 523.8);GATE
Port:(417.3, 529.1)(424.9, 529.1)(424.9, 568.1)(417.3, 568.1);SD
Module:M16
Boundary:(153.8, 377.9)(153.8, 472.4)(10.0, 472.4)(10.0, 377.9);GATE
Port:(10.0, 390.5)(16.0, 390.5)(16.0, 459.8)(10.0, 459.8);SD
Port:(153.8, 377.9)(153.8, 472.4)(18.2, 472.4)(18.2, 377.9);GATE
Port:(144.2, 383.5)(149.2, 383.5)(149.2, 466.8)(144.2, 466.8);SD
Module:M13
Boundary:(465.6, 370.4)(524.6, 370.4)(524.6, 370.5)(544.0, 370.5)(544.0, 583.2)(465.6, 583.2);GATE
Port:(481.4, 579.0)(528.2, 579.0)(528.2, 583.2)(481.4, 583.2);SD
Port:(465.6, 370.4)(524.6, 370.4)(524.6, 370.5)(544.0, 370.5)(544.0, 577.8)(465.6, 577.8);GATE
Port:(472.1, 375.9)(518.1, 375.9)(518.1, 383.0)(472.1, 383.0);SD
Module:M10
Boundary:(309.1, 239.4)(406.5, 239.4)(406.5, 239.6)(422.6, 239.6)(422.6, 394.1)(309.1, 394.1);GATE
Port:(322.5, 389.1)(409.2, 389.1)(409.2, 394.1)(322.5, 394.1);SD
Port:(309.1, 239.4)(406.5, 239.4)(406.5, 239.6)(422.6, 239.6)(422.6, 386.6)(309.1, 386.6);GATE
Port:(314.9, 244.2)(400.7, 244.2)(400.7, 249.8)(314.9, 249.8);SD
Module:M7
Boundary:(482.7, 20.0)(521.2, 20.0)(521.2, 20.1)(540.6, 20.1)(540.6, 232.7)(482.7, 232.7);GATE
Port:(498.1, 226.7)(525.2, 226.7)(525.2, 232.7)(498.1, 232.7);SD
Port:(482.7, 20.0)(521.2, 20.0)(521.2, 20.1)(540.6, 20.1)(540.6, 224.3)(482.7, 224.3);GATE
Port:(488.9, 25.2)(515.0, 25.2)(515.0, 32.0)(488.9, 32.0);SD
Module:M3
Boundary:(243.3, 10.0)(338.7, 10.0)(338.7, 192.8)(243.3, 192.8);GATE
Port:(255.8, 187.3)(326.2, 187.3)(326.2, 192.8)(255.8, 192.8);SD
Port:(243.3, 10.0)(338.7, 10.0)(338.7, 186.2)(243.3, 186.2);GATE
Port:(248.9, 14.6)(333.1, 14.6)(333.1, 20.6)(248.9, 20.6);SD
Module:M15
Boundary:(299.9, 541.7)(299.9, 588.5)(173.8, 588.5)(173.8, 541.7);GATE
Port:(173.8, 555.2)(179.2, 555.2)(179.2, 575.0)(173.8, 575.0);SD
Port:(299.9, 541.7)(299.9, 588.5)(181.6, 588.5)(181.6, 541.7);GATE
Port:(288.3, 547.7)(294.9, 547.7)(294.9, 582.5)(288.3, 582.5);SD
Module:M12
Boundary:(358.7, 10.0)(452.7, 10.0)(452.7, 219.4)(358.7, 219.4);GATE
Port:(371.5, 214.1)(439.9, 214.1)(439.9, 219.4)(371.5, 219.4);SD
Port:(358.7, 10.0)(452.7, 10.0)(452.7, 212.7)(358.7, 212.7);GATE
Port:(363.8, 14.1)(447.6, 14.1)(447.6, 20.2)(363.8, 20.2);SD
Module:M8
Boundary:(290.1, 440.7)(290.1, 494.4)(289.9, 494.4)(289.9, 511.7)(183.8, 511.7)(183.8, 440.7);GATE
Port:(183.8, 455.0)(187.9, 455.0)(187.9, 497.4)(183.8, 497.4);SD
Port:(290.1, 440.7)(290.1, 494.4)(289.9, 494.4)(289.9, 511.7)(190.4, 511.7)(190.4, 440.7);GATE
Port:(278.2, 447.6)(284.2, 447.6)(284.2, 487.5)(278.2, 487.5);SD
Module:M4
Boundary:(452.6, 272.7)(515.7, 272.7)(515.7, 273.0)(531.8, 273.0)(531.8, 340.4)(452.6, 340.4);GATE
Port:(464.8, 334.7)(519.6, 334.7)(519.6, 340.4)(464.8, 340.4);SD
Port:(452.6, 272.7)(515.7, 272.7)(515.7, 273.0)(531.8, 273.0)(531.8, 333.5)(452.6, 333.5);GATE
Port:(457.7, 276.8)(510.6, 276.8)(510.6, 282.4)(457.7, 282.4);SD
