Area:(-30.0, -30.0)(839.2, -30.0)(839.2, 438.1)(-30.0, 438.1)
Rule:GATE(5,5);SD(5,5);GATE_SD(0.5);GATE_ITO(0.5);SD_ITO(0.5)
Module:M14
Boundary:(206.6, 132.9)(252.9, 132.9)(252.9, 228.6)(206.6, 228.6);GATE
Port:(219.5, 224.2)(240.0, 224.2)(240.0, 228.6)(219.5, 228.6);SD
Port:(206.6, 132.9)(252.9, 132.9)(252.9, 221.4)(206.6, 221.4);GATE
Port:(213.0, 138.3)(246.5, 138.3)(246.5, 144.1)(213.0, 144.1);SD
Module:M9
Boundary:(710.2, 243.5)(785.2, 243.5)(785.2, 243.7)(799.2, 243.7)(799.2, 398.1)(710.2, 398.1);GATE
Port:(723.5, 393.3)(785.9, 393.3)(785.9, 398.1)(723.5, 398.1);SD
Port:(710.2, 243.5)(785.2, 243.5)(785.2, 243.7)(799.2, 243.7)(799.2, 391.8)(710.2, 391.8);GATE
Port:(716.5, 248.8)(778.9, 248.8)(778.9, 254.8)(716.5, 254.8);SD
Module:M5
Boundary:(302.9, 122.9)(349.2, 122.9)(349.2, 123.1)(362.9, 123.1)(362.9, 346.8)(302.9, 346.8);GATE
Port:(316.2, 340.8)(349.6, 340.8)(349.6, 346.8)(316.2, 346.8);SD
Port:(302.9, 122.9)(349.2, 122.9)(349.2, 123.1)(362.9, 123.1)(362.9, 338.6)(302.9, 338.6);GATE
Port:(309.6, 128.6)(342.5, 128.6)(342.5, 134.3)(309.6, 134.3);SD
Module:M11
Boundary:(487.6, 349.6)(487.6, 395.4)(392.9, 395.4)(392.9, 349.6);GATE
Port:(392.9, 361.8)(397.4, 361.8)(397.4, 383.2)(392.9, 383.2);SD
Port:(487.6, 349.6)(487.6, 395.4)(399.7, 395.4)(399.7, 349.6);GATE
Port:(477.1, 355.2)(483.0, 355.2)(483.0, 389.8)(477.1, 389.8);SD
Module:M1
Boundary:(412.9, 128.1)(517.2, 128.1)(517.2, 309.6)(412.9, 309.6);GATE
Port:(427.9, 303.9)(502.2, 303.9)(502.2, 309.6)(427.9, 309.6);SD
Port:(412.9, 128.1)(517.2, 128.1)(517.2, 301.8)(412.9, 301.8);GATE
Port:(419.9, 134.1)(510.2, 134.1)(510.2, 140.8)(419.9, 140.8);SD
Module:M6
Boundary:(624.1, 243.5)(677.7, 243.5)(677.7, 243.7)(690.2, 243.7)(690.2, 372.5)(624.1, 372.5);GATE
Port:(635.2, 366.7)(679.1, 366.7)(679.1, 372.5)(635.2, 372.5);SD
Port:(624.1, 243.5)(677.7, 243.5)(677.7, 243.7)(690.2, 243.7)(690.2, 365.1)(624.1, 365.1);GATE
Port:(629.9, 248.3)(671.9, 248.3)(671.9, 253.1)(629.9, 253.1);SD
Module:M2
Boundary:(693.1, 20.0)(778.8, 20.0)(778.8, 20.4)(795.6, 20.4)(795.6, 213.5)(693.1, 213.5);GATE
Port:(706.9, 209.1)(781.8, 209.1)(781.8, 213.5)(706.9, 213.5);SD
Port:(693.1, 20.0)(778.8, 20.0)(778.8, 20.4)(795.6, 20.4)(795.6, 207.6)(693.1, 207.6);GATE
Port:(699.6, 25.5)(772.3, 25.5)(772.3, 31.0)(699.6, 31.0);SD
Module:M16
Boundary:(10.0, 97.1)(40.6, 97.1)(40.6, 97.1)(55.1, 97.1)(55.1, 283.9)(10.0, 283.9);GATE
Port:(21.9, 279.6)(43.2, 279.6)(43.2, 283.9)(21.9, 283.9);SD
Port:(10.0, 97.1)(40.6, 97.1)(40.6, 97.1)(55.1, 97.1)(55.1, 278.0)(10.0, 278.0);GATE
Port:(15.0, 101.1)(35.6, 101.1)(35.6, 107.4)(15.0, 107.4);SD
Module:M13
Boundary:(557.2, 175.7)(588.3, 175.7)(588.3, 175.8)(604.1, 175.8)(604.1, 369.3)(557.2, 369.3);GATE
Port:(569.0, 363.9)(592.3, 363.9)(592.3, 369.3)(569.0, 369.3);SD
Port:(557.2, 175.7)(588.3, 175.7)(588.3, 175.8)(604.1, 175.8)(604.1, 361.9)(557.2, 361.9);GATE
Port:(562.5, 180.0)(583.0, 180.0)(583.0, 185.6)(562.5, 185.6);SD
Module:M10
Boundary:(287.3, 10.0)(287.3, 76.7)(287.1, 76.7)(287.1, 92.9)(210.5, 92.9)(210.5, 10.0);GATE
Port:(210.5, 23.8)(215.8, 23.8)(215.8, 79.1)(210.5, 79.1);SD
Port:(287.3, 10.0)(287.3, 76.7)(287.1, 76.7)(287.1, 92.9)(217.3, 92.9)(217.3, 10.0);GATE
Port:(276.4, 15.6)(282.7, 15.6)(282.7, 71.1)(276.4, 71.1);SD
Module:M7
Boundary:(531.9, 20.0)(531.9, 58.9)(531.8, 58.9)(531.8, 78.1)(317.3, 78.1)(317.3, 20.0);GATE
Port:(317.3, 35.7)(323.1, 35.7)(323.1, 62.4)(317.3, 62.4);SD
Port:(531.9, 20.0)(531.9, 58.9)(531.8, 58.9)(531.8, 78.1)(324.3, 78.1)(324.3, 20.0);GATE
Port:(519.6, 26.9)(526.0, 26.9)(526.0, 52.0)(519.6, 52.0);SD
Module:M3
Boundary:(10.0, 303.9)(121.4, 303.9)(121.4, 397.5)(10.0, 397.5);GATE
Port:(23.7, 392.6)(107.7, 392.6)(107.7, 397.5)(23.7, 397.5);SD
Port:(10.0, 303.9)(121.4, 303.9)(121.4, 390.3)(10.0, 390.3);GATE
Port:(15.8, 308.7)(115.6, 308.7)(115.6, 314.3)(15.8, 314.3);SD
Module:M15
Boundary:(561.9, 10.0)(646.0, 10.0)(646.0, 10.3)(663.1, 10.3)(663.1, 155.7)(561.9, 155.7);GATE
Port:(574.5, 150.6)(650.5, 150.6)(650.5, 155.7)(574.5, 155.7);SD
Port:(561.9, 10.0)(646.0, 10.0)(646.0, 10.3)(663.1, 10.3)(663.1, 148.7)(561.9, 148.7);GATE
Port:(567.4, 14.5)(640.5, 14.5)(640.5, 19.4)(567.4, 19.4);SD
Module:M12
Boundary:(190.5, 10.0)(190.5, 77.1)(10.0, 77.1)(10.0, 10.0);GATE
Port:(10.0, 23.5)(15.8, 23.5)(15.8, 63.6)(10.0, 63.6);SD
Port:(190.5, 10.0)(190.5, 77.1)(17.2, 77.1)(17.2, 10.0);GATE
Port:(179.5, 16.0)(185.5, 16.0)(185.5, 71.1)(179.5, 71.1);SD
Module:M8
Boundary:(85.1, 107.1)(156.6, 107.1)(156.6, 261.6)(85.1, 261.6);GATE
Port:(99.7, 257.4)(142.0, 257.4)(142.0, 261.6)(99.7, 261.6);SD
Port:(85.1, 107.1)(156.6, 107.1)(156.6, 255.6)(85.1, 255.6);GATE
Port:(90.9, 111.9)(150.8, 111.9)(150.8, 119.1)(90.9, 119.1);SD
Module:M4
Boundary:(151.4, 301.6)(219.2, 301.6)(219.2, 301.6)(231.7, 301.6)(231.7, 387.8)(151.4, 387.8);GATE
Port:(163.5, 382.4)(219.6, 382.4)(219.6, 387.8)(163.5, 387.8);SD
Port:(151.4, 301.6)(219.2, 301.6)(219.2, 301.6)(231.7, 301.6)(231.7, 380.1)(151.4, 380.1);GATE
Port:(157.1, 306.3)(213.5, 306.3)(213.5, 312.0)(157.1, 312.0);SD
