Area:(-30.0, -30.0)(965.9, -30.0)(965.9, 385.0)(-30.0, 385.0)
Rule:GATE(5,5);SD(5,5);GATE_SD(0.5);GATE_ITO(0.5);SD_ITO(0.5)
Module:M14
Boundary:(440.3, 30.0)(513.6, 30.0)(513.6, 30.3)(531.2, 30.3)(531.2, 183.3)(440.3, 183.3);GATE
Port:(456.3, 177.4)(515.2, 177.4)(515.2, 183.3)(456.3, 183.3);SD
Port:(440.3, 30.0)(513.6, 30.0)(513.6, 30.3)(531.2, 30.3)(531.2, 176.0)(440.3, 176.0);GATE
Port:(446.5, 35.2)(507.4, 35.2)(507.4, 42.6)(446.5, 42.6);SD
Module:M9
Boundary:(918.5, 10.0)(918.5, 120.4)(918.1, 120.4)(918.1, 138.7)(829.9, 138.7)(829.9, 10.0);GATE
Port:(829.9, 24.6)(835.2, 24.6)(835.2, 124.1)(829.9, 124.1);SD
Port:(918.5, 10.0)(918.5, 120.4)(918.1, 120.4)(918.1, 138.7)(838.1, 138.7)(838.1, 10.0);GATE
Port:(906.7, 15.8)(913.7, 15.8)(913.7, 114.6)(906.7, 114.6);SD
Module:M5
Boundary:(466.6, 255.9)(466.6, 337.0)(311.4, 337.0)(311.4, 255.9);GATE
Port:(311.4, 268.3)(315.5, 268.3)(315.5, 324.6)(311.4, 324.6);SD
Port:(466.6, 255.9)(466.6, 337.0)(316.6, 337.0)(316.6, 255.9);GATE
Port:(456.7, 261.0)(462.5, 261.0)(462.5, 331.9)(456.7, 331.9);SD
Module:M11
Boundary:(121.4, 160.2)(172.6, 160.2)(172.6, 160.4)(188.9, 160.4)(188.9, 236.6)(121.4, 236.6);GATE
Port:(135.1, 231.4)(175.2, 231.4)(175.2, 236.6)(135.1, 236.6);SD
Port:(121.4, 160.2)(172.6, 160.2)(172.6, 160.4)(188.9, 160.4)(188.9, 229.7)(121.4, 229.7);GATE
Port:(127.2, 165.0)(166.8, 165.0)(166.8, 171.4)(127.2, 171.4);SD
Module:M1
Boundary:(925.9, 249.8)(925.9, 321.6)(754.5, 321.6)(754.5, 249.8);GATE
Port:(754.5, 265.1)(760.2, 265.1)(760.2, 306.3)(754.5, 306.3);SD
Port:(925.9, 249.8)(925.9, 321.6)(761.3, 321.6)(761.3, 249.8);GATE
Port:(912.7, 256.7)(920.0, 256.7)(920.0, 314.7)(912.7, 314.7);SD
Module:M6
Boundary:(714.5, 229.8)(714.5, 328.4)(714.1, 328.4)(714.1, 345.0)(641.1, 345.0)(641.1, 229.8);GATE
Port:(641.1, 242.3)(646.4, 242.3)(646.4, 332.5)(641.1, 332.5);SD
Port:(714.5, 229.8)(714.5, 328.4)(714.1, 328.4)(714.1, 345.0)(648.0, 345.0)(648.0, 229.8);GATE
Port:(704.2, 234.8)(710.5, 234.8)(710.5, 323.4)(704.2, 323.4);SD
Module:M2
Boundary:(20.0, 131.7)(62.6, 131.7)(62.6, 131.8)(76.9, 131.8)(76.9, 293.1)(20.0, 293.1);GATE
Port:(30.2, 288.7)(66.7, 288.7)(66.7, 293.1)(30.2, 293.1);SD
Port:(20.0, 131.7)(62.6, 131.7)(62.6, 131.8)(76.9, 131.8)(76.9, 286.1)(20.0, 286.1);GATE
Port:(25.4, 136.1)(57.2, 136.1)(57.2, 140.3)(25.4, 140.3);SD
Module:M16
Boundary:(188.8, 256.6)(188.8, 323.5)(188.4, 323.5)(188.4, 340.3)(106.9, 340.3)(106.9, 256.6);GATE
Port:(106.9, 270.1)(110.9, 270.1)(110.9, 326.8)(106.9, 326.8);SD
Port:(188.8, 256.6)(188.8, 323.5)(188.4, 323.5)(188.4, 340.3)(112.3, 340.3)(112.3, 256.6);GATE
Port:(178.6, 262.4)(184.0, 262.4)(184.0, 317.7)(178.6, 317.7);SD
Module:M13
Boundary:(496.6, 225.1)(603.5, 225.1)(603.5, 225.5)(621.1, 225.5)(621.1, 340.2)(496.6, 340.2);GATE
Port:(511.1, 335.9)(606.6, 335.9)(606.6, 340.2)(511.1, 340.2);SD
Port:(496.6, 225.1)(603.5, 225.1)(603.5, 225.5)(621.1, 225.5)(621.1, 334.2)(496.6, 334.2);GATE
Port:(503.4, 230.9)(596.7, 230.9)(596.7, 236.8)(503.4, 236.8);SD
Module:M10
Boundary:(711.7, 10.0)(809.9, 10.0)(809.9, 135.4)(711.7, 135.4);GATE
Port:(726.5, 130.7)(795.1, 130.7)(795.1, 135.4)(726.5, 135.4);SD
Port:(711.7, 10.0)(809.9, 10.0)(809.9, 128.5)(711.7, 128.5);GATE
Port:(718.4, 15.7)(803.2, 15.7)(803.2, 22.0)(718.4, 22.0);SD
Module:M7
Boundary:(581.2, 20.0)(681.7, 20.0)(681.7, 195.1)(581.2, 195.1);GATE
Port:(595.0, 190.2)(667.9, 190.2)(667.9, 195.1)(595.0, 195.1);SD
Port:(581.2, 20.0)(681.7, 20.0)(681.7, 188.7)(581.2, 188.7);GATE
Port:(587.9, 25.7)(675.0, 25.7)(675.0, 30.9)(587.9, 30.9);SD
Module:M3
Boundary:(101.4, 10.0)(101.4, 101.7)(10.0, 101.7)(10.0, 10.0);GATE
Port:(10.0, 24.4)(15.8, 24.4)(15.8, 87.3)(10.0, 87.3);SD
Port:(101.4, 10.0)(101.4, 101.7)(17.0, 101.7)(17.0, 10.0);GATE
Port:(88.8, 16.4)(96.0, 16.4)(96.0, 95.3)(88.8, 95.3);SD
Module:M15
Boundary:(916.9, 158.7)(916.9, 193.5)(916.8, 193.5)(916.8, 209.8)(711.7, 209.8)(711.7, 158.7);GATE
Port:(711.7, 172.3)(717.0, 172.3)(717.0, 196.2)(711.7, 196.2);SD
Port:(916.9, 158.7)(916.9, 193.5)(916.8, 193.5)(916.8, 209.8)(719.3, 209.8)(719.3, 158.7);GATE
Port:(906.0, 165.4)(911.2, 165.4)(911.2, 186.8)(906.0, 186.8);SD
Module:M12
Boundary:(281.4, 245.9)(281.4, 315.1)(281.1, 315.1)(281.1, 332.0)(208.9, 332.0)(208.9, 245.9);GATE
Port:(208.9, 259.8)(213.2, 259.8)(213.2, 318.1)(208.9, 318.1);SD
Port:(281.4, 245.9)(281.4, 315.1)(281.1, 315.1)(281.1, 332.0)(215.3, 332.0)(215.3, 245.9);GATE
Port:(270.2, 252.7)(275.6, 252.7)(275.6, 308.3)(270.2, 308.3);SD
Module:M8
Boundary:(278.5, 20.0)(374.7, 20.0)(374.7, 20.3)(390.3, 20.3)(390.3, 215.9)(278.5, 215.9);GATE
Port:(292.1, 210.6)(376.7, 210.6)(376.7, 215.9)(292.1, 215.9);SD
Port:(278.5, 20.0)(374.7, 20.0)(374.7, 20.3)(390.3, 20.3)(390.3, 208.7)(278.5, 208.7);GATE
Port:(284.3, 24.8)(368.9, 24.8)(368.9, 30.8)(284.3, 30.8);SD
Module:M4
Boundary:(238.5, 20.0)(238.5, 130.2)(131.4, 130.2)(131.4, 20.0);GATE
Port:(131.4, 34.1)(137.4, 34.1)(137.4, 116.1)(131.4, 116.1);SD
Port:(238.5, 20.0)(238.5, 130.2)(140.1, 130.2)(140.1, 20.0);GATE
Port:(226.4, 26.4)(233.1, 26.4)(233.1, 123.8)(226.4, 123.8);SD
