Area:(-30.0, -30.0)(524.0, -30.0)(524.0, 772.9)(-30.0, 772.9)
Rule:GATE(5,5);SD(5,5);GATE_SD(0.5);GATE_ITO(0.5);SD_ITO(0.5)
Module:M14
Boundary:(180.4, 644.0)(180.4, 724.7)(30.0, 724.7)(30.0, 644.0);GATE
Port:(30.0, 656.8)(35.8, 656.8)(35.8, 711.9)(30.0, 711.9);SD
Port:(180.4, 644.0)(180.4, 724.7)(38.7, 724.7)(38.7, 644.0);GATE
Port:(170.2, 650.2)(175.2, 650.2)(175.2, 718.5)(170.2, 718.5);SD
Module:M9
Boundary:(383.6, 625.6)(383.6, 714.8)(383.2, 714.8)(383.2, 732.9)(220.4, 732.9)(220.4, 625.6);GATE
Port:(220.4, 639.5)(225.1, 639.5)(225.1, 719.0)(220.4, 719.0);SD
Port:(383.6, 625.6)(383.6, 714.8)(383.2, 714.8)(383.2, 732.9)(226.7, 732.9)(226.7, 625.6);GATE
Port:(372.8, 631.5)(378.7, 631.5)(378.7, 708.9)(372.8, 708.9);SD
Module:M5
Boundary:(114.0, 20.0)(163.5, 20.0)(163.5, 93.3)(114.0, 93.3);GATE
Port:(127.9, 88.8)(149.6, 88.8)(149.6, 93.3)(127.9, 93.3);SD
Port:(114.0, 20.0)(163.5, 20.0)(163.5, 86.1)(114.0, 86.1);GATE
Port:(121.0, 26.0)(156.5, 26.0)(156.5, 32.1)(121.0, 32.1);SD
Module:M11
Boundary:(10.0, 10.0)(69.8, 10.0)(69.8, 10.1)(84.0, 10.1)(84.0, 165.2)(10.0, 165.2);GATE
Port:(22.0, 160.9)(72.0, 160.9)(72.0, 165.2)(22.0, 165.2);SD
Port:(10.0, 10.0)(69.8, 10.0)(69.8, 10.1)(84.0, 10.1)(84.0, 159.4)(10.0, 159.4);GATE
Port:(16.3, 15.3)(63.5, 15.3)(63.5, 20.4)(16.3, 20.4);SD
Module:M1
Boundary:(255.3, 442.4)(351.0, 442.4)(351.0, 585.6)(255.3, 585.6);GATE
Port:(268.4, 581.5)(337.9, 581.5)(337.9, 585.6)(268.4, 585.6);SD
Port:(255.3, 442.4)(351.0, 442.4)(351.0, 580.2)(255.3, 580.2);GATE
Port:(262.0, 448.1)(344.3, 448.1)(344.3, 453.8)(262.0, 453.8);SD
Module:M6
Boundary:(484.0, 10.0)(484.0, 96.2)(483.6, 96.2)(483.6, 113.1)(362.1, 113.1)(362.1, 10.0);GATE
Port:(362.1, 24.2)(367.9, 24.2)(367.9, 98.9)(362.1, 98.9);SD
Port:(484.0, 10.0)(484.0, 96.2)(483.6, 96.2)(483.6, 113.1)(370.7, 113.1)(370.7, 10.0);GATE
Port:(472.3, 15.0)(480.0, 15.0)(480.0, 91.2)(472.3, 91.2);SD
Module:M2
Boundary:(139.3, 431.0)(205.3, 431.0)(205.3, 594.0)(139.3, 594.0);GATE
Port:(152.7, 589.8)(191.9, 589.8)(191.9, 594.0)(152.7, 594.0);SD
Port:(139.3, 431.0)(205.3, 431.0)(205.3, 587.4)(139.3, 587.4);GATE
Port:(145.9, 436.6)(198.7, 436.6)(198.7, 442.7)(145.9, 442.7);SD
Module:M16
Boundary:(403.6, 569.9)(474.8, 569.9)(474.8, 730.3)(403.6, 730.3);GATE
Port:(417.7, 725.0)(460.7, 725.0)(460.7, 730.3)(417.7, 730.3);SD
Port:(403.6, 569.9)(474.8, 569.9)(474.8, 722.4)(403.6, 722.4);GATE
Port:(409.5, 574.8)(468.9, 574.8)(468.9, 581.1)(409.5, 581.1);SD
Module:M13
Boundary:(124.5, 243.8)(237.8, 243.8)(237.8, 401.0)(124.5, 401.0);GATE
Port:(138.5, 396.9)(223.8, 396.9)(223.8, 401.0)(138.5, 401.0);SD
Port:(124.5, 243.8)(237.8, 243.8)(237.8, 394.8)(124.5, 394.8);GATE
Port:(130.6, 248.9)(231.7, 248.9)(231.7, 256.3)(130.6, 256.3);SD
Module:M10
Boundary:(345.6, 140.3)(345.6, 223.8)(124.5, 223.8)(124.5, 140.3);GATE
Port:(124.5, 151.8)(129.9, 151.8)(129.9, 212.3)(124.5, 212.3);SD
Port:(345.6, 140.3)(345.6, 223.8)(131.4, 223.8)(131.4, 140.3);GATE
Port:(336.0, 146.4)(340.5, 146.4)(340.5, 217.7)(336.0, 217.7);SD
Module:M7
Boundary:(375.6, 143.1)(463.1, 143.1)(463.1, 143.2)(480.3, 143.2)(480.3, 309.0)(375.6, 309.0);GATE
Port:(390.1, 303.6)(465.8, 303.6)(465.8, 309.0)(390.1, 309.0);SD
Port:(375.6, 143.1)(463.1, 143.1)(463.1, 143.2)(480.3, 143.2)(480.3, 300.8)(375.6, 300.8);GATE
Port:(382.5, 149.0)(456.2, 149.0)(456.2, 154.3)(382.5, 154.3);SD
Module:M3
Boundary:(342.1, 10.0)(342.1, 104.8)(341.6, 104.8)(341.6, 120.3)(193.5, 120.3)(193.5, 10.0);GATE
Port:(193.5, 22.6)(197.6, 22.6)(197.6, 107.7)(193.5, 107.7);SD
Port:(342.1, 10.0)(342.1, 104.8)(341.6, 104.8)(341.6, 120.3)(199.2, 120.3)(199.2, 10.0);GATE
Port:(331.8, 16.1)(337.0, 16.1)(337.0, 98.7)(331.8, 98.7);SD
Module:M15
Boundary:(257.8, 243.8)(327.8, 243.8)(327.8, 244.2)(345.6, 244.2)(345.6, 402.4)(257.8, 402.4);GATE
Port:(271.7, 397.6)(331.7, 397.6)(331.7, 402.4)(271.7, 402.4);SD
Port:(257.8, 243.8)(327.8, 243.8)(327.8, 244.2)(345.6, 244.2)(345.6, 394.8)(257.8, 394.8);GATE
Port:(263.2, 248.2)(322.4, 248.2)(322.4, 254.3)(263.2, 254.3);SD
Module:M12
Boundary:(391.0, 339.0)(479.2, 339.0)(479.2, 549.9)(391.0, 549.9);GATE
Port:(405.4, 545.7)(464.8, 545.7)(464.8, 549.9)(405.4, 549.9);SD
Port:(391.0, 339.0)(479.2, 339.0)(479.2, 542.8)(391.0, 542.8);GATE
Port:(396.9, 343.9)(473.3, 343.9)(473.3, 350.6)(396.9, 350.6);SD
Module:M8
Boundary:(20.0, 195.2)(94.5, 195.2)(94.5, 400.4)(20.0, 400.4);GATE
Port:(32.0, 395.7)(82.5, 395.7)(82.5, 400.4)(32.0, 400.4);SD
Port:(20.0, 195.2)(94.5, 195.2)(94.5, 394.1)(20.0, 394.1);GATE
Port:(25.4, 199.6)(89.1, 199.6)(89.1, 205.6)(25.4, 205.6);SD
Module:M4
Boundary:(20.0, 440.4)(99.3, 440.4)(99.3, 567.6)(20.0, 567.6);GATE
Port:(33.8, 562.5)(85.5, 562.5)(85.5, 567.6)(33.8, 567.6);SD
Port:(20.0, 440.4)(99.3, 440.4)(99.3, 561.3)(20.0, 561.3);GATE
Port:(25.9, 445.3)(93.4, 445.3)(93.4, 452.2)(25.9, 452.2);SD
