Area:(-30.0, -30.0)(401.2, -30.0)(401.2, 964.9)(-30.0, 964.9)
Rule:GATE(5,5);SD(5,5);GATE_SD(0.5);GATE_ITO(0.5);SD_ITO(0.5)
Module:M14
Boundary:(30.0, 418.0)(64.5, 418.0)(64.5, 418.1)(82.5, 418.1)(82.5, 570.3)(30.0, 570.3);GATE
Port:(43.6, 565.6)(68.9, 565.6)(68.9, 570.3)(43.6, 570.3);SD
Port:(30.0, 418.0)(64.5, 418.0)(64.5, 418.1)(82.5, 418.1)(82.5, 564.2)(30.0, 564.2);GATE
Port:(35.8, 422.8)(58.7, 422.8)(58.7, 428.5)(35.8, 428.5);SD
Module:M9
Boundary:(111.5, 166.0)(163.5, 166.0)(163.5, 166.0)(179.8, 166.0)(179.8, 286.7)(111.5, 286.7);GATE
Port:(125.6, 282.2)(165.7, 282.2)(165.7, 286.7)(125.6, 286.7);SD
Port:(111.5, 166.0)(163.5, 166.0)(163.5, 166.0)(179.8, 166.0)(179.8, 280.9)(111.5, 280.9);GATE
Port:(118.2, 171.7)(156.8, 171.7)(156.8, 178.1)(118.2, 178.1);SD
Module:M5
Boundary:(342.9, 251.4)(342.9, 320.0)(342.5, 320.0)(342.5, 337.1)(260.2, 337.1)(260.2, 251.4);GATE
Port:(260.2, 264.8)(265.1, 264.8)(265.1, 323.7)(260.2, 323.7);SD
Port:(342.9, 251.4)(342.9, 320.0)(342.5, 320.0)(342.5, 337.1)(267.8, 337.1)(267.8, 251.4);GATE
Port:(332.0, 256.9)(338.4, 256.9)(338.4, 314.5)(332.0, 314.5);SD
Module:M11
Boundary:(313.8, 10.0)(361.2, 10.0)(361.2, 211.4)(313.8, 211.4);GATE
Port:(325.7, 206.7)(349.3, 206.7)(349.3, 211.4)(325.7, 211.4);SD
Port:(313.8, 10.0)(361.2, 10.0)(361.2, 204.4)(313.8, 204.4);GATE
Port:(318.9, 14.1)(356.1, 14.1)(356.1, 19.6)(318.9, 19.6);SD
Module:M1
Boundary:(258.1, 619.5)(319.1, 619.5)(319.1, 792.5)(258.1, 792.5);GATE
Port:(270.1, 787.5)(307.1, 787.5)(307.1, 792.5)(270.1, 792.5);SD
Port:(258.1, 619.5)(319.1, 619.5)(319.1, 785.2)(258.1, 785.2);GATE
Port:(263.3, 623.7)(313.9, 623.7)(313.9, 628.6)(263.3, 628.6);SD
Module:M6
Boundary:(214.5, 824.0)(214.5, 907.9)(214.5, 907.9)(214.5, 924.9)(10.0, 924.9)(10.0, 824.0);GATE
Port:(10.0, 837.2)(15.4, 837.2)(15.4, 911.7)(10.0, 911.7);SD
Port:(214.5, 824.0)(214.5, 907.9)(214.5, 907.9)(214.5, 924.9)(18.0, 924.9)(18.0, 824.0);GATE
Port:(204.7, 829.6)(209.9, 829.6)(209.9, 902.3)(204.7, 902.3);SD
Module:M2
Boundary:(113.3, 20.0)(175.1, 20.0)(175.1, 136.0)(113.3, 136.0);GATE
Port:(126.2, 130.4)(162.2, 130.4)(162.2, 136.0)(126.2, 136.0);SD
Port:(113.3, 20.0)(175.1, 20.0)(175.1, 127.5)(113.3, 127.5);GATE
Port:(119.8, 25.5)(168.6, 25.5)(168.6, 30.4)(119.8, 30.4);SD
Module:M16
Boundary:(122.5, 306.7)(213.0, 306.7)(213.0, 307.0)(230.2, 307.0)(230.2, 496.5)(122.5, 496.5);GATE
Port:(138.7, 491.1)(214.0, 491.1)(214.0, 496.5)(138.7, 496.5);SD
Port:(122.5, 306.7)(213.0, 306.7)(213.0, 307.0)(230.2, 307.0)(230.2, 490.1)(122.5, 490.1);GATE
Port:(129.3, 312.5)(206.2, 312.5)(206.2, 319.8)(129.3, 319.8);SD
Module:M13
Boundary:(209.6, 728.0)(209.6, 804.0)(10.0, 804.0)(10.0, 728.0);GATE
Port:(10.0, 739.7)(15.5, 739.7)(15.5, 792.3)(10.0, 792.3);SD
Port:(209.6, 728.0)(209.6, 804.0)(18.1, 804.0)(18.1, 728.0);GATE
Port:(199.8, 733.8)(204.8, 733.8)(204.8, 798.2)(199.8, 798.2);SD
Module:M10
Boundary:(10.0, 610.3)(95.1, 610.3)(95.1, 688.7)(10.0, 688.7);GATE
Port:(24.6, 683.2)(80.5, 683.2)(80.5, 688.7)(24.6, 688.7);SD
Port:(10.0, 610.3)(95.1, 610.3)(95.1, 680.7)(10.0, 680.7);GATE
Port:(16.9, 616.2)(88.2, 616.2)(88.2, 621.6)(16.9, 621.6);SD
Module:M7
Boundary:(20.0, 192.5)(66.2, 192.5)(66.2, 192.6)(81.5, 192.6)(81.5, 368.0)(20.0, 368.0);GATE
Port:(32.3, 362.5)(69.2, 362.5)(69.2, 368.0)(32.3, 368.0);SD
Port:(20.0, 192.5)(66.2, 192.5)(66.2, 192.6)(81.5, 192.6)(81.5, 360.8)(20.0, 360.8);GATE
Port:(25.3, 196.8)(60.9, 196.8)(60.9, 202.4)(25.3, 202.4);SD
Module:M3
Boundary:(250.2, 367.1)(360.2, 367.1)(360.2, 579.5)(250.2, 579.5);GATE
Port:(263.7, 573.8)(346.7, 573.8)(346.7, 579.5)(263.7, 579.5);SD
Port:(250.2, 367.1)(360.2, 367.1)(360.2, 570.8)(250.2, 570.8);GATE
Port:(256.2, 372.1)(354.2, 372.1)(354.2, 378.0)(256.2, 378.0);SD
Module:M15
Boundary:(10.0, 10.0)(65.6, 10.0)(65.6, 10.3)(83.3, 10.3)(83.3, 162.5)(10.0, 162.5);GATE
Port:(25.6, 157.7)(67.7, 157.7)(67.7, 162.5)(25.6, 162.5);SD
Port:(10.0, 10.0)(65.6, 10.0)(65.6, 10.3)(83.3, 10.3)(83.3, 155.4)(10.0, 155.4);GATE
Port:(16.7, 15.7)(58.9, 15.7)(58.9, 22.5)(16.7, 22.5);SD
Module:M12
Boundary:(358.3, 832.5)(358.3, 900.6)(234.5, 900.6)(234.5, 832.5);GATE
Port:(234.5, 843.2)(240.3, 843.2)(240.3, 889.9)(234.5, 889.9);SD
Port:(358.3, 832.5)(358.3, 900.6)(241.5, 900.6)(241.5, 832.5);GATE
Port:(349.1, 837.7)(354.1, 837.7)(354.1, 895.4)(349.1, 895.4);SD
Module:M8
Boundary:(132.5, 526.5)(208.1, 526.5)(208.1, 698.0)(132.5, 698.0);GATE
Port:(145.0, 692.9)(195.6, 692.9)(195.6, 698.0)(145.0, 698.0);SD
Port:(132.5, 526.5)(208.1, 526.5)(208.1, 691.4)(132.5, 691.4);GATE
Port:(138.9, 531.9)(201.7, 531.9)(201.7, 536.3)(138.9, 536.3);SD
Module:M4
Boundary:(215.1, 20.0)(266.5, 20.0)(266.5, 20.3)(283.8, 20.3)(283.8, 211.4)(215.1, 211.4);GATE
Port:(228.2, 205.6)(270.7, 205.6)(270.7, 211.4)(228.2, 211.4);SD
Port:(215.1, 20.0)(266.5, 20.0)(266.5, 20.3)(283.8, 20.3)(283.8, 202.9)(215.1, 202.9);GATE
Port:(220.3, 24.2)(261.3, 24.2)(261.3, 29.9)(220.3, 29.9);SD
