Area:(-30.0, -30.0)(379.7, -30.0)(379.7, 1062.7)(-30.0, 1062.7)
Rule:GATE(5,5);SD(5,5);GATE_SD(0.5);GATE_ITO(0.5);SD_ITO(0.5)
Module:M14
Boundary:(202.6, 499.2)(301.9, 499.2)(301.9, 499.5)(318.2, 499.5)(318.2, 662.8)(202.6, 662.8);GATE
Port:(216.6, 657.1)(304.2, 657.1)(304.2, 662.8)(216.6, 662.8);SD
Port:(202.6, 499.2)(301.9, 499.2)(301.9, 499.5)(318.2, 499.5)(318.2, 655.1)(202.6, 655.1);GATE
Port:(208.2, 503.8)(296.3, 503.8)(296.3, 510.6)(208.2, 510.6);SD
Module:M9
Boundary:(121.9, 823.0)(121.9, 905.4)(10.0, 905.4)(10.0, 823.0);GATE
Port:(10.0, 836.2)(15.7, 836.2)(15.7, 892.2)(10.0, 892.2);SD
Port:(121.9, 823.0)(121.9, 905.4)(18.5, 905.4)(18.5, 823.0);GATE
Port:(110.6, 829.1)(116.8, 829.1)(116.8, 899.3)(110.6, 899.3);SD
Module:M5
Boundary:(171.3, 20.0)(171.3, 126.9)(20.0, 126.9)(20.0, 20.0);GATE
Port:(20.0, 31.7)(25.0, 31.7)(25.0, 115.2)(20.0, 115.2);SD
Port:(171.3, 20.0)(171.3, 126.9)(26.2, 126.9)(26.2, 20.0);GATE
Port:(162.1, 25.8)(166.5, 25.8)(166.5, 121.1)(162.1, 121.1);SD
Module:M11
Boundary:(201.3, 10.0)(307.5, 10.0)(307.5, 10.2)(324.7, 10.2)(324.7, 157.5)(201.3, 157.5);GATE
Port:(216.5, 152.5)(309.5, 152.5)(309.5, 157.5)(216.5, 157.5);SD
Port:(201.3, 10.0)(307.5, 10.0)(307.5, 10.2)(324.7, 10.2)(324.7, 151.0)(201.3, 151.0);GATE
Port:(207.1, 14.8)(301.7, 14.8)(301.7, 22.5)(207.1, 22.5);SD
Module:M1
Boundary:(240.0, 823.1)(304.5, 823.1)(304.5, 823.4)(320.5, 823.4)(320.5, 1002.5)(240.0, 1002.5);GATE
Port:(252.9, 997.7)(307.6, 997.7)(307.6, 1002.5)(252.9, 1002.5);SD
Port:(240.0, 823.1)(304.5, 823.1)(304.5, 823.4)(320.5, 823.4)(320.5, 995.5)(240.0, 995.5);GATE
Port:(245.3, 827.4)(299.2, 827.4)(299.2, 833.2)(245.3, 833.2);SD
Module:M6
Boundary:(120.9, 925.4)(120.9, 1011.9)(10.0, 1011.9)(10.0, 925.4);GATE
Port:(10.0, 939.3)(15.4, 939.3)(15.4, 998.0)(10.0, 998.0);SD
Port:(120.9, 925.4)(120.9, 1011.9)(16.4, 1011.9)(16.4, 925.4);GATE
Port:(110.1, 930.8)(116.5, 930.8)(116.5, 1006.5)(110.1, 1006.5);SD
Module:M2
Boundary:(163.9, 166.9)(163.9, 251.3)(20.0, 251.3)(20.0, 166.9);GATE
Port:(20.0, 180.8)(24.0, 180.8)(24.0, 237.4)(20.0, 237.4);SD
Port:(163.9, 166.9)(163.9, 251.3)(26.8, 251.3)(26.8, 166.9);GATE
Port:(152.5, 173.1)(158.7, 173.1)(158.7, 245.1)(152.5, 245.1);SD
Module:M16
Boundary:(336.6, 702.8)(336.6, 783.1)(181.1, 783.1)(181.1, 702.8);GATE
Port:(181.1, 716.3)(186.3, 716.3)(186.3, 769.6)(181.1, 769.6);SD
Port:(336.6, 702.8)(336.6, 783.1)(189.2, 783.1)(189.2, 702.8);GATE
Port:(326.3, 708.5)(331.9, 708.5)(331.9, 777.4)(326.3, 777.4);SD
Module:M13
Boundary:(136.8, 281.3)(256.0, 281.3)(256.0, 454.6)(136.8, 454.6);GATE
Port:(152.4, 449.4)(240.4, 449.4)(240.4, 454.6)(152.4, 454.6);SD
Port:(136.8, 281.3)(256.0, 281.3)(256.0, 446.9)(136.8, 446.9);GATE
Port:(143.5, 287.0)(249.3, 287.0)(249.3, 293.5)(143.5, 293.5);SD
Module:M10
Boundary:(126.5, 724.8)(126.5, 787.6)(126.5, 787.6)(126.5, 803.0)(10.0, 803.0)(10.0, 724.8);GATE
Port:(10.0, 737.3)(15.9, 737.3)(15.9, 790.5)(10.0, 790.5);SD
Port:(126.5, 724.8)(126.5, 787.6)(126.5, 787.6)(126.5, 803.0)(18.4, 803.0)(18.4, 724.8);GATE
Port:(116.4, 730.2)(122.1, 730.2)(122.1, 782.2)(116.4, 782.2);SD
Module:M7
Boundary:(151.1, 628.8)(151.1, 694.8)(20.0, 694.8)(20.0, 628.8);GATE
Port:(20.0, 642.6)(24.8, 642.6)(24.8, 681.0)(20.0, 681.0);SD
Port:(151.1, 628.8)(151.1, 694.8)(27.0, 694.8)(27.0, 628.8);GATE
Port:(140.7, 633.9)(147.0, 633.9)(147.0, 689.7)(140.7, 689.7);SD
Module:M3
Boundary:(10.0, 281.3)(116.8, 281.3)(116.8, 458.1)(10.0, 458.1);GATE
Port:(24.1, 453.7)(102.7, 453.7)(102.7, 458.1)(24.1, 458.1);SD
Port:(10.0, 281.3)(116.8, 281.3)(116.8, 450.7)(10.0, 450.7);GATE
Port:(15.1, 285.4)(111.7, 285.4)(111.7, 292.5)(15.1, 292.5);SD
Module:M15
Boundary:(141.9, 823.0)(200.0, 823.0)(200.0, 1022.7)(141.9, 1022.7);GATE
Port:(154.2, 1017.8)(187.7, 1017.8)(187.7, 1022.7)(154.2, 1022.7);SD
Port:(141.9, 823.0)(200.0, 823.0)(200.0, 1015.1)(141.9, 1015.1);GATE
Port:(147.1, 827.2)(194.8, 827.2)(194.8, 833.4)(147.1, 833.4);SD
Module:M12
Boundary:(276.0, 274.9)(325.0, 274.9)(325.0, 275.2)(339.7, 275.2)(339.7, 459.2)(276.0, 459.2);GATE
Port:(290.1, 453.8)(325.6, 453.8)(325.6, 459.2)(290.1, 459.2);SD
Port:(276.0, 274.9)(325.0, 274.9)(325.0, 275.2)(339.7, 275.2)(339.7, 452.0)(276.0, 452.0);GATE
Port:(282.3, 280.2)(318.7, 280.2)(318.7, 286.8)(282.3, 286.8);SD
Module:M8
Boundary:(310.4, 187.5)(310.4, 226.4)(310.3, 226.4)(310.3, 244.9)(211.3, 244.9)(211.3, 187.5);GATE
Port:(211.3, 203.3)(216.8, 203.3)(216.8, 229.1)(211.3, 229.1);SD
Port:(310.4, 187.5)(310.4, 226.4)(310.3, 226.4)(310.3, 244.9)(218.4, 244.9)(218.4, 187.5);GATE
Port:(297.9, 194.1)(304.8, 194.1)(304.8, 219.8)(297.9, 219.8);SD
Module:M4
Boundary:(152.6, 488.1)(152.6, 588.8)(20.0, 588.8)(20.0, 488.1);GATE
Port:(20.0, 502.4)(24.0, 502.4)(24.0, 574.5)(20.0, 574.5);SD
Port:(152.6, 488.1)(152.6, 588.8)(25.4, 588.8)(25.4, 488.1);GATE
Port:(141.4, 494.6)(147.1, 494.6)(147.1, 582.3)(141.4, 582.3);SD
