Area:(-30.0, -30.0)(723.2, -30.0)(723.2, 539.7)(-30.0, 539.7)
Rule:GATE(5,5);SD(5,5);GATE_SD(0.5);GATE_ITO(0.5);SD_ITO(0.5)
Module:M14
Boundary:(117.7, 30.0)(190.0, 30.0)(190.0, 192.6)(117.7, 192.6);GATE
Port:(133.4, 187.3)(174.3, 187.3)(174.3, 192.6)(133.4, 192.6);SD
Port:(117.7, 30.0)(190.0, 30.0)(190.0, 184.7)(117.7, 184.7);GATE
Port:(124.3, 35.6)(183.4, 35.6)(183.4, 42.9)(124.3, 42.9);SD
Module:M9
Boundary:(682.2, 394.2)(682.2, 483.6)(578.8, 483.6)(578.8, 394.2);GATE
Port:(578.8, 407.5)(584.0, 407.5)(584.0, 470.3)(578.8, 470.3);SD
Port:(682.2, 394.2)(682.2, 483.6)(585.3, 483.6)(585.3, 394.2);GATE
Port:(672.3, 400.2)(677.2, 400.2)(677.2, 477.6)(672.3, 477.6);SD
Module:M5
Boundary:(614.9, 20.0)(649.8, 20.0)(649.8, 20.2)(665.7, 20.2)(665.7, 157.0)(614.9, 157.0);GATE
Port:(629.3, 152.8)(651.3, 152.8)(651.3, 157.0)(629.3, 157.0);SD
Port:(614.9, 20.0)(649.8, 20.0)(649.8, 20.2)(665.7, 20.2)(665.7, 151.3)(614.9, 151.3);GATE
Port:(620.5, 24.6)(644.2, 24.6)(644.2, 31.7)(620.5, 31.7);SD
Module:M11
Boundary:(572.7, 187.0)(683.2, 187.0)(683.2, 374.2)(572.7, 374.2);GATE
Port:(588.5, 369.5)(667.4, 369.5)(667.4, 374.2)(588.5, 374.2);SD
Port:(572.7, 187.0)(683.2, 187.0)(683.2, 367.5)(572.7, 367.5);GATE
Port:(579.7, 193.0)(676.2, 193.0)(676.2, 199.3)(579.7, 199.3);SD
Module:M1
Boundary:(517.3, 30.0)(549.2, 30.0)(549.2, 30.1)(564.9, 30.1)(564.9, 143.8)(517.3, 143.8);GATE
Port:(529.9, 139.6)(552.3, 139.6)(552.3, 143.8)(529.9, 143.8);SD
Port:(517.3, 30.0)(549.2, 30.0)(549.2, 30.1)(564.9, 30.1)(564.9, 137.6)(517.3, 137.6);GATE
Port:(523.6, 35.3)(542.9, 35.3)(542.9, 39.8)(523.6, 39.8);SD
Module:M6
Boundary:(552.7, 215.9)(552.7, 307.1)(552.3, 307.1)(552.3, 321.7)(374.2, 321.7)(374.2, 215.9);GATE
Port:(374.2, 228.4)(378.5, 228.4)(378.5, 309.2)(374.2, 309.2);SD
Port:(552.7, 215.9)(552.7, 307.1)(552.3, 307.1)(552.3, 321.7)(380.4, 321.7)(380.4, 215.9);GATE
Port:(541.7, 221.5)(548.1, 221.5)(548.1, 301.5)(541.7, 301.5);SD
Module:M2
Boundary:(412.5, 428.6)(412.5, 482.2)(412.4, 482.2)(412.4, 499.7)(240.1, 499.7)(240.1, 428.6);GATE
Port:(240.1, 442.7)(245.8, 442.7)(245.8, 485.6)(240.1, 485.6);SD
Port:(412.5, 428.6)(412.5, 482.2)(412.4, 482.2)(412.4, 499.7)(246.9, 499.7)(246.9, 428.6);GATE
Port:(400.9, 434.6)(407.5, 434.6)(407.5, 476.2)(400.9, 476.2);SD
Module:M16
Boundary:(400.8, 10.0)(477.3, 10.0)(477.3, 195.9)(400.8, 195.9);GATE
Port:(412.5, 190.7)(465.6, 190.7)(465.6, 195.9)(412.5, 195.9);SD
Port:(400.8, 10.0)(477.3, 10.0)(477.3, 188.9)(400.8, 188.9);GATE
Port:(406.7, 14.9)(471.4, 14.9)(471.4, 19.6)(406.7, 19.6);SD
Module:M13
Boundary:(380.8, 10.0)(380.8, 93.9)(230.0, 93.9)(230.0, 10.0);GATE
Port:(230.0, 23.8)(234.1, 23.8)(234.1, 80.1)(230.0, 80.1);SD
Port:(380.8, 10.0)(380.8, 93.9)(235.6, 93.9)(235.6, 10.0);GATE
Port:(369.7, 16.0)(375.8, 16.0)(375.8, 87.9)(369.7, 87.9);SD
Module:M10
Boundary:(350.6, 113.9)(350.6, 213.6)(230.0, 213.6)(230.0, 113.9);GATE
Port:(230.0, 127.7)(235.2, 127.7)(235.2, 199.8)(230.0, 199.8);SD
Port:(350.6, 113.9)(350.6, 213.6)(236.4, 213.6)(236.4, 113.9);GATE
Port:(339.3, 119.0)(346.5, 119.0)(346.5, 208.5)(339.3, 208.5);SD
Module:M7
Boundary:(227.2, 243.6)(227.2, 309.5)(226.8, 309.5)(226.8, 325.1)(20.0, 325.1)(20.0, 243.6);GATE
Port:(20.0, 257.5)(24.9, 257.5)(24.9, 311.2)(20.0, 311.2);SD
Port:(227.2, 243.6)(227.2, 309.5)(226.8, 309.5)(226.8, 325.1)(26.9, 325.1)(26.9, 243.6);GATE
Port:(215.5, 249.9)(221.9, 249.9)(221.9, 303.2)(215.5, 303.2);SD
Module:M3
Boundary:(257.2, 233.6)(354.2, 233.6)(354.2, 398.6)(257.2, 398.6);GATE
Port:(270.1, 393.5)(341.3, 393.5)(341.3, 398.6)(270.1, 398.6);SD
Port:(257.2, 233.6)(354.2, 233.6)(354.2, 392.0)(257.2, 392.0);GATE
Port:(262.9, 238.3)(348.5, 238.3)(348.5, 244.0)(262.9, 244.0);SD
Module:M15
Boundary:(10.0, 10.0)(77.7, 10.0)(77.7, 205.8)(10.0, 205.8);GATE
Port:(23.6, 201.3)(64.1, 201.3)(64.1, 205.8)(23.6, 205.8);SD
Port:(10.0, 10.0)(77.7, 10.0)(77.7, 200.2)(10.0, 200.2);GATE
Port:(15.7, 14.7)(72.0, 14.7)(72.0, 20.2)(15.7, 20.2);SD
Module:M12
Boundary:(551.9, 341.7)(551.9, 398.1)(374.2, 398.1)(374.2, 341.7);GATE
Port:(374.2, 357.4)(378.7, 357.4)(378.7, 382.4)(374.2, 382.4);SD
Port:(551.9, 341.7)(551.9, 398.1)(379.9, 398.1)(379.9, 341.7);GATE
Port:(538.7, 348.5)(546.1, 348.5)(546.1, 391.3)(538.7, 391.3);SD
Module:M8
Boundary:(452.5, 428.1)(533.0, 428.1)(533.0, 428.1)(548.8, 428.1)(548.8, 499.3)(452.5, 499.3);GATE
Port:(465.6, 495.3)(535.7, 495.3)(535.7, 499.3)(465.6, 499.3);SD
Port:(452.5, 428.1)(533.0, 428.1)(533.0, 428.1)(548.8, 428.1)(548.8, 492.9)(452.5, 492.9);GATE
Port:(457.9, 432.5)(527.6, 432.5)(527.6, 438.8)(457.9, 438.8);SD
Module:M4
Boundary:(200.1, 365.1)(200.1, 458.9)(20.0, 458.9)(20.0, 365.1);GATE
Port:(20.0, 377.2)(25.2, 377.2)(25.2, 446.8)(20.0, 446.8);SD
Port:(200.1, 365.1)(200.1, 458.9)(28.1, 458.9)(28.1, 365.1);GATE
Port:(190.8, 370.4)(195.8, 370.4)(195.8, 453.6)(190.8, 453.6);SD
