Area:(-30.0, -30.0)(764.2, -30.0)(764.2, 475.5)(-30.0, 475.5)
Rule:GATE(5,5);SD(5,5);GATE_SD(0.5);GATE_ITO(0.5);SD_ITO(0.5)
Module:M14
Boundary:(228.1, 134.6)(287.6, 134.6)(287.6, 134.9)(301.7, 134.9)(301.7, 209.1)(228.1, 209.1);GATE
Port:(240.4, 205.0)(289.4, 205.0)(289.4, 209.1)(240.4, 209.1);SD
Port:(228.1, 134.6)(287.6, 134.6)(287.6, 134.9)(301.7, 134.9)(301.7, 202.3)(228.1, 202.3);GATE
Port:(233.7, 139.2)(282.0, 139.2)(282.0, 145.2)(233.7, 145.2);SD
Module:M9
Boundary:(146.1, 260.2)(197.1, 260.2)(197.1, 260.4)(213.3, 260.4)(213.3, 363.2)(146.1, 363.2);GATE
Port:(160.3, 357.7)(199.1, 357.7)(199.1, 363.2)(160.3, 363.2);SD
Port:(146.1, 260.2)(197.1, 260.2)(197.1, 260.4)(213.3, 260.4)(213.3, 355.0)(146.1, 355.0);GATE
Port:(152.9, 266.0)(190.3, 266.0)(190.3, 271.2)(152.9, 271.2);SD
Module:M5
Boundary:(724.2, 20.0)(724.2, 108.7)(724.0, 108.7)(724.0, 126.0)(540.3, 126.0)(540.3, 20.0);GATE
Port:(540.3, 34.9)(546.0, 34.9)(546.0, 111.1)(540.3, 111.1);SD
Port:(724.2, 20.0)(724.2, 108.7)(724.0, 108.7)(724.0, 126.0)(547.3, 126.0)(547.3, 20.0);GATE
Port:(712.7, 26.6)(718.6, 26.6)(718.6, 102.1)(712.7, 102.1);SD
Module:M11
Boundary:(10.0, 260.2)(107.0, 260.2)(107.0, 260.5)(126.1, 260.5)(126.1, 367.0)(10.0, 367.0);GATE
Port:(25.9, 361.9)(110.2, 361.9)(110.2, 367.0)(25.9, 367.0);SD
Port:(10.0, 260.2)(107.0, 260.2)(107.0, 260.5)(126.1, 260.5)(126.1, 359.8)(10.0, 359.8);GATE
Port:(16.5, 265.7)(100.5, 265.7)(100.5, 272.8)(16.5, 272.8);SD
Module:M1
Boundary:(612.8, 176.0)(688.6, 176.0)(688.6, 176.0)(703.1, 176.0)(703.1, 315.0)(612.8, 315.0);GATE
Port:(625.2, 309.4)(690.7, 309.4)(690.7, 315.0)(625.2, 315.0);SD
Port:(612.8, 176.0)(688.6, 176.0)(688.6, 176.0)(703.1, 176.0)(703.1, 307.3)(612.8, 307.3);GATE
Port:(618.4, 180.6)(683.0, 180.6)(683.0, 186.5)(618.4, 186.5);SD
Module:M6
Boundary:(572.4, 312.9)(572.4, 400.4)(571.8, 400.4)(571.8, 417.9)(425.3, 417.9)(425.3, 312.9);GATE
Port:(425.3, 326.6)(430.7, 326.6)(430.7, 404.2)(425.3, 404.2);SD
Port:(572.4, 312.9)(572.4, 400.4)(571.8, 400.4)(571.8, 417.9)(432.5, 417.9)(432.5, 312.9);GATE
Port:(562.1, 318.1)(568.2, 318.1)(568.2, 395.2)(562.1, 395.2);SD
Module:M2
Boundary:(351.7, 124.6)(418.8, 124.6)(418.8, 253.0)(351.7, 253.0);GATE
Port:(364.5, 247.5)(406.0, 247.5)(406.0, 253.0)(364.5, 253.0);SD
Port:(351.7, 124.6)(418.8, 124.6)(418.8, 244.7)(351.7, 244.7);GATE
Port:(356.8, 128.7)(413.7, 128.7)(413.7, 134.4)(356.8, 134.4);SD
Module:M16
Boundary:(158.8, 387.0)(158.8, 435.5)(10.0, 435.5)(10.0, 387.0);GATE
Port:(10.0, 399.7)(15.3, 399.7)(15.3, 422.8)(10.0, 422.8);SD
Port:(158.8, 387.0)(158.8, 435.5)(17.4, 435.5)(17.4, 387.0);GATE
Port:(148.3, 393.7)(153.1, 393.7)(153.1, 428.8)(148.3, 428.8);SD
Module:M13
Boundary:(317.6, 283.0)(387.9, 283.0)(387.9, 283.4)(405.3, 283.4)(405.3, 435.4)(317.6, 435.4);GATE
Port:(331.6, 429.5)(391.3, 429.5)(391.3, 435.4)(331.6, 435.4);SD
Port:(317.6, 283.0)(387.9, 283.0)(387.9, 283.4)(405.3, 283.4)(405.3, 428.2)(317.6, 428.2);GATE
Port:(323.7, 288.1)(381.8, 288.1)(381.8, 294.1)(323.7, 294.1);SD
Module:M10
Boundary:(212.7, 10.0)(212.7, 91.0)(10.0, 91.0)(10.0, 10.0);GATE
Port:(10.0, 22.5)(15.4, 22.5)(15.4, 78.5)(10.0, 78.5);SD
Port:(212.7, 10.0)(212.7, 91.0)(17.7, 91.0)(17.7, 10.0);GATE
Port:(202.6, 15.8)(207.9, 15.8)(207.9, 85.2)(202.6, 85.2);SD
Module:M7
Boundary:(722.4, 365.0)(722.4, 413.7)(602.4, 413.7)(602.4, 365.0);GATE
Port:(602.4, 379.0)(606.8, 379.0)(606.8, 399.7)(602.4, 399.7);SD
Port:(722.4, 365.0)(722.4, 413.7)(608.3, 413.7)(608.3, 365.0);GATE
Port:(710.2, 371.7)(716.7, 371.7)(716.7, 407.0)(710.2, 407.0);SD
Module:M3
Boundary:(233.3, 249.1)(282.2, 249.1)(282.2, 249.2)(297.6, 249.2)(297.6, 432.1)(233.3, 432.1);GATE
Port:(246.2, 427.5)(284.7, 427.5)(284.7, 432.1)(246.2, 432.1);SD
Port:(233.3, 249.1)(282.2, 249.1)(282.2, 249.2)(297.6, 249.2)(297.6, 425.2)(233.3, 425.2);GATE
Port:(238.9, 253.7)(276.6, 253.7)(276.6, 259.8)(238.9, 259.8);SD
Module:M15
Boundary:(448.8, 10.0)(510.3, 10.0)(510.3, 133.0)(448.8, 133.0);GATE
Port:(461.2, 127.8)(497.9, 127.8)(497.9, 133.0)(461.2, 133.0);SD
Port:(448.8, 10.0)(510.3, 10.0)(510.3, 125.7)(448.8, 125.7);GATE
Port:(453.9, 14.1)(505.2, 14.1)(505.2, 20.6)(453.9, 20.6);SD
Module:M12
Boundary:(448.8, 156.0)(554.8, 156.0)(554.8, 156.2)(572.8, 156.2)(572.8, 292.9)(448.8, 292.9);GATE
Port:(462.1, 288.7)(559.5, 288.7)(559.5, 292.9)(462.1, 292.9);SD
Port:(448.8, 156.0)(554.8, 156.0)(554.8, 156.2)(572.8, 156.2)(572.8, 286.0)(448.8, 286.0);GATE
Port:(454.7, 160.9)(548.9, 160.9)(548.9, 165.8)(454.7, 165.8);SD
Module:M8
Boundary:(418.6, 20.0)(418.6, 84.6)(242.7, 84.6)(242.7, 20.0);GATE
Port:(242.7, 33.0)(246.8, 33.0)(246.8, 71.6)(242.7, 71.6);SD
Port:(418.6, 20.0)(418.6, 84.6)(248.8, 84.6)(248.8, 20.0);GATE
Port:(408.6, 25.9)(413.7, 25.9)(413.7, 78.7)(408.6, 78.7);SD
Module:M4
Boundary:(178.1, 121.0)(178.1, 212.1)(177.6, 212.1)(177.6, 230.2)(20.0, 230.2)(20.0, 121.0);GATE
Port:(20.0, 135.9)(25.8, 135.9)(25.8, 215.3)(20.0, 215.3);SD
Port:(178.1, 121.0)(178.1, 212.1)(177.6, 212.1)(177.6, 230.2)(28.5, 230.2)(28.5, 121.0);GATE
Port:(166.6, 126.2)(173.9, 126.2)(173.9, 206.9)(166.6, 206.9);SD
