Area:(-30.0, -30.0)(854.0, -30.0)(854.0, 451.5)(-30.0, 451.5)
Rule:GATE(5,5);SD(5,5);GATE_SD(0.5);GATE_ITO(0.5);SD_ITO(0.5)
Module:M14
Boundary:(807.7, 290.5)(807.7, 367.2)(807.7, 367.2)(807.7, 382.3)(689.0, 382.3)(689.0, 290.5);GATE
Port:(689.0, 302.5)(694.3, 302.5)(694.3, 370.3)(689.0, 370.3);SD
Port:(807.7, 290.5)(807.7, 367.2)(807.7, 367.2)(807.7, 382.3)(696.9, 382.3)(696.9, 290.5);GATE
Port:(797.4, 296.2)(803.0, 296.2)(803.0, 361.5)(797.4, 361.5);SD
Module:M9
Boundary:(189.7, 10.0)(189.7, 78.8)(10.0, 78.8)(10.0, 10.0);GATE
Port:(10.0, 23.7)(15.1, 23.7)(15.1, 65.1)(10.0, 65.1);SD
Port:(189.7, 10.0)(189.7, 78.8)(17.9, 78.8)(17.9, 10.0);GATE
Port:(179.0, 15.0)(185.7, 15.0)(185.7, 73.8)(179.0, 73.8);SD
Module:M5
Boundary:(316.9, 20.0)(316.9, 69.8)(316.9, 69.8)(316.9, 86.0)(219.7, 86.0)(219.7, 20.0);GATE
Port:(219.7, 33.4)(225.6, 33.4)(225.6, 72.6)(219.7, 72.6);SD
Port:(316.9, 20.0)(316.9, 69.8)(316.9, 69.8)(316.9, 86.0)(228.1, 86.0)(228.1, 20.0);GATE
Port:(306.6, 26.8)(311.1, 26.8)(311.1, 63.0)(306.6, 63.0);SD
Module:M11
Boundary:(326.0, 116.0)(326.0, 185.8)(325.7, 185.8)(325.7, 202.8)(137.9, 202.8)(137.9, 116.0);GATE
Port:(137.9, 130.4)(143.0, 130.4)(143.0, 188.4)(137.9, 188.4);SD
Port:(326.0, 116.0)(326.0, 185.8)(325.7, 185.8)(325.7, 202.8)(145.5, 202.8)(145.5, 116.0);GATE
Port:(314.2, 121.7)(321.3, 121.7)(321.3, 180.1)(314.2, 180.1);SD
Module:M1
Boundary:(466.7, 316.7)(466.7, 390.1)(366.0, 390.1)(366.0, 316.7);GATE
Port:(366.0, 329.7)(370.5, 329.7)(370.5, 377.1)(366.0, 377.1);SD
Port:(466.7, 316.7)(466.7, 390.1)(372.7, 390.1)(372.7, 316.7);GATE
Port:(455.5, 322.2)(462.2, 322.2)(462.2, 384.6)(455.5, 384.6);SD
Module:M6
Boundary:(428.9, 132.5)(482.2, 132.5)(482.2, 274.3)(428.9, 274.3);GATE
Port:(443.3, 269.7)(467.8, 269.7)(467.8, 274.3)(443.3, 274.3);SD
Port:(428.9, 132.5)(482.2, 132.5)(482.2, 268.4)(428.9, 268.4);GATE
Port:(435.4, 138.0)(475.7, 138.0)(475.7, 144.5)(435.4, 144.5);SD
Module:M2
Boundary:(677.8, 20.0)(677.8, 92.7)(677.3, 92.7)(677.3, 110.7)(570.1, 110.7)(570.1, 20.0);GATE
Port:(570.1, 34.6)(574.7, 34.6)(574.7, 96.1)(570.1, 96.1);SD
Port:(677.8, 20.0)(677.8, 92.7)(677.3, 92.7)(677.3, 110.7)(576.6, 110.7)(576.6, 20.0);GATE
Port:(666.3, 25.7)(673.1, 25.7)(673.1, 87.0)(666.3, 87.0);SD
Module:M16
Boundary:(208.5, 345.2)(208.5, 395.9)(208.3, 395.9)(208.3, 411.5)(10.0, 411.5)(10.0, 345.2);GATE
Port:(10.0, 359.4)(14.6, 359.4)(14.6, 397.3)(10.0, 397.3);SD
Port:(208.5, 345.2)(208.5, 395.9)(208.3, 395.9)(208.3, 411.5)(15.8, 411.5)(15.8, 345.2);GATE
Port:(197.0, 352.2)(202.5, 352.2)(202.5, 388.9)(197.0, 388.9);SD
Module:M13
Boundary:(540.1, 10.0)(540.1, 95.4)(539.9, 95.4)(539.9, 112.5)(428.9, 112.5)(428.9, 10.0);GATE
Port:(428.9, 23.2)(433.2, 23.2)(433.2, 99.3)(428.9, 99.3);SD
Port:(540.1, 10.0)(540.1, 95.4)(539.9, 95.4)(539.9, 112.5)(435.5, 112.5)(435.5, 10.0);GATE
Port:(529.4, 15.1)(536.0, 15.1)(536.0, 90.3)(529.4, 90.3);SD
Module:M10
Boundary:(346.9, 131.7)(392.3, 131.7)(392.3, 131.9)(406.8, 131.9)(406.8, 276.7)(346.9, 276.7);GATE
Port:(359.2, 271.2)(394.5, 271.2)(394.5, 276.7)(359.2, 276.7);SD
Port:(346.9, 131.7)(392.3, 131.7)(392.3, 131.9)(406.8, 131.9)(406.8, 268.9)(346.9, 268.9);GATE
Port:(353.0, 136.8)(386.2, 136.8)(386.2, 141.6)(353.0, 141.6);SD
Module:M7
Boundary:(661.4, 150.7)(661.4, 222.7)(661.4, 222.7)(661.4, 240.5)(512.2, 240.5)(512.2, 150.7);GATE
Port:(512.2, 165.3)(517.5, 165.3)(517.5, 225.9)(512.2, 225.9);SD
Port:(661.4, 150.7)(661.4, 222.7)(661.4, 222.7)(661.4, 240.5)(519.8, 240.5)(519.8, 150.7);GATE
Port:(649.9, 156.3)(656.8, 156.3)(656.8, 217.1)(649.9, 217.1);SD
Module:M3
Boundary:(321.1, 222.8)(321.1, 308.4)(320.7, 308.4)(320.7, 324.8)(137.9, 324.8)(137.9, 222.8);GATE
Port:(137.9, 237.9)(142.1, 237.9)(142.1, 309.7)(137.9, 309.7);SD
Port:(321.1, 222.8)(321.1, 308.4)(320.7, 308.4)(320.7, 324.8)(143.6, 324.8)(143.6, 222.8);GATE
Port:(308.9, 229.4)(315.5, 229.4)(315.5, 301.8)(308.9, 301.8);SD
Module:M15
Boundary:(346.9, 10.0)(408.9, 10.0)(408.9, 111.7)(346.9, 111.7);GATE
Port:(358.9, 106.3)(396.9, 106.3)(396.9, 111.7)(358.9, 111.7);SD
Port:(346.9, 10.0)(408.9, 10.0)(408.9, 103.8)(346.9, 103.8);GATE
Port:(352.0, 14.1)(403.8, 14.1)(403.8, 19.6)(352.0, 19.6);SD
Module:M12
Boundary:(10.0, 98.8)(117.9, 98.8)(117.9, 325.2)(10.0, 325.2);GATE
Port:(25.6, 319.3)(102.3, 319.3)(102.3, 325.2)(25.6, 325.2);SD
Port:(10.0, 98.8)(117.9, 98.8)(117.9, 317.7)(10.0, 317.7);GATE
Port:(16.6, 104.4)(111.3, 104.4)(111.3, 111.4)(16.6, 111.4);SD
Module:M8
Boundary:(639.0, 280.5)(639.0, 388.1)(516.7, 388.1)(516.7, 280.5);GATE
Port:(516.7, 295.1)(522.7, 295.1)(522.7, 373.5)(516.7, 373.5);SD
Port:(639.0, 280.5)(639.0, 388.1)(524.1, 388.1)(524.1, 280.5);GATE
Port:(627.3, 285.8)(634.7, 285.8)(634.7, 382.8)(627.3, 382.8);SD
Module:M4
Boundary:(717.8, 20.0)(798.5, 20.0)(798.5, 20.5)(814.0, 20.5)(814.0, 238.4)(717.8, 238.4);GATE
Port:(731.8, 233.7)(800.0, 233.7)(800.0, 238.4)(731.8, 238.4);SD
Port:(717.8, 20.0)(798.5, 20.0)(798.5, 20.5)(814.0, 20.5)(814.0, 232.0)(717.8, 232.0);GATE
Port:(724.5, 25.7)(791.8, 25.7)(791.8, 31.3)(724.5, 31.3);SD
