Area:(-30.0, -30.0)(577.5, -30.0)(577.5, 679.5)(-30.0, 679.5)
Rule:GATE(5,5);SD(5,5);GATE_SD(0.5);GATE_ITO(0.5);SD_ITO(0.5)
Module:M14
Boundary:(433.1, 194.5)(433.1, 260.5)(280.1, 260.5)(280.1, 194.5);GATE
Port:(280.1, 208.8)(285.7, 208.8)(285.7, 246.2)(280.1, 246.2);SD
Port:(433.1, 194.5)(433.1, 260.5)(287.9, 260.5)(287.9, 194.5);GATE
Port:(421.3, 201.4)(427.2, 201.4)(427.2, 253.6)(421.3, 253.6);SD
Module:M9
Boundary:(473.1, 174.5)(537.5, 174.5)(537.5, 280.2)(473.1, 280.2);GATE
Port:(486.3, 275.9)(524.3, 275.9)(524.3, 280.2)(486.3, 280.2);SD
Port:(473.1, 174.5)(537.5, 174.5)(537.5, 272.9)(473.1, 272.9);GATE
Port:(478.7, 179.1)(531.9, 179.1)(531.9, 185.1)(478.7, 185.1);SD
Module:M5
Boundary:(466.2, 310.5)(527.5, 310.5)(527.5, 466.7)(466.2, 466.7);GATE
Port:(478.5, 462.7)(515.2, 462.7)(515.2, 466.7)(478.5, 466.7);SD
Port:(466.2, 310.5)(527.5, 310.5)(527.5, 461.0)(466.2, 461.0);GATE
Port:(471.8, 315.1)(521.9, 315.1)(521.9, 320.2)(471.8, 320.2);SD
Module:M11
Boundary:(528.7, 496.7)(528.7, 590.9)(528.6, 590.9)(528.6, 605.6)(456.2, 605.6)(456.2, 496.7);GATE
Port:(456.2, 511.2)(460.6, 511.2)(460.6, 591.1)(456.2, 591.1);SD
Port:(528.7, 496.7)(528.7, 590.9)(528.6, 590.9)(528.6, 605.6)(461.8, 605.6)(461.8, 496.7);GATE
Port:(516.0, 502.9)(523.5, 502.9)(523.5, 584.7)(516.0, 584.7);SD
Module:M1
Boundary:(521.9, 30.0)(521.9, 117.1)(521.8, 117.1)(521.8, 134.5)(334.8, 134.5)(334.8, 30.0);GATE
Port:(334.8, 44.1)(339.1, 44.1)(339.1, 120.4)(334.8, 120.4);SD
Port:(521.9, 30.0)(521.9, 117.1)(521.8, 117.1)(521.8, 134.5)(340.1, 134.5)(340.1, 30.0);GATE
Port:(510.9, 35.6)(517.3, 35.6)(517.3, 111.5)(510.9, 111.5);SD
Module:M6
Boundary:(138.3, 154.4)(222.9, 154.4)(222.9, 154.7)(240.1, 154.7)(240.1, 318.6)(138.3, 318.6);GATE
Port:(151.6, 312.7)(226.8, 312.7)(226.8, 318.6)(151.6, 318.6);SD
Port:(138.3, 154.4)(222.9, 154.4)(222.9, 154.7)(240.1, 154.7)(240.1, 309.8)(138.3, 309.8);GATE
Port:(143.6, 158.7)(217.6, 158.7)(217.6, 164.5)(143.6, 164.5);SD
Module:M2
Boundary:(350.8, 450.0)(411.1, 450.0)(411.1, 450.1)(425.0, 450.1)(425.0, 632.3)(350.8, 632.3);GATE
Port:(363.6, 627.7)(412.2, 627.7)(412.2, 632.3)(363.6, 632.3);SD
Port:(350.8, 450.0)(411.1, 450.0)(411.1, 450.1)(425.0, 450.1)(425.0, 625.2)(350.8, 625.2);GATE
Port:(357.3, 455.5)(404.6, 455.5)(404.6, 460.9)(357.3, 460.9);SD
Module:M16
Boundary:(217.8, 466.3)(320.8, 466.3)(320.8, 639.5)(217.8, 639.5);GATE
Port:(231.1, 633.5)(307.5, 633.5)(307.5, 639.5)(231.1, 639.5);SD
Port:(217.8, 466.3)(320.8, 466.3)(320.8, 630.8)(217.8, 630.8);GATE
Port:(223.2, 470.7)(315.4, 470.7)(315.4, 476.5)(223.2, 476.5);SD
Module:M13
Boundary:(436.2, 300.5)(436.2, 403.2)(435.7, 403.2)(435.7, 420.0)(340.8, 420.0)(340.8, 300.5);GATE
Port:(340.8, 314.8)(346.1, 314.8)(346.1, 405.7)(340.8, 405.7);SD
Port:(436.2, 300.5)(436.2, 403.2)(435.7, 403.2)(435.7, 420.0)(348.9, 420.0)(348.9, 300.5);GATE
Port:(425.0, 306.7)(431.0, 306.7)(431.0, 397.0)(425.0, 397.0);SD
Module:M10
Boundary:(199.4, 338.6)(303.7, 338.6)(303.7, 339.2)(320.7, 339.2)(320.7, 446.3)(199.4, 446.3);GATE
Port:(214.3, 441.6)(305.8, 441.6)(305.8, 446.3)(214.3, 446.3);SD
Port:(199.4, 338.6)(303.7, 338.6)(303.7, 339.2)(320.7, 339.2)(320.7, 439.2)(199.4, 439.2);GATE
Port:(206.4, 344.6)(296.7, 344.6)(296.7, 350.4)(206.4, 350.4);SD
Module:M7
Boundary:(187.8, 546.0)(187.8, 623.9)(20.0, 623.9)(20.0, 546.0);GATE
Port:(20.0, 561.6)(24.6, 561.6)(24.6, 608.3)(20.0, 608.3);SD
Port:(187.8, 546.0)(187.8, 623.9)(26.7, 623.9)(26.7, 546.0);GATE
Port:(175.7, 551.5)(183.3, 551.5)(183.3, 618.4)(175.7, 618.4);SD
Module:M3
Boundary:(166.5, 10.0)(166.5, 107.4)(10.0, 107.4)(10.0, 10.0);GATE
Port:(10.0, 21.5)(14.1, 21.5)(14.1, 95.9)(10.0, 95.9);SD
Port:(166.5, 10.0)(166.5, 107.4)(16.5, 107.4)(16.5, 10.0);GATE
Port:(156.6, 15.8)(161.7, 15.8)(161.7, 101.6)(156.6, 101.6);SD
Module:M15
Boundary:(10.0, 127.4)(103.7, 127.4)(103.7, 127.9)(118.3, 127.9)(118.3, 330.1)(10.0, 330.1);GATE
Port:(24.0, 324.9)(104.3, 324.9)(104.3, 330.1)(24.0, 330.1);SD
Port:(10.0, 127.4)(103.7, 127.4)(103.7, 127.9)(118.3, 127.9)(118.3, 322.0)(10.0, 322.0);GATE
Port:(16.8, 133.2)(96.9, 133.2)(96.9, 139.3)(16.8, 139.3);SD
Module:M12
Boundary:(143.2, 350.1)(143.2, 409.3)(10.0, 409.3)(10.0, 350.1);GATE
Port:(10.0, 361.7)(15.8, 361.7)(15.8, 397.7)(10.0, 397.7);SD
Port:(143.2, 350.1)(143.2, 409.3)(18.3, 409.3)(18.3, 350.1);GATE
Port:(133.8, 355.7)(138.6, 355.7)(138.6, 403.7)(133.8, 403.7);SD
Module:M8
Boundary:(169.4, 439.3)(169.4, 506.0)(20.0, 506.0)(20.0, 439.3);GATE
Port:(20.0, 454.0)(24.1, 454.0)(24.1, 491.3)(20.0, 491.3);SD
Port:(169.4, 439.3)(169.4, 506.0)(25.4, 506.0)(25.4, 439.3);GATE
Port:(156.9, 446.0)(163.7, 446.0)(163.7, 499.3)(156.9, 499.3);SD
Module:M4
Boundary:(196.5, 20.0)(284.8, 20.0)(284.8, 124.4)(196.5, 124.4);GATE
Port:(210.0, 119.1)(271.3, 119.1)(271.3, 124.4)(210.0, 124.4);SD
Port:(196.5, 20.0)(284.8, 20.0)(284.8, 117.7)(196.5, 117.7);GATE
Port:(202.6, 25.1)(278.7, 25.1)(278.7, 30.5)(202.6, 30.5);SD
