Area:(-30.0, -30.0)(463.2, -30.0)(463.2, 840.4)(-30.0, 840.4)
Rule:GATE(5,5);SD(5,5);GATE_SD(0.5);GATE_ITO(0.5);SD_ITO(0.5)
Module:M14
Boundary:(357.3, 389.9)(404.6, 389.9)(404.6, 582.6)(357.3, 582.6);GATE
Port:(369.5, 577.2)(392.4, 577.2)(392.4, 582.6)(369.5, 582.6);SD
Port:(357.3, 389.9)(404.6, 389.9)(404.6, 575.1)(357.3, 575.1);GATE
Port:(362.4, 394.0)(399.5, 394.0)(399.5, 399.7)(362.4, 399.7);SD
Module:M9
Boundary:(336.2, 226.6)(336.2, 318.2)(144.3, 318.2)(144.3, 226.6);GATE
Port:(144.3, 241.5)(149.7, 241.5)(149.7, 303.3)(144.3, 303.3);SD
Port:(336.2, 226.6)(336.2, 318.2)(152.5, 318.2)(152.5, 226.6);GATE
Port:(324.5, 233.5)(330.3, 233.5)(330.3, 311.3)(324.5, 311.3);SD
Module:M5
Boundary:(20.0, 721.8)(128.3, 721.8)(128.3, 722.5)(146.6, 722.5)(146.6, 800.4)(20.0, 800.4);GATE
Port:(33.9, 795.6)(132.7, 795.6)(132.7, 800.4)(33.9, 800.4);SD
Port:(20.0, 721.8)(128.3, 721.8)(128.3, 722.5)(146.6, 722.5)(146.6, 793.9)(20.0, 793.9);GATE
Port:(25.4, 726.2)(122.9, 726.2)(122.9, 732.4)(25.4, 732.4);SD
Module:M11
Boundary:(422.9, 117.5)(422.9, 161.4)(422.7, 161.4)(422.7, 174.7)(300.6, 174.7)(300.6, 117.5);GATE
Port:(300.6, 129.6)(306.2, 129.6)(306.2, 162.6)(300.6, 162.6);SD
Port:(422.9, 117.5)(422.9, 161.4)(422.7, 161.4)(422.7, 174.7)(307.7, 174.7)(307.7, 117.5);GATE
Port:(412.6, 123.5)(417.9, 123.5)(417.9, 155.4)(412.6, 155.4);SD
Module:M1
Boundary:(154.9, 587.0)(154.9, 671.8)(30.0, 671.8)(30.0, 587.0);GATE
Port:(30.0, 600.4)(35.5, 600.4)(35.5, 658.4)(30.0, 658.4);SD
Port:(154.9, 587.0)(154.9, 671.8)(36.8, 671.8)(36.8, 587.0);GATE
Port:(143.7, 592.4)(150.5, 592.4)(150.5, 666.4)(143.7, 666.4);SD
Module:M6
Boundary:(280.6, 117.5)(280.6, 206.6)(137.1, 206.6)(137.1, 117.5);GATE
Port:(137.1, 131.7)(142.9, 131.7)(142.9, 192.4)(137.1, 192.4);SD
Port:(280.6, 117.5)(280.6, 206.6)(144.3, 206.6)(144.3, 117.5);GATE
Port:(269.0, 123.4)(275.7, 123.4)(275.7, 200.7)(269.0, 200.7);SD
Module:M2
Boundary:(403.1, 20.0)(403.1, 87.5)(184.5, 87.5)(184.5, 20.0);GATE
Port:(184.5, 33.4)(188.8, 33.4)(188.8, 74.1)(184.5, 74.1);SD
Port:(403.1, 20.0)(403.1, 87.5)(191.0, 87.5)(191.0, 20.0);GATE
Port:(392.5, 25.9)(398.2, 25.9)(398.2, 81.6)(392.5, 81.6);SD
Module:M16
Boundary:(124.3, 232.3)(124.3, 320.1)(10.0, 320.1)(10.0, 232.3);GATE
Port:(10.0, 246.3)(15.5, 246.3)(15.5, 306.1)(10.0, 306.1);SD
Port:(124.3, 232.3)(124.3, 320.1)(16.9, 320.1)(16.9, 232.3);GATE
Port:(113.4, 237.7)(119.9, 237.7)(119.9, 314.7)(113.4, 314.7);SD
Module:M13
Boundary:(154.5, 10.0)(154.5, 79.1)(154.2, 79.1)(154.2, 96.2)(10.0, 96.2)(10.0, 10.0);GATE
Port:(10.0, 23.6)(14.9, 23.6)(14.9, 82.6)(10.0, 82.6);SD
Port:(154.5, 10.0)(154.5, 79.1)(154.2, 79.1)(154.2, 96.2)(17.5, 96.2)(17.5, 10.0);GATE
Port:(143.7, 16.4)(149.1, 16.4)(149.1, 72.7)(143.7, 72.7);SD
Module:M10
Boundary:(238.3, 340.1)(238.3, 402.3)(238.1, 402.3)(238.1, 416.9)(10.0, 416.9)(10.0, 340.1);GATE
Port:(10.0, 353.0)(15.7, 353.0)(15.7, 404.0)(10.0, 404.0);SD
Port:(238.3, 340.1)(238.3, 402.3)(238.1, 402.3)(238.1, 416.9)(18.0, 416.9)(18.0, 340.1);GATE
Port:(227.3, 345.9)(233.5, 345.9)(233.5, 396.5)(227.3, 396.5);SD
Module:M7
Boundary:(204.9, 577.0)(277.3, 577.0)(277.3, 577.1)(295.0, 577.1)(295.0, 787.8)(204.9, 787.8);GATE
Port:(219.8, 783.5)(280.1, 783.5)(280.1, 787.8)(219.8, 787.8);SD
Port:(204.9, 577.0)(277.3, 577.0)(277.3, 577.1)(295.0, 577.1)(295.0, 782.1)(204.9, 782.1);GATE
Port:(210.6, 581.7)(271.6, 581.7)(271.6, 588.9)(210.6, 588.9);SD
Module:M3
Boundary:(117.1, 116.2)(117.1, 196.9)(116.8, 196.9)(116.8, 212.3)(10.0, 212.3)(10.0, 116.2);GATE
Port:(10.0, 129.7)(15.8, 129.7)(15.8, 198.8)(10.0, 198.8);SD
Port:(117.1, 116.2)(117.1, 196.9)(116.8, 196.9)(116.8, 212.3)(17.3, 212.3)(17.3, 116.2);GATE
Port:(105.7, 123.2)(111.1, 123.2)(111.1, 189.9)(105.7, 189.9);SD
Module:M15
Boundary:(356.2, 194.7)(423.2, 194.7)(423.2, 349.9)(356.2, 349.9);GATE
Port:(370.1, 345.6)(409.3, 345.6)(409.3, 349.9)(370.1, 349.9);SD
Port:(356.2, 194.7)(423.2, 194.7)(423.2, 342.7)(356.2, 342.7);GATE
Port:(362.5, 200.0)(416.9, 200.0)(416.9, 206.4)(362.5, 206.4);SD
Module:M12
Boundary:(264.3, 338.2)(317.3, 338.2)(317.3, 499.2)(264.3, 499.2);GATE
Port:(278.0, 494.5)(303.6, 494.5)(303.6, 499.2)(278.0, 499.2);SD
Port:(264.3, 338.2)(317.3, 338.2)(317.3, 492.6)(264.3, 492.6);GATE
Port:(270.6, 343.5)(311.0, 343.5)(311.0, 349.3)(270.6, 349.3);SD
Module:M8
Boundary:(234.3, 446.9)(234.3, 537.0)(20.0, 537.0)(20.0, 446.9);GATE
Port:(20.0, 458.1)(24.3, 458.1)(24.3, 525.8)(20.0, 525.8);SD
Port:(234.3, 446.9)(234.3, 537.0)(26.6, 537.0)(26.6, 446.9);GATE
Port:(225.4, 452.5)(229.7, 452.5)(229.7, 531.4)(225.4, 531.4);SD
Module:M4
Boundary:(335.0, 632.6)(403.5, 632.6)(403.5, 789.3)(335.0, 789.3);GATE
Port:(348.1, 784.8)(390.4, 784.8)(390.4, 789.3)(348.1, 789.3);SD
Port:(335.0, 632.6)(403.5, 632.6)(403.5, 782.0)(335.0, 782.0);GATE
Port:(340.5, 637.1)(398.0, 637.1)(398.0, 642.5)(340.5, 642.5);SD
