Area:(-30.0, -30.0)(487.9, -30.0)(487.9, 725.0)(-30.0, 725.0)
Rule:GATE(5,5);SD(5,5);GATE_SD(0.5);GATE_ITO(0.5);SD_ITO(0.5)
Module:M14
Boundary:(430.4, 246.1)(430.4, 307.8)(241.2, 307.8)(241.2, 246.1);GATE
Port:(241.2, 259.8)(245.5, 259.8)(245.5, 294.1)(241.2, 294.1);SD
Port:(430.4, 246.1)(430.4, 307.8)(248.4, 307.8)(248.4, 246.1);GATE
Port:(418.7, 252.4)(425.1, 252.4)(425.1, 301.5)(418.7, 301.5);SD
Module:M9
Boundary:(111.9, 10.0)(162.3, 10.0)(162.3, 10.3)(178.9, 10.3)(178.9, 214.3)(111.9, 214.3);GATE
Port:(125.2, 208.7)(165.6, 208.7)(165.6, 214.3)(125.2, 214.3);SD
Port:(111.9, 10.0)(162.3, 10.0)(162.3, 10.3)(178.9, 10.3)(178.9, 207.4)(111.9, 207.4);GATE
Port:(117.5, 14.6)(156.7, 14.6)(156.7, 20.2)(117.5, 20.2);SD
Module:M5
Boundary:(310.4, 478.7)(310.4, 522.5)(310.2, 522.5)(310.2, 537.1)(128.2, 537.1)(128.2, 478.7);GATE
Port:(128.2, 489.9)(132.6, 489.9)(132.6, 525.9)(128.2, 525.9);SD
Port:(310.4, 478.7)(310.4, 522.5)(310.2, 522.5)(310.2, 537.1)(135.0, 537.1)(135.0, 478.7);GATE
Port:(301.4, 484.1)(306.0, 484.1)(306.0, 517.1)(301.4, 517.1);SD
Module:M11
Boundary:(10.0, 570.8)(77.3, 570.8)(77.3, 683.9)(10.0, 683.9);GATE
Port:(23.3, 679.3)(64.0, 679.3)(64.0, 683.9)(23.3, 683.9);SD
Port:(10.0, 570.8)(77.3, 570.8)(77.3, 676.5)(10.0, 676.5);GATE
Port:(16.6, 576.4)(70.7, 576.4)(70.7, 581.1)(16.6, 581.1);SD
Module:M1
Boundary:(30.0, 254.3)(95.6, 254.3)(95.6, 389.4)(30.0, 389.4);GATE
Port:(42.9, 384.7)(82.7, 384.7)(82.7, 389.4)(42.9, 389.4);SD
Port:(30.0, 254.3)(95.6, 254.3)(95.6, 383.1)(30.0, 383.1);GATE
Port:(35.1, 258.4)(90.5, 258.4)(90.5, 264.0)(35.1, 264.0);SD
Module:M6
Boundary:(10.0, 10.0)(78.9, 10.0)(78.9, 10.2)(91.9, 10.2)(91.9, 211.1)(10.0, 211.1);GATE
Port:(21.9, 206.4)(80.0, 206.4)(80.0, 211.1)(21.9, 211.1);SD
Port:(10.0, 10.0)(78.9, 10.0)(78.9, 10.2)(91.9, 10.2)(91.9, 204.1)(10.0, 204.1);GATE
Port:(16.0, 15.0)(72.9, 15.0)(72.9, 20.4)(16.0, 20.4);SD
Module:M2
Boundary:(208.9, 20.0)(258.8, 20.0)(258.8, 20.1)(274.6, 20.1)(274.6, 196.1)(208.9, 196.1);GATE
Port:(222.4, 190.6)(261.1, 190.6)(261.1, 196.1)(222.4, 196.1);SD
Port:(208.9, 20.0)(258.8, 20.0)(258.8, 20.1)(274.6, 20.1)(274.6, 188.9)(208.9, 188.9);GATE
Port:(215.7, 25.8)(252.0, 25.8)(252.0, 30.9)(215.7, 30.9);SD
Module:M16
Boundary:(378.6, 10.0)(446.8, 10.0)(446.8, 151.2)(378.6, 151.2);GATE
Port:(392.7, 146.9)(432.7, 146.9)(432.7, 151.2)(392.7, 151.2);SD
Port:(378.6, 10.0)(446.8, 10.0)(446.8, 144.8)(378.6, 144.8);GATE
Port:(384.1, 14.5)(441.3, 14.5)(441.3, 21.5)(384.1, 21.5);SD
Module:M13
Boundary:(135.6, 234.3)(185.6, 234.3)(185.6, 234.6)(201.2, 234.6)(201.2, 320.6)(135.6, 320.6);GATE
Port:(149.2, 315.5)(187.6, 315.5)(187.6, 320.6)(149.2, 320.6);SD
Port:(135.6, 234.3)(185.6, 234.3)(185.6, 234.6)(201.2, 234.6)(201.2, 313.4)(135.6, 313.4);GATE
Port:(142.3, 240.0)(178.9, 240.0)(178.9, 245.6)(142.3, 245.6);SD
Module:M10
Boundary:(429.1, 347.8)(429.1, 406.4)(428.9, 406.4)(428.9, 420.1)(293.7, 420.1)(293.7, 347.8);GATE
Port:(293.7, 360.1)(299.0, 360.1)(299.0, 407.8)(293.7, 407.8);SD
Port:(429.1, 347.8)(429.1, 406.4)(428.9, 406.4)(428.9, 420.1)(301.9, 420.1)(301.9, 347.8);GATE
Port:(418.8, 354.4)(423.5, 354.4)(423.5, 399.8)(418.8, 399.8);SD
Module:M7
Boundary:(20.0, 439.4)(70.8, 439.4)(70.8, 439.6)(88.2, 439.6)(88.2, 540.8)(20.0, 540.8);GATE
Port:(33.6, 535.8)(74.6, 535.8)(74.6, 540.8)(33.6, 540.8);SD
Port:(20.0, 439.4)(70.8, 439.4)(70.8, 439.6)(88.2, 439.6)(88.2, 534.5)(20.0, 534.5);GATE
Port:(25.3, 443.7)(65.5, 443.7)(65.5, 449.8)(25.3, 449.8);SD
Module:M3
Boundary:(340.4, 440.1)(425.1, 440.1)(425.1, 440.3)(441.7, 440.3)(441.7, 539.8)(340.4, 539.8);GATE
Port:(354.4, 534.5)(427.7, 534.5)(427.7, 539.8)(354.4, 539.8);SD
Port:(340.4, 440.1)(425.1, 440.1)(425.1, 440.3)(441.7, 440.3)(441.7, 532.2)(340.4, 532.2);GATE
Port:(345.6, 444.3)(419.9, 444.3)(419.9, 451.3)(345.6, 451.3);SD
Module:M15
Boundary:(304.6, 10.0)(341.8, 10.0)(341.8, 10.2)(358.6, 10.2)(358.6, 194.9)(304.6, 194.9);GATE
Port:(320.1, 190.9)(343.1, 190.9)(343.1, 194.9)(320.1, 194.9);SD
Port:(304.6, 10.0)(341.8, 10.0)(341.8, 10.2)(358.6, 10.2)(358.6, 188.7)(304.6, 188.7);GATE
Port:(311.3, 15.7)(335.1, 15.7)(335.1, 22.0)(311.3, 22.0);SD
Module:M12
Boundary:(447.9, 567.1)(447.9, 685.0)(239.2, 685.0)(239.2, 567.1);GATE
Port:(239.2, 580.7)(245.2, 580.7)(245.2, 671.4)(239.2, 671.4);SD
Port:(447.9, 567.1)(447.9, 685.0)(247.2, 685.0)(247.2, 567.1);GATE
Port:(437.7, 573.8)(442.2, 573.8)(442.2, 678.3)(437.7, 678.3);SD
Module:M8
Boundary:(209.2, 577.1)(209.2, 667.5)(128.2, 667.5)(128.2, 577.1);GATE
Port:(128.2, 589.6)(133.6, 589.6)(133.6, 655.0)(128.2, 655.0);SD
Port:(209.2, 577.1)(209.2, 667.5)(135.4, 667.5)(135.4, 577.1);GATE
Port:(198.6, 584.1)(203.2, 584.1)(203.2, 660.5)(198.6, 660.5);SD
Module:M4
Boundary:(145.6, 357.8)(248.1, 357.8)(248.1, 391.5)(263.7, 391.5)(263.7, 438.7)(145.6, 438.7);GATE
Port:(159.6, 433.7)(249.7, 433.7)(249.7, 438.7)(159.6, 438.7);SD
Port:(145.6, 357.8)(248.1, 357.8)(248.1, 391.5)(263.7, 391.5)(263.7, 431.7)(145.6, 431.7);GATE
Port:(151.8, 363.0)(240.9, 363.0)(240.9, 369.5)(151.8, 369.5);SD
