Area:(-30.0, -30.0)(453.0, -30.0)(453.0, 868.9)(-30.0, 868.9)
Rule:GATE(5,5);SD(5,5);GATE_SD(0.5);GATE_ITO(0.5);SD_ITO(0.5)
Module:M14
Boundary:(378.8, 205.7)(378.8, 269.9)(284.0, 269.9)(284.0, 205.7);GATE
Port:(284.0, 217.7)(288.5, 217.7)(288.5, 257.9)(284.0, 257.9);SD
Port:(378.8, 205.7)(378.8, 269.9)(289.8, 269.9)(289.8, 205.7);GATE
Port:(369.0, 211.1)(374.4, 211.1)(374.4, 264.5)(369.0, 264.5);SD
Module:M9
Boundary:(156.1, 629.2)(156.1, 724.2)(10.0, 724.2)(10.0, 629.2);GATE
Port:(10.0, 641.2)(15.9, 641.2)(15.9, 712.2)(10.0, 712.2);SD
Port:(156.1, 629.2)(156.1, 724.2)(16.9, 724.2)(16.9, 629.2);GATE
Port:(146.5, 634.3)(152.0, 634.3)(152.0, 719.1)(146.5, 719.1);SD
Module:M5
Boundary:(20.0, 429.1)(139.6, 429.1)(139.6, 599.2)(20.0, 599.2);GATE
Port:(33.8, 594.3)(125.8, 594.3)(125.8, 599.2)(33.8, 599.2);SD
Port:(20.0, 429.1)(139.6, 429.1)(139.6, 592.0)(20.0, 592.0);GATE
Port:(26.5, 434.6)(133.1, 434.6)(133.1, 439.7)(26.5, 439.7);SD
Module:M11
Boundary:(412.6, 677.0)(412.6, 712.1)(412.6, 712.1)(412.6, 729.0)(308.0, 729.0)(308.0, 677.0);GATE
Port:(308.0, 690.9)(312.3, 690.9)(312.3, 715.1)(308.0, 715.1);SD
Port:(412.6, 677.0)(412.6, 712.1)(412.6, 712.1)(412.6, 729.0)(314.0, 729.0)(314.0, 677.0);GATE
Port:(401.1, 682.2)(408.4, 682.2)(408.4, 706.9)(401.1, 706.9);SD
Module:M1
Boundary:(111.9, 255.7)(111.9, 361.4)(111.3, 361.4)(111.3, 379.1)(30.0, 379.1)(30.0, 255.7);GATE
Port:(30.0, 269.8)(34.7, 269.8)(34.7, 365.0)(30.0, 365.0);SD
Port:(111.9, 255.7)(111.9, 361.4)(111.3, 361.4)(111.3, 379.1)(37.4, 379.1)(37.4, 255.7);GATE
Port:(101.0, 261.8)(106.8, 261.8)(106.8, 355.3)(101.0, 355.3);SD
Module:M6
Boundary:(308.0, 499.4)(379.8, 499.4)(379.8, 499.6)(397.2, 499.6)(397.2, 657.0)(308.0, 657.0);GATE
Port:(322.6, 651.2)(382.6, 651.2)(382.6, 657.0)(322.6, 657.0);SD
Port:(308.0, 499.4)(379.8, 499.4)(379.8, 499.6)(397.2, 499.6)(397.2, 649.2)(308.0, 649.2);GATE
Port:(314.5, 504.9)(373.3, 504.9)(373.3, 511.3)(314.5, 511.3);SD
Module:M2
Boundary:(232.1, 20.0)(287.9, 20.0)(287.9, 20.0)(306.1, 20.0)(306.1, 151.1)(232.1, 151.1);GATE
Port:(247.0, 146.0)(291.2, 146.0)(291.2, 151.1)(247.0, 151.1);SD
Port:(232.1, 20.0)(287.9, 20.0)(287.9, 20.0)(306.1, 20.0)(306.1, 144.2)(232.1, 144.2);GATE
Port:(238.2, 25.1)(281.8, 25.1)(281.8, 31.8)(238.2, 31.8);SD
Module:M16
Boundary:(152.7, 181.1)(229.1, 181.1)(229.1, 181.1)(244.0, 181.1)(244.0, 322.4)(152.7, 322.4);GATE
Port:(165.3, 318.3)(231.4, 318.3)(231.4, 322.4)(165.3, 322.4);SD
Port:(152.7, 181.1)(229.1, 181.1)(229.1, 181.1)(244.0, 181.1)(244.0, 316.0)(152.7, 316.0);GATE
Port:(158.3, 185.7)(223.5, 185.7)(223.5, 191.7)(158.3, 191.7);SD
Module:M13
Boundary:(152.7, 10.0)(186.5, 10.0)(186.5, 10.0)(202.1, 10.0)(202.1, 156.7)(152.7, 156.7);GATE
Port:(166.3, 152.5)(188.5, 152.5)(188.5, 156.7)(166.3, 156.7);SD
Port:(152.7, 10.0)(186.5, 10.0)(186.5, 10.0)(202.1, 10.0)(202.1, 150.9)(152.7, 150.9);GATE
Port:(159.5, 15.8)(179.7, 15.8)(179.7, 21.0)(159.5, 21.0);SD
Module:M10
Boundary:(336.1, 10.0)(389.5, 10.0)(389.5, 10.1)(406.7, 10.1)(406.7, 165.7)(336.1, 165.7);GATE
Port:(350.5, 161.2)(392.3, 161.2)(392.3, 165.7)(350.5, 165.7);SD
Port:(336.1, 10.0)(389.5, 10.0)(389.5, 10.1)(406.7, 10.1)(406.7, 159.6)(336.1, 159.6);GATE
Port:(342.8, 15.7)(382.8, 15.7)(382.8, 21.5)(342.8, 21.5);SD
Module:M7
Boundary:(186.1, 551.6)(278.0, 551.6)(278.0, 716.8)(186.1, 716.8);GATE
Port:(202.1, 710.9)(262.0, 710.9)(262.0, 716.8)(202.1, 716.8);SD
Port:(186.1, 551.6)(278.0, 551.6)(278.0, 708.2)(186.1, 708.2);GATE
Port:(192.2, 556.7)(271.9, 556.7)(271.9, 564.3)(192.2, 564.3);SD
Module:M3
Boundary:(301.1, 309.9)(413.0, 309.9)(413.0, 479.4)(301.1, 479.4);GATE
Port:(314.7, 474.4)(399.4, 474.4)(399.4, 479.4)(314.7, 479.4);SD
Port:(301.1, 309.9)(413.0, 309.9)(413.0, 471.4)(301.1, 471.4);GATE
Port:(306.2, 314.0)(407.9, 314.0)(407.9, 320.2)(306.2, 320.2);SD
Module:M15
Boundary:(410.0, 749.0)(410.0, 812.0)(410.0, 812.0)(410.0, 827.1)(208.1, 827.1)(208.1, 749.0);GATE
Port:(208.1, 762.0)(212.6, 762.0)(212.6, 814.1)(208.1, 814.1);SD
Port:(410.0, 749.0)(410.0, 812.0)(410.0, 812.0)(410.0, 827.1)(214.1, 827.1)(214.1, 749.0);GATE
Port:(399.2, 754.9)(405.1, 754.9)(405.1, 806.1)(399.2, 806.1);SD
Module:M12
Boundary:(188.1, 746.8)(188.1, 813.4)(188.0, 813.4)(188.0, 828.9)(10.0, 828.9)(10.0, 746.8);GATE
Port:(10.0, 761.1)(15.3, 761.1)(15.3, 814.6)(10.0, 814.6);SD
Port:(188.1, 746.8)(188.1, 813.4)(188.0, 813.4)(188.0, 828.9)(16.8, 828.9)(16.8, 746.8);GATE
Port:(175.6, 753.4)(182.5, 753.4)(182.5, 806.8)(175.6, 806.8);SD
Module:M8
Boundary:(20.0, 20.0)(122.7, 20.0)(122.7, 205.7)(20.0, 205.7);GATE
Port:(34.2, 199.9)(108.5, 199.9)(108.5, 205.7)(34.2, 205.7);SD
Port:(20.0, 20.0)(122.7, 20.0)(122.7, 197.6)(20.0, 197.6);GATE
Port:(25.2, 24.2)(117.5, 24.2)(117.5, 30.7)(25.2, 30.7);SD
Module:M4
Boundary:(179.6, 352.4)(271.1, 352.4)(271.1, 511.6)(179.6, 511.6);GATE
Port:(192.6, 507.0)(258.1, 507.0)(258.1, 511.6)(192.6, 511.6);SD
Port:(179.6, 352.4)(271.1, 352.4)(271.1, 505.0)(179.6, 505.0);GATE
Port:(185.7, 357.5)(265.0, 357.5)(265.0, 363.9)(185.7, 363.9);SD
