Area:(-30.0, -30.0)(516.8, -30.0)(516.8, 683.9)(-30.0, 683.9)
Rule:GATE(5,5);SD(5,5);GATE_SD(0.5);GATE_ITO(0.5);SD_ITO(0.5)
Module:M14
Boundary:(386.8, 185.2)(438.0, 185.2)(438.0, 185.3)(454.1, 185.3)(454.1, 381.1)(386.8, 381.1);GATE
Port:(400.5, 375.6)(440.4, 375.6)(440.4, 381.1)(400.5, 381.1);SD
Port:(386.8, 185.2)(438.0, 185.2)(438.0, 185.3)(454.1, 185.3)(454.1, 373.2)(386.8, 373.2);GATE
Port:(393.2, 190.6)(431.6, 190.6)(431.6, 196.6)(393.2, 196.6);SD
Module:M9
Boundary:(137.8, 10.0)(218.6, 10.0)(218.6, 146.4)(137.8, 146.4);GATE
Port:(149.7, 141.4)(206.7, 141.4)(206.7, 146.4)(149.7, 146.4);SD
Port:(137.8, 10.0)(218.6, 10.0)(218.6, 139.1)(137.8, 139.1);GATE
Port:(143.0, 14.2)(213.4, 14.2)(213.4, 19.2)(143.0, 19.2);SD
Module:M5
Boundary:(133.7, 483.6)(195.1, 483.6)(195.1, 483.6)(210.1, 483.6)(210.1, 617.1)(133.7, 617.1);GATE
Port:(146.0, 611.4)(197.8, 611.4)(197.8, 617.1)(146.0, 617.1);SD
Port:(133.7, 483.6)(195.1, 483.6)(195.1, 483.6)(210.1, 483.6)(210.1, 610.2)(133.7, 610.2);GATE
Port:(138.8, 487.7)(190.0, 487.7)(190.0, 493.8)(138.8, 493.8);SD
Module:M11
Boundary:(10.0, 543.9)(103.7, 543.9)(103.7, 640.4)(10.0, 640.4);GATE
Port:(22.1, 634.9)(91.6, 634.9)(91.6, 640.4)(22.1, 640.4);SD
Port:(10.0, 543.9)(103.7, 543.9)(103.7, 633.6)(10.0, 633.6);GATE
Port:(15.7, 548.6)(98.0, 548.6)(98.0, 554.0)(15.7, 554.0);SD
Module:M1
Boundary:(466.4, 30.0)(466.4, 109.6)(466.2, 109.6)(466.2, 125.2)(376.0, 125.2)(376.0, 30.0);GATE
Port:(376.0, 42.7)(380.7, 42.7)(380.7, 112.5)(376.0, 112.5);SD
Port:(466.4, 30.0)(466.4, 109.6)(466.2, 109.6)(466.2, 125.2)(382.3, 125.2)(382.3, 30.0);GATE
Port:(455.8, 35.1)(462.3, 35.1)(462.3, 104.5)(455.8, 104.5);SD
Module:M6
Boundary:(336.0, 10.0)(336.0, 93.7)(335.7, 93.7)(335.7, 110.7)(238.6, 110.7)(238.6, 10.0);GATE
Port:(238.6, 22.7)(244.1, 22.7)(244.1, 98.0)(238.6, 98.0);SD
Port:(336.0, 10.0)(336.0, 93.7)(335.7, 93.7)(335.7, 110.7)(246.2, 110.7)(246.2, 10.0);GATE
Port:(325.7, 15.3)(331.7, 15.3)(331.7, 88.4)(325.7, 88.4);SD
Module:M2
Boundary:(20.0, 157.5)(102.0, 157.5)(102.0, 301.5)(20.0, 301.5);GATE
Port:(33.5, 296.6)(88.5, 296.6)(88.5, 301.5)(33.5, 301.5);SD
Port:(20.0, 157.5)(102.0, 157.5)(102.0, 295.2)(20.0, 295.2);GATE
Port:(25.6, 162.1)(96.4, 162.1)(96.4, 168.4)(25.6, 168.4);SD
Module:M16
Boundary:(109.8, 331.5)(109.8, 365.9)(109.7, 365.9)(109.7, 380.2)(10.0, 380.2)(10.0, 331.5);GATE
Port:(10.0, 344.9)(14.8, 344.9)(14.8, 366.8)(10.0, 366.8);SD
Port:(109.8, 331.5)(109.8, 365.9)(109.7, 365.9)(109.7, 380.2)(16.3, 380.2)(16.3, 331.5);GATE
Port:(98.1, 338.2)(104.1, 338.2)(104.1, 359.2)(98.1, 359.2);SD
Module:M13
Boundary:(333.6, 130.7)(333.6, 183.3)(333.3, 183.3)(333.3, 200.6)(238.6, 200.6)(238.6, 130.7);GATE
Port:(238.6, 145.0)(243.9, 145.0)(243.9, 186.3)(238.6, 186.3);SD
Port:(333.6, 130.7)(333.6, 183.3)(333.3, 183.3)(333.3, 200.6)(245.9, 200.6)(245.9, 130.7);GATE
Port:(322.2, 136.3)(329.0, 136.3)(329.0, 177.7)(322.2, 177.7);SD
Module:M10
Boundary:(240.1, 473.6)(365.0, 473.6)(365.0, 643.9)(240.1, 643.9);GATE
Port:(253.9, 638.4)(351.2, 638.4)(351.2, 643.9)(253.9, 643.9);SD
Port:(240.1, 473.6)(365.0, 473.6)(365.0, 636.0)(240.1, 636.0);GATE
Port:(245.6, 478.1)(359.5, 478.1)(359.5, 484.6)(245.6, 484.6);SD
Module:M7
Boundary:(395.0, 431.1)(460.2, 431.1)(460.2, 431.2)(476.8, 431.2)(476.8, 633.7)(395.0, 633.7);GATE
Port:(407.2, 629.2)(464.6, 629.2)(464.6, 633.7)(407.2, 633.7);SD
Port:(395.0, 431.1)(460.2, 431.1)(460.2, 431.2)(476.8, 431.2)(476.8, 626.8)(395.0, 626.8);GATE
Port:(400.5, 435.6)(454.7, 435.6)(454.7, 440.5)(400.5, 440.5);SD
Module:M3
Boundary:(132.0, 166.4)(202.1, 166.4)(202.1, 166.4)(215.5, 166.4)(215.5, 349.6)(132.0, 349.6);GATE
Port:(143.7, 344.4)(203.8, 344.4)(203.8, 349.6)(143.7, 349.6);SD
Port:(132.0, 166.4)(202.1, 166.4)(202.1, 166.4)(215.5, 166.4)(215.5, 341.5)(132.0, 341.5);GATE
Port:(137.0, 170.4)(197.1, 170.4)(197.1, 176.5)(137.0, 176.5);SD
Module:M15
Boundary:(10.0, 10.0)(100.1, 10.0)(100.1, 10.5)(117.8, 10.5)(117.8, 127.5)(10.0, 127.5);GATE
Port:(24.6, 122.2)(103.2, 122.2)(103.2, 127.5)(24.6, 127.5);SD
Port:(10.0, 10.0)(100.1, 10.0)(100.1, 10.5)(117.8, 10.5)(117.8, 120.4)(10.0, 120.4);GATE
Port:(16.0, 15.0)(94.1, 15.0)(94.1, 21.9)(16.0, 21.9);SD
Module:M12
Boundary:(346.8, 220.6)(346.8, 318.8)(346.3, 318.8)(346.3, 338.3)(235.5, 338.3)(235.5, 220.6);GATE
Port:(235.5, 236.5)(240.6, 236.5)(240.6, 322.4)(235.5, 322.4);SD
Port:(346.8, 220.6)(346.8, 318.8)(346.3, 318.8)(346.3, 338.3)(243.2, 338.3)(243.2, 220.6);GATE
Port:(334.3, 226.7)(341.7, 226.7)(341.7, 312.7)(334.3, 312.7);SD
Module:M8
Boundary:(20.0, 410.2)(71.1, 410.2)(71.1, 410.3)(88.4, 410.3)(88.4, 513.9)(20.0, 513.9);GATE
Port:(33.7, 508.7)(74.7, 508.7)(74.7, 513.9)(33.7, 513.9);SD
Port:(20.0, 410.2)(71.1, 410.2)(71.1, 410.3)(88.4, 410.3)(88.4, 506.4)(20.0, 506.4);GATE
Port:(26.2, 415.4)(64.9, 415.4)(64.9, 420.5)(26.2, 420.5);SD
Module:M4
Boundary:(330.3, 379.6)(330.3, 443.6)(139.8, 443.6)(139.8, 379.6);GATE
Port:(139.8, 393.8)(144.2, 393.8)(144.2, 429.4)(139.8, 429.4);SD
Port:(330.3, 379.6)(330.3, 443.6)(146.6, 443.6)(146.6, 379.6);GATE
Port:(317.9, 386.5)(324.4, 386.5)(324.4, 436.7)(317.9, 436.7);SD
