Area:(-30.0, -30.0)(636.8, -30.0)(636.8, 534.5)(-30.0, 534.5)
Rule:GATE(5,5);SD(5,5);GATE_SD(0.5);GATE_ITO(0.5);SD_ITO(0.5)
Module:M14
Boundary:(414.3, 30.0)(449.8, 30.0)(449.8, 30.1)(465.2, 30.1)(465.2, 183.9)(414.3, 183.9);GATE
Port:(428.5, 179.1)(451.0, 179.1)(451.0, 183.9)(428.5, 183.9);SD
Port:(414.3, 30.0)(449.8, 30.0)(449.8, 30.1)(465.2, 30.1)(465.2, 176.8)(414.3, 176.8);GATE
Port:(420.0, 34.7)(444.1, 34.7)(444.1, 42.5)(420.0, 42.5);SD
Module:M9
Boundary:(192.1, 10.0)(192.1, 65.3)(192.0, 65.3)(192.0, 83.1)(116.5, 83.1)(116.5, 10.0);GATE
Port:(116.5, 24.9)(122.2, 24.9)(122.2, 68.2)(116.5, 68.2);SD
Port:(192.1, 10.0)(192.1, 65.3)(192.0, 65.3)(192.0, 83.1)(123.8, 83.1)(123.8, 10.0);GATE
Port:(180.5, 16.6)(186.5, 16.6)(186.5, 58.7)(180.5, 58.7);SD
Module:M5
Boundary:(516.8, 233.9)(516.8, 334.5)(516.7, 334.5)(516.7, 351.1)(404.3, 351.1)(404.3, 233.9);GATE
Port:(404.3, 247.6)(410.0, 247.6)(410.0, 337.4)(404.3, 337.4);SD
Port:(516.8, 233.9)(516.8, 334.5)(516.7, 334.5)(516.7, 351.1)(412.5, 351.1)(412.5, 233.9);GATE
Port:(505.9, 239.3)(512.4, 239.3)(512.4, 329.1)(505.9, 329.1);SD
Module:M11
Boundary:(374.3, 10.0)(374.3, 79.6)(374.0, 79.6)(374.0, 97.1)(212.1, 97.1)(212.1, 10.0);GATE
Port:(212.1, 23.9)(216.4, 23.9)(216.4, 83.2)(212.1, 83.2);SD
Port:(374.3, 10.0)(374.3, 79.6)(374.0, 79.6)(374.0, 97.1)(217.9, 97.1)(217.9, 10.0);GATE
Port:(363.8, 16.5)(368.8, 16.5)(368.8, 73.1)(363.8, 73.1);SD
Module:M1
Boundary:(345.8, 256.1)(345.8, 318.4)(210.5, 318.4)(210.5, 256.1);GATE
Port:(210.5, 269.8)(216.4, 269.8)(216.4, 304.7)(210.5, 304.7);SD
Port:(345.8, 256.1)(345.8, 318.4)(218.8, 318.4)(218.8, 256.1);GATE
Port:(334.4, 262.4)(340.5, 262.4)(340.5, 312.1)(334.4, 312.1);SD
Module:M6
Boundary:(96.5, 10.0)(96.5, 55.4)(96.5, 55.4)(96.5, 70.1)(10.0, 70.1)(10.0, 10.0);GATE
Port:(10.0, 22.0)(14.6, 22.0)(14.6, 58.1)(10.0, 58.1);SD
Port:(96.5, 10.0)(96.5, 55.4)(96.5, 55.4)(96.5, 70.1)(17.6, 70.1)(17.6, 10.0);GATE
Port:(86.6, 15.1)(92.4, 15.1)(92.4, 50.3)(86.6, 50.3);SD
Module:M2
Boundary:(348.1, 127.1)(348.1, 206.1)(222.1, 206.1)(222.1, 127.1);GATE
Port:(222.1, 139.7)(227.3, 139.7)(227.3, 193.5)(222.1, 193.5);SD
Port:(348.1, 127.1)(348.1, 206.1)(229.1, 206.1)(229.1, 127.1);GATE
Port:(337.6, 133.7)(342.5, 133.7)(342.5, 199.5)(337.6, 199.5);SD
Module:M16
Boundary:(170.5, 230.2)(170.5, 320.5)(170.4, 320.5)(170.4, 338.4)(10.0, 338.4)(10.0, 230.2);GATE
Port:(10.0, 244.5)(14.6, 244.5)(14.6, 324.1)(10.0, 324.1);SD
Port:(170.5, 230.2)(170.5, 320.5)(170.4, 320.5)(170.4, 338.4)(16.2, 338.4)(16.2, 230.2);GATE
Port:(158.8, 236.2)(165.5, 236.2)(165.5, 314.5)(158.8, 314.5);SD
Module:M13
Boundary:(493.0, 401.4)(572.3, 401.4)(572.3, 401.4)(587.7, 401.4)(587.7, 494.5)(493.0, 494.5);GATE
Port:(505.6, 489.9)(575.1, 489.9)(575.1, 494.5)(505.6, 494.5);SD
Port:(493.0, 401.4)(572.3, 401.4)(572.3, 401.4)(587.7, 401.4)(587.7, 487.3)(493.0, 487.3);GATE
Port:(498.0, 405.4)(567.3, 405.4)(567.3, 412.3)(498.0, 412.3);SD
Module:M10
Boundary:(208.0, 358.4)(208.0, 393.5)(207.8, 393.5)(207.8, 409.3)(10.0, 409.3)(10.0, 358.4);GATE
Port:(10.0, 372.8)(14.1, 372.8)(14.1, 394.9)(10.0, 394.9);SD
Port:(208.0, 358.4)(208.0, 393.5)(207.8, 393.5)(207.8, 409.3)(15.8, 409.3)(15.8, 358.4);GATE
Port:(196.6, 364.4)(203.0, 364.4)(203.0, 387.5)(196.6, 387.5);SD
Module:M7
Boundary:(179.7, 113.1)(179.7, 186.2)(179.3, 186.2)(179.3, 200.2)(20.0, 200.2)(20.0, 113.1);GATE
Port:(20.0, 125.6)(24.2, 125.6)(24.2, 187.7)(20.0, 187.7);SD
Port:(179.7, 113.1)(179.7, 186.2)(179.3, 186.2)(179.3, 200.2)(25.6, 200.2)(25.6, 113.1);GATE
Port:(169.4, 118.2)(175.6, 118.2)(175.6, 181.1)(169.4, 181.1);SD
Module:M3
Boundary:(546.8, 181.3)(596.8, 181.3)(596.8, 381.4)(546.8, 381.4);GATE
Port:(559.9, 376.6)(583.7, 376.6)(583.7, 381.4)(559.9, 381.4);SD
Port:(546.8, 181.3)(596.8, 181.3)(596.8, 375.3)(546.8, 375.3);GATE
Port:(552.6, 186.1)(591.0, 186.1)(591.0, 191.4)(552.6, 191.4);SD
Module:M15
Boundary:(473.0, 381.1)(473.0, 494.5)(351.8, 494.5)(351.8, 381.1);GATE
Port:(351.8, 394.9)(357.7, 394.9)(357.7, 480.7)(351.8, 480.7);SD
Port:(473.0, 381.1)(473.0, 494.5)(359.6, 494.5)(359.6, 381.1);GATE
Port:(461.2, 387.8)(467.3, 387.8)(467.3, 487.8)(461.2, 487.8);SD
Module:M12
Boundary:(201.9, 429.3)(201.9, 491.3)(10.0, 491.3)(10.0, 429.3);GATE
Port:(10.0, 443.1)(15.2, 443.1)(15.2, 477.5)(10.0, 477.5);SD
Port:(201.9, 429.3)(201.9, 491.3)(17.8, 491.3)(17.8, 429.3);GATE
Port:(189.8, 436.2)(196.0, 436.2)(196.0, 484.4)(189.8, 484.4);SD
Module:M8
Boundary:(238.0, 368.4)(304.9, 368.4)(304.9, 368.4)(321.8, 368.4)(321.8, 482.4)(238.0, 482.4);GATE
Port:(251.0, 477.3)(308.8, 477.3)(308.8, 482.4)(251.0, 482.4);SD
Port:(238.0, 368.4)(304.9, 368.4)(304.9, 368.4)(321.8, 368.4)(321.8, 474.4)(238.0, 474.4);GATE
Port:(244.3, 373.7)(298.6, 373.7)(298.6, 378.1)(244.3, 378.1);SD
Module:M4
Boundary:(515.2, 20.0)(557.2, 20.0)(557.2, 20.2)(570.5, 20.2)(570.5, 151.3)(515.2, 151.3);GATE
Port:(526.5, 145.7)(559.2, 145.7)(559.2, 151.3)(526.5, 151.3);SD
Port:(515.2, 20.0)(557.2, 20.0)(557.2, 20.2)(570.5, 20.2)(570.5, 143.7)(515.2, 143.7);GATE
Port:(520.3, 24.1)(552.1, 24.1)(552.1, 29.6)(520.3, 29.6);SD
