Area:(-30.0, -30.0)(655.7, -30.0)(655.7, 521.7)(-30.0, 521.7)
Rule:GATE(5,5);SD(5,5);GATE_SD(0.5);GATE_ITO(0.5);SD_ITO(0.5)
Module:M14
Boundary:(509.9, 201.2)(577.7, 201.2)(577.7, 201.6)(593.9, 201.6)(593.9, 346.9)(509.9, 346.9);GATE
Port:(523.9, 342.8)(579.9, 342.8)(579.9, 346.9)(523.9, 346.9);SD
Port:(509.9, 201.2)(577.7, 201.2)(577.7, 201.6)(593.9, 201.6)(593.9, 340.4)(509.9, 340.4);GATE
Port:(516.6, 206.9)(571.0, 206.9)(571.0, 212.8)(516.6, 212.8);SD
Module:M9
Boundary:(169.1, 219.5)(169.1, 332.4)(168.5, 332.4)(168.5, 351.2)(10.0, 351.2)(10.0, 219.5);GATE
Port:(10.0, 234.5)(14.4, 234.5)(14.4, 336.2)(10.0, 336.2);SD
Port:(169.1, 219.5)(169.1, 332.4)(168.5, 332.4)(168.5, 351.2)(16.5, 351.2)(16.5, 219.5);GATE
Port:(157.5, 224.8)(164.8, 224.8)(164.8, 327.1)(157.5, 327.1);SD
Module:M5
Boundary:(553.5, 20.0)(600.7, 20.0)(600.7, 20.1)(615.7, 20.1)(615.7, 151.2)(553.5, 151.2);GATE
Port:(566.0, 145.5)(603.2, 145.5)(603.2, 151.2)(566.0, 151.2);SD
Port:(553.5, 20.0)(600.7, 20.0)(600.7, 20.1)(615.7, 20.1)(615.7, 144.4)(553.5, 144.4);GATE
Port:(559.1, 24.6)(595.1, 24.6)(595.1, 30.7)(559.1, 30.7);SD
Module:M11
Boundary:(395.5, 167.0)(454.9, 167.0)(454.9, 167.1)(469.9, 167.1)(469.9, 271.7)(395.5, 271.7);GATE
Port:(406.3, 266.5)(459.1, 266.5)(459.1, 271.7)(406.3, 271.7);SD
Port:(395.5, 167.0)(454.9, 167.0)(454.9, 167.1)(469.9, 167.1)(469.9, 264.4)(395.5, 264.4);GATE
Port:(400.6, 171.1)(449.8, 171.1)(449.8, 176.1)(400.6, 176.1);SD
Module:M1
Boundary:(565.6, 406.9)(565.6, 443.4)(565.6, 443.4)(565.6, 459.3)(383.8, 459.3)(383.8, 406.9);GATE
Port:(383.8, 421.4)(389.0, 421.4)(389.0, 444.8)(383.8, 444.8);SD
Port:(565.6, 406.9)(565.6, 443.4)(565.6, 443.4)(565.6, 459.3)(390.9, 459.3)(390.9, 406.9);GATE
Port:(552.9, 412.9)(560.6, 412.9)(560.6, 437.4)(552.9, 437.4);SD
Module:M6
Boundary:(189.8, 120.6)(274.0, 120.6)(274.0, 120.8)(287.2, 120.8)(287.2, 273.4)(189.8, 273.4);GATE
Port:(202.5, 267.9)(274.5, 267.9)(274.5, 273.4)(202.5, 273.4);SD
Port:(189.8, 120.6)(274.0, 120.6)(274.0, 120.8)(287.2, 120.8)(287.2, 265.4)(189.8, 265.4);GATE
Port:(196.0, 125.8)(267.8, 125.8)(267.8, 131.7)(196.0, 131.7);SD
Module:M2
Boundary:(197.5, 20.0)(264.5, 20.0)(264.5, 20.3)(281.4, 20.3)(281.4, 90.6)(197.5, 90.6);GATE
Port:(210.9, 85.0)(268.0, 85.0)(268.0, 90.6)(210.9, 90.6);SD
Port:(197.5, 20.0)(264.5, 20.0)(264.5, 20.3)(281.4, 20.3)(281.4, 82.2)(197.5, 82.2);GATE
Port:(203.1, 24.6)(258.9, 24.6)(258.9, 30.6)(203.1, 30.6);SD
Module:M16
Boundary:(465.5, 291.7)(465.5, 347.2)(465.3, 347.2)(465.3, 365.1)(307.2, 365.1)(307.2, 291.7);GATE
Port:(307.2, 307.2)(312.9, 307.2)(312.9, 349.6)(307.2, 349.6);SD
Port:(465.5, 291.7)(465.5, 347.2)(465.3, 347.2)(465.3, 365.1)(315.6, 365.1)(315.6, 291.7);GATE
Port:(453.4, 298.2)(460.0, 298.2)(460.0, 340.7)(453.4, 340.7);SD
Module:M13
Boundary:(197.8, 377.3)(197.8, 481.7)(10.0, 481.7)(10.0, 377.3);GATE
Port:(10.0, 391.9)(15.7, 391.9)(15.7, 467.1)(10.0, 467.1);SD
Port:(197.8, 377.3)(197.8, 481.7)(18.2, 481.7)(18.2, 377.3);GATE
Port:(185.4, 384.1)(192.0, 384.1)(192.0, 474.9)(185.4, 474.9);SD
Module:M10
Boundary:(169.8, 127.1)(169.8, 199.5)(10.0, 199.5)(10.0, 127.1);GATE
Port:(10.0, 141.2)(15.9, 141.2)(15.9, 185.4)(10.0, 185.4);SD
Port:(169.8, 127.1)(169.8, 199.5)(18.8, 199.5)(18.8, 127.1);GATE
Port:(158.4, 132.2)(165.7, 132.2)(165.7, 194.4)(158.4, 194.4);SD
Module:M7
Boundary:(157.5, 20.0)(157.5, 82.6)(157.4, 82.6)(157.4, 97.1)(20.0, 97.1)(20.0, 20.0);GATE
Port:(20.0, 33.4)(25.5, 33.4)(25.5, 83.7)(20.0, 83.7);SD
Port:(157.5, 20.0)(157.5, 82.6)(157.4, 82.6)(157.4, 97.1)(28.4, 97.1)(28.4, 20.0);GATE
Port:(146.2, 26.2)(152.3, 26.2)(152.3, 76.4)(146.2, 76.4);SD
Module:M3
Boundary:(283.2, 293.4)(283.2, 341.1)(283.2, 341.1)(283.2, 357.3)(189.1, 357.3)(189.1, 293.4);GATE
Port:(189.1, 305.8)(194.4, 305.8)(194.4, 344.9)(189.1, 344.9);SD
Port:(283.2, 293.4)(283.2, 341.1)(283.2, 341.1)(283.2, 357.3)(197.0, 357.3)(197.0, 293.4);GATE
Port:(274.0, 299.2)(278.4, 299.2)(278.4, 335.3)(274.0, 335.3);SD
Module:M15
Boundary:(311.4, 152.0)(360.3, 152.0)(360.3, 152.1)(375.5, 152.1)(375.5, 263.5)(311.4, 263.5);GATE
Port:(324.6, 257.6)(362.3, 257.6)(362.3, 263.5)(324.6, 263.5);SD
Port:(311.4, 152.0)(360.3, 152.0)(360.3, 152.1)(375.5, 152.1)(375.5, 256.1)(311.4, 256.1);GATE
Port:(316.9, 156.5)(354.8, 156.5)(354.8, 163.3)(316.9, 163.3);SD
Module:M12
Boundary:(311.4, 10.0)(412.2, 10.0)(412.2, 132.0)(311.4, 132.0);GATE
Port:(325.2, 127.9)(398.4, 127.9)(398.4, 132.0)(325.2, 132.0);SD
Port:(311.4, 10.0)(412.2, 10.0)(412.2, 125.3)(311.4, 125.3);GATE
Port:(317.9, 15.5)(405.7, 15.5)(405.7, 21.6)(317.9, 21.6);SD
Module:M8
Boundary:(227.8, 395.1)(333.8, 395.1)(333.8, 471.3)(227.8, 471.3);GATE
Port:(239.4, 465.4)(322.2, 465.4)(322.2, 471.3)(239.4, 471.3);SD
Port:(227.8, 395.1)(333.8, 395.1)(333.8, 463.2)(227.8, 463.2);GATE
Port:(233.7, 400.0)(327.9, 400.0)(327.9, 404.6)(233.7, 404.6);SD
Module:M4
Boundary:(442.2, 20.0)(495.6, 20.0)(495.6, 20.1)(513.5, 20.1)(513.5, 137.0)(442.2, 137.0);GATE
Port:(456.1, 131.4)(499.6, 131.4)(499.6, 137.0)(456.1, 137.0);SD
Port:(442.2, 20.0)(495.6, 20.0)(495.6, 20.1)(513.5, 20.1)(513.5, 130.0)(442.2, 130.0);GATE
Port:(449.1, 25.9)(488.7, 25.9)(488.7, 30.6)(449.1, 30.6);SD
