Area:(-20.0, -30.0)(601.5, -30.0)(601.5, 546.6)(-20.0, 546.6)
Rule:GATE(5,5);SD(5,5);GATE_SD(0.5);GATE_ITO(0.5);SD_ITO(0.5)
Module:M14
Boundary:(316.3, 416.8)(316.3, 487.3)(182.0, 487.3)(182.0, 416.8);GATE
Port:(182.0, 431.9)(187.3, 431.9)(187.3, 472.2)(182.0, 472.2);SD
Port:(316.3, 416.8)(316.3, 487.3)(189.3, 487.3)(189.3, 416.8);GATE
Port:(304.7, 423.2)(310.9, 423.2)(310.9, 480.9)(304.7, 480.9);SD
Module:M9
Boundary:(170.0, 195.9)(230.5, 195.9)(230.5, 266.2)(170.0, 266.2);GATE
Port:(182.8, 260.7)(217.7, 260.7)(217.7, 266.2)(182.8, 266.2);SD
Port:(170.0, 195.9)(230.5, 195.9)(230.5, 258.1)(170.0, 258.1);GATE
Port:(175.8, 200.7)(224.7, 200.7)(224.7, 207.0)(175.8, 207.0);SD
Module:M5
Boundary:(538.7, 20.0)(538.7, 96.6)(390.4, 96.6)(390.4, 20.0);GATE
Port:(390.4, 32.7)(395.4, 32.7)(395.4, 83.9)(390.4, 83.9);SD
Port:(538.7, 20.0)(538.7, 96.6)(397.9, 96.6)(397.9, 20.0);GATE
Port:(527.7, 26.2)(533.5, 26.2)(533.5, 90.4)(527.7, 90.4);SD
Module:M11
Boundary:(162.5, 10.0)(229.3, 10.0)(229.3, 175.9)(162.5, 175.9);GATE
Port:(176.5, 170.7)(215.3, 170.7)(215.3, 175.9)(176.5, 175.9);SD
Port:(162.5, 10.0)(229.3, 10.0)(229.3, 168.3)(162.5, 168.3);GATE
Port:(169.1, 15.6)(222.7, 15.6)(222.7, 22.3)(169.1, 22.3);SD
Module:M1
Boundary:(30.0, 220.5)(116.5, 220.5)(116.5, 220.7)(130.0, 220.7)(130.0, 337.8)(30.0, 337.8);GATE
Port:(43.2, 333.5)(116.8, 333.5)(116.8, 337.8)(43.2, 337.8);SD
Port:(30.0, 220.5)(116.5, 220.5)(116.5, 220.7)(130.0, 220.7)(130.0, 330.6)(30.0, 330.6);GATE
Port:(35.4, 224.9)(111.1, 224.9)(111.1, 232.1)(35.4, 232.1);SD
Module:M6
Boundary:(451.0, 418.2)(451.0, 488.5)(450.7, 488.5)(450.7, 506.6)(356.3, 506.6)(356.3, 418.2);GATE
Port:(356.3, 431.7)(361.6, 431.7)(361.6, 493.1)(356.3, 493.1);SD
Port:(451.0, 418.2)(451.0, 488.5)(450.7, 488.5)(450.7, 506.6)(362.9, 506.6)(362.9, 418.2);GATE
Port:(440.9, 423.6)(446.6, 423.6)(446.6, 483.1)(440.9, 483.1);SD
Module:M2
Boundary:(132.0, 387.8)(132.0, 470.6)(20.0, 470.6)(20.0, 387.8);GATE
Port:(20.0, 400.9)(25.6, 400.9)(25.6, 457.5)(20.0, 457.5);SD
Port:(132.0, 387.8)(132.0, 470.6)(28.0, 470.6)(28.0, 387.8);GATE
Port:(121.3, 393.8)(127.0, 393.8)(127.0, 464.6)(121.3, 464.6);SD
Module:M16
Boundary:(489.9, 126.6)(544.3, 126.6)(544.3, 126.7)(561.5, 126.7)(561.5, 200.2)(489.9, 200.2);GATE
Port:(505.2, 194.3)(546.2, 194.3)(546.2, 200.2)(505.2, 200.2);SD
Port:(489.9, 126.6)(544.3, 126.6)(544.3, 126.7)(561.5, 126.7)(561.5, 192.3)(489.9, 192.3);GATE
Port:(496.8, 132.5)(537.4, 132.5)(537.4, 138.6)(496.8, 138.6);SD
Module:M13
Boundary:(249.3, 10.0)(360.4, 10.0)(360.4, 148.5)(249.3, 148.5);GATE
Port:(261.5, 142.5)(348.2, 142.5)(348.2, 148.5)(261.5, 148.5);SD
Port:(249.3, 10.0)(360.4, 10.0)(360.4, 140.4)(249.3, 140.4);GATE
Port:(254.5, 14.2)(355.2, 14.2)(355.2, 19.4)(254.5, 19.4);SD
Module:M10
Boundary:(559.4, 230.6)(559.4, 296.2)(388.5, 296.2)(388.5, 230.6);GATE
Port:(388.5, 244.2)(393.3, 244.2)(393.3, 282.6)(388.5, 282.6);SD
Port:(559.4, 230.6)(559.4, 296.2)(395.1, 296.2)(395.1, 230.6);GATE
Port:(548.6, 237.3)(553.7, 237.3)(553.7, 289.5)(548.6, 289.5);SD
Module:M7
Boundary:(490.8, 326.2)(545.5, 326.2)(545.5, 492.0)(490.8, 492.0);GATE
Port:(505.2, 487.5)(531.1, 487.5)(531.1, 492.0)(505.2, 492.0);SD
Port:(490.8, 326.2)(545.5, 326.2)(545.5, 485.5)(490.8, 485.5);GATE
Port:(496.8, 331.2)(539.5, 331.2)(539.5, 337.2)(496.8, 337.2);SD
Module:M3
Boundary:(460.8, 316.2)(460.8, 398.2)(388.5, 398.2)(388.5, 316.2);GATE
Port:(388.5, 329.6)(394.0, 329.6)(394.0, 384.8)(388.5, 384.8);SD
Port:(460.8, 316.2)(460.8, 398.2)(395.3, 398.2)(395.3, 316.2);GATE
Port:(449.8, 322.6)(455.4, 322.6)(455.4, 391.8)(449.8, 391.8);SD
Module:M15
Boundary:(170.0, 286.2)(214.6, 286.2)(214.6, 286.2)(229.8, 286.2)(229.8, 376.8)(170.0, 376.8);GATE
Port:(181.1, 371.2)(218.7, 371.2)(218.7, 376.8)(181.1, 376.8);SD
Port:(170.0, 286.2)(214.6, 286.2)(214.6, 286.2)(229.8, 286.2)(229.8, 369.3)(170.0, 369.3);GATE
Port:(175.1, 290.3)(209.5, 290.3)(209.5, 295.1)(175.1, 295.1);SD
Module:M12
Boundary:(388.5, 126.6)(469.9, 126.6)(469.9, 210.6)(388.5, 210.6);GATE
Port:(402.0, 205.5)(456.4, 205.5)(456.4, 210.6)(402.0, 210.6);SD
Port:(388.5, 126.6)(469.9, 126.6)(469.9, 204.2)(388.5, 204.2);GATE
Port:(394.3, 131.4)(464.1, 131.4)(464.1, 137.3)(394.3, 137.3);SD
Module:M8
Boundary:(260.5, 178.5)(342.3, 178.5)(342.3, 179.0)(358.5, 179.0)(358.5, 365.1)(260.5, 365.1);GATE
Port:(273.9, 359.2)(345.1, 359.2)(345.1, 365.1)(273.9, 365.1);SD
Port:(260.5, 178.5)(342.3, 178.5)(342.3, 179.0)(358.5, 179.0)(358.5, 358.0)(260.5, 358.0);GATE
Port:(265.5, 182.5)(337.3, 182.5)(337.3, 188.5)(265.5, 188.5);SD
Module:M4
Boundary:(20.0, 20.0)(116.3, 20.0)(116.3, 20.1)(132.5, 20.1)(132.5, 170.5)(20.0, 170.5);GATE
Port:(31.9, 165.0)(120.6, 165.0)(120.6, 170.5)(31.9, 170.5);SD
Port:(20.0, 20.0)(116.3, 20.0)(116.3, 20.1)(132.5, 20.1)(132.5, 163.4)(20.0, 163.4);GATE
Port:(25.7, 24.7)(110.6, 24.7)(110.6, 29.5)(25.7, 29.5);SD
