Area:(-30.0, -30.0)(420.6, -30.0)(420.6, 972.6)(-30.0, 972.6)
Rule:GATE(5,5);SD(5,5);GATE_SD(0.5);GATE_ITO(0.5);SD_ITO(0.5)
Module:M14
Boundary:(364.9, 467.0)(364.9, 546.6)(364.9, 546.6)(364.9, 561.4)(244.2, 561.4)(244.2, 467.0);GATE
Port:(244.2, 481.5)(248.6, 481.5)(248.6, 546.9)(244.2, 546.9);SD
Port:(364.9, 467.0)(364.9, 546.6)(364.9, 546.6)(364.9, 561.4)(250.3, 561.4)(250.3, 467.0);GATE
Port:(352.2, 473.9)(359.0, 473.9)(359.0, 539.7)(352.2, 539.7);SD
Module:M9
Boundary:(100.9, 288.4)(179.4, 288.4)(179.4, 454.3)(100.9, 454.3);GATE
Port:(113.4, 448.3)(166.9, 448.3)(166.9, 454.3)(113.4, 454.3);SD
Port:(100.9, 288.4)(179.4, 288.4)(179.4, 447.2)(100.9, 447.2);GATE
Port:(106.7, 293.2)(173.6, 293.2)(173.6, 298.6)(106.7, 298.6);SD
Module:M5
Boundary:(20.0, 496.8)(52.7, 496.8)(52.7, 496.9)(67.9, 496.9)(67.9, 702.7)(20.0, 702.7);GATE
Port:(32.4, 697.5)(55.5, 697.5)(55.5, 702.7)(32.4, 702.7);SD
Port:(20.0, 496.8)(52.7, 496.8)(52.7, 496.9)(67.9, 496.9)(67.9, 694.6)(20.0, 694.6);GATE
Port:(25.6, 501.4)(47.1, 501.4)(47.1, 507.5)(25.6, 507.5);SD
Module:M11
Boundary:(10.0, 288.4)(80.9, 288.4)(80.9, 466.8)(10.0, 466.8);GATE
Port:(24.3, 461.5)(66.6, 461.5)(66.6, 466.8)(24.3, 466.8);SD
Port:(10.0, 288.4)(80.9, 288.4)(80.9, 458.8)(10.0, 458.8);GATE
Port:(15.9, 293.3)(75.0, 293.3)(75.0, 299.3)(15.9, 299.3);SD
Module:M1
Boundary:(330.9, 30.0)(330.9, 109.2)(330.9, 109.2)(330.9, 124.4)(138.5, 124.4)(138.5, 30.0);GATE
Port:(138.5, 43.4)(143.4, 43.4)(143.4, 111.0)(138.5, 111.0);SD
Port:(330.9, 30.0)(330.9, 109.2)(330.9, 109.2)(330.9, 124.4)(145.8, 124.4)(145.8, 30.0);GATE
Port:(319.9, 35.9)(326.0, 35.9)(326.0, 103.3)(319.9, 103.3);SD
Module:M6
Boundary:(372.6, 164.4)(372.6, 200.7)(372.5, 200.7)(372.5, 218.1)(176.0, 218.1)(176.0, 164.4);GATE
Port:(176.0, 179.2)(180.3, 179.2)(180.3, 203.3)(176.0, 203.3);SD
Port:(372.6, 164.4)(372.6, 200.7)(372.5, 200.7)(372.5, 218.1)(182.2, 218.1)(182.2, 164.4);GATE
Port:(361.3, 170.0)(368.0, 170.0)(368.0, 195.1)(361.3, 195.1);SD
Module:M2
Boundary:(307.2, 611.4)(376.4, 611.4)(376.4, 797.1)(307.2, 797.1);GATE
Port:(319.3, 793.0)(364.3, 793.0)(364.3, 797.1)(319.3, 797.1);SD
Port:(307.2, 611.4)(376.4, 611.4)(376.4, 792.0)(307.2, 792.0);GATE
Port:(312.6, 615.8)(371.0, 615.8)(371.0, 621.8)(312.6, 621.8);SD
Module:M16
Boundary:(277.2, 616.6)(277.2, 683.0)(277.2, 683.0)(277.2, 698.8)(97.9, 698.8)(97.9, 616.6);GATE
Port:(97.9, 630.4)(102.8, 630.4)(102.8, 685.0)(97.9, 685.0);SD
Port:(277.2, 616.6)(277.2, 683.0)(277.2, 683.0)(277.2, 698.8)(105.4, 698.8)(105.4, 616.6);GATE
Port:(265.4, 623.0)(271.8, 623.0)(271.8, 676.6)(265.4, 676.6);SD
Module:M13
Boundary:(271.9, 718.8)(271.9, 802.9)(271.6, 802.9)(271.6, 818.7)(147.0, 818.7)(147.0, 718.8);GATE
Port:(147.0, 733.9)(151.2, 733.9)(151.2, 803.6)(147.0, 803.6);SD
Port:(271.9, 718.8)(271.9, 802.9)(271.6, 802.9)(271.6, 818.7)(153.7, 818.7)(153.7, 718.8);GATE
Port:(259.9, 725.8)(265.9, 725.8)(265.9, 795.9)(259.9, 795.9);SD
Module:M10
Boundary:(199.4, 238.1)(248.5, 238.1)(248.5, 238.3)(263.2, 238.3)(263.2, 388.7)(199.4, 388.7);GATE
Port:(213.3, 383.8)(249.3, 383.8)(249.3, 388.7)(213.3, 388.7);SD
Port:(199.4, 238.1)(248.5, 238.1)(248.5, 238.3)(263.2, 238.3)(263.2, 382.1)(199.4, 382.1);GATE
Port:(205.8, 243.5)(242.1, 243.5)(242.1, 249.9)(205.8, 249.9);SD
Module:M7
Boundary:(194.2, 484.3)(194.2, 569.7)(193.9, 569.7)(193.9, 586.6)(110.9, 586.6)(110.9, 484.3);GATE
Port:(110.9, 498.3)(115.5, 498.3)(115.5, 572.6)(110.9, 572.6);SD
Port:(194.2, 484.3)(194.2, 569.7)(193.9, 569.7)(193.9, 586.6)(117.2, 586.6)(117.2, 484.3);GATE
Port:(183.5, 490.2)(189.3, 490.2)(189.3, 563.8)(183.5, 563.8);SD
Module:M3
Boundary:(283.2, 238.1)(364.9, 238.1)(364.9, 238.6)(380.6, 238.6)(380.6, 427.0)(283.2, 427.0);GATE
Port:(297.4, 421.3)(366.4, 421.3)(366.4, 427.0)(297.4, 427.0);SD
Port:(283.2, 238.1)(364.9, 238.1)(364.9, 238.6)(380.6, 238.6)(380.6, 419.6)(283.2, 419.6);GATE
Port:(289.9, 243.8)(358.2, 243.8)(358.2, 249.3)(289.9, 249.3);SD
Module:M15
Boundary:(332.1, 838.7)(332.1, 932.6)(147.0, 932.6)(147.0, 838.7);GATE
Port:(147.0, 851.8)(151.8, 851.8)(151.8, 919.5)(147.0, 919.5);SD
Port:(332.1, 838.7)(332.1, 932.6)(154.0, 932.6)(154.0, 838.7);GATE
Port:(321.3, 844.8)(327.0, 844.8)(327.0, 926.5)(321.3, 926.5);SD
Module:M12
Boundary:(10.0, 10.0)(81.4, 10.0)(81.4, 10.0)(98.5, 10.0)(98.5, 106.2)(10.0, 106.2);GATE
Port:(25.4, 101.2)(83.1, 101.2)(83.1, 106.2)(25.4, 106.2);SD
Port:(10.0, 10.0)(81.4, 10.0)(81.4, 10.0)(98.5, 10.0)(98.5, 99.3)(10.0, 99.3);GATE
Port:(16.3, 15.3)(75.1, 15.3)(75.1, 22.0)(16.3, 22.0);SD
Module:M8
Boundary:(146.0, 174.4)(146.0, 242.1)(145.8, 242.1)(145.8, 258.4)(20.0, 258.4)(20.0, 174.4);GATE
Port:(20.0, 188.3)(25.4, 188.3)(25.4, 244.5)(20.0, 244.5);SD
Port:(146.0, 174.4)(146.0, 242.1)(145.8, 242.1)(145.8, 258.4)(27.0, 258.4)(27.0, 174.4);GATE
Port:(134.8, 180.5)(140.9, 180.5)(140.9, 236.0)(134.8, 236.0);SD
Module:M4
Boundary:(20.0, 742.7)(117.0, 742.7)(117.0, 909.6)(20.0, 909.6);GATE
Port:(32.5, 905.4)(104.5, 905.4)(104.5, 909.6)(32.5, 909.6);SD
Port:(20.0, 742.7)(117.0, 742.7)(117.0, 903.5)(20.0, 903.5);GATE
Port:(25.6, 747.3)(111.4, 747.3)(111.4, 752.3)(25.6, 752.3);SD
