Area:(-30.0, -30.0)(587.1, -30.0)(587.1, 596.5)(-30.0, 596.5)
Rule:GATE(5,5);SD(5,5);GATE_SD(0.5);GATE_ITO(0.5);SD_ITO(0.5)
Module:M14
Boundary:(118.0, 179.3)(118.0, 225.7)(30.0, 225.7)(30.0, 179.3);GATE
Port:(30.0, 191.0)(35.2, 191.0)(35.2, 214.0)(30.0, 214.0);SD
Port:(118.0, 179.3)(118.0, 225.7)(36.3, 225.7)(36.3, 179.3);GATE
Port:(108.5, 184.9)(113.4, 184.9)(113.4, 220.1)(108.5, 220.1);SD
Module:M9
Boundary:(423.0, 491.8)(423.0, 556.5)(217.7, 556.5)(217.7, 491.8);GATE
Port:(217.7, 504.0)(221.8, 504.0)(221.8, 544.3)(217.7, 544.3);SD
Port:(423.0, 491.8)(423.0, 556.5)(223.8, 556.5)(223.8, 491.8);GATE
Port:(413.1, 497.0)(418.8, 497.0)(418.8, 551.3)(413.1, 551.3);SD
Module:M5
Boundary:(340.3, 20.0)(340.3, 88.5)(340.2, 88.5)(340.2, 105.0)(249.2, 105.0)(249.2, 20.0);GATE
Port:(249.2, 34.7)(254.8, 34.7)(254.8, 90.3)(249.2, 90.3);SD
Port:(340.3, 20.0)(340.3, 88.5)(340.2, 88.5)(340.2, 105.0)(257.0, 105.0)(257.0, 20.0);GATE
Port:(329.0, 26.0)(335.3, 26.0)(335.3, 82.5)(329.0, 82.5);SD
Module:M11
Boundary:(217.7, 375.8)(281.6, 375.8)(281.6, 375.9)(296.5, 375.9)(296.5, 469.4)(217.7, 469.4);GATE
Port:(231.7, 464.2)(282.5, 464.2)(282.5, 469.4)(231.7, 469.4);SD
Port:(217.7, 375.8)(281.6, 375.8)(281.6, 375.9)(296.5, 375.9)(296.5, 462.2)(217.7, 462.2);GATE
Port:(223.7, 380.8)(275.6, 380.8)(275.6, 387.4)(223.7, 387.4);SD
Module:M1
Boundary:(336.5, 276.4)(385.8, 276.4)(385.8, 276.5)(402.9, 276.5)(402.9, 451.8)(336.5, 451.8);GATE
Port:(348.7, 446.5)(390.7, 446.5)(390.7, 451.8)(348.7, 451.8);SD
Port:(336.5, 276.4)(385.8, 276.4)(385.8, 276.5)(402.9, 276.5)(402.9, 444.6)(336.5, 444.6);GATE
Port:(341.6, 280.5)(380.7, 280.5)(380.7, 285.5)(341.6, 285.5);SD
Module:M6
Boundary:(197.7, 447.9)(197.7, 549.3)(10.0, 549.3)(10.0, 447.9);GATE
Port:(10.0, 461.3)(14.6, 461.3)(14.6, 535.9)(10.0, 535.9);SD
Port:(197.7, 447.9)(197.7, 549.3)(15.8, 549.3)(15.8, 447.9);GATE
Port:(187.5, 454.3)(192.3, 454.3)(192.3, 542.9)(187.5, 542.9);SD
Module:M2
Boundary:(389.5, 20.0)(435.7, 20.0)(435.7, 20.2)(451.5, 20.2)(451.5, 152.9)(389.5, 152.9);GATE
Port:(401.0, 147.3)(440.0, 147.3)(440.0, 152.9)(401.0, 152.9);SD
Port:(389.5, 20.0)(435.7, 20.0)(435.7, 20.2)(451.5, 20.2)(451.5, 145.5)(389.5, 145.5);GATE
Port:(395.0, 24.5)(430.2, 24.5)(430.2, 29.0)(395.0, 29.0);SD
Module:M16
Boundary:(159.9, 102.4)(209.6, 102.4)(209.6, 209.6)(159.9, 209.6);GATE
Port:(174.6, 205.3)(194.9, 205.3)(194.9, 209.6)(174.6, 209.6);SD
Port:(159.9, 102.4)(209.6, 102.4)(209.6, 202.7)(159.9, 202.7);GATE
Port:(166.7, 108.2)(202.8, 108.2)(202.8, 114.9)(166.7, 114.9);SD
Module:M13
Boundary:(443.0, 405.6)(519.2, 405.6)(519.2, 406.0)(538.1, 406.0)(538.1, 549.1)(443.0, 549.1);GATE
Port:(458.4, 543.9)(522.7, 543.9)(522.7, 549.1)(458.4, 549.1);SD
Port:(443.0, 405.6)(519.2, 405.6)(519.2, 406.0)(538.1, 406.0)(538.1, 541.9)(443.0, 541.9);GATE
Port:(449.2, 410.8)(513.0, 410.8)(513.0, 417.8)(449.2, 417.8);SD
Module:M10
Boundary:(290.0, 256.4)(290.0, 339.8)(289.7, 339.8)(289.7, 355.8)(168.5, 355.8)(168.5, 256.4);GATE
Port:(168.5, 270.3)(174.2, 270.3)(174.2, 341.9)(168.5, 341.9);SD
Port:(290.0, 256.4)(290.0, 339.8)(289.7, 339.8)(289.7, 355.8)(176.2, 355.8)(176.2, 256.4);GATE
Port:(278.3, 262.5)(284.9, 262.5)(284.9, 333.7)(278.3, 333.7);SD
Module:M7
Boundary:(20.0, 20.0)(129.9, 20.0)(129.9, 129.3)(20.0, 129.3);GATE
Port:(34.3, 123.8)(115.6, 123.8)(115.6, 129.3)(34.3, 129.3);SD
Port:(20.0, 20.0)(129.9, 20.0)(129.9, 121.7)(20.0, 121.7);GATE
Port:(25.3, 24.3)(124.6, 24.3)(124.6, 30.9)(25.3, 30.9);SD
Module:M3
Boundary:(359.5, 135.0)(359.5, 236.4)(229.6, 236.4)(229.6, 135.0);GATE
Port:(229.6, 150.2)(234.3, 150.2)(234.3, 221.2)(229.6, 221.2);SD
Port:(359.5, 135.0)(359.5, 236.4)(236.7, 236.4)(236.7, 135.0);GATE
Port:(346.8, 141.3)(354.2, 141.3)(354.2, 230.1)(346.8, 230.1);SD
Module:M15
Boundary:(481.5, 10.0)(530.8, 10.0)(530.8, 10.1)(547.1, 10.1)(547.1, 184.4)(481.5, 184.4);GATE
Port:(494.4, 179.9)(534.2, 179.9)(534.2, 184.4)(494.4, 184.4);SD
Port:(481.5, 10.0)(530.8, 10.0)(530.8, 10.1)(547.1, 10.1)(547.1, 178.5)(481.5, 178.5);GATE
Port:(486.8, 14.3)(525.5, 14.3)(525.5, 19.9)(486.8, 19.9);SD
Module:M12
Boundary:(159.9, 10.0)(219.2, 10.0)(219.2, 82.4)(159.9, 82.4);GATE
Port:(171.9, 78.3)(207.2, 78.3)(207.2, 82.4)(171.9, 82.4);SD
Port:(159.9, 10.0)(219.2, 10.0)(219.2, 76.6)(159.9, 76.6);GATE
Port:(165.2, 14.3)(213.9, 14.3)(213.9, 20.3)(165.2, 20.3);SD
Module:M8
Boundary:(452.9, 214.4)(537.7, 214.4)(537.7, 375.6)(452.9, 375.6);GATE
Port:(467.9, 370.5)(522.7, 370.5)(522.7, 375.6)(467.9, 375.6);SD
Port:(452.9, 214.4)(537.7, 214.4)(537.7, 369.1)(452.9, 369.1);GATE
Port:(459.5, 220.0)(531.1, 220.0)(531.1, 227.0)(459.5, 227.0);SD
Module:M4
Boundary:(20.0, 275.7)(138.5, 275.7)(138.5, 417.9)(20.0, 417.9);GATE
Port:(34.2, 413.3)(124.3, 413.3)(124.3, 417.9)(34.2, 417.9);SD
Port:(20.0, 275.7)(138.5, 275.7)(138.5, 412.0)(20.0, 412.0);GATE
Port:(26.1, 280.8)(132.4, 280.8)(132.4, 286.9)(26.1, 286.9);SD
