Area:(-30.0, -30.0)(503.5, -30.0)(503.5, 728.8)(-30.0, 728.8)
Rule:GATE(5,5);SD(5,5);GATE_SD(0.5);GATE_ITO(0.5);SD_ITO(0.5)
Module:M14
Boundary:(357.4, 262.2)(447.9, 262.2)(447.9, 413.4)(357.4, 413.4);GATE
Port:(370.2, 407.5)(435.1, 407.5)(435.1, 413.4)(370.2, 413.4);SD
Port:(357.4, 262.2)(447.9, 262.2)(447.9, 405.3)(357.4, 405.3);GATE
Port:(364.0, 267.8)(441.3, 267.8)(441.3, 273.3)(364.0, 273.3);SD
Module:M9
Boundary:(155.0, 597.2)(155.0, 673.7)(154.7, 673.7)(154.7, 688.8)(10.0, 688.8)(10.0, 597.2);GATE
Port:(10.0, 609.5)(15.7, 609.5)(15.7, 676.5)(10.0, 676.5);SD
Port:(155.0, 597.2)(155.0, 673.7)(154.7, 673.7)(154.7, 688.8)(17.5, 688.8)(17.5, 597.2);GATE
Port:(145.1, 602.5)(150.7, 602.5)(150.7, 668.4)(145.1, 668.4);SD
Module:M5
Boundary:(20.0, 20.0)(120.9, 20.0)(120.9, 20.5)(137.3, 20.5)(137.3, 111.4)(20.0, 111.4);GATE
Port:(34.5, 106.6)(122.8, 106.6)(122.8, 111.4)(34.5, 111.4);SD
Port:(20.0, 20.0)(120.9, 20.0)(120.9, 20.5)(137.3, 20.5)(137.3, 104.6)(20.0, 104.6);GATE
Port:(26.3, 25.3)(114.6, 25.3)(114.6, 31.5)(26.3, 31.5);SD
Module:M11
Boundary:(74.7, 141.4)(160.5, 141.4)(160.5, 141.6)(177.9, 141.6)(177.9, 289.6)(74.7, 289.6);GATE
Port:(88.0, 284.6)(164.6, 284.6)(164.6, 289.6)(88.0, 289.6);SD
Port:(74.7, 141.4)(160.5, 141.4)(160.5, 141.6)(177.9, 141.6)(177.9, 283.5)(74.7, 283.5);GATE
Port:(79.7, 145.4)(155.5, 145.4)(155.5, 151.5)(79.7, 151.5);SD
Module:M1
Boundary:(219.4, 118.9)(279.0, 118.9)(279.0, 286.5)(219.4, 286.5);GATE
Port:(235.5, 281.6)(262.9, 281.6)(262.9, 286.5)(235.5, 286.5);SD
Port:(219.4, 118.9)(279.0, 118.9)(279.0, 279.4)(219.4, 279.4);GATE
Port:(226.3, 124.8)(272.1, 124.8)(272.1, 131.7)(226.3, 131.7);SD
Module:M6
Boundary:(278.5, 597.2)(278.5, 685.2)(175.0, 685.2)(175.0, 597.2);GATE
Port:(175.0, 610.5)(179.9, 610.5)(179.9, 671.9)(175.0, 671.9);SD
Port:(278.5, 597.2)(278.5, 685.2)(181.9, 685.2)(181.9, 597.2);GATE
Port:(268.0, 602.3)(274.4, 602.3)(274.4, 680.1)(268.0, 680.1);SD
Module:M2
Boundary:(354.7, 463.4)(445.4, 463.4)(445.4, 464.0)(463.5, 464.0)(463.5, 572.4)(354.7, 572.4);GATE
Port:(369.4, 567.2)(448.8, 567.2)(448.8, 572.4)(369.4, 572.4);SD
Port:(354.7, 463.4)(445.4, 463.4)(445.4, 464.0)(463.5, 464.0)(463.5, 565.1)(354.7, 565.1);GATE
Port:(360.1, 467.8)(440.0, 467.8)(440.0, 474.7)(360.1, 474.7);SD
Module:M16
Boundary:(10.0, 141.4)(40.2, 141.4)(40.2, 141.5)(54.7, 141.5)(54.7, 279.0)(10.0, 279.0);GATE
Port:(22.0, 273.4)(42.7, 273.4)(42.7, 279.0)(22.0, 279.0);SD
Port:(10.0, 141.4)(40.2, 141.4)(40.2, 141.5)(54.7, 141.5)(54.7, 271.4)(10.0, 271.4);GATE
Port:(15.2, 145.6)(35.0, 145.6)(35.0, 151.5)(15.2, 151.5);SD
Module:M13
Boundary:(106.5, 309.6)(161.9, 309.6)(161.9, 309.9)(179.4, 309.9)(179.4, 437.4)(106.5, 437.4);GATE
Port:(121.5, 433.0)(164.4, 433.0)(164.4, 437.4)(121.5, 437.4);SD
Port:(106.5, 309.6)(161.9, 309.6)(161.9, 309.9)(179.4, 309.9)(179.4, 430.2)(106.5, 430.2);GATE
Port:(112.8, 314.9)(155.6, 314.9)(155.6, 322.2)(112.8, 322.2);SD
Module:M10
Boundary:(317.4, 326.5)(317.4, 425.6)(316.8, 425.6)(316.8, 441.8)(199.4, 441.8)(199.4, 326.5);GATE
Port:(199.4, 339.9)(205.4, 339.9)(205.4, 428.4)(199.4, 428.4);SD
Port:(317.4, 326.5)(317.4, 425.6)(316.8, 425.6)(316.8, 441.8)(207.0, 441.8)(207.0, 326.5);GATE
Port:(306.7, 332.6)(312.3, 332.6)(312.3, 419.5)(306.7, 419.5);SD
Module:M7
Boundary:(287.4, 20.0)(287.4, 68.9)(177.3, 68.9)(177.3, 20.0);GATE
Port:(177.3, 33.2)(182.5, 33.2)(182.5, 55.7)(177.3, 55.7);SD
Port:(287.4, 20.0)(287.4, 68.9)(184.0, 68.9)(184.0, 20.0);GATE
Port:(276.2, 25.8)(282.6, 25.8)(282.6, 63.1)(276.2, 63.1);SD
Module:M3
Boundary:(319.0, 10.0)(351.3, 10.0)(351.3, 10.1)(366.6, 10.1)(366.6, 183.7)(319.0, 183.7);GATE
Port:(331.5, 178.2)(354.1, 178.2)(354.1, 183.7)(331.5, 183.7);SD
Port:(319.0, 10.0)(351.3, 10.0)(351.3, 10.1)(366.6, 10.1)(366.6, 176.8)(319.0, 176.8);GATE
Port:(324.4, 14.4)(345.9, 14.4)(345.9, 20.1)(324.4, 20.1);SD
Module:M15
Boundary:(443.6, 602.4)(443.6, 688.4)(298.5, 688.4)(298.5, 602.4);GATE
Port:(298.5, 615.9)(303.9, 615.9)(303.9, 674.9)(298.5, 674.9);SD
Port:(443.6, 602.4)(443.6, 688.4)(306.5, 688.4)(306.5, 602.4);GATE
Port:(432.5, 609.1)(437.9, 609.1)(437.9, 681.7)(432.5, 681.7);SD
Module:M12
Boundary:(10.0, 309.6)(86.5, 309.6)(86.5, 536.7)(10.0, 536.7);GATE
Port:(22.5, 532.3)(74.0, 532.3)(74.0, 536.7)(22.5, 536.7);SD
Port:(10.0, 309.6)(86.5, 309.6)(86.5, 529.5)(10.0, 529.5);GATE
Port:(16.9, 315.5)(79.6, 315.5)(79.6, 320.6)(16.9, 320.6);SD
Module:M8
Boundary:(396.6, 20.0)(461.7, 20.0)(461.7, 212.2)(396.6, 212.2);GATE
Port:(410.1, 208.0)(448.2, 208.0)(448.2, 212.2)(410.1, 212.2);SD
Port:(396.6, 20.0)(461.7, 20.0)(461.7, 206.2)(396.6, 206.2);GATE
Port:(402.9, 25.3)(455.4, 25.3)(455.4, 31.5)(402.9, 31.5);SD
Module:M4
Boundary:(314.7, 471.8)(314.7, 551.9)(314.4, 551.9)(314.4, 567.2)(116.5, 567.2)(116.5, 471.8);GATE
Port:(116.5, 485.5)(122.3, 485.5)(122.3, 553.5)(116.5, 553.5);SD
Port:(314.7, 471.8)(314.7, 551.9)(314.4, 551.9)(314.4, 567.2)(123.8, 567.2)(123.8, 471.8);GATE
Port:(302.9, 477.7)(309.8, 477.7)(309.8, 546.0)(302.9, 546.0);SD
