Area:(-30.0, -30.0)(710.1, -30.0)(710.1, 563.1)(-30.0, 563.1)
Rule:GATE(5,5);SD(5,5);GATE_SD(0.5);GATE_ITO(0.5);SD_ITO(0.5)
Module:M14
Boundary:(414.2, 461.6)(414.2, 509.2)(190.7, 509.2)(190.7, 461.6);GATE
Port:(190.7, 474.7)(194.8, 474.7)(194.8, 496.1)(190.7, 496.1);SD
Port:(414.2, 461.6)(414.2, 509.2)(197.8, 509.2)(197.8, 461.6);GATE
Port:(403.2, 466.8)(410.0, 466.8)(410.0, 504.0)(403.2, 504.0);SD
Module:M9
Boundary:(237.1, 10.0)(313.5, 10.0)(313.5, 10.4)(327.5, 10.4)(327.5, 125.8)(237.1, 125.8);GATE
Port:(250.7, 120.8)(313.9, 120.8)(313.9, 125.8)(250.7, 125.8);SD
Port:(237.1, 10.0)(313.5, 10.0)(313.5, 10.4)(327.5, 10.4)(327.5, 119.4)(237.1, 119.4);GATE
Port:(244.0, 15.9)(306.6, 15.9)(306.6, 22.0)(244.0, 22.0);SD
Module:M5
Boundary:(140.7, 419.9)(140.7, 507.4)(140.3, 507.4)(140.3, 521.9)(20.0, 521.9)(20.0, 419.9);GATE
Port:(20.0, 431.6)(25.5, 431.6)(25.5, 510.2)(20.0, 510.2);SD
Port:(140.7, 419.9)(140.7, 507.4)(140.3, 507.4)(140.3, 521.9)(26.7, 521.9)(26.7, 419.9);GATE
Port:(131.6, 425.0)(136.6, 425.0)(136.6, 502.3)(131.6, 502.3);SD
Module:M11
Boundary:(657.7, 432.7)(657.7, 505.2)(657.3, 505.2)(657.3, 523.1)(454.2, 523.1)(454.2, 432.7);GATE
Port:(454.2, 447.9)(458.5, 447.9)(458.5, 507.9)(454.2, 507.9);SD
Port:(657.7, 432.7)(657.7, 505.2)(657.3, 505.2)(657.3, 523.1)(460.5, 523.1)(460.5, 432.7);GATE
Port:(645.8, 437.9)(653.5, 437.9)(653.5, 500.0)(645.8, 500.0);SD
Module:M1
Boundary:(112.7, 30.0)(181.4, 30.0)(181.4, 30.1)(197.1, 30.1)(197.1, 144.6)(112.7, 144.6);GATE
Port:(127.5, 138.9)(182.3, 138.9)(182.3, 144.6)(127.5, 144.6);SD
Port:(112.7, 30.0)(181.4, 30.0)(181.4, 30.1)(197.1, 30.1)(197.1, 136.9)(112.7, 136.9);GATE
Port:(119.3, 35.6)(174.8, 35.6)(174.8, 43.3)(119.3, 43.3);SD
Module:M6
Boundary:(347.5, 10.0)(449.8, 10.0)(449.8, 156.9)(347.5, 156.9);GATE
Port:(361.5, 151.1)(435.8, 151.1)(435.8, 156.9)(361.5, 156.9);SD
Port:(347.5, 10.0)(449.8, 10.0)(449.8, 148.1)(347.5, 148.1);GATE
Port:(354.3, 15.8)(443.0, 15.8)(443.0, 21.7)(354.3, 21.7);SD
Module:M2
Boundary:(649.4, 338.8)(649.4, 388.6)(649.3, 388.6)(649.3, 402.7)(462.5, 402.7)(462.5, 338.8);GATE
Port:(462.5, 353.5)(468.0, 353.5)(468.0, 388.0)(462.5, 388.0);SD
Port:(649.4, 338.8)(649.4, 388.6)(649.3, 388.6)(649.3, 402.7)(469.2, 402.7)(469.2, 338.8);GATE
Port:(636.3, 345.5)(643.7, 345.5)(643.7, 381.9)(636.3, 381.9);SD
Module:M16
Boundary:(469.8, 10.0)(561.6, 10.0)(561.6, 10.5)(576.5, 10.5)(576.5, 137.3)(469.8, 137.3);GATE
Port:(482.7, 132.2)(563.6, 132.2)(563.6, 137.3)(482.7, 137.3);SD
Port:(469.8, 10.0)(561.6, 10.0)(561.6, 10.5)(576.5, 10.5)(576.5, 130.8)(469.8, 130.8);GATE
Port:(476.4, 15.6)(555.0, 15.6)(555.0, 20.4)(476.4, 20.4);SD
Module:M13
Boundary:(562.0, 157.3)(562.0, 226.3)(469.8, 226.3)(469.8, 157.3);GATE
Port:(469.8, 171.9)(474.4, 171.9)(474.4, 211.7)(469.8, 211.7);SD
Port:(562.0, 157.3)(562.0, 226.3)(475.7, 226.3)(475.7, 157.3);GATE
Port:(550.8, 163.3)(557.0, 163.3)(557.0, 220.3)(550.8, 220.3);SD
Module:M10
Boundary:(432.7, 176.9)(432.7, 246.1)(432.6, 246.1)(432.6, 262.2)(266.2, 262.2)(266.2, 176.9);GATE
Port:(266.2, 192.0)(270.3, 192.0)(270.3, 247.1)(266.2, 247.1);SD
Port:(432.7, 176.9)(432.7, 246.1)(432.6, 246.1)(432.6, 262.2)(272.7, 262.2)(272.7, 176.9);GATE
Port:(420.2, 183.6)(427.0, 183.6)(427.0, 239.4)(420.2, 239.4);SD
Module:M7
Boundary:(141.0, 194.6)(220.7, 194.6)(220.7, 194.9)(236.2, 194.9)(236.2, 379.7)(141.0, 379.7);GATE
Port:(154.1, 374.1)(223.1, 374.1)(223.1, 379.7)(154.1, 379.7);SD
Port:(141.0, 194.6)(220.7, 194.6)(220.7, 194.9)(236.2, 194.9)(236.2, 371.3)(141.0, 371.3);GATE
Port:(146.7, 199.3)(215.0, 199.3)(215.0, 205.5)(146.7, 205.5);SD
Module:M3
Boundary:(643.0, 246.3)(643.0, 294.1)(642.9, 294.1)(642.9, 308.8)(452.7, 308.8)(452.7, 246.3);GATE
Port:(452.7, 259.5)(457.5, 259.5)(457.5, 295.6)(452.7, 295.6);SD
Port:(643.0, 246.3)(643.0, 294.1)(642.9, 294.1)(642.9, 308.8)(460.5, 308.8)(460.5, 246.3);GATE
Port:(631.8, 252.5)(637.8, 252.5)(637.8, 287.9)(631.8, 287.9);SD
Module:M15
Boundary:(10.0, 10.0)(57.4, 10.0)(57.4, 10.2)(72.7, 10.2)(72.7, 167.6)(10.0, 167.6);GATE
Port:(22.4, 163.3)(60.3, 163.3)(60.3, 167.6)(22.4, 167.6);SD
Port:(10.0, 10.0)(57.4, 10.0)(57.4, 10.2)(72.7, 10.2)(72.7, 161.0)(10.0, 161.0);GATE
Port:(15.5, 14.5)(51.9, 14.5)(51.9, 20.8)(15.5, 20.8);SD
Module:M12
Boundary:(596.5, 10.0)(656.7, 10.0)(656.7, 10.1)(670.1, 10.1)(670.1, 218.3)(596.5, 218.3);GATE
Port:(610.0, 213.2)(656.6, 213.2)(656.6, 218.3)(610.0, 218.3);SD
Port:(596.5, 10.0)(656.7, 10.0)(656.7, 10.1)(670.1, 10.1)(670.1, 211.4)(596.5, 211.4);GATE
Port:(602.9, 15.4)(650.3, 15.4)(650.3, 21.9)(602.9, 21.9);SD
Module:M8
Boundary:(20.0, 197.6)(101.0, 197.6)(101.0, 379.9)(20.0, 379.9);GATE
Port:(32.8, 374.0)(88.2, 374.0)(88.2, 379.9)(32.8, 379.9);SD
Port:(20.0, 197.6)(101.0, 197.6)(101.0, 371.4)(20.0, 371.4);GATE
Port:(26.2, 202.8)(94.8, 202.8)(94.8, 207.9)(26.2, 207.9);SD
Module:M4
Boundary:(422.5, 292.2)(422.5, 394.3)(421.9, 394.3)(421.9, 411.6)(276.2, 411.6)(276.2, 292.2);GATE
Port:(276.2, 305.0)(280.3, 305.0)(280.3, 398.8)(276.2, 398.8);SD
Port:(422.5, 292.2)(422.5, 394.3)(421.9, 394.3)(421.9, 411.6)(283.1, 411.6)(283.1, 292.2);GATE
Port:(412.4, 297.4)(418.3, 297.4)(418.3, 389.1)(412.4, 389.1);SD
