Area:(-30.0, -30.0)(405.6, -30.0)(405.6, 910.6)(-30.0, 910.6)
Rule:GATE(5,5);SD(5,5);GATE_SD(0.5);GATE_ITO(0.5);SD_ITO(0.5)
Module:M14
Boundary:(30.0, 563.6)(121.4, 563.6)(121.4, 563.8)(135.8, 563.8)(135.8, 745.7)(30.0, 745.7);GATE
Port:(43.3, 740.7)(122.5, 740.7)(122.5, 745.7)(43.3, 745.7);SD
Port:(30.0, 563.6)(121.4, 563.6)(121.4, 563.8)(135.8, 563.8)(135.8, 737.7)(30.0, 737.7);GATE
Port:(36.3, 568.9)(115.1, 568.9)(115.1, 575.3)(36.3, 575.3);SD
Module:M9
Boundary:(271.8, 10.0)(360.9, 10.0)(360.9, 186.5)(271.8, 186.5);GATE
Port:(286.1, 181.9)(346.6, 181.9)(346.6, 186.5)(286.1, 186.5);SD
Port:(271.8, 10.0)(360.9, 10.0)(360.9, 179.7)(271.8, 179.7);GATE
Port:(277.2, 14.4)(355.5, 14.4)(355.5, 21.7)(277.2, 21.7);SD
Module:M5
Boundary:(149.0, 142.8)(207.4, 142.8)(207.4, 327.8)(149.0, 327.8);GATE
Port:(161.3, 322.8)(195.1, 322.8)(195.1, 327.8)(161.3, 327.8);SD
Port:(149.0, 142.8)(207.4, 142.8)(207.4, 320.5)(149.0, 320.5);GATE
Port:(154.5, 147.3)(201.9, 147.3)(201.9, 153.2)(154.5, 153.2);SD
Module:M11
Boundary:(165.6, 785.7)(165.6, 854.7)(165.3, 854.7)(165.3, 870.6)(10.0, 870.6)(10.0, 785.7);GATE
Port:(10.0, 801.0)(15.7, 801.0)(15.7, 855.3)(10.0, 855.3);SD
Port:(165.6, 785.7)(165.6, 854.7)(165.3, 854.7)(165.3, 870.6)(17.7, 870.6)(17.7, 785.7);GATE
Port:(152.5, 791.9)(160.4, 791.9)(160.4, 848.5)(152.5, 848.5);SD
Module:M1
Boundary:(348.9, 571.9)(348.9, 669.5)(348.6, 669.5)(348.6, 684.9)(195.8, 684.9)(195.8, 571.9);GATE
Port:(195.8, 586.2)(201.1, 586.2)(201.1, 670.6)(195.8, 670.6);SD
Port:(348.9, 571.9)(348.9, 669.5)(348.6, 669.5)(348.6, 684.9)(202.4, 684.9)(202.4, 571.9);GATE
Port:(336.4, 578.7)(343.1, 578.7)(343.1, 662.7)(336.4, 662.7);SD
Module:M6
Boundary:(199.9, 472.5)(199.9, 521.9)(97.1, 521.9)(97.1, 472.5);GATE
Port:(97.1, 486.2)(102.2, 486.2)(102.2, 508.2)(97.1, 508.2);SD
Port:(199.9, 472.5)(199.9, 521.9)(103.2, 521.9)(103.2, 472.5);GATE
Port:(188.1, 477.8)(195.6, 477.8)(195.6, 516.6)(188.1, 516.6);SD
Module:M2
Boundary:(256.2, 324.5)(353.1, 324.5)(353.1, 436.4)(256.2, 436.4);GATE
Port:(269.1, 431.5)(340.2, 431.5)(340.2, 436.4)(269.1, 436.4);SD
Port:(256.2, 324.5)(353.1, 324.5)(353.1, 430.1)(256.2, 430.1);GATE
Port:(262.4, 329.7)(346.9, 329.7)(346.9, 334.2)(262.4, 334.2);SD
Module:M16
Boundary:(10.0, 341.4)(77.1, 341.4)(77.1, 523.6)(10.0, 523.6);GATE
Port:(23.4, 519.6)(63.7, 519.6)(63.7, 523.6)(23.4, 523.6);SD
Port:(10.0, 341.4)(77.1, 341.4)(77.1, 517.5)(10.0, 517.5);GATE
Port:(15.3, 345.7)(71.8, 345.7)(71.8, 351.8)(15.3, 351.8);SD
Module:M13
Boundary:(10.0, 248.7)(93.5, 248.7)(93.5, 321.4)(10.0, 321.4);GATE
Port:(24.3, 317.3)(79.2, 317.3)(79.2, 321.4)(24.3, 321.4);SD
Port:(10.0, 248.7)(93.5, 248.7)(93.5, 314.9)(10.0, 314.9);GATE
Port:(15.4, 253.1)(88.1, 253.1)(88.1, 260.4)(15.4, 260.4);SD
Module:M10
Boundary:(337.0, 821.4)(337.0, 854.2)(336.9, 854.2)(336.9, 867.8)(185.6, 867.8)(185.6, 821.4);GATE
Port:(185.6, 834.2)(190.1, 834.2)(190.1, 855.0)(185.6, 855.0);SD
Port:(337.0, 821.4)(337.0, 854.2)(336.9, 854.2)(336.9, 867.8)(192.4, 867.8)(192.4, 821.4);GATE
Port:(325.8, 828.3)(331.1, 828.3)(331.1, 847.3)(325.8, 847.3);SD
Module:M7
Boundary:(343.8, 734.9)(343.8, 791.4)(195.6, 791.4)(195.6, 734.9);GATE
Port:(195.6, 745.6)(201.1, 745.6)(201.1, 780.7)(195.6, 780.7);SD
Port:(343.8, 734.9)(343.8, 791.4)(203.1, 791.4)(203.1, 734.9);GATE
Port:(334.9, 740.1)(339.6, 740.1)(339.6, 786.2)(334.9, 786.2);SD
Module:M3
Boundary:(226.2, 357.8)(226.2, 452.5)(97.1, 452.5)(97.1, 357.8);GATE
Port:(97.1, 373.3)(101.7, 373.3)(101.7, 437.0)(97.1, 437.0);SD
Port:(226.2, 357.8)(226.2, 452.5)(102.8, 452.5)(102.8, 357.8);GATE
Port:(214.1, 364.4)(220.6, 364.4)(220.6, 445.9)(214.1, 445.9);SD
Module:M15
Boundary:(365.6, 206.5)(365.6, 280.7)(365.6, 280.7)(365.6, 294.5)(237.4, 294.5)(237.4, 206.5);GATE
Port:(237.4, 219.8)(241.7, 219.8)(241.7, 281.2)(237.4, 281.2);SD
Port:(365.6, 206.5)(365.6, 280.7)(365.6, 280.7)(365.6, 294.5)(244.0, 294.5)(244.0, 206.5);GATE
Port:(354.0, 212.7)(360.4, 212.7)(360.4, 274.5)(354.0, 274.5);SD
Module:M12
Boundary:(362.0, 472.5)(362.0, 531.9)(219.9, 531.9)(219.9, 472.5);GATE
Port:(219.9, 484.9)(225.1, 484.9)(225.1, 519.5)(219.9, 519.5);SD
Port:(362.0, 472.5)(362.0, 531.9)(227.2, 531.9)(227.2, 472.5);GATE
Port:(351.7, 477.7)(357.8, 477.7)(357.8, 526.7)(351.7, 526.7);SD
Module:M8
Boundary:(241.8, 20.0)(241.8, 87.0)(241.4, 87.0)(241.4, 102.8)(149.0, 102.8)(149.0, 20.0);GATE
Port:(149.0, 34.3)(154.7, 34.3)(154.7, 88.5)(149.0, 88.5);SD
Port:(241.8, 20.0)(241.8, 87.0)(241.4, 87.0)(241.4, 102.8)(156.4, 102.8)(156.4, 20.0);GATE
Port:(230.2, 27.0)(235.8, 27.0)(235.8, 80.0)(230.2, 80.0);SD
Module:M4
Boundary:(20.0, 20.0)(91.1, 20.0)(91.1, 20.1)(109.0, 20.1)(109.0, 218.7)(20.0, 218.7);GATE
Port:(34.2, 214.6)(94.8, 214.6)(94.8, 218.7)(34.2, 218.7);SD
Port:(20.0, 20.0)(91.1, 20.0)(91.1, 20.1)(109.0, 20.1)(109.0, 213.3)(20.0, 213.3);GATE
Port:(26.2, 25.2)(84.9, 25.2)(84.9, 31.0)(26.2, 31.0);SD
