Area:(-30.0, -30.0)(889.2, -30.0)(889.2, 489.5)(-30.0, 489.5)
Rule:GATE(5,5);SD(5,5);GATE_SD(0.5);GATE_ITO(0.5);SD_ITO(0.5)
Module:M14
Boundary:(347.0, 30.0)(347.0, 117.7)(346.6, 117.7)(346.6, 136.0)(154.8, 136.0)(154.8, 30.0);GATE
Port:(154.8, 42.6)(159.2, 42.6)(159.2, 123.4)(154.8, 123.4);SD
Port:(347.0, 30.0)(347.0, 117.7)(346.6, 117.7)(346.6, 136.0)(160.3, 136.0)(160.3, 30.0);GATE
Port:(337.8, 35.3)(342.7, 35.3)(342.7, 112.4)(337.8, 112.4);SD
Module:M9
Boundary:(578.0, 10.0)(578.0, 87.3)(387.0, 87.3)(387.0, 10.0);GATE
Port:(387.0, 24.0)(392.5, 24.0)(392.5, 73.3)(387.0, 73.3);SD
Port:(578.0, 10.0)(578.0, 87.3)(393.8, 87.3)(393.8, 10.0);GATE
Port:(566.3, 16.6)(572.4, 16.6)(572.4, 80.7)(566.3, 80.7);SD
Module:M5
Boundary:(608.0, 20.0)(700.0, 20.0)(700.0, 203.7)(608.0, 203.7);GATE
Port:(620.9, 198.9)(687.1, 198.9)(687.1, 203.7)(620.9, 203.7);SD
Port:(608.0, 20.0)(700.0, 20.0)(700.0, 197.1)(608.0, 197.1);GATE
Port:(614.2, 25.2)(693.8, 25.2)(693.8, 30.5)(614.2, 30.5);SD
Module:M11
Boundary:(336.3, 387.9)(336.3, 433.1)(336.2, 433.1)(336.2, 447.5)(210.0, 447.5)(210.0, 387.9);GATE
Port:(210.0, 399.5)(215.5, 399.5)(215.5, 435.9)(210.0, 435.9);SD
Port:(336.3, 387.9)(336.3, 433.1)(336.2, 433.1)(336.2, 447.5)(218.1, 447.5)(218.1, 387.9);GATE
Port:(326.6, 393.0)(332.2, 393.0)(332.2, 428.0)(326.6, 428.0);SD
Module:M1
Boundary:(607.1, 253.7)(707.3, 253.7)(707.3, 404.4)(607.1, 404.4);GATE
Port:(621.4, 399.4)(693.0, 399.4)(693.0, 404.4)(621.4, 404.4);SD
Port:(607.1, 253.7)(707.3, 253.7)(707.3, 397.3)(607.1, 397.3);GATE
Port:(613.9, 259.5)(700.5, 259.5)(700.5, 265.1)(613.9, 265.1);SD
Module:M6
Boundary:(747.3, 221.7)(832.6, 221.7)(832.6, 222.1)(849.2, 222.1)(849.2, 444.4)(747.3, 444.4);GATE
Port:(761.2, 439.9)(835.3, 439.9)(835.3, 444.4)(761.2, 444.4);SD
Port:(747.3, 221.7)(832.6, 221.7)(832.6, 222.1)(849.2, 222.1)(849.2, 437.0)(747.3, 437.0);GATE
Port:(753.4, 226.8)(826.5, 226.8)(826.5, 233.2)(753.4, 233.2);SD
Module:M2
Boundary:(390.5, 186.0)(390.5, 238.1)(390.4, 238.1)(390.4, 255.8)(220.0, 255.8)(220.0, 186.0);GATE
Port:(220.0, 199.3)(224.4, 199.3)(224.4, 242.5)(220.0, 242.5);SD
Port:(390.5, 186.0)(390.5, 238.1)(390.4, 238.1)(390.4, 255.8)(227.0, 255.8)(227.0, 186.0);GATE
Port:(380.3, 191.9)(385.6, 191.9)(385.6, 232.2)(380.3, 232.2);SD
Module:M16
Boundary:(10.0, 169.7)(42.1, 169.7)(42.1, 169.8)(56.9, 169.8)(56.9, 330.7)(10.0, 330.7);GATE
Port:(22.7, 326.6)(44.2, 326.6)(44.2, 330.7)(22.7, 330.7);SD
Port:(10.0, 169.7)(42.1, 169.7)(42.1, 169.8)(56.9, 169.8)(56.9, 324.9)(10.0, 324.9);GATE
Port:(15.6, 174.3)(36.5, 174.3)(36.5, 180.2)(15.6, 180.2);SD
Module:M13
Boundary:(190.0, 350.7)(190.0, 449.5)(10.0, 449.5)(10.0, 350.7);GATE
Port:(10.0, 364.2)(14.5, 364.2)(14.5, 436.0)(10.0, 436.0);SD
Port:(190.0, 350.7)(190.0, 449.5)(17.2, 449.5)(17.2, 350.7);GATE
Port:(179.2, 355.9)(185.8, 355.9)(185.8, 444.3)(179.2, 444.3);SD
Module:M10
Boundary:(567.1, 107.3)(567.1, 216.7)(567.0, 216.7)(567.0, 234.7)(420.5, 234.7)(420.5, 107.3);GATE
Port:(420.5, 122.2)(426.3, 122.2)(426.3, 219.8)(420.5, 219.8);SD
Port:(567.1, 107.3)(567.1, 216.7)(567.0, 216.7)(567.0, 234.7)(427.9, 234.7)(427.9, 107.3);GATE
Port:(554.9, 113.1)(562.3, 113.1)(562.3, 210.9)(554.9, 210.9);SD
Module:M7
Boundary:(86.9, 186.0)(158.7, 186.0)(158.7, 186.3)(176.4, 186.3)(176.4, 307.1)(86.9, 307.1);GATE
Port:(101.3, 302.8)(162.0, 302.8)(162.0, 307.1)(101.3, 307.1);SD
Port:(86.9, 186.0)(158.7, 186.0)(158.7, 186.3)(176.4, 186.3)(176.4, 301.1)(86.9, 301.1);GATE
Port:(92.8, 190.9)(152.8, 190.9)(152.8, 197.2)(92.8, 197.2);SD
Module:M3
Boundary:(565.6, 254.7)(565.6, 313.4)(565.3, 313.4)(565.3, 328.0)(420.5, 328.0)(420.5, 254.7);GATE
Port:(420.5, 266.2)(425.7, 266.2)(425.7, 316.5)(420.5, 316.5);SD
Port:(565.6, 254.7)(565.6, 313.4)(565.3, 313.4)(565.3, 328.0)(427.3, 328.0)(427.3, 254.7);GATE
Port:(556.1, 259.8)(561.5, 259.8)(561.5, 308.3)(556.1, 308.3);SD
Module:M15
Boundary:(336.5, 285.8)(336.5, 367.9)(210.0, 367.9)(210.0, 285.8);GATE
Port:(210.0, 299.3)(214.3, 299.3)(214.3, 354.4)(210.0, 354.4);SD
Port:(336.5, 285.8)(336.5, 367.9)(216.3, 367.9)(216.3, 285.8);GATE
Port:(325.5, 291.4)(331.9, 291.4)(331.9, 362.3)(325.5, 362.3);SD
Module:M12
Boundary:(560.5, 348.0)(560.5, 435.2)(560.0, 435.2)(560.0, 449.1)(356.5, 449.1)(356.5, 348.0);GATE
Port:(356.5, 360.8)(360.7, 360.8)(360.7, 436.3)(356.5, 436.3);SD
Port:(560.5, 348.0)(560.5, 435.2)(560.0, 435.2)(560.0, 449.1)(362.0, 449.1)(362.0, 348.0);GATE
Port:(550.0, 353.4)(556.1, 353.4)(556.1, 429.8)(550.0, 429.8);SD
Module:M8
Boundary:(20.0, 20.0)(87.7, 20.0)(87.7, 20.3)(104.8, 20.3)(104.8, 139.7)(20.0, 139.7);GATE
Port:(32.8, 134.5)(92.0, 134.5)(92.0, 139.7)(32.8, 139.7);SD
Port:(20.0, 20.0)(87.7, 20.0)(87.7, 20.3)(104.8, 20.3)(104.8, 133.3)(20.0, 133.3);GATE
Port:(25.4, 24.4)(82.3, 24.4)(82.3, 29.9)(25.4, 29.9);SD
Module:M4
Boundary:(740.0, 20.0)(825.4, 20.0)(825.4, 20.5)(842.2, 20.5)(842.2, 191.7)(740.0, 191.7);GATE
Port:(754.0, 187.3)(828.2, 187.3)(828.2, 191.7)(754.0, 191.7);SD
Port:(740.0, 20.0)(825.4, 20.0)(825.4, 20.5)(842.2, 20.5)(842.2, 185.7)(740.0, 185.7);GATE
Port:(746.5, 25.5)(818.9, 25.5)(818.9, 30.7)(746.5, 30.7);SD
