Area:(-30.0, -30.0)(701.7, -30.0)(701.7, 535.4)(-30.0, 535.4)
Rule:GATE(5,5);SD(5,5);GATE_SD(0.5);GATE_ITO(0.5);SD_ITO(0.5)
Module:M14
Boundary:(515.5, 371.2)(515.5, 477.4)(387.4, 477.4)(387.4, 371.2);GATE
Port:(387.4, 385.4)(392.9, 385.4)(392.9, 463.2)(387.4, 463.2);SD
Port:(515.5, 371.2)(515.5, 477.4)(394.1, 477.4)(394.1, 371.2);GATE
Port:(504.7, 377.2)(510.5, 377.2)(510.5, 471.4)(504.7, 471.4);SD
Module:M9
Boundary:(655.9, 272.6)(655.9, 325.2)(655.8, 325.2)(655.8, 343.6)(559.9, 343.6)(559.9, 272.6);GATE
Port:(559.9, 286.0)(565.8, 286.0)(565.8, 330.2)(559.9, 330.2);SD
Port:(655.9, 272.6)(655.9, 325.2)(655.8, 325.2)(655.8, 343.6)(568.5, 343.6)(568.5, 272.6);GATE
Port:(645.6, 277.8)(651.7, 277.8)(651.7, 320.0)(645.6, 320.0);SD
Module:M5
Boundary:(653.4, 144.1)(653.4, 242.6)(468.5, 242.6)(468.5, 144.1);GATE
Port:(468.5, 157.7)(473.6, 157.7)(473.6, 229.0)(468.5, 229.0);SD
Port:(653.4, 144.1)(653.4, 242.6)(475.4, 242.6)(475.4, 144.1);GATE
Port:(642.1, 150.9)(647.6, 150.9)(647.6, 235.8)(642.1, 235.8);SD
Module:M11
Boundary:(539.9, 272.6)(539.9, 317.2)(539.7, 317.2)(539.7, 331.2)(457.1, 331.2)(457.1, 272.6);GATE
Port:(457.1, 284.6)(462.2, 284.6)(462.2, 319.2)(457.1, 319.2);SD
Port:(539.9, 272.6)(539.9, 317.2)(539.7, 317.2)(539.7, 331.2)(465.0, 331.2)(465.0, 272.6);GATE
Port:(529.5, 278.3)(535.2, 278.3)(535.2, 311.5)(529.5, 311.5);SD
Module:M1
Boundary:(177.2, 121.8)(292.6, 121.8)(292.6, 232.1)(177.2, 232.1);GATE
Port:(192.3, 227.2)(277.5, 227.2)(277.5, 232.1)(192.3, 232.1);SD
Port:(177.2, 121.8)(292.6, 121.8)(292.6, 225.9)(177.2, 225.9);GATE
Port:(184.0, 127.6)(285.8, 127.6)(285.8, 135.1)(184.0, 135.1);SD
Module:M6
Boundary:(483.4, 10.0)(483.4, 62.2)(483.4, 62.2)(483.4, 79.1)(259.2, 79.1)(259.2, 10.0);GATE
Port:(259.2, 24.1)(263.3, 24.1)(263.3, 65.0)(259.2, 65.0);SD
Port:(483.4, 10.0)(483.4, 62.2)(483.4, 62.2)(483.4, 79.1)(265.1, 79.1)(265.1, 10.0);GATE
Port:(472.6, 16.1)(478.3, 16.1)(478.3, 56.1)(472.6, 56.1);SD
Module:M2
Boundary:(342.6, 109.1)(428.5, 109.1)(428.5, 179.0)(342.6, 179.0);GATE
Port:(355.6, 174.3)(415.5, 174.3)(415.5, 179.0)(355.6, 179.0);SD
Port:(342.6, 109.1)(428.5, 109.1)(428.5, 171.7)(342.6, 171.7);GATE
Port:(348.9, 114.4)(422.2, 114.4)(422.2, 120.5)(348.9, 120.5);SD
Module:M16
Boundary:(10.0, 334.9)(95.6, 334.9)(95.6, 335.3)(112.3, 335.3)(112.3, 484.8)(10.0, 484.8);GATE
Port:(23.8, 480.0)(98.5, 480.0)(98.5, 484.8)(23.8, 484.8);SD
Port:(10.0, 334.9)(95.6, 334.9)(95.6, 335.3)(112.3, 335.3)(112.3, 477.3)(10.0, 477.3);GATE
Port:(15.1, 339.0)(90.5, 339.0)(90.5, 346.7)(15.1, 346.7);SD
Module:M13
Boundary:(437.1, 209.0)(437.1, 281.7)(436.9, 281.7)(436.9, 299.6)(332.6, 299.6)(332.6, 209.0);GATE
Port:(332.6, 224.4)(336.7, 224.4)(336.7, 284.2)(332.6, 284.2);SD
Port:(437.1, 209.0)(437.1, 281.7)(436.9, 281.7)(436.9, 299.6)(339.7, 299.6)(339.7, 209.0);GATE
Port:(425.2, 214.6)(432.5, 214.6)(432.5, 276.1)(425.2, 276.1);SD
Module:M10
Boundary:(310.5, 272.6)(310.5, 348.2)(136.5, 348.2)(136.5, 272.6);GATE
Port:(136.5, 289.3)(142.5, 289.3)(142.5, 331.5)(136.5, 331.5);SD
Port:(310.5, 272.6)(310.5, 348.2)(145.1, 348.2)(145.1, 272.6);GATE
Port:(296.9, 279.3)(304.8, 279.3)(304.8, 341.5)(296.9, 341.5);SD
Module:M7
Boundary:(337.4, 378.2)(337.4, 492.9)(142.3, 492.9)(142.3, 378.2);GATE
Port:(142.3, 392.5)(147.3, 392.5)(147.3, 478.6)(142.3, 478.6);SD
Port:(337.4, 378.2)(337.4, 492.9)(148.5, 492.9)(148.5, 378.2);GATE
Port:(325.5, 384.5)(332.1, 384.5)(332.1, 486.6)(325.5, 486.6);SD
Module:M3
Boundary:(239.2, 10.0)(239.2, 81.8)(157.2, 81.8)(157.2, 10.0);GATE
Port:(157.2, 24.3)(162.1, 24.3)(162.1, 67.5)(157.2, 67.5);SD
Port:(239.2, 10.0)(239.2, 81.8)(163.4, 81.8)(163.4, 10.0);GATE
Port:(227.6, 16.0)(234.2, 16.0)(234.2, 75.8)(227.6, 75.8);SD
Module:M15
Boundary:(116.5, 272.6)(116.5, 301.0)(116.4, 301.0)(116.4, 314.9)(10.0, 314.9)(10.0, 272.6);GATE
Port:(10.0, 283.2)(14.5, 283.2)(14.5, 304.3)(10.0, 304.3);SD
Port:(116.5, 272.6)(116.5, 301.0)(116.4, 301.0)(116.4, 314.9)(17.1, 314.9)(17.1, 272.6);GATE
Port:(107.5, 278.0)(112.1, 278.0)(112.1, 295.6)(107.5, 295.6);SD
Module:M12
Boundary:(555.5, 363.6)(643.9, 363.6)(643.9, 363.7)(661.7, 363.7)(661.7, 495.4)(555.5, 495.4);GATE
Port:(569.3, 491.4)(647.9, 491.4)(647.9, 495.4)(569.3, 495.4);SD
Port:(555.5, 363.6)(643.9, 363.6)(643.9, 363.7)(661.7, 363.7)(661.7, 488.5)(555.5, 488.5);GATE
Port:(561.9, 369.0)(637.5, 369.0)(637.5, 374.1)(561.9, 374.1);SD
Module:M8
Boundary:(646.3, 20.0)(646.3, 104.1)(513.4, 104.1)(513.4, 20.0);GATE
Port:(513.4, 32.0)(517.8, 32.0)(517.8, 92.1)(513.4, 92.1);SD
Port:(646.3, 20.0)(646.3, 104.1)(519.0, 104.1)(519.0, 20.0);GATE
Port:(636.3, 25.5)(641.8, 25.5)(641.8, 98.6)(636.3, 98.6);SD
Module:M4
Boundary:(20.0, 20.0)(127.2, 20.0)(127.2, 242.6)(20.0, 242.6);GATE
Port:(33.6, 237.2)(113.6, 237.2)(113.6, 242.6)(33.6, 242.6);SD
Port:(20.0, 20.0)(127.2, 20.0)(127.2, 234.2)(20.0, 234.2);GATE
Port:(25.5, 24.5)(121.7, 24.5)(121.7, 30.2)(25.5, 30.2);SD
