Area:(-30.0, -30.0)(520.0, -30.0)(520.0, 775.8)(-30.0, 775.8)
Rule:GATE(5,5);SD(5,5);GATE_SD(0.5);GATE_ITO(0.5);SD_ITO(0.5)
Module:M14
Boundary:(473.9, 492.9)(473.9, 581.7)(473.3, 581.7)(473.3, 599.3)(298.8, 599.3)(298.8, 492.9);GATE
Port:(298.8, 507.4)(304.7, 507.4)(304.7, 584.8)(298.8, 584.8);SD
Port:(473.9, 492.9)(473.9, 581.7)(473.3, 581.7)(473.3, 599.3)(306.3, 599.3)(306.3, 492.9);GATE
Port:(462.8, 499.6)(468.2, 499.6)(468.2, 575.0)(462.8, 575.0);SD
Module:M9
Boundary:(231.0, 97.3)(231.0, 143.8)(230.8, 143.8)(230.8, 158.6)(93.8, 158.6)(93.8, 97.3);GATE
Port:(93.8, 109.7)(99.8, 109.7)(99.8, 146.2)(93.8, 146.2);SD
Port:(231.0, 97.3)(231.0, 143.8)(230.8, 143.8)(230.8, 158.6)(101.9, 158.6)(101.9, 97.3);GATE
Port:(220.4, 102.7)(226.6, 102.7)(226.6, 138.4)(220.4, 138.4);SD
Module:M5
Boundary:(20.0, 20.0)(50.1, 20.0)(50.1, 20.1)(63.8, 20.1)(63.8, 213.0)(20.0, 213.0);GATE
Port:(31.8, 208.5)(52.0, 208.5)(52.0, 213.0)(31.8, 213.0);SD
Port:(20.0, 20.0)(50.1, 20.0)(50.1, 20.1)(63.8, 20.1)(63.8, 207.4)(20.0, 207.4);GATE
Port:(26.0, 25.0)(44.1, 25.0)(44.1, 30.1)(26.0, 30.1);SD
Module:M11
Boundary:(363.6, 10.0)(478.2, 10.0)(478.2, 200.2)(363.6, 200.2);GATE
Port:(376.3, 195.5)(465.5, 195.5)(465.5, 200.2)(376.3, 200.2);SD
Port:(363.6, 10.0)(478.2, 10.0)(478.2, 193.3)(363.6, 193.3);GATE
Port:(368.8, 14.2)(473.0, 14.2)(473.0, 20.6)(368.8, 20.6);SD
Module:M1
Boundary:(125.5, 470.1)(125.5, 582.2)(30.0, 582.2)(30.0, 470.1);GATE
Port:(30.0, 485.0)(35.6, 485.0)(35.6, 567.3)(30.0, 567.3);SD
Port:(125.5, 470.1)(125.5, 582.2)(37.8, 582.2)(37.8, 470.1);GATE
Port:(113.8, 477.1)(119.5, 477.1)(119.5, 575.2)(113.8, 575.2);SD
Module:M6
Boundary:(296.4, 182.7)(296.4, 247.9)(93.8, 247.9)(93.8, 182.7);GATE
Port:(93.8, 197.1)(99.6, 197.1)(99.6, 233.5)(93.8, 233.5);SD
Port:(296.4, 182.7)(296.4, 247.9)(102.1, 247.9)(102.1, 182.7);GATE
Port:(283.9, 188.9)(291.2, 188.9)(291.2, 241.7)(283.9, 241.7);SD
Module:M2
Boundary:(228.5, 370.0)(228.5, 404.9)(228.4, 404.9)(228.4, 420.1)(20.0, 420.1)(20.0, 370.0);GATE
Port:(20.0, 383.6)(25.8, 383.6)(25.8, 406.5)(20.0, 406.5);SD
Port:(228.5, 370.0)(228.5, 404.9)(228.4, 404.9)(228.4, 420.1)(28.4, 420.1)(28.4, 370.0);GATE
Port:(216.9, 376.5)(223.0, 376.5)(223.0, 398.4)(216.9, 398.4);SD
Module:M16
Boundary:(469.4, 220.2)(469.4, 307.1)(469.2, 307.1)(469.2, 323.4)(316.4, 323.4)(316.4, 220.2);GATE
Port:(316.4, 235.4)(320.5, 235.4)(320.5, 308.2)(316.4, 308.2);SD
Port:(469.4, 220.2)(469.4, 307.1)(469.2, 307.1)(469.2, 323.4)(321.8, 323.4)(321.8, 220.2);GATE
Port:(456.6, 227.1)(463.5, 227.1)(463.5, 300.2)(456.6, 300.2);SD
Module:M13
Boundary:(279.2, 10.0)(343.6, 10.0)(343.6, 162.7)(279.2, 162.7);GATE
Port:(293.0, 156.9)(329.8, 156.9)(329.8, 162.7)(293.0, 162.7);SD
Port:(279.2, 10.0)(343.6, 10.0)(343.6, 155.7)(279.2, 155.7);GATE
Port:(286.1, 15.9)(336.7, 15.9)(336.7, 21.5)(286.1, 21.5);SD
Module:M10
Boundary:(457.9, 639.3)(457.9, 702.8)(457.7, 702.8)(457.7, 718.5)(359.1, 718.5)(359.1, 639.3);GATE
Port:(359.1, 651.4)(363.5, 651.4)(363.5, 706.4)(359.1, 706.4);SD
Port:(457.9, 639.3)(457.9, 702.8)(457.7, 702.8)(457.7, 718.5)(365.7, 718.5)(365.7, 639.3);GATE
Port:(447.4, 644.9)(453.3, 644.9)(453.3, 697.2)(447.4, 697.2);SD
Module:M7
Boundary:(329.1, 649.3)(329.1, 713.8)(328.9, 713.8)(328.9, 728.6)(225.1, 728.6)(225.1, 649.3);GATE
Port:(225.1, 663.2)(230.4, 663.2)(230.4, 714.7)(225.1, 714.7);SD
Port:(329.1, 649.3)(329.1, 713.8)(328.9, 713.8)(328.9, 728.6)(231.9, 728.6)(231.9, 649.3);GATE
Port:(317.1, 655.9)(323.5, 655.9)(323.5, 707.2)(317.1, 707.2);SD
Module:M3
Boundary:(165.5, 472.9)(243.5, 472.9)(243.5, 472.9)(258.8, 472.9)(258.8, 601.3)(165.5, 601.3);GATE
Port:(178.3, 596.0)(246.0, 596.0)(246.0, 601.3)(178.3, 601.3);SD
Port:(165.5, 472.9)(243.5, 472.9)(243.5, 472.9)(258.8, 472.9)(258.8, 594.2)(165.5, 594.2);GATE
Port:(171.0, 477.4)(238.0, 477.4)(238.0, 483.4)(171.0, 483.4);SD
Module:M15
Boundary:(195.1, 622.2)(195.1, 735.8)(10.0, 735.8)(10.0, 622.2);GATE
Port:(10.0, 636.8)(15.7, 636.8)(15.7, 721.2)(10.0, 721.2);SD
Port:(195.1, 622.2)(195.1, 735.8)(17.3, 735.8)(17.3, 622.2);GATE
Port:(182.1, 628.7)(189.6, 628.7)(189.6, 729.3)(182.1, 729.3);SD
Module:M12
Boundary:(259.2, 10.0)(259.2, 77.3)(93.8, 77.3)(93.8, 10.0);GATE
Port:(93.8, 21.2)(99.3, 21.2)(99.3, 66.1)(93.8, 66.1);SD
Port:(259.2, 10.0)(259.2, 77.3)(101.1, 77.3)(101.1, 10.0);GATE
Port:(249.6, 16.5)(253.7, 16.5)(253.7, 70.8)(249.6, 70.8);SD
Module:M8
Boundary:(243.0, 277.9)(243.0, 330.0)(20.0, 330.0)(20.0, 277.9);GATE
Port:(20.0, 292.2)(24.1, 292.2)(24.1, 315.7)(20.0, 315.7);SD
Port:(243.0, 277.9)(243.0, 330.0)(26.1, 330.0)(26.1, 277.9);GATE
Port:(231.5, 284.2)(237.7, 284.2)(237.7, 323.7)(231.5, 323.7);SD
Module:M4
Boundary:(480.0, 370.0)(480.0, 442.9)(268.5, 442.9)(268.5, 370.0);GATE
Port:(268.5, 384.3)(273.4, 384.3)(273.4, 428.6)(268.5, 428.6);SD
Port:(480.0, 370.0)(480.0, 442.9)(274.5, 442.9)(274.5, 370.0);GATE
Port:(469.2, 376.2)(474.8, 376.2)(474.8, 436.7)(469.2, 436.7);SD
