Area:(-30.0, -30.0)(379.6, -30.0)(379.6, 1040.6)(-30.0, 1040.6)
Rule:GATE(5,5);SD(5,5);GATE_SD(0.5);GATE_ITO(0.5);SD_ITO(0.5)
Module:M14
Boundary:(311.2, 778.4)(311.2, 844.7)(311.1, 844.7)(311.1, 860.5)(104.2, 860.5)(104.2, 778.4);GATE
Port:(104.2, 792.3)(109.3, 792.3)(109.3, 846.6)(104.2, 846.6);SD
Port:(311.2, 778.4)(311.2, 844.7)(311.1, 844.7)(311.1, 860.5)(110.6, 860.5)(110.6, 778.4);GATE
Port:(299.8, 783.9)(306.7, 783.9)(306.7, 839.2)(299.8, 839.2);SD
Module:M9
Boundary:(141.1, 546.6)(202.0, 546.6)(202.0, 737.1)(141.1, 737.1);GATE
Port:(154.2, 732.6)(188.9, 732.6)(188.9, 737.1)(154.2, 737.1);SD
Port:(141.1, 546.6)(202.0, 546.6)(202.0, 730.6)(141.1, 730.6);GATE
Port:(147.1, 551.6)(196.0, 551.6)(196.0, 558.2)(147.1, 558.2);SD
Module:M5
Boundary:(134.2, 430.1)(134.2, 499.8)(134.1, 499.8)(134.1, 516.6)(20.0, 516.6)(20.0, 430.1);GATE
Port:(20.0, 445.1)(25.3, 445.1)(25.3, 501.6)(20.0, 501.6);SD
Port:(134.2, 430.1)(134.2, 499.8)(134.1, 499.8)(134.1, 516.6)(28.0, 516.6)(28.0, 430.1);GATE
Port:(122.2, 435.9)(129.4, 435.9)(129.4, 494.0)(122.2, 494.0);SD
Module:M11
Boundary:(209.8, 10.0)(209.8, 93.2)(209.5, 93.2)(209.5, 109.5)(10.0, 109.5)(10.0, 10.0);GATE
Port:(10.0, 23.3)(15.2, 23.3)(15.2, 96.2)(10.0, 96.2);SD
Port:(209.8, 10.0)(209.8, 93.2)(209.5, 93.2)(209.5, 109.5)(17.6, 109.5)(17.6, 10.0);GATE
Port:(198.6, 16.6)(204.2, 16.6)(204.2, 86.6)(198.6, 86.6);SD
Module:M1
Boundary:(322.8, 150.0)(322.8, 181.3)(322.8, 181.3)(322.8, 197.6)(241.4, 197.6)(241.4, 150.0);GATE
Port:(241.4, 162.5)(246.4, 162.5)(246.4, 185.1)(241.4, 185.1);SD
Port:(322.8, 150.0)(322.8, 181.3)(322.8, 181.3)(322.8, 197.6)(248.4, 197.6)(248.4, 150.0);GATE
Port:(313.1, 155.1)(318.7, 155.1)(318.7, 176.2)(313.1, 176.2);SD
Module:M6
Boundary:(10.0, 329.4)(99.2, 329.4)(99.2, 329.4)(113.6, 329.4)(113.6, 400.1)(10.0, 400.1);GATE
Port:(22.8, 394.1)(100.8, 394.1)(100.8, 400.1)(22.8, 400.1);SD
Port:(10.0, 329.4)(99.2, 329.4)(99.2, 329.4)(113.6, 329.4)(113.6, 392.4)(10.0, 392.4);GATE
Port:(15.7, 334.1)(93.5, 334.1)(93.5, 339.8)(15.7, 339.8);SD
Module:M2
Boundary:(20.0, 556.6)(93.7, 556.6)(93.7, 556.7)(111.1, 556.7)(111.1, 721.3)(20.0, 721.3);GATE
Port:(35.9, 715.6)(95.2, 715.6)(95.2, 721.3)(35.9, 721.3);SD
Port:(20.0, 556.6)(93.7, 556.6)(93.7, 556.7)(111.1, 556.7)(111.1, 714.2)(20.0, 714.2);GATE
Port:(26.8, 562.4)(86.9, 562.4)(86.9, 569.7)(26.8, 569.7);SD
Module:M16
Boundary:(256.0, 900.5)(339.6, 900.5)(339.6, 1000.6)(256.0, 1000.6);GATE
Port:(269.3, 995.8)(326.3, 995.8)(326.3, 1000.6)(269.3, 1000.6);SD
Port:(256.0, 900.5)(339.6, 900.5)(339.6, 993.7)(256.0, 993.7);GATE
Port:(261.3, 904.8)(334.3, 904.8)(334.3, 911.6)(261.3, 911.6);SD
Module:M13
Boundary:(331.8, 10.0)(331.8, 110.0)(229.8, 110.0)(229.8, 10.0);GATE
Port:(229.8, 24.6)(235.3, 24.6)(235.3, 95.4)(229.8, 95.4);SD
Port:(331.8, 10.0)(331.8, 110.0)(236.6, 110.0)(236.6, 10.0);GATE
Port:(320.4, 16.9)(325.9, 16.9)(325.9, 103.1)(320.4, 103.1);SD
Module:M10
Boundary:(334.9, 237.6)(334.9, 341.9)(334.8, 341.9)(334.8, 358.5)(189.4, 358.5)(189.4, 237.6);GATE
Port:(189.4, 253.3)(193.7, 253.3)(193.7, 342.8)(189.4, 342.8);SD
Port:(334.9, 237.6)(334.9, 341.9)(334.8, 341.9)(334.8, 358.5)(195.0, 358.5)(195.0, 237.6);GATE
Port:(322.0, 244.3)(329.2, 244.3)(329.2, 335.2)(322.0, 335.2);SD
Module:M7
Boundary:(232.0, 531.9)(333.2, 531.9)(333.2, 728.4)(232.0, 728.4);GATE
Port:(245.3, 723.0)(319.9, 723.0)(319.9, 728.4)(245.3, 728.4);SD
Port:(232.0, 531.9)(333.2, 531.9)(333.2, 721.4)(232.0, 721.4);GATE
Port:(238.4, 537.3)(326.8, 537.3)(326.8, 543.1)(238.4, 543.1);SD
Module:M3
Boundary:(201.4, 129.5)(201.4, 185.9)(10.0, 185.9)(10.0, 129.5);GATE
Port:(10.0, 140.7)(14.2, 140.7)(14.2, 174.7)(10.0, 174.7);SD
Port:(201.4, 129.5)(201.4, 185.9)(16.4, 185.9)(16.4, 129.5);GATE
Port:(192.1, 135.5)(196.4, 135.5)(196.4, 179.9)(192.1, 179.9);SD
Module:M15
Boundary:(10.0, 751.3)(46.4, 751.3)(46.4, 751.4)(64.2, 751.4)(64.2, 879.0)(10.0, 879.0);GATE
Port:(24.7, 874.6)(49.5, 874.6)(49.5, 879.0)(24.7, 879.0);SD
Port:(10.0, 751.3)(46.4, 751.3)(46.4, 751.4)(64.2, 751.4)(64.2, 872.1)(10.0, 872.1);GATE
Port:(16.7, 757.0)(39.7, 757.0)(39.7, 762.8)(16.7, 762.8);SD
Module:M12
Boundary:(169.4, 205.9)(169.4, 292.4)(169.2, 292.4)(169.2, 309.4)(10.0, 309.4)(10.0, 205.9);GATE
Port:(10.0, 220.0)(15.3, 220.0)(15.3, 295.3)(10.0, 295.3);SD
Port:(169.4, 205.9)(169.4, 292.4)(169.2, 292.4)(169.2, 309.4)(16.7, 309.4)(16.7, 205.9);GATE
Port:(157.8, 212.1)(164.2, 212.1)(164.2, 286.2)(157.8, 286.2);SD
Module:M8
Boundary:(318.9, 388.5)(318.9, 474.7)(318.6, 474.7)(318.6, 491.9)(174.2, 491.9)(174.2, 388.5);GATE
Port:(174.2, 402.0)(179.5, 402.0)(179.5, 478.4)(174.2, 478.4);SD
Port:(318.9, 388.5)(318.9, 474.7)(318.6, 474.7)(318.6, 491.9)(180.6, 491.9)(180.6, 388.5);GATE
Port:(308.0, 393.6)(314.8, 393.6)(314.8, 469.6)(308.0, 469.6);SD
Module:M4
Boundary:(226.0, 910.5)(226.0, 987.2)(20.0, 987.2)(20.0, 910.5);GATE
Port:(20.0, 923.8)(24.2, 923.8)(24.2, 973.9)(20.0, 973.9);SD
Port:(226.0, 910.5)(226.0, 987.2)(25.5, 987.2)(25.5, 910.5);GATE
Port:(214.6, 917.2)(220.3, 917.2)(220.3, 980.5)(214.6, 980.5);SD
