Area:(-30.0, -30.0)(736.8, -30.0)(736.8, 518.3)(-30.0, 518.3)
Rule:GATE(5,5);SD(5,5);GATE_SD(0.5);GATE_ITO(0.5);SD_ITO(0.5)
Module:M14
Boundary:(590.5, 403.1)(590.5, 446.0)(590.4, 446.0)(590.4, 458.5)(426.4, 458.5)(426.4, 403.1);GATE
Port:(426.4, 415.3)(430.8, 415.3)(430.8, 446.3)(426.4, 446.3);SD
Port:(590.5, 403.1)(590.5, 446.0)(590.4, 446.0)(590.4, 458.5)(432.4, 458.5)(432.4, 403.1);GATE
Port:(579.8, 409.1)(585.5, 409.1)(585.5, 440.0)(579.8, 440.0);SD
Module:M9
Boundary:(330.9, 264.5)(330.9, 314.9)(330.8, 314.9)(330.8, 331.9)(233.1, 331.9)(233.1, 264.5);GATE
Port:(233.1, 277.5)(237.2, 277.5)(237.2, 318.9)(233.1, 318.9);SD
Port:(330.9, 264.5)(330.9, 314.9)(330.8, 314.9)(330.8, 331.9)(239.7, 331.9)(239.7, 264.5);GATE
Port:(321.2, 271.0)(325.4, 271.0)(325.4, 308.4)(321.2, 308.4);SD
Module:M5
Boundary:(329.2, 155.4)(329.2, 218.9)(329.1, 218.9)(329.1, 234.5)(124.1, 234.5)(124.1, 155.4);GATE
Port:(124.1, 167.6)(128.3, 167.6)(128.3, 222.3)(124.1, 222.3);SD
Port:(329.2, 155.4)(329.2, 218.9)(329.1, 218.9)(329.1, 234.5)(130.4, 234.5)(130.4, 155.4);GATE
Port:(319.0, 161.1)(324.5, 161.1)(324.5, 213.2)(319.0, 213.2);SD
Module:M11
Boundary:(386.4, 379.3)(386.4, 462.4)(386.0, 462.4)(386.0, 478.3)(173.9, 478.3)(173.9, 379.3);GATE
Port:(173.9, 393.5)(179.7, 393.5)(179.7, 464.1)(173.9, 464.1);SD
Port:(386.4, 379.3)(386.4, 462.4)(386.0, 462.4)(386.0, 478.3)(182.6, 478.3)(182.6, 379.3);GATE
Port:(374.3, 385.2)(381.5, 385.2)(381.5, 456.5)(374.3, 456.5);SD
Module:M1
Boundary:(379.2, 165.4)(457.8, 165.4)(457.8, 165.5)(473.0, 165.5)(473.0, 339.3)(379.2, 339.3);GATE
Port:(391.8, 333.7)(460.4, 333.7)(460.4, 339.3)(391.8, 339.3);SD
Port:(379.2, 165.4)(457.8, 165.4)(457.8, 165.5)(473.0, 165.5)(473.0, 332.3)(379.2, 332.3);GATE
Port:(384.7, 169.9)(452.3, 169.9)(452.3, 176.4)(384.7, 176.4);SD
Module:M6
Boundary:(647.7, 10.0)(696.8, 10.0)(696.8, 195.4)(647.7, 195.4);GATE
Port:(660.6, 190.8)(683.9, 190.8)(683.9, 195.4)(660.6, 195.4);SD
Port:(647.7, 10.0)(696.8, 10.0)(696.8, 189.2)(647.7, 189.2);GATE
Port:(653.7, 15.0)(690.8, 15.0)(690.8, 19.9)(653.7, 19.9);SD
Module:M2
Boundary:(297.6, 20.0)(297.6, 98.8)(297.3, 98.8)(297.3, 114.8)(119.1, 114.8)(119.1, 20.0);GATE
Port:(119.1, 31.6)(124.6, 31.6)(124.6, 103.2)(119.1, 103.2);SD
Port:(297.6, 20.0)(297.6, 98.8)(297.3, 98.8)(297.3, 114.8)(126.9, 114.8)(126.9, 20.0);GATE
Port:(288.6, 25.1)(293.5, 25.1)(293.5, 93.7)(288.6, 93.7);SD
Module:M16
Boundary:(686.7, 305.7)(686.7, 363.1)(513.0, 363.1)(513.0, 305.7);GATE
Port:(513.0, 317.9)(518.9, 317.9)(518.9, 350.9)(513.0, 350.9);SD
Port:(686.7, 305.7)(686.7, 363.1)(520.0, 363.1)(520.0, 305.7);GATE
Port:(676.1, 311.7)(681.7, 311.7)(681.7, 357.1)(676.1, 357.1);SD
Module:M13
Boundary:(10.0, 161.4)(78.1, 161.4)(78.1, 161.5)(94.1, 161.5)(94.1, 242.7)(10.0, 242.7);GATE
Port:(24.5, 238.3)(79.6, 238.3)(79.6, 242.7)(24.5, 242.7);SD
Port:(10.0, 161.4)(78.1, 161.4)(78.1, 161.5)(94.1, 161.5)(94.1, 236.2)(10.0, 236.2);GATE
Port:(16.7, 167.1)(71.4, 167.1)(71.4, 173.6)(16.7, 173.6);SD
Module:M10
Boundary:(630.5, 383.1)(675.3, 383.1)(675.3, 383.2)(690.3, 383.2)(690.3, 475.9)(630.5, 475.9);GATE
Port:(642.1, 471.3)(678.7, 471.3)(678.7, 475.9)(642.1, 475.9);SD
Port:(630.5, 383.1)(675.3, 383.1)(675.3, 383.2)(690.3, 383.2)(690.3, 469.3)(630.5, 469.3);GATE
Port:(635.7, 387.3)(670.1, 387.3)(670.1, 392.2)(635.7, 392.2);SD
Module:M7
Boundary:(20.0, 20.0)(65.0, 20.0)(65.0, 20.2)(79.1, 20.2)(79.1, 131.4)(20.0, 131.4);GATE
Port:(32.1, 127.0)(67.0, 127.0)(67.0, 131.4)(32.1, 131.4);SD
Port:(20.0, 20.0)(65.0, 20.0)(65.0, 20.2)(79.1, 20.2)(79.1, 125.2)(20.0, 125.2);GATE
Port:(25.3, 24.3)(59.7, 24.3)(59.7, 30.5)(25.3, 30.5);SD
Module:M3
Boundary:(521.3, 136.2)(605.2, 136.2)(605.2, 136.6)(621.1, 136.6)(621.1, 285.7)(521.3, 285.7);GATE
Port:(535.8, 281.6)(606.6, 281.6)(606.6, 285.7)(535.8, 285.7);SD
Port:(521.3, 136.2)(605.2, 136.2)(605.2, 136.6)(621.1, 136.6)(621.1, 280.3)(521.3, 280.3);GATE
Port:(528.1, 142.0)(598.4, 142.0)(598.4, 148.7)(528.1, 148.7);SD
Module:M15
Boundary:(521.3, 10.0)(627.7, 10.0)(627.7, 116.2)(521.3, 116.2);GATE
Port:(536.3, 110.4)(612.7, 110.4)(612.7, 116.2)(536.3, 116.2);SD
Port:(521.3, 10.0)(627.7, 10.0)(627.7, 108.6)(521.3, 108.6);GATE
Port:(528.0, 15.7)(621.0, 15.7)(621.0, 22.4)(528.0, 22.4);SD
Module:M12
Boundary:(153.9, 360.8)(153.9, 469.7)(10.0, 469.7)(10.0, 360.8);GATE
Port:(10.0, 373.3)(14.7, 373.3)(14.7, 457.2)(10.0, 457.2);SD
Port:(153.9, 360.8)(153.9, 469.7)(15.8, 469.7)(15.8, 360.8);GATE
Port:(144.3, 366.4)(149.3, 366.4)(149.3, 464.1)(144.3, 464.1);SD
Module:M8
Boundary:(491.3, 20.0)(491.3, 99.5)(490.9, 99.5)(490.9, 115.4)(337.6, 115.4)(337.6, 20.0);GATE
Port:(337.6, 32.0)(342.8, 32.0)(342.8, 103.4)(337.6, 103.4);SD
Port:(491.3, 20.0)(491.3, 99.5)(490.9, 99.5)(490.9, 115.4)(344.9, 115.4)(344.9, 20.0);GATE
Port:(481.7, 26.1)(486.2, 26.1)(486.2, 93.4)(481.7, 93.4);SD
Module:M4
Boundary:(203.1, 274.5)(203.1, 312.6)(203.0, 312.6)(203.0, 330.8)(20.0, 330.8)(20.0, 274.5);GATE
Port:(20.0, 289.9)(24.6, 289.9)(24.6, 315.4)(20.0, 315.4);SD
Port:(203.1, 274.5)(203.1, 312.6)(203.0, 312.6)(203.0, 330.8)(26.2, 330.8)(26.2, 274.5);GATE
Port:(190.9, 281.1)(197.5, 281.1)(197.5, 306.0)(190.9, 306.0);SD
