Area:(-30.0, -30.0)(443.9, -30.0)(443.9, 855.2)(-30.0, 855.2)
Rule:GATE(5,5);SD(5,5);GATE_SD(0.5);GATE_ITO(0.5);SD_ITO(0.5)
Module:M14
Boundary:(192.8, 596.7)(192.8, 707.7)(30.0, 707.7)(30.0, 596.7);GATE
Port:(30.0, 609.7)(34.8, 609.7)(34.8, 694.7)(30.0, 694.7);SD
Port:(192.8, 596.7)(192.8, 707.7)(36.0, 707.7)(36.0, 596.7);GATE
Port:(182.0, 603.5)(187.0, 603.5)(187.0, 700.9)(182.0, 700.9);SD
Module:M9
Boundary:(331.1, 212.6)(383.7, 212.6)(383.7, 212.7)(402.1, 212.7)(402.1, 308.6)(331.1, 308.6);GATE
Port:(344.5, 302.7)(388.7, 302.7)(388.7, 308.6)(344.5, 308.6);SD
Port:(331.1, 212.6)(383.7, 212.6)(383.7, 212.7)(402.1, 212.7)(402.1, 300.0)(331.1, 300.0);GATE
Port:(336.3, 216.8)(378.5, 216.8)(378.5, 222.9)(336.3, 222.9);SD
Module:M5
Boundary:(20.0, 144.8)(127.8, 144.8)(127.8, 248.0)(20.0, 248.0);GATE
Port:(34.3, 242.7)(113.5, 242.7)(113.5, 248.0)(34.3, 248.0);SD
Port:(20.0, 144.8)(127.8, 144.8)(127.8, 241.7)(20.0, 241.7);GATE
Port:(25.9, 149.7)(121.9, 149.7)(121.9, 155.7)(25.9, 155.7);SD
Module:M11
Boundary:(390.9, 741.0)(390.9, 795.6)(390.5, 795.6)(390.5, 814.5)(232.8, 814.5)(232.8, 741.0);GATE
Port:(232.8, 755.1)(236.9, 755.1)(236.9, 800.4)(232.8, 800.4);SD
Port:(390.9, 741.0)(390.9, 795.6)(390.5, 795.6)(390.5, 814.5)(238.4, 814.5)(238.4, 741.0);GATE
Port:(380.3, 746.9)(386.0, 746.9)(386.0, 789.7)(380.3, 789.7);SD
Module:M1
Boundary:(234.9, 461.9)(234.9, 536.7)(30.0, 536.7)(30.0, 461.9);GATE
Port:(30.0, 473.9)(35.7, 473.9)(35.7, 524.7)(30.0, 524.7);SD
Port:(234.9, 461.9)(234.9, 536.7)(37.0, 536.7)(37.0, 461.9);GATE
Port:(224.6, 467.2)(230.6, 467.2)(230.6, 531.4)(224.6, 531.4);SD
Module:M6
Boundary:(234.3, 10.0)(315.9, 10.0)(315.9, 142.0)(234.3, 142.0);GATE
Port:(246.8, 136.7)(303.4, 136.7)(303.4, 142.0)(246.8, 142.0);SD
Port:(234.3, 10.0)(315.9, 10.0)(315.9, 134.7)(234.3, 134.7);GATE
Port:(239.7, 14.4)(310.5, 14.4)(310.5, 19.5)(239.7, 19.5);SD
Module:M2
Boundary:(194.7, 20.0)(194.7, 104.8)(20.0, 104.8)(20.0, 20.0);GATE
Port:(20.0, 33.7)(25.1, 33.7)(25.1, 91.1)(20.0, 91.1);SD
Port:(194.7, 20.0)(194.7, 104.8)(26.6, 104.8)(26.6, 20.0);GATE
Port:(183.8, 25.3)(190.4, 25.3)(190.4, 99.5)(183.8, 99.5);SD
Module:M16
Boundary:(157.8, 134.8)(214.3, 134.8)(214.3, 299.3)(157.8, 299.3);GATE
Port:(169.8, 293.7)(202.3, 293.7)(202.3, 299.3)(169.8, 299.3);SD
Port:(157.8, 134.8)(214.3, 134.8)(214.3, 292.7)(157.8, 292.7);GATE
Port:(164.4, 140.4)(207.7, 140.4)(207.7, 145.2)(164.4, 145.2);SD
Module:M13
Boundary:(335.9, 10.0)(403.9, 10.0)(403.9, 192.6)(335.9, 192.6);GATE
Port:(350.3, 187.7)(389.5, 187.7)(389.5, 192.6)(350.3, 192.6);SD
Port:(335.9, 10.0)(403.9, 10.0)(403.9, 185.2)(335.9, 185.2);GATE
Port:(342.6, 15.7)(397.2, 15.7)(397.2, 21.2)(342.6, 21.2);SD
Module:M10
Boundary:(10.0, 278.0)(115.4, 278.0)(115.4, 421.9)(10.0, 421.9);GATE
Port:(22.8, 416.8)(102.6, 416.8)(102.6, 421.9)(22.8, 421.9);SD
Port:(10.0, 278.0)(115.4, 278.0)(115.4, 414.4)(10.0, 414.4);GATE
Port:(16.2, 283.2)(109.2, 283.2)(109.2, 289.0)(16.2, 289.0);SD
Module:M7
Boundary:(314.5, 484.4)(393.3, 484.4)(393.3, 700.1)(314.5, 700.1);GATE
Port:(326.8, 695.9)(381.0, 695.9)(381.0, 700.1)(326.8, 700.1);SD
Port:(314.5, 484.4)(393.3, 484.4)(393.3, 693.6)(314.5, 693.6);GATE
Port:(321.0, 489.9)(386.8, 489.9)(386.8, 495.0)(321.0, 495.0);SD
Module:M3
Boundary:(232.8, 576.7)(284.5, 576.7)(284.5, 721.0)(232.8, 721.0);GATE
Port:(245.9, 715.0)(271.4, 715.0)(271.4, 721.0)(245.9, 721.0);SD
Port:(232.8, 576.7)(284.5, 576.7)(284.5, 712.7)(232.8, 712.7);GATE
Port:(238.9, 581.8)(278.4, 581.8)(278.4, 586.6)(238.9, 586.6);SD
Module:M15
Boundary:(281.4, 319.3)(281.4, 420.6)(135.4, 420.6)(135.4, 319.3);GATE
Port:(135.4, 332.8)(141.3, 332.8)(141.3, 407.1)(135.4, 407.1);SD
Port:(281.4, 319.3)(281.4, 420.6)(143.3, 420.6)(143.3, 319.3);GATE
Port:(269.9, 326.0)(275.7, 326.0)(275.7, 413.9)(269.9, 413.9);SD
Module:M12
Boundary:(207.4, 747.7)(207.4, 815.2)(10.0, 815.2)(10.0, 747.7);GATE
Port:(10.0, 761.3)(14.1, 761.3)(14.1, 801.6)(10.0, 801.6);SD
Port:(207.4, 747.7)(207.4, 815.2)(15.3, 815.2)(15.3, 747.7);GATE
Port:(196.1, 753.4)(202.7, 753.4)(202.7, 809.5)(196.1, 809.5);SD
Module:M8
Boundary:(311.4, 338.6)(391.1, 338.6)(391.1, 444.4)(311.4, 444.4);GATE
Port:(325.2, 440.0)(377.3, 440.0)(377.3, 444.4)(325.2, 444.4);SD
Port:(311.4, 338.6)(391.1, 338.6)(391.1, 437.1)(311.4, 437.1);GATE
Port:(317.8, 344.0)(384.7, 344.0)(384.7, 349.8)(317.8, 349.8);SD
Module:M4
Boundary:(244.3, 172.0)(287.6, 172.0)(287.6, 172.0)(301.1, 172.0)(301.1, 269.8)(244.3, 269.8);GATE
Port:(255.9, 264.4)(289.5, 264.4)(289.5, 269.8)(255.9, 269.8);SD
Port:(244.3, 172.0)(287.6, 172.0)(287.6, 172.0)(301.1, 172.0)(301.1, 262.8)(244.3, 262.8);GATE
Port:(249.4, 176.1)(282.5, 176.1)(282.5, 181.9)(249.4, 181.9);SD
