Area:(-30.0, -30.0)(495.8, -30.0)(495.8, 939.0)(-30.0, 939.0)
Rule:GATE(5,5);SD(5,5);GATE_SD(0.5);GATE_ITO(0.5);SD_ITO(0.5)
Module:M14
Boundary:(235.2, 710.1)(235.2, 748.5)(235.1, 748.5)(235.1, 766.4)(30.0, 766.4)(30.0, 710.1);GATE
Port:(30.0, 725.8)(35.5, 725.8)(35.5, 750.7)(30.0, 750.7);SD
Port:(235.2, 710.1)(235.2, 748.5)(235.1, 748.5)(235.1, 766.4)(38.5, 766.4)(38.5, 710.1);GATE
Port:(222.9, 716.4)(229.9, 716.4)(229.9, 742.2)(222.9, 742.2);SD
Module:M9
Boundary:(328.8, 305.3)(328.8, 356.9)(122.7, 356.9)(122.7, 305.3);GATE
Port:(122.7, 318.9)(128.4, 318.9)(128.4, 343.3)(122.7, 343.3);SD
Port:(328.8, 305.3)(328.8, 356.9)(129.8, 356.9)(129.8, 305.3);GATE
Port:(317.6, 311.6)(323.5, 311.6)(323.5, 350.6)(317.6, 350.6);SD
Module:M5
Boundary:(372.0, 358.4)(431.6, 358.4)(431.6, 358.6)(445.4, 358.6)(445.4, 550.4)(372.0, 550.4);GATE
Port:(384.9, 546.0)(432.5, 546.0)(432.5, 550.4)(384.9, 550.4);SD
Port:(372.0, 358.4)(431.6, 358.4)(431.6, 358.6)(445.4, 358.6)(445.4, 544.3)(372.0, 544.3);GATE
Port:(378.7, 364.1)(424.9, 364.1)(424.9, 369.3)(378.7, 369.3);SD
Module:M11
Boundary:(10.0, 10.0)(87.9, 10.0)(87.9, 10.3)(102.7, 10.3)(102.7, 237.6)(10.0, 237.6);GATE
Port:(23.2, 233.5)(89.5, 233.5)(89.5, 237.6)(23.2, 237.6);SD
Port:(10.0, 10.0)(87.9, 10.0)(87.9, 10.3)(102.7, 10.3)(102.7, 231.1)(10.0, 231.1);GATE
Port:(16.5, 15.5)(81.4, 15.5)(81.4, 21.4)(16.5, 21.4);SD
Module:M1
Boundary:(304.9, 558.3)(304.9, 650.1)(125.1, 650.1)(125.1, 558.3);GATE
Port:(125.1, 572.9)(129.7, 572.9)(129.7, 635.5)(125.1, 635.5);SD
Port:(304.9, 558.3)(304.9, 650.1)(132.5, 650.1)(132.5, 558.3);GATE
Port:(293.0, 564.4)(299.8, 564.4)(299.8, 644.0)(293.0, 644.0);SD
Module:M6
Boundary:(188.9, 806.4)(188.9, 883.9)(188.5, 883.9)(188.5, 899.0)(10.0, 899.0)(10.0, 806.4);GATE
Port:(10.0, 818.7)(15.6, 818.7)(15.6, 886.7)(10.0, 886.7);SD
Port:(188.9, 806.4)(188.9, 883.9)(188.5, 883.9)(188.5, 899.0)(18.3, 899.0)(18.3, 806.4);GATE
Port:(178.5, 812.3)(184.0, 812.3)(184.0, 878.0)(178.5, 878.0);SD
Module:M2
Boundary:(442.0, 788.3)(442.0, 874.5)(285.2, 874.5)(285.2, 788.3);GATE
Port:(285.2, 802.1)(289.4, 802.1)(289.4, 860.7)(285.2, 860.7);SD
Port:(442.0, 788.3)(442.0, 874.5)(291.9, 874.5)(291.9, 788.3);GATE
Port:(431.5, 794.9)(436.4, 794.9)(436.4, 867.9)(431.5, 867.9);SD
Module:M16
Boundary:(348.8, 156.3)(455.8, 156.3)(455.8, 328.4)(348.8, 328.4);GATE
Port:(360.9, 323.9)(443.7, 323.9)(443.7, 328.4)(360.9, 328.4);SD
Port:(348.8, 156.3)(455.8, 156.3)(455.8, 321.7)(348.8, 321.7);GATE
Port:(354.2, 160.7)(450.4, 160.7)(450.4, 166.3)(354.2, 166.3);SD
Module:M13
Boundary:(263.9, 156.3)(311.5, 156.3)(311.5, 156.4)(327.0, 156.4)(327.0, 270.9)(263.9, 270.9);GATE
Port:(276.2, 265.3)(314.7, 265.3)(314.7, 270.9)(276.2, 270.9);SD
Port:(263.9, 156.3)(311.5, 156.3)(311.5, 156.4)(327.0, 156.4)(327.0, 263.6)(263.9, 263.6);GATE
Port:(269.6, 161.0)(305.8, 161.0)(305.8, 167.0)(269.6, 167.0);SD
Module:M10
Boundary:(344.9, 580.4)(455.0, 580.4)(455.0, 758.3)(344.9, 758.3);GATE
Port:(359.2, 753.3)(440.7, 753.3)(440.7, 758.3)(359.2, 758.3);SD
Port:(344.9, 580.4)(455.0, 580.4)(455.0, 750.4)(344.9, 750.4);GATE
Port:(351.5, 586.0)(448.4, 586.0)(448.4, 592.8)(351.5, 592.8);SD
Module:M7
Boundary:(20.0, 267.6)(87.8, 267.6)(87.8, 467.4)(20.0, 467.4);GATE
Port:(34.1, 461.5)(73.7, 461.5)(73.7, 467.4)(34.1, 467.4);SD
Port:(20.0, 267.6)(87.8, 267.6)(87.8, 459.8)(20.0, 459.8);GATE
Port:(25.7, 272.3)(82.1, 272.3)(82.1, 280.0)(25.7, 280.0);SD
Module:M3
Boundary:(10.0, 497.4)(85.1, 497.4)(85.1, 661.6)(10.0, 661.6);GATE
Port:(25.1, 655.8)(70.0, 655.8)(70.0, 661.6)(25.1, 661.6);SD
Port:(10.0, 497.4)(85.1, 497.4)(85.1, 654.2)(10.0, 654.2);GATE
Port:(16.4, 502.8)(78.7, 502.8)(78.7, 509.1)(16.4, 509.1);SD
Module:M15
Boundary:(122.7, 10.0)(243.9, 10.0)(243.9, 165.2)(122.7, 165.2);GATE
Port:(137.0, 160.9)(229.6, 160.9)(229.6, 165.2)(137.0, 165.2);SD
Port:(122.7, 10.0)(243.9, 10.0)(243.9, 159.4)(122.7, 159.4);GATE
Port:(128.2, 14.5)(238.4, 14.5)(238.4, 21.4)(128.2, 21.4);SD
Module:M12
Boundary:(122.7, 185.2)(212.2, 185.2)(212.2, 185.6)(229.7, 185.6)(229.7, 285.3)(122.7, 285.3);GATE
Port:(137.6, 280.9)(214.8, 280.9)(214.8, 285.3)(137.6, 285.3);SD
Port:(122.7, 185.2)(212.2, 185.2)(212.2, 185.6)(229.7, 185.6)(229.7, 278.8)(122.7, 278.8);GATE
Port:(129.4, 190.9)(205.5, 190.9)(205.5, 196.8)(129.4, 196.8);SD
Module:M8
Boundary:(442.1, 20.0)(442.1, 111.3)(441.7, 111.3)(441.7, 126.3)(273.9, 126.3)(273.9, 20.0);GATE
Port:(273.9, 31.9)(278.0, 31.9)(278.0, 114.4)(273.9, 114.4);SD
Port:(442.1, 20.0)(442.1, 111.3)(441.7, 111.3)(441.7, 126.3)(279.6, 126.3)(279.6, 20.0);GATE
Port:(432.3, 26.2)(436.9, 26.2)(436.9, 105.1)(432.3, 105.1);SD
Module:M4
Boundary:(332.0, 386.9)(332.0, 508.3)(132.7, 508.3)(132.7, 386.9);GATE
Port:(132.7, 401.0)(137.9, 401.0)(137.9, 494.2)(132.7, 494.2);SD
Port:(332.0, 386.9)(332.0, 508.3)(139.0, 508.3)(139.0, 386.9);GATE
Port:(320.8, 392.5)(327.4, 392.5)(327.4, 502.7)(320.8, 502.7);SD
