Area:(-30.0, -30.0)(673.6, -30.0)(673.6, 593.5)(-30.0, 593.5)
Rule:GATE(5,5);SD(5,5);GATE_SD(0.5);GATE_ITO(0.5);SD_ITO(0.5)
Module:M14
Boundary:(616.8, 268.6)(616.8, 369.9)(616.8, 369.9)(616.8, 387.4)(443.6, 387.4)(443.6, 268.6);GATE
Port:(443.6, 280.5)(449.6, 280.5)(449.6, 375.5)(443.6, 375.5);SD
Port:(616.8, 268.6)(616.8, 369.9)(616.8, 369.9)(616.8, 387.4)(451.2, 387.4)(451.2, 268.6);GATE
Port:(608.2, 273.8)(612.6, 273.8)(612.6, 364.7)(608.2, 364.7);SD
Module:M9
Boundary:(138.5, 307.4)(138.5, 358.3)(10.0, 358.3)(10.0, 307.4);GATE
Port:(10.0, 321.2)(15.9, 321.2)(15.9, 344.5)(10.0, 344.5);SD
Port:(138.5, 307.4)(138.5, 358.3)(18.9, 358.3)(18.9, 307.4);GATE
Port:(126.8, 314.0)(132.9, 314.0)(132.9, 351.7)(126.8, 351.7);SD
Module:M5
Boundary:(549.1, 20.0)(613.7, 20.0)(613.7, 20.1)(628.6, 20.1)(628.6, 218.6)(549.1, 218.6);GATE
Port:(563.3, 214.0)(614.4, 214.0)(614.4, 218.6)(563.3, 218.6);SD
Port:(549.1, 20.0)(613.7, 20.0)(613.7, 20.1)(628.6, 20.1)(628.6, 212.2)(549.1, 212.2);GATE
Port:(554.7, 24.6)(608.1, 24.6)(608.1, 32.3)(554.7, 32.3);SD
Module:M11
Boundary:(128.3, 104.4)(128.3, 171.4)(10.0, 171.4)(10.0, 104.4);GATE
Port:(10.0, 119.4)(14.2, 119.4)(14.2, 156.4)(10.0, 156.4);SD
Port:(128.3, 104.4)(128.3, 171.4)(15.4, 171.4)(15.4, 104.4);GATE
Port:(115.4, 111.2)(122.5, 111.2)(122.5, 164.6)(115.4, 164.6);SD
Module:M1
Boundary:(383.6, 125.3)(383.6, 212.3)(179.6, 212.3)(179.6, 125.3);GATE
Port:(179.6, 140.4)(184.5, 140.4)(184.5, 197.2)(179.6, 197.2);SD
Port:(383.6, 125.3)(383.6, 212.3)(185.8, 212.3)(185.8, 125.3);GATE
Port:(371.3, 132.2)(377.7, 132.2)(377.7, 205.4)(371.3, 205.4);SD
Module:M6
Boundary:(10.0, 378.3)(114.7, 378.3)(114.7, 379.0)(132.4, 379.0)(132.4, 553.5)(10.0, 553.5);GATE
Port:(23.3, 547.8)(119.1, 547.8)(119.1, 553.5)(23.3, 553.5);SD
Port:(10.0, 378.3)(114.7, 378.3)(114.7, 379.0)(132.4, 379.0)(132.4, 545.3)(10.0, 545.3);GATE
Port:(15.9, 383.2)(108.8, 383.2)(108.8, 388.6)(15.9, 388.6);SD
Module:M2
Boundary:(293.3, 262.3)(369.6, 262.3)(369.6, 401.2)(293.3, 401.2);GATE
Port:(305.8, 396.1)(357.1, 396.1)(357.1, 401.2)(305.8, 401.2);SD
Port:(293.3, 262.3)(369.6, 262.3)(369.6, 394.9)(293.3, 394.9);GATE
Port:(299.8, 267.8)(363.1, 267.8)(363.1, 272.4)(299.8, 272.4);SD
Module:M16
Boundary:(633.6, 427.4)(633.6, 521.1)(633.5, 521.1)(633.5, 536.6)(496.6, 536.6)(496.6, 427.4);GATE
Port:(496.6, 439.4)(501.9, 439.4)(501.9, 524.6)(496.6, 524.6);SD
Port:(633.6, 427.4)(633.6, 521.1)(633.5, 521.1)(633.5, 536.6)(503.3, 536.6)(503.3, 427.4);GATE
Port:(623.5, 433.2)(628.8, 433.2)(628.8, 515.3)(623.5, 515.3);SD
Module:M13
Boundary:(249.8, 10.0)(249.8, 66.0)(249.7, 66.0)(249.7, 84.4)(142.4, 84.4)(142.4, 10.0);GATE
Port:(142.4, 25.0)(147.5, 25.0)(147.5, 69.4)(142.4, 69.4);SD
Port:(249.8, 10.0)(249.8, 66.0)(249.7, 66.0)(249.7, 84.4)(149.1, 84.4)(149.1, 10.0);GATE
Port:(238.2, 15.7)(245.1, 15.7)(245.1, 60.3)(238.2, 60.3);SD
Module:M10
Boundary:(159.6, 252.3)(246.7, 252.3)(246.7, 252.4)(263.3, 252.4)(263.3, 391.3)(159.6, 391.3);GATE
Port:(174.7, 385.9)(248.2, 385.9)(248.2, 391.3)(174.7, 391.3);SD
Port:(159.6, 252.3)(246.7, 252.3)(246.7, 252.4)(263.3, 252.4)(263.3, 383.9)(159.6, 383.9);GATE
Port:(166.3, 258.0)(240.0, 258.0)(240.0, 264.7)(166.3, 264.7);SD
Module:M7
Boundary:(466.6, 441.2)(466.6, 528.0)(293.9, 528.0)(293.9, 441.2);GATE
Port:(293.9, 456.2)(299.8, 456.2)(299.8, 513.0)(293.9, 513.0);SD
Port:(466.6, 441.2)(466.6, 528.0)(302.3, 528.0)(302.3, 441.2);GATE
Port:(453.5, 447.9)(460.9, 447.9)(460.9, 521.3)(453.5, 521.3);SD
Module:M3
Boundary:(412.4, 10.0)(412.4, 70.4)(412.2, 70.4)(412.2, 85.3)(269.8, 85.3)(269.8, 10.0);GATE
Port:(269.8, 21.9)(274.3, 21.9)(274.3, 73.4)(269.8, 73.4);SD
Port:(412.4, 10.0)(412.4, 70.4)(412.2, 70.4)(412.2, 85.3)(275.4, 85.3)(275.4, 10.0);GATE
Port:(402.3, 15.4)(408.0, 15.4)(408.0, 65.0)(402.3, 65.0);SD
Module:M15
Boundary:(10.0, 10.0)(122.4, 10.0)(122.4, 81.8)(10.0, 81.8);GATE
Port:(24.2, 77.5)(108.2, 77.5)(108.2, 81.8)(24.2, 81.8);SD
Port:(10.0, 10.0)(122.4, 10.0)(122.4, 75.3)(10.0, 75.3);GATE
Port:(16.6, 15.6)(115.8, 15.6)(115.8, 21.5)(16.6, 21.5);SD
Module:M12
Boundary:(263.9, 431.2)(263.9, 526.7)(263.7, 526.7)(263.7, 542.4)(152.4, 542.4)(152.4, 431.2);GATE
Port:(152.4, 443.8)(156.8, 443.8)(156.8, 529.8)(152.4, 529.8);SD
Port:(263.9, 431.2)(263.9, 526.7)(263.7, 526.7)(263.7, 542.4)(159.7, 542.4)(159.7, 431.2);GATE
Port:(252.9, 437.0)(259.1, 437.0)(259.1, 520.9)(252.9, 520.9);SD
Module:M8
Boundary:(129.6, 201.4)(129.6, 262.5)(129.4, 262.5)(129.4, 277.4)(20.0, 277.4)(20.0, 201.4);GATE
Port:(20.0, 213.4)(25.4, 213.4)(25.4, 265.4)(20.0, 265.4);SD
Port:(129.6, 201.4)(129.6, 262.5)(129.4, 262.5)(129.4, 277.4)(28.1, 277.4)(28.1, 201.4);GATE
Port:(119.8, 206.4)(125.6, 206.4)(125.6, 257.5)(119.8, 257.5);SD
Module:M4
Boundary:(442.4, 20.0)(492.3, 20.0)(492.3, 20.2)(509.1, 20.2)(509.1, 212.4)(442.4, 212.4);GATE
Port:(455.1, 208.3)(496.4, 208.3)(496.4, 212.4)(455.1, 212.4);SD
Port:(442.4, 20.0)(492.3, 20.0)(492.3, 20.2)(509.1, 20.2)(509.1, 205.8)(442.4, 205.8);GATE
Port:(447.8, 24.4)(486.9, 24.4)(486.9, 30.0)(447.8, 30.0);SD
