Area:(-30.0, -30.0)(401.0, -30.0)(401.0, 911.1)(-30.0, 911.1)
Rule:GATE(5,5);SD(5,5);GATE_SD(0.5);GATE_ITO(0.5);SD_ITO(0.5)
Module:M14
Boundary:(30.0, 406.8)(100.7, 406.8)(100.7, 517.5)(30.0, 517.5);GATE
Port:(44.4, 511.8)(86.3, 511.8)(86.3, 517.5)(44.4, 517.5);SD
Port:(30.0, 406.8)(100.7, 406.8)(100.7, 510.7)(30.0, 510.7);GATE
Port:(36.9, 412.7)(93.8, 412.7)(93.8, 417.9)(36.9, 417.9);SD
Module:M9
Boundary:(101.3, 10.0)(169.9, 10.0)(169.9, 103.8)(101.3, 103.8);GATE
Port:(114.7, 99.8)(156.5, 99.8)(156.5, 103.8)(114.7, 103.8);SD
Port:(101.3, 10.0)(169.9, 10.0)(169.9, 98.4)(101.3, 98.4);GATE
Port:(107.5, 15.2)(163.7, 15.2)(163.7, 20.5)(107.5, 20.5);SD
Module:M5
Boundary:(162.1, 751.7)(209.9, 751.7)(209.9, 850.2)(162.1, 850.2);GATE
Port:(175.1, 844.7)(196.9, 844.7)(196.9, 850.2)(175.1, 850.2);SD
Port:(162.1, 751.7)(209.9, 751.7)(209.9, 842.0)(162.1, 842.0);GATE
Port:(168.1, 756.7)(203.9, 756.7)(203.9, 762.6)(168.1, 762.6);SD
Module:M11
Boundary:(140.7, 291.0)(213.1, 291.0)(213.1, 291.3)(230.8, 291.3)(230.8, 509.1)(140.7, 509.1);GATE
Port:(155.6, 503.2)(215.9, 503.2)(215.9, 509.1)(155.6, 509.1);SD
Port:(140.7, 291.0)(213.1, 291.0)(213.1, 291.3)(230.8, 291.3)(230.8, 502.1)(140.7, 502.1);GATE
Port:(146.2, 295.5)(207.6, 295.5)(207.6, 303.0)(146.2, 303.0);SD
Module:M1
Boundary:(30.0, 577.5)(98.9, 577.5)(98.9, 577.7)(112.1, 577.7)(112.1, 735.8)(30.0, 735.8);GATE
Port:(41.6, 731.2)(100.5, 731.2)(100.5, 735.8)(41.6, 735.8);SD
Port:(30.0, 577.5)(98.9, 577.5)(98.9, 577.7)(112.1, 577.7)(112.1, 728.9)(30.0, 728.9);GATE
Port:(36.2, 582.7)(92.7, 582.7)(92.7, 587.3)(36.2, 587.3);SD
Module:M6
Boundary:(10.0, 10.0)(81.3, 10.0)(81.3, 121.6)(10.0, 121.6);GATE
Port:(24.7, 116.5)(66.6, 116.5)(66.6, 121.6)(24.7, 121.6);SD
Port:(10.0, 10.0)(81.3, 10.0)(81.3, 115.3)(10.0, 115.3);GATE
Port:(16.2, 15.2)(75.1, 15.2)(75.1, 21.4)(16.2, 21.4);SD
Module:M2
Boundary:(260.8, 301.0)(335.6, 301.0)(335.6, 301.2)(350.3, 301.2)(350.3, 425.1)(260.8, 425.1);GATE
Port:(272.2, 419.3)(338.9, 419.3)(338.9, 425.1)(272.2, 425.1);SD
Port:(260.8, 301.0)(335.6, 301.0)(335.6, 301.2)(350.3, 301.2)(350.3, 417.4)(260.8, 417.4);GATE
Port:(266.9, 306.1)(329.5, 306.1)(329.5, 310.8)(266.9, 310.8);SD
Module:M16
Boundary:(189.9, 10.0)(235.2, 10.0)(235.2, 179.7)(189.9, 179.7);GATE
Port:(201.3, 174.4)(223.8, 174.4)(223.8, 179.7)(201.3, 179.7);SD
Port:(189.9, 10.0)(235.2, 10.0)(235.2, 173.2)(189.9, 173.2);GATE
Port:(195.1, 14.2)(230.0, 14.2)(230.0, 19.4)(195.1, 19.4);SD
Module:M13
Boundary:(330.9, 672.5)(330.9, 706.1)(330.7, 706.1)(330.7, 721.7)(152.1, 721.7)(152.1, 672.5);GATE
Port:(152.1, 685.4)(156.8, 685.4)(156.8, 708.8)(152.1, 708.8);SD
Port:(330.9, 672.5)(330.9, 706.1)(330.7, 706.1)(330.7, 721.7)(158.8, 721.7)(158.8, 672.5);GATE
Port:(320.2, 677.9)(326.5, 677.9)(326.5, 700.7)(320.2, 700.7);SD
Module:M10
Boundary:(255.2, 10.0)(354.4, 10.0)(354.4, 185.7)(255.2, 185.7);GATE
Port:(269.8, 180.9)(339.8, 180.9)(339.8, 185.7)(269.8, 185.7);SD
Port:(255.2, 10.0)(354.4, 10.0)(354.4, 179.2)(255.2, 179.2);GATE
Port:(261.4, 15.2)(348.2, 15.2)(348.2, 22.4)(261.4, 22.4);SD
Module:M7
Boundary:(20.0, 151.6)(105.1, 151.6)(105.1, 356.8)(20.0, 356.8);GATE
Port:(33.8, 350.9)(91.3, 350.9)(91.3, 356.8)(33.8, 356.8);SD
Port:(20.0, 151.6)(105.1, 151.6)(105.1, 348.0)(20.0, 348.0);GATE
Port:(26.4, 157.0)(98.7, 157.0)(98.7, 162.0)(26.4, 162.0);SD
Module:M3
Boundary:(334.5, 205.7)(334.5, 271.0)(135.1, 271.0)(135.1, 205.7);GATE
Port:(135.1, 219.0)(141.0, 219.0)(141.0, 257.7)(135.1, 257.7);SD
Port:(334.5, 205.7)(334.5, 271.0)(143.3, 271.0)(143.3, 205.7);GATE
Port:(324.1, 211.3)(329.9, 211.3)(329.9, 265.4)(324.1, 265.4);SD
Module:M15
Boundary:(260.4, 455.1)(358.0, 455.1)(358.0, 650.1)(260.4, 650.1);GATE
Port:(274.0, 644.7)(344.4, 644.7)(344.4, 650.1)(274.0, 650.1);SD
Port:(260.4, 455.1)(358.0, 455.1)(358.0, 642.0)(260.4, 642.0);GATE
Port:(266.2, 459.9)(352.2, 459.9)(352.2, 465.5)(266.2, 465.5);SD
Module:M12
Boundary:(239.9, 741.7)(344.3, 741.7)(344.3, 741.9)(361.0, 741.9)(361.0, 871.1)(239.9, 871.1);GATE
Port:(255.2, 866.1)(345.7, 866.1)(345.7, 871.1)(255.2, 871.1);SD
Port:(239.9, 741.7)(344.3, 741.7)(344.3, 741.9)(361.0, 741.9)(361.0, 864.9)(239.9, 864.9);GATE
Port:(246.4, 747.2)(337.8, 747.2)(337.8, 754.4)(246.4, 754.4);SD
Module:M8
Boundary:(20.0, 785.8)(105.0, 785.8)(105.0, 862.4)(20.0, 862.4);GATE
Port:(32.7, 858.2)(92.3, 858.2)(92.3, 862.4)(32.7, 862.4);SD
Port:(20.0, 785.8)(105.0, 785.8)(105.0, 856.2)(20.0, 856.2);GATE
Port:(26.9, 791.7)(98.1, 791.7)(98.1, 796.9)(26.9, 796.9);SD
Module:M4
Boundary:(162.1, 539.1)(214.0, 539.1)(214.0, 539.2)(230.4, 539.2)(230.4, 642.5)(162.1, 642.5);GATE
Port:(176.6, 638.5)(215.9, 638.5)(215.9, 642.5)(176.6, 642.5);SD
Port:(162.1, 539.1)(214.0, 539.1)(214.0, 539.2)(230.4, 539.2)(230.4, 636.5)(162.1, 636.5);GATE
Port:(168.2, 544.2)(207.9, 544.2)(207.9, 550.9)(168.2, 550.9);SD
