Area:(-30.0, -30.0)(529.2, -30.0)(529.2, 792.1)(-30.0, 792.1)
Rule:GATE(5,5);SD(5,5);GATE_SD(0.5);GATE_ITO(0.5);SD_ITO(0.5)
Module:M14
Boundary:(296.1, 30.0)(296.1, 136.0)(295.6, 136.0)(295.6, 153.5)(142.0, 153.5)(142.0, 30.0);GATE
Port:(142.0, 44.5)(146.7, 44.5)(146.7, 139.0)(142.0, 139.0);SD
Port:(296.1, 30.0)(296.1, 136.0)(295.6, 136.0)(295.6, 153.5)(148.6, 153.5)(148.6, 30.0);GATE
Port:(284.4, 35.6)(291.5, 35.6)(291.5, 130.4)(284.4, 130.4);SD
Module:M9
Boundary:(438.8, 10.0)(473.3, 10.0)(473.3, 10.0)(489.2, 10.0)(489.2, 204.7)(438.8, 204.7);GATE
Port:(452.9, 200.0)(475.1, 200.0)(475.1, 204.7)(452.9, 204.7);SD
Port:(438.8, 10.0)(473.3, 10.0)(473.3, 10.0)(489.2, 10.0)(489.2, 198.5)(438.8, 198.5);GATE
Port:(444.1, 14.3)(468.0, 14.3)(468.0, 21.8)(444.1, 21.8);SD
Module:M5
Boundary:(155.5, 335.3)(155.5, 397.5)(155.5, 397.5)(155.5, 413.4)(20.0, 413.4)(20.0, 335.3);GATE
Port:(20.0, 346.8)(25.7, 346.8)(25.7, 401.9)(20.0, 401.9);SD
Port:(155.5, 335.3)(155.5, 397.5)(155.5, 397.5)(155.5, 413.4)(27.3, 413.4)(27.3, 335.3);GATE
Port:(146.4, 340.4)(151.4, 340.4)(151.4, 392.4)(146.4, 392.4);SD
Module:M11
Boundary:(149.3, 443.4)(149.3, 542.7)(10.0, 542.7)(10.0, 443.4);GATE
Port:(10.0, 456.0)(15.7, 456.0)(15.7, 530.1)(10.0, 530.1);SD
Port:(149.3, 443.4)(149.3, 542.7)(17.6, 542.7)(17.6, 443.4);GATE
Port:(139.5, 448.7)(145.0, 448.7)(145.0, 537.4)(139.5, 537.4);SD
Module:M1
Boundary:(466.9, 624.2)(466.9, 710.3)(466.7, 710.3)(466.7, 727.1)(269.0, 727.1)(269.0, 624.2);GATE
Port:(269.0, 638.3)(274.0, 638.3)(274.0, 713.0)(269.0, 713.0);SD
Port:(466.9, 624.2)(466.9, 710.3)(466.7, 710.3)(466.7, 727.1)(276.3, 727.1)(276.3, 624.2);GATE
Port:(455.1, 629.8)(462.3, 629.8)(462.3, 704.7)(455.1, 704.7);SD
Module:M6
Boundary:(276.4, 461.8)(276.4, 524.9)(276.2, 524.9)(276.2, 540.2)(169.3, 540.2)(169.3, 461.8);GATE
Port:(169.3, 474.3)(174.2, 474.3)(174.2, 527.7)(169.3, 527.7);SD
Port:(276.4, 461.8)(276.4, 524.9)(276.2, 524.9)(276.2, 540.2)(177.0, 540.2)(177.0, 461.8);GATE
Port:(266.2, 466.9)(272.3, 466.9)(272.3, 519.8)(266.2, 519.8);SD
Module:M2
Boundary:(477.6, 376.1)(477.6, 462.7)(477.1, 462.7)(477.1, 476.8)(336.8, 476.8)(336.8, 376.1);GATE
Port:(336.8, 387.7)(342.0, 387.7)(342.0, 465.2)(336.8, 465.2);SD
Port:(477.6, 376.1)(477.6, 462.7)(477.1, 462.7)(477.1, 476.8)(345.0, 476.8)(345.0, 376.1);GATE
Port:(467.8, 381.8)(472.9, 381.8)(472.9, 457.0)(467.8, 457.0);SD
Module:M16
Boundary:(336.1, 10.0)(402.4, 10.0)(402.4, 10.2)(418.8, 10.2)(418.8, 207.3)(336.1, 207.3);GATE
Port:(349.3, 203.2)(405.6, 203.2)(405.6, 207.3)(349.3, 207.3);SD
Port:(336.1, 10.0)(402.4, 10.0)(402.4, 10.2)(418.8, 10.2)(418.8, 201.6)(336.1, 201.6);GATE
Port:(341.2, 14.1)(397.3, 14.1)(397.3, 20.5)(341.2, 20.5);SD
Module:M13
Boundary:(485.1, 227.3)(485.1, 329.4)(484.7, 329.4)(484.7, 346.1)(336.1, 346.1)(336.1, 227.3);GATE
Port:(336.1, 241.0)(341.1, 241.0)(341.1, 332.4)(336.1, 332.4);SD
Port:(485.1, 227.3)(485.1, 329.4)(484.7, 329.4)(484.7, 346.1)(342.5, 346.1)(342.5, 227.3);GATE
Port:(474.0, 234.1)(479.3, 234.1)(479.3, 322.6)(474.0, 322.6);SD
Module:M10
Boundary:(309.5, 193.5)(309.5, 305.3)(122.0, 305.3)(122.0, 193.5);GATE
Port:(122.0, 205.8)(127.5, 205.8)(127.5, 293.0)(122.0, 293.0);SD
Port:(309.5, 193.5)(309.5, 305.3)(129.5, 305.3)(129.5, 193.5);GATE
Port:(300.6, 198.9)(305.1, 198.9)(305.1, 299.9)(300.6, 299.9);SD
Module:M7
Boundary:(20.0, 20.0)(74.9, 20.0)(74.9, 20.0)(92.0, 20.0)(92.0, 247.3)(20.0, 247.3);GATE
Port:(35.4, 241.8)(76.6, 241.8)(76.6, 247.3)(35.4, 247.3);SD
Port:(20.0, 20.0)(74.9, 20.0)(74.9, 20.0)(92.0, 20.0)(92.0, 239.8)(20.0, 239.8);GATE
Port:(26.8, 25.8)(68.1, 25.8)(68.1, 32.0)(26.8, 32.0);SD
Module:M3
Boundary:(169.3, 560.2)(229.0, 560.2)(229.0, 750.1)(169.3, 750.1);GATE
Port:(181.4, 745.8)(216.9, 745.8)(216.9, 750.1)(181.4, 750.1);SD
Port:(169.3, 560.2)(229.0, 560.2)(229.0, 743.1)(169.3, 743.1);GATE
Port:(174.6, 564.5)(223.7, 564.5)(223.7, 570.7)(174.6, 570.7);SD
Module:M15
Boundary:(471.7, 506.8)(471.7, 584.2)(296.4, 584.2)(296.4, 506.8);GATE
Port:(296.4, 521.1)(301.5, 521.1)(301.5, 569.9)(296.4, 569.9);SD
Port:(471.7, 506.8)(471.7, 584.2)(304.1, 584.2)(304.1, 506.8);GATE
Port:(458.9, 513.2)(466.3, 513.2)(466.3, 577.8)(458.9, 577.8);SD
Module:M12
Boundary:(140.9, 664.7)(140.9, 735.1)(140.9, 735.1)(140.9, 752.1)(10.0, 752.1)(10.0, 664.7);GATE
Port:(10.0, 679.3)(14.4, 679.3)(14.4, 737.5)(10.0, 737.5);SD
Port:(140.9, 664.7)(140.9, 735.1)(140.9, 735.1)(140.9, 752.1)(16.2, 752.1)(16.2, 664.7);GATE
Port:(128.8, 671.3)(135.3, 671.3)(135.3, 728.5)(128.8, 728.5);SD
Module:M8
Boundary:(125.4, 572.7)(125.4, 620.4)(125.2, 620.4)(125.2, 634.7)(20.0, 634.7)(20.0, 572.7);GATE
Port:(20.0, 586.0)(26.0, 586.0)(26.0, 621.4)(20.0, 621.4);SD
Port:(125.4, 572.7)(125.4, 620.4)(125.2, 620.4)(125.2, 634.7)(27.1, 634.7)(27.1, 572.7);GATE
Port:(114.3, 579.1)(120.0, 579.1)(120.0, 614.0)(114.3, 614.0);SD
Module:M4
Boundary:(195.5, 335.3)(296.8, 335.3)(296.8, 431.8)(195.5, 431.8);GATE
Port:(207.4, 426.8)(284.9, 426.8)(284.9, 431.8)(207.4, 431.8);SD
Port:(195.5, 335.3)(296.8, 335.3)(296.8, 425.6)(195.5, 425.6);GATE
Port:(200.6, 339.4)(291.7, 339.4)(291.7, 344.1)(200.6, 344.1);SD
