Area:(-20.0, -30.0)(777.5, -30.0)(777.5, 491.0)(-20.0, 491.0)
Rule:GATE(5,5);SD(5,5);GATE_SD(0.5);GATE_ITO(0.5);SD_ITO(0.5)
Module:M14
Boundary:(257.0, 189.2)(355.4, 189.2)(355.4, 189.7)(375.0, 189.7)(375.0, 329.5)(257.0, 329.5);GATE
Port:(272.9, 324.5)(359.1, 324.5)(359.1, 329.5)(272.9, 329.5);SD
Port:(257.0, 189.2)(355.4, 189.2)(355.4, 189.7)(375.0, 189.7)(375.0, 323.2)(257.0, 323.2);GATE
Port:(262.7, 193.9)(349.7, 193.9)(349.7, 201.7)(262.7, 201.7);SD
Module:M9
Boundary:(415.0, 150.2)(509.8, 150.2)(509.8, 229.8)(415.0, 229.8);GATE
Port:(430.1, 225.2)(494.7, 225.2)(494.7, 229.8)(430.1, 229.8);SD
Port:(415.0, 150.2)(509.8, 150.2)(509.8, 224.1)(415.0, 224.1);GATE
Port:(420.3, 154.5)(504.5, 154.5)(504.5, 162.2)(420.3, 162.2);SD
Module:M5
Boundary:(628.9, 129.3)(628.9, 206.3)(628.8, 206.3)(628.8, 222.0)(539.8, 222.0)(539.8, 129.3);GATE
Port:(539.8, 140.7)(544.2, 140.7)(544.2, 210.6)(539.8, 210.6);SD
Port:(628.9, 129.3)(628.9, 206.3)(628.8, 206.3)(628.8, 222.0)(547.2, 222.0)(547.2, 129.3);GATE
Port:(619.8, 134.3)(624.9, 134.3)(624.9, 201.3)(619.8, 201.3);SD
Module:M11
Boundary:(590.5, 252.0)(590.5, 303.3)(590.3, 303.3)(590.3, 320.3)(415.0, 320.3)(415.0, 252.0);GATE
Port:(415.0, 265.2)(420.7, 265.2)(420.7, 307.1)(415.0, 307.1);SD
Port:(590.5, 252.0)(590.5, 303.3)(590.3, 303.3)(590.3, 320.3)(422.9, 320.3)(422.9, 252.0);GATE
Port:(580.0, 257.3)(586.2, 257.3)(586.2, 298.0)(580.0, 298.0);SD
Module:M1
Boundary:(30.0, 30.0)(81.2, 30.0)(81.2, 30.2)(97.1, 30.2)(97.1, 235.6)(30.0, 235.6);GATE
Port:(44.0, 230.9)(83.1, 230.9)(83.1, 235.6)(44.0, 235.6);SD
Port:(30.0, 30.0)(81.2, 30.0)(81.2, 30.2)(97.1, 30.2)(97.1, 227.9)(30.0, 227.9);GATE
Port:(35.9, 34.9)(75.3, 34.9)(75.3, 42.1)(35.9, 42.1);SD
Module:M6
Boundary:(629.8, 10.0)(629.8, 81.9)(629.6, 81.9)(629.6, 99.3)(518.4, 99.3)(518.4, 10.0);GATE
Port:(518.4, 25.1)(523.6, 25.1)(523.6, 84.2)(518.4, 84.2);SD
Port:(629.8, 10.0)(629.8, 81.9)(629.6, 81.9)(629.6, 99.3)(525.4, 99.3)(525.4, 10.0);GATE
Port:(618.1, 16.9)(623.9, 16.9)(623.9, 75.0)(618.1, 75.0);SD
Module:M2
Boundary:(355.0, 20.0)(355.0, 122.5)(354.5, 122.5)(354.5, 139.2)(147.1, 139.2)(147.1, 20.0);GATE
Port:(147.1, 34.2)(152.9, 34.2)(152.9, 125.0)(147.1, 125.0);SD
Port:(355.0, 20.0)(355.0, 122.5)(354.5, 122.5)(354.5, 139.2)(154.8, 139.2)(154.8, 20.0);GATE
Port:(343.0, 26.6)(349.4, 26.6)(349.4, 115.9)(343.0, 115.9);SD
Module:M16
Boundary:(718.3, 269.7)(718.3, 336.4)(633.5, 336.4)(633.5, 269.7);GATE
Port:(633.5, 282.1)(638.9, 282.1)(638.9, 324.0)(633.5, 324.0);SD
Port:(718.3, 269.7)(718.3, 336.4)(640.4, 336.4)(640.4, 269.7);GATE
Port:(709.2, 275.1)(713.9, 275.1)(713.9, 331.0)(709.2, 331.0);SD
Module:M13
Boundary:(385.0, 10.0)(498.4, 10.0)(498.4, 130.2)(385.0, 130.2);GATE
Port:(400.6, 124.8)(482.8, 124.8)(482.8, 130.2)(400.6, 130.2);SD
Port:(385.0, 10.0)(498.4, 10.0)(498.4, 122.1)(385.0, 122.1);GATE
Port:(391.9, 15.9)(491.5, 15.9)(491.5, 22.4)(391.9, 22.4);SD
Module:M10
Boundary:(137.1, 169.2)(202.3, 169.2)(202.3, 169.3)(217.0, 169.3)(217.0, 291.3)(137.1, 291.3);GATE
Port:(152.0, 286.1)(202.1, 286.1)(202.1, 291.3)(152.0, 291.3);SD
Port:(137.1, 169.2)(202.3, 169.2)(202.3, 169.3)(217.0, 169.3)(217.0, 284.8)(137.1, 284.8);GATE
Port:(143.8, 174.9)(195.6, 174.9)(195.6, 182.2)(143.8, 182.2);SD
Module:M7
Boundary:(603.5, 350.3)(603.5, 425.9)(427.5, 425.9)(427.5, 350.3);GATE
Port:(427.5, 366.0)(432.9, 366.0)(432.9, 410.2)(427.5, 410.2);SD
Port:(603.5, 350.3)(603.5, 425.9)(435.9, 425.9)(435.9, 350.3);GATE
Port:(590.6, 356.9)(597.9, 356.9)(597.9, 419.3)(590.6, 419.3);SD
Module:M3
Boundary:(397.5, 369.5)(397.5, 451.0)(237.0, 451.0)(237.0, 369.5);GATE
Port:(237.0, 382.8)(242.8, 382.8)(242.8, 437.7)(237.0, 437.7);SD
Port:(397.5, 369.5)(397.5, 451.0)(245.4, 451.0)(245.4, 369.5);GATE
Port:(386.5, 375.2)(392.8, 375.2)(392.8, 445.3)(386.5, 445.3);SD
Module:M15
Boundary:(209.5, 311.3)(209.5, 439.3)(113.6, 439.3)(113.6, 311.3);GATE
Port:(113.6, 325.8)(118.6, 325.8)(118.6, 424.8)(113.6, 424.8);SD
Port:(209.5, 311.3)(209.5, 439.3)(120.2, 439.3)(120.2, 311.3);GATE
Port:(197.6, 317.0)(204.8, 317.0)(204.8, 433.6)(197.6, 433.6);SD
Module:M12
Boundary:(737.5, 356.4)(737.5, 425.5)(737.2, 425.5)(737.2, 441.6)(633.5, 441.6)(633.5, 356.4);GATE
Port:(633.5, 371.0)(638.3, 371.0)(638.3, 427.0)(633.5, 427.0);SD
Port:(737.5, 356.4)(737.5, 425.5)(737.2, 425.5)(737.2, 441.6)(641.2, 441.6)(641.2, 356.4);GATE
Port:(724.6, 363.0)(731.9, 363.0)(731.9, 418.9)(724.6, 418.9);SD
Module:M8
Boundary:(20.0, 285.6)(68.3, 285.6)(68.3, 285.6)(83.6, 285.6)(83.6, 414.4)(20.0, 414.4);GATE
Port:(32.8, 410.2)(70.8, 410.2)(70.8, 414.4)(32.8, 414.4);SD
Port:(20.0, 285.6)(68.3, 285.6)(68.3, 285.6)(83.6, 285.6)(83.6, 408.7)(20.0, 408.7);GATE
Port:(25.8, 290.4)(62.5, 290.4)(62.5, 296.5)(25.8, 296.5);SD
Module:M4
Boundary:(668.9, 20.0)(716.3, 20.0)(716.3, 20.3)(732.4, 20.3)(732.4, 239.7)(668.9, 239.7);GATE
Port:(681.4, 233.9)(719.9, 233.9)(719.9, 239.7)(681.4, 239.7);SD
Port:(668.9, 20.0)(716.3, 20.0)(716.3, 20.3)(732.4, 20.3)(732.4, 232.0)(668.9, 232.0);GATE
Port:(674.2, 24.3)(711.0, 24.3)(711.0, 29.1)(674.2, 29.1);SD
