Area:(-30.0, -30.0)(676.8, -30.0)(676.8, 588.7)(-30.0, 588.7)
Rule:GATE(5,5);SD(5,5);GATE_SD(0.5);GATE_ITO(0.5);SD_ITO(0.5)
Module:M14
Boundary:(30.0, 30.0)(128.0, 30.0)(128.0, 142.2)(30.0, 142.2);GATE
Port:(44.3, 136.8)(113.7, 136.8)(113.7, 142.2)(44.3, 142.2);SD
Port:(30.0, 30.0)(128.0, 30.0)(128.0, 134.1)(30.0, 134.1);GATE
Port:(36.6, 35.6)(121.4, 35.6)(121.4, 41.5)(36.6, 41.5);SD
Module:M9
Boundary:(530.3, 333.0)(634.2, 333.0)(634.2, 528.0)(530.3, 528.0);GATE
Port:(542.9, 522.7)(621.6, 522.7)(621.6, 528.0)(542.9, 528.0);SD
Port:(530.3, 333.0)(634.2, 333.0)(634.2, 521.6)(530.3, 521.6);GATE
Port:(536.1, 337.8)(628.4, 337.8)(628.4, 343.4)(536.1, 343.4);SD
Module:M5
Boundary:(492.2, 388.7)(492.2, 437.1)(492.0, 437.1)(492.0, 453.0)(333.8, 453.0)(333.8, 388.7);GATE
Port:(333.8, 401.3)(339.3, 401.3)(339.3, 440.4)(333.8, 440.4);SD
Port:(492.2, 388.7)(492.2, 437.1)(492.0, 437.1)(492.0, 453.0)(340.8, 453.0)(340.8, 388.7);GATE
Port:(481.8, 393.8)(488.1, 393.8)(488.1, 432.0)(481.8, 432.0);SD
Module:M11
Boundary:(298.3, 158.0)(298.3, 237.5)(298.3, 237.5)(298.3, 253.7)(209.0, 253.7)(209.0, 158.0);GATE
Port:(209.0, 169.9)(214.1, 169.9)(214.1, 241.8)(209.0, 241.8);SD
Port:(298.3, 158.0)(298.3, 237.5)(298.3, 237.5)(298.3, 253.7)(215.6, 253.7)(215.6, 158.0);GATE
Port:(289.3, 163.6)(293.7, 163.6)(293.7, 231.9)(289.3, 231.9);SD
Module:M1
Boundary:(171.5, 293.7)(283.8, 293.7)(283.8, 463.7)(171.5, 463.7);GATE
Port:(184.0, 459.6)(271.3, 459.6)(271.3, 463.7)(184.0, 463.7);SD
Port:(171.5, 293.7)(283.8, 293.7)(283.8, 458.2)(171.5, 458.2);GATE
Port:(176.5, 297.7)(278.8, 297.7)(278.8, 304.2)(176.5, 304.2);SD
Module:M6
Boundary:(510.3, 295.4)(510.3, 343.4)(510.0, 343.4)(510.0, 358.7)(323.8, 358.7)(323.8, 295.4);GATE
Port:(323.8, 308.6)(328.3, 308.6)(328.3, 345.5)(323.8, 345.5);SD
Port:(510.3, 295.4)(510.3, 343.4)(510.0, 343.4)(510.0, 358.7)(329.5, 358.7)(329.5, 295.4);GATE
Port:(500.0, 302.2)(504.5, 302.2)(504.5, 336.6)(500.0, 336.6);SD
Module:M2
Boundary:(515.1, 164.3)(515.1, 248.4)(514.6, 248.4)(514.6, 265.4)(346.0, 265.4)(346.0, 164.3);GATE
Port:(346.0, 177.4)(350.2, 177.4)(350.2, 252.3)(346.0, 252.3);SD
Port:(515.1, 164.3)(515.1, 248.4)(514.6, 248.4)(514.6, 265.4)(351.4, 265.4)(351.4, 164.3);GATE
Port:(505.0, 169.5)(510.9, 169.5)(510.9, 243.2)(505.0, 243.2);SD
Module:M16
Boundary:(298.1, 503.7)(298.1, 533.9)(298.0, 533.9)(298.0, 548.4)(137.1, 548.4)(137.1, 503.7);GATE
Port:(137.1, 515.1)(142.0, 515.1)(142.0, 537.0)(137.1, 537.0);SD
Port:(298.1, 503.7)(298.1, 533.9)(298.0, 533.9)(298.0, 548.4)(144.9, 548.4)(144.9, 503.7);GATE
Port:(288.7, 508.8)(294.0, 508.8)(294.0, 528.8)(288.7, 528.8);SD
Module:M13
Boundary:(10.0, 378.1)(99.1, 378.1)(99.1, 378.3)(117.1, 378.3)(117.1, 548.7)(10.0, 548.7);GATE
Port:(23.8, 543.4)(103.3, 543.4)(103.3, 548.7)(23.8, 548.7);SD
Port:(10.0, 378.1)(99.1, 378.1)(99.1, 378.3)(117.1, 378.3)(117.1, 541.0)(10.0, 541.0);GATE
Port:(15.7, 382.8)(93.4, 382.8)(93.4, 388.7)(15.7, 388.7);SD
Module:M10
Boundary:(499.9, 483.0)(499.9, 532.8)(499.7, 532.8)(499.7, 548.2)(323.8, 548.2)(323.8, 483.0);GATE
Port:(323.8, 496.8)(328.3, 496.8)(328.3, 534.4)(323.8, 534.4);SD
Port:(499.9, 483.0)(499.9, 532.8)(499.7, 532.8)(499.7, 548.2)(331.2, 548.2)(331.2, 483.0);GATE
Port:(488.3, 489.5)(494.4, 489.5)(494.4, 526.3)(488.3, 526.3);SD
Module:M7
Boundary:(121.5, 273.1)(121.5, 333.6)(121.3, 333.6)(121.3, 348.1)(20.0, 348.1)(20.0, 273.1);GATE
Port:(20.0, 285.4)(24.6, 285.4)(24.6, 335.8)(20.0, 335.8);SD
Port:(121.5, 273.1)(121.5, 333.6)(121.3, 333.6)(121.3, 348.1)(25.7, 348.1)(25.7, 273.1);GATE
Port:(110.9, 278.9)(116.7, 278.9)(116.7, 327.8)(110.9, 327.8);SD
Module:M3
Boundary:(636.8, 10.0)(636.8, 112.6)(498.9, 112.6)(498.9, 10.0);GATE
Port:(498.9, 25.1)(503.6, 25.1)(503.6, 97.5)(498.9, 97.5);SD
Port:(636.8, 10.0)(636.8, 112.6)(505.9, 112.6)(505.9, 10.0);GATE
Port:(624.4, 16.4)(631.4, 16.4)(631.4, 106.2)(624.4, 106.2);SD
Module:M15
Boundary:(189.0, 182.2)(189.0, 243.1)(10.0, 243.1)(10.0, 182.2);GATE
Port:(10.0, 195.9)(15.9, 195.9)(15.9, 229.4)(10.0, 229.4);SD
Port:(189.0, 182.2)(189.0, 243.1)(17.7, 243.1)(17.7, 182.2);GATE
Port:(176.9, 188.5)(183.7, 188.5)(183.7, 236.8)(176.9, 236.8);SD
Module:M12
Boundary:(316.0, 10.0)(316.0, 138.0)(168.0, 138.0)(168.0, 10.0);GATE
Port:(168.0, 25.6)(173.1, 25.6)(173.1, 122.4)(168.0, 122.4);SD
Port:(316.0, 10.0)(316.0, 138.0)(175.7, 138.0)(175.7, 10.0);GATE
Port:(303.6, 16.4)(310.6, 16.4)(310.6, 131.6)(303.6, 131.6);SD
Module:M8
Boundary:(468.9, 20.0)(468.9, 124.3)(346.0, 124.3)(346.0, 20.0);GATE
Port:(346.0, 32.1)(351.6, 32.1)(351.6, 112.2)(346.0, 112.2);SD
Port:(468.9, 20.0)(468.9, 124.3)(354.1, 124.3)(354.1, 20.0);GATE
Port:(458.5, 26.0)(463.9, 26.0)(463.9, 118.3)(458.5, 118.3);SD
Module:M4
Boundary:(555.1, 142.6)(607.6, 142.6)(607.6, 142.6)(625.2, 142.6)(625.2, 303.0)(555.1, 303.0);GATE
Port:(568.8, 298.6)(611.5, 298.6)(611.5, 303.0)(568.8, 303.0);SD
Port:(555.1, 142.6)(607.6, 142.6)(607.6, 142.6)(625.2, 142.6)(625.2, 297.0)(555.1, 297.0);GATE
Port:(560.8, 147.3)(601.9, 147.3)(601.9, 153.2)(560.8, 153.2);SD
