Area:(-30.0, -30.0)(686.4, -30.0)(686.4, 565.4)(-30.0, 565.4)
Rule:GATE(5,5);SD(5,5);GATE_SD(0.5);GATE_ITO(0.5);SD_ITO(0.5)
Module:M14
Boundary:(540.7, 251.8)(623.1, 251.8)(623.1, 252.2)(639.5, 252.2)(639.5, 348.5)(540.7, 348.5);GATE
Port:(554.2, 344.4)(626.0, 344.4)(626.0, 348.5)(554.2, 348.5);SD
Port:(540.7, 251.8)(623.1, 251.8)(623.1, 252.2)(639.5, 252.2)(639.5, 343.0)(540.7, 343.0);GATE
Port:(546.9, 257.0)(616.9, 257.0)(616.9, 262.0)(546.9, 262.0);SD
Module:M9
Boundary:(10.0, 10.0)(103.5, 10.0)(103.5, 10.0)(118.1, 10.0)(118.1, 158.2)(10.0, 158.2);GATE
Port:(24.4, 153.8)(103.7, 153.8)(103.7, 158.2)(24.4, 158.2);SD
Port:(10.0, 10.0)(103.5, 10.0)(103.5, 10.0)(118.1, 10.0)(118.1, 152.3)(10.0, 152.3);GATE
Port:(16.9, 15.9)(96.6, 15.9)(96.6, 22.3)(16.9, 22.3);SD
Module:M5
Boundary:(243.8, 125.5)(243.8, 160.7)(243.7, 160.7)(243.7, 177.1)(148.1, 177.1)(148.1, 125.5);GATE
Port:(148.1, 139.2)(152.2, 139.2)(152.2, 163.4)(148.1, 163.4);SD
Port:(243.8, 125.5)(243.8, 160.7)(243.7, 160.7)(243.7, 177.1)(153.6, 177.1)(153.6, 125.5);GATE
Port:(232.6, 132.1)(238.2, 132.1)(238.2, 154.1)(232.6, 154.1);SD
Module:M11
Boundary:(365.0, 10.0)(365.0, 95.5)(138.1, 95.5)(138.1, 10.0);GATE
Port:(138.1, 22.1)(142.4, 22.1)(142.4, 83.4)(138.1, 83.4);SD
Port:(365.0, 10.0)(365.0, 95.5)(144.9, 95.5)(144.9, 10.0);GATE
Port:(354.7, 16.1)(359.9, 16.1)(359.9, 89.4)(354.7, 89.4);SD
Module:M1
Boundary:(646.4, 408.5)(646.4, 519.3)(473.2, 519.3)(473.2, 408.5);GATE
Port:(473.2, 423.5)(478.7, 423.5)(478.7, 504.3)(473.2, 504.3);SD
Port:(646.4, 408.5)(646.4, 519.3)(481.4, 519.3)(481.4, 408.5);GATE
Port:(634.1, 414.1)(641.8, 414.1)(641.8, 513.7)(634.1, 513.7);SD
Module:M6
Boundary:(195.6, 415.2)(195.6, 510.4)(195.6, 510.4)(195.6, 525.4)(10.0, 525.4)(10.0, 415.2);GATE
Port:(10.0, 429.4)(15.8, 429.4)(15.8, 511.2)(10.0, 511.2);SD
Port:(195.6, 415.2)(195.6, 510.4)(195.6, 510.4)(195.6, 525.4)(17.7, 525.4)(17.7, 415.2);GATE
Port:(183.9, 421.8)(190.0, 421.8)(190.0, 503.8)(183.9, 503.8);SD
Module:M2
Boundary:(553.1, 20.0)(626.6, 20.0)(626.6, 20.3)(644.7, 20.3)(644.7, 201.8)(553.1, 201.8);GATE
Port:(568.5, 197.0)(629.3, 197.0)(629.3, 201.8)(568.5, 201.8);SD
Port:(553.1, 20.0)(626.6, 20.0)(626.6, 20.3)(644.7, 20.3)(644.7, 194.6)(553.1, 194.6);GATE
Port:(559.2, 25.1)(620.5, 25.1)(620.5, 32.0)(559.2, 32.0);SD
Module:M16
Boundary:(500.7, 213.8)(500.7, 301.1)(500.2, 301.1)(500.2, 317.9)(359.8, 317.9)(359.8, 213.8);GATE
Port:(359.8, 229.2)(365.1, 229.2)(365.1, 302.5)(359.8, 302.5);SD
Port:(500.7, 213.8)(500.7, 301.1)(500.2, 301.1)(500.2, 317.9)(367.0, 317.9)(367.0, 213.8);GATE
Port:(488.7, 220.3)(495.2, 220.3)(495.2, 294.6)(488.7, 294.6);SD
Module:M13
Boundary:(359.8, 337.9)(419.2, 337.9)(419.2, 338.2)(433.2, 338.2)(433.2, 425.3)(359.8, 425.3);GATE
Port:(372.5, 420.8)(420.5, 420.8)(420.5, 425.3)(372.5, 425.3);SD
Port:(359.8, 337.9)(419.2, 337.9)(419.2, 338.2)(433.2, 338.2)(433.2, 419.6)(359.8, 419.6);GATE
Port:(365.2, 342.3)(413.8, 342.3)(413.8, 348.7)(365.2, 348.7);SD
Module:M10
Boundary:(507.5, 10.0)(507.5, 85.1)(507.3, 85.1)(507.3, 99.7)(385.0, 99.7)(385.0, 10.0);GATE
Port:(385.0, 21.9)(391.0, 21.9)(391.0, 87.8)(385.0, 87.8);SD
Port:(507.5, 10.0)(507.5, 85.1)(507.3, 85.1)(507.3, 99.7)(392.8, 99.7)(392.8, 10.0);GATE
Port:(497.4, 15.3)(503.2, 15.3)(503.2, 79.8)(497.4, 79.8);SD
Module:M7
Boundary:(237.4, 217.1)(301.6, 217.1)(301.6, 319.6)(237.4, 319.6);GATE
Port:(249.3, 315.3)(289.7, 315.3)(289.7, 319.6)(249.3, 319.6);SD
Port:(237.4, 217.1)(301.6, 217.1)(301.6, 312.4)(237.4, 312.4);GATE
Port:(242.5, 221.2)(296.5, 221.2)(296.5, 226.5)(242.5, 226.5);SD
Module:M3
Boundary:(523.1, 119.7)(523.1, 193.8)(331.6, 193.8)(331.6, 119.7);GATE
Port:(331.6, 131.3)(337.6, 131.3)(337.6, 182.2)(331.6, 182.2);SD
Port:(523.1, 119.7)(523.1, 193.8)(339.8, 193.8)(339.8, 119.7);GATE
Port:(513.7, 124.7)(519.1, 124.7)(519.1, 188.8)(513.7, 188.8);SD
Module:M15
Boundary:(339.8, 349.6)(339.8, 402.1)(339.6, 402.1)(339.6, 419.4)(227.4, 419.4)(227.4, 349.6);GATE
Port:(227.4, 363.4)(231.5, 363.4)(231.5, 405.6)(227.4, 405.6);SD
Port:(339.8, 349.6)(339.8, 402.1)(339.6, 402.1)(339.6, 419.4)(232.9, 419.4)(232.9, 349.6);GATE
Port:(328.8, 354.7)(335.7, 354.7)(335.7, 397.0)(328.8, 397.0);SD
Module:M12
Boundary:(124.0, 207.1)(207.4, 207.1)(207.4, 387.6)(124.0, 387.6);GATE
Port:(136.0, 383.2)(195.4, 383.2)(195.4, 387.6)(136.0, 387.6);SD
Port:(124.0, 207.1)(207.4, 207.1)(207.4, 382.0)(124.0, 382.0);GATE
Port:(129.9, 212.0)(201.5, 212.0)(201.5, 217.6)(129.9, 217.6);SD
Module:M8
Boundary:(403.8, 455.3)(403.8, 521.8)(237.4, 521.8)(237.4, 455.3);GATE
Port:(237.4, 469.2)(241.7, 469.2)(241.7, 507.9)(237.4, 507.9);SD
Port:(403.8, 455.3)(403.8, 521.8)(243.6, 521.8)(243.6, 455.3);GATE
Port:(392.2, 462.2)(397.9, 462.2)(397.9, 514.9)(392.2, 514.9);SD
Module:M4
Boundary:(20.0, 188.2)(94.0, 188.2)(94.0, 385.2)(20.0, 385.2);GATE
Port:(31.6, 379.4)(82.4, 379.4)(82.4, 385.2)(31.6, 385.2);SD
Port:(20.0, 188.2)(94.0, 188.2)(94.0, 377.9)(20.0, 377.9);GATE
Port:(25.1, 192.3)(88.9, 192.3)(88.9, 198.0)(25.1, 198.0);SD
