Area:(-30.0, -30.0)(593.5, -30.0)(593.5, 536.5)(-30.0, 536.5)
Rule:GATE(5,5);SD(5,5);GATE_SD(0.5);GATE_ITO(0.5);SD_ITO(0.5)
Module:M14
Boundary:(133.4, 200.1)(185.2, 200.1)(185.2, 200.3)(200.7, 200.3)(200.7, 322.3)(133.4, 322.3);GATE
Port:(148.3, 317.7)(185.8, 317.7)(185.8, 322.3)(148.3, 322.3);SD
Port:(133.4, 200.1)(185.2, 200.1)(185.2, 200.3)(200.7, 200.3)(200.7, 316.2)(133.4, 316.2);GATE
Port:(139.8, 205.5)(178.8, 205.5)(178.8, 213.0)(139.8, 213.0);SD
Module:M9
Boundary:(106.0, 425.5)(106.0, 478.1)(105.9, 478.1)(105.9, 496.5)(10.0, 496.5)(10.0, 425.5);GATE
Port:(10.0, 438.9)(15.9, 438.9)(15.9, 483.1)(10.0, 483.1);SD
Port:(106.0, 425.5)(106.0, 478.1)(105.9, 478.1)(105.9, 496.5)(18.6, 496.5)(18.6, 425.5);GATE
Port:(95.7, 430.7)(101.8, 430.7)(101.8, 472.9)(95.7, 472.9);SD
Module:M5
Boundary:(550.7, 20.0)(550.7, 85.5)(349.0, 85.5)(349.0, 20.0);GATE
Port:(349.0, 32.6)(354.1, 32.6)(354.1, 72.9)(349.0, 72.9);SD
Port:(550.7, 20.0)(550.7, 85.5)(355.3, 85.5)(355.3, 20.0);GATE
Port:(540.9, 26.2)(545.5, 26.2)(545.5, 79.3)(540.9, 79.3);SD
Module:M11
Boundary:(408.2, 115.5)(408.2, 166.5)(408.0, 166.5)(408.0, 182.3)(254.7, 182.3)(254.7, 115.5);GATE
Port:(254.7, 130.1)(260.6, 130.1)(260.6, 167.7)(254.7, 167.7);SD
Port:(408.2, 115.5)(408.2, 166.5)(408.0, 166.5)(408.0, 182.3)(263.4, 182.3)(263.4, 115.5);GATE
Port:(396.2, 121.7)(403.0, 121.7)(403.0, 160.3)(396.2, 160.3);SD
Module:M1
Boundary:(214.7, 30.0)(214.7, 121.3)(214.3, 121.3)(214.3, 140.1)(133.4, 140.1)(133.4, 30.0);GATE
Port:(133.4, 43.7)(137.9, 43.7)(137.9, 126.4)(133.4, 126.4);SD
Port:(214.7, 30.0)(214.7, 121.3)(214.3, 121.3)(214.3, 140.1)(139.5, 140.1)(139.5, 30.0);GATE
Port:(204.2, 35.3)(210.4, 35.3)(210.4, 116.0)(204.2, 116.0);SD
Module:M6
Boundary:(324.2, 400.5)(324.2, 493.8)(240.7, 493.8)(240.7, 400.5);GATE
Port:(240.7, 417.0)(246.6, 417.0)(246.6, 477.3)(240.7, 477.3);SD
Port:(324.2, 400.5)(324.2, 493.8)(247.6, 493.8)(247.6, 400.5);GATE
Port:(311.1, 407.5)(318.2, 407.5)(318.2, 486.8)(311.1, 486.8);SD
Module:M2
Boundary:(371.5, 212.3)(371.5, 254.7)(264.7, 254.7)(264.7, 212.3);GATE
Port:(264.7, 223.1)(268.7, 223.1)(268.7, 243.9)(264.7, 243.9);SD
Port:(371.5, 212.3)(371.5, 254.7)(270.8, 254.7)(270.8, 212.3);GATE
Port:(362.7, 217.8)(367.0, 217.8)(367.0, 249.2)(362.7, 249.2);SD
Module:M16
Boundary:(92.2, 338.1)(92.2, 389.3)(92.1, 389.3)(92.1, 405.5)(10.0, 405.5)(10.0, 338.1);GATE
Port:(10.0, 351.8)(14.0, 351.8)(14.0, 391.8)(10.0, 391.8);SD
Port:(92.2, 338.1)(92.2, 389.3)(92.1, 389.3)(92.1, 405.5)(16.4, 405.5)(16.4, 338.1);GATE
Port:(80.5, 344.8)(86.5, 344.8)(86.5, 382.6)(80.5, 382.6);SD
Module:M13
Boundary:(487.3, 273.8)(537.9, 273.8)(537.9, 274.0)(553.5, 274.0)(553.5, 388.1)(487.3, 388.1);GATE
Port:(501.0, 383.6)(539.8, 383.6)(539.8, 388.1)(501.0, 388.1);SD
Port:(487.3, 273.8)(537.9, 273.8)(537.9, 274.0)(553.5, 274.0)(553.5, 381.5)(487.3, 381.5);GATE
Port:(493.9, 279.4)(531.3, 279.4)(531.3, 285.6)(493.9, 285.6);SD
Module:M10
Boundary:(254.7, 10.0)(302.8, 10.0)(302.8, 10.3)(319.0, 10.3)(319.0, 95.4)(254.7, 95.4);GATE
Port:(267.4, 90.0)(306.3, 90.0)(306.3, 95.4)(267.4, 95.4);SD
Port:(254.7, 10.0)(302.8, 10.0)(302.8, 10.3)(319.0, 10.3)(319.0, 87.1)(254.7, 87.1);GATE
Port:(259.7, 14.0)(297.8, 14.0)(297.8, 19.9)(259.7, 19.9);SD
Module:M7
Boundary:(209.7, 372.3)(209.7, 470.6)(209.4, 470.6)(209.4, 486.4)(136.0, 486.4)(136.0, 372.3);GATE
Port:(136.0, 386.1)(141.7, 386.1)(141.7, 472.6)(136.0, 472.6);SD
Port:(209.7, 372.3)(209.7, 470.6)(209.4, 470.6)(209.4, 486.4)(142.8, 486.4)(142.8, 372.3);GATE
Port:(197.9, 377.9)(205.1, 377.9)(205.1, 465.0)(197.9, 465.0);SD
Module:M3
Boundary:(10.0, 10.0)(93.4, 10.0)(93.4, 82.7)(10.0, 82.7);GATE
Port:(24.1, 77.8)(79.3, 77.8)(79.3, 82.7)(24.1, 82.7);SD
Port:(10.0, 10.0)(93.4, 10.0)(93.4, 75.0)(10.0, 75.0);GATE
Port:(16.0, 15.0)(87.4, 15.0)(87.4, 21.6)(16.0, 21.6);SD
Module:M15
Boundary:(467.3, 284.7)(467.3, 380.5)(240.7, 380.5)(240.7, 284.7);GATE
Port:(240.7, 297.7)(245.4, 297.7)(245.4, 367.5)(240.7, 367.5);SD
Port:(467.3, 284.7)(467.3, 380.5)(247.8, 380.5)(247.8, 284.7);GATE
Port:(456.6, 290.4)(462.6, 290.4)(462.6, 374.8)(456.6, 374.8);SD
Module:M12
Boundary:(547.1, 408.1)(547.1, 479.0)(547.0, 479.0)(547.0, 492.7)(344.2, 492.7)(344.2, 408.1);GATE
Port:(344.2, 419.8)(349.1, 419.8)(349.1, 481.0)(344.2, 481.0);SD
Port:(547.1, 408.1)(547.1, 479.0)(547.0, 479.0)(547.0, 492.7)(351.9, 492.7)(351.9, 408.1);GATE
Port:(537.2, 414.1)(542.1, 414.1)(542.1, 473.0)(537.2, 473.0);SD
Module:M8
Boundary:(20.0, 112.7)(79.6, 112.7)(79.6, 308.1)(20.0, 308.1);GATE
Port:(32.6, 303.0)(67.0, 303.0)(67.0, 308.1)(32.6, 308.1);SD
Port:(20.0, 112.7)(79.6, 112.7)(79.6, 301.7)(20.0, 301.7);GATE
Port:(26.3, 118.0)(73.3, 118.0)(73.3, 123.6)(26.3, 123.6);SD
Module:M4
Boundary:(548.1, 125.5)(548.1, 227.3)(548.0, 227.3)(548.0, 243.8)(438.2, 243.8)(438.2, 125.5);GATE
Port:(438.2, 139.7)(444.2, 139.7)(444.2, 229.6)(438.2, 229.6);SD
Port:(548.1, 125.5)(548.1, 227.3)(548.0, 227.3)(548.0, 243.8)(446.7, 243.8)(446.7, 125.5);GATE
Port:(536.6, 132.4)(542.2, 132.4)(542.2, 220.4)(536.6, 220.4);SD
