Area:(-30.0, -20.0)(523.6, -20.0)(523.6, 759.8)(-30.0, 759.8)
Rule:GATE(5,5);SD(5,5);GATE_SD(0.5);GATE_ITO(0.5);SD_ITO(0.5)
Module:M14
Boundary:(321.0, 30.0)(321.0, 121.1)(320.8, 121.1)(320.8, 135.7)(186.2, 135.7)(186.2, 30.0);GATE
Port:(186.2, 43.0)(191.6, 43.0)(191.6, 122.7)(186.2, 122.7);SD
Port:(321.0, 30.0)(321.0, 121.1)(320.8, 121.1)(320.8, 135.7)(192.9, 135.7)(192.9, 30.0);GATE
Port:(309.7, 35.4)(316.6, 35.4)(316.6, 115.7)(309.7, 115.7);SD
Module:M9
Boundary:(448.5, 287.0)(448.5, 363.9)(448.4, 363.9)(448.4, 378.6)(276.1, 378.6)(276.1, 287.0);GATE
Port:(276.1, 300.3)(281.9, 300.3)(281.9, 365.3)(276.1, 365.3);SD
Port:(448.5, 287.0)(448.5, 363.9)(448.4, 363.9)(448.4, 378.6)(283.2, 378.6)(283.2, 287.0);GATE
Port:(437.9, 293.5)(443.0, 293.5)(443.0, 357.4)(437.9, 357.4);SD
Module:M5
Boundary:(332.7, 665.0)(332.7, 711.1)(221.6, 711.1)(221.6, 665.0);GATE
Port:(221.6, 677.4)(226.7, 677.4)(226.7, 698.7)(221.6, 698.7);SD
Port:(332.7, 665.0)(332.7, 711.1)(229.6, 711.1)(229.6, 665.0);GATE
Port:(322.7, 670.1)(328.6, 670.1)(328.6, 706.0)(322.7, 706.0);SD
Module:M11
Boundary:(10.0, 428.8)(104.7, 428.8)(104.7, 429.0)(119.9, 429.0)(119.9, 596.3)(10.0, 596.3);GATE
Port:(23.3, 591.1)(106.6, 591.1)(106.6, 596.3)(23.3, 596.3);SD
Port:(10.0, 428.8)(104.7, 428.8)(104.7, 429.0)(119.9, 429.0)(119.9, 588.2)(10.0, 588.2);GATE
Port:(16.6, 434.4)(98.1, 434.4)(98.1, 440.5)(16.6, 440.5);SD
Module:M1
Boundary:(30.0, 30.0)(110.7, 30.0)(110.7, 30.1)(126.2, 30.1)(126.2, 110.6)(30.0, 110.6);GATE
Port:(43.5, 105.4)(112.7, 105.4)(112.7, 110.6)(43.5, 110.6);SD
Port:(30.0, 30.0)(110.7, 30.0)(110.7, 30.1)(126.2, 30.1)(126.2, 104.2)(30.0, 104.2);GATE
Port:(37.0, 36.0)(103.7, 36.0)(103.7, 41.5)(37.0, 41.5);SD
Module:M6
Boundary:(191.6, 618.5)(191.6, 705.8)(191.6, 705.8)(191.6, 719.8)(10.0, 719.8)(10.0, 618.5);GATE
Port:(10.0, 630.7)(14.7, 630.7)(14.7, 707.6)(10.0, 707.6);SD
Port:(191.6, 618.5)(191.6, 705.8)(191.6, 705.8)(191.6, 719.8)(16.3, 719.8)(16.3, 618.5);GATE
Port:(181.3, 624.0)(187.1, 624.0)(187.1, 700.3)(181.3, 700.3);SD
Module:M2
Boundary:(270.8, 483.5)(348.3, 483.5)(348.3, 625.0)(270.8, 625.0);GATE
Port:(282.2, 620.0)(336.9, 620.0)(336.9, 625.0)(282.2, 625.0);SD
Port:(270.8, 483.5)(348.3, 483.5)(348.3, 618.3)(270.8, 618.3);GATE
Port:(275.8, 487.5)(343.3, 487.5)(343.3, 492.5)(275.8, 492.5);SD
Module:M16
Boundary:(255.8, 175.7)(255.8, 301.9)(101.6, 301.9)(101.6, 175.7);GATE
Port:(101.6, 190.2)(106.8, 190.2)(106.8, 287.4)(101.6, 287.4);SD
Port:(255.8, 175.7)(255.8, 301.9)(108.0, 301.9)(108.0, 175.7);GATE
Port:(244.3, 181.9)(250.6, 181.9)(250.6, 295.7)(244.3, 295.7);SD
Module:M13
Boundary:(456.1, 398.6)(456.1, 453.5)(276.1, 453.5)(276.1, 398.6);GATE
Port:(276.1, 413.7)(281.4, 413.7)(281.4, 438.4)(276.1, 438.4);SD
Port:(456.1, 398.6)(456.1, 453.5)(283.6, 453.5)(283.6, 398.6);GATE
Port:(443.3, 405.3)(450.4, 405.3)(450.4, 446.8)(443.3, 446.8);SD
Module:M10
Boundary:(10.0, 150.6)(81.6, 150.6)(81.6, 327.5)(10.0, 327.5);GATE
Port:(20.7, 322.3)(70.9, 322.3)(70.9, 327.5)(20.7, 327.5);SD
Port:(10.0, 150.6)(81.6, 150.6)(81.6, 320.8)(10.0, 320.8);GATE
Port:(15.4, 155.0)(76.2, 155.0)(76.2, 159.6)(15.4, 159.6);SD
Module:M7
Boundary:(388.3, 483.5)(473.4, 483.5)(473.4, 711.9)(388.3, 711.9);GATE
Port:(400.3, 707.1)(461.4, 707.1)(461.4, 711.9)(400.3, 711.9);SD
Port:(388.3, 483.5)(473.4, 483.5)(473.4, 704.3)(388.3, 704.3);GATE
Port:(393.4, 487.6)(468.3, 487.6)(468.3, 493.7)(393.4, 493.7);SD
Module:M3
Boundary:(139.9, 321.9)(256.1, 321.9)(256.1, 440.4)(139.9, 440.4);GATE
Port:(152.9, 435.0)(243.1, 435.0)(243.1, 440.4)(152.9, 440.4);SD
Port:(139.9, 321.9)(256.1, 321.9)(256.1, 433.1)(139.9, 433.1);GATE
Port:(145.0, 326.0)(251.0, 326.0)(251.0, 332.6)(145.0, 332.6);SD
Module:M15
Boundary:(118.9, 347.5)(118.9, 408.8)(10.0, 408.8)(10.0, 347.5);GATE
Port:(10.0, 359.7)(14.2, 359.7)(14.2, 396.6)(10.0, 396.6);SD
Port:(118.9, 347.5)(118.9, 408.8)(15.6, 408.8)(15.6, 347.5);GATE
Port:(109.6, 353.0)(114.4, 353.0)(114.4, 403.3)(109.6, 403.3);SD
Module:M12
Boundary:(483.6, 181.7)(483.6, 250.4)(483.4, 250.4)(483.4, 267.0)(275.8, 267.0)(275.8, 181.7);GATE
Port:(275.8, 195.9)(280.7, 195.9)(280.7, 252.8)(275.8, 252.8);SD
Port:(483.6, 181.7)(483.6, 250.4)(483.4, 250.4)(483.4, 267.0)(282.3, 267.0)(282.3, 181.7);GATE
Port:(472.2, 188.0)(478.3, 188.0)(478.3, 244.1)(472.2, 244.1);SD
Module:M8
Boundary:(371.0, 20.0)(463.4, 20.0)(463.4, 151.7)(371.0, 151.7);GATE
Port:(384.7, 147.3)(449.7, 147.3)(449.7, 151.7)(384.7, 151.7);SD
Port:(371.0, 20.0)(463.4, 20.0)(463.4, 145.3)(371.0, 145.3);GATE
Port:(377.7, 25.7)(456.7, 25.7)(456.7, 31.5)(377.7, 31.5);SD
Module:M4
Boundary:(230.8, 470.4)(230.8, 572.9)(197.1, 572.9)(197.1, 588.5)(149.9, 588.5)(149.9, 470.4);GATE
Port:(149.9, 484.4)(154.9, 484.4)(154.9, 574.5)(149.9, 574.5);SD
Port:(230.8, 470.4)(230.8, 572.9)(197.1, 572.9)(197.1, 588.5)(156.9, 588.5)(156.9, 470.4);GATE
Port:(219.1, 476.6)(225.6, 476.6)(225.6, 565.7)(219.1, 565.7);SD
