Area:(-30.0, -30.0)(511.5, -30.0)(511.5, 753.3)(-30.0, 753.3)
Rule:GATE(5,5);SD(5,5);GATE_SD(0.5);GATE_ITO(0.5);SD_ITO(0.5)
Module:M14
Boundary:(30.0, 430.6)(110.2, 430.6)(110.2, 430.9)(125.6, 430.9)(125.6, 535.6)(30.0, 535.6);GATE
Port:(43.5, 531.5)(112.1, 531.5)(112.1, 535.6)(43.5, 535.6);SD
Port:(30.0, 430.6)(110.2, 430.6)(110.2, 430.9)(125.6, 430.9)(125.6, 530.0)(30.0, 530.0);GATE
Port:(35.7, 435.3)(104.5, 435.3)(104.5, 442.2)(35.7, 442.2);SD
Module:M9
Boundary:(471.4, 384.5)(471.4, 450.8)(471.3, 450.8)(471.3, 467.8)(367.5, 467.8)(367.5, 384.5);GATE
Port:(367.5, 396.8)(372.5, 396.8)(372.5, 455.5)(367.5, 455.5);SD
Port:(471.4, 384.5)(471.4, 450.8)(471.3, 450.8)(471.3, 467.8)(375.2, 467.8)(375.2, 384.5);GATE
Port:(461.8, 390.1)(466.8, 390.1)(466.8, 445.2)(461.8, 445.2);SD
Module:M5
Boundary:(377.5, 497.8)(446.2, 497.8)(446.2, 498.2)(462.8, 498.2)(462.8, 709.1)(377.5, 709.1);GATE
Port:(391.3, 703.1)(449.0, 703.1)(449.0, 709.1)(391.3, 709.1);SD
Port:(377.5, 497.8)(446.2, 497.8)(446.2, 498.2)(462.8, 498.2)(462.8, 701.2)(377.5, 701.2);GATE
Port:(383.5, 502.8)(440.2, 502.8)(440.2, 509.2)(383.5, 509.2);SD
Module:M11
Boundary:(165.6, 377.3)(228.7, 377.3)(228.7, 377.6)(243.8, 377.6)(243.8, 558.4)(165.6, 558.4);GATE
Port:(178.7, 553.5)(230.7, 553.5)(230.7, 558.4)(178.7, 558.4);SD
Port:(165.6, 377.3)(228.7, 377.3)(228.7, 377.6)(243.8, 377.6)(243.8, 550.9)(165.6, 550.9);GATE
Port:(171.5, 382.2)(222.8, 382.2)(222.8, 388.0)(171.5, 388.0);SD
Module:M1
Boundary:(30.0, 30.0)(130.7, 30.0)(130.7, 215.5)(30.0, 215.5);GATE
Port:(43.6, 209.7)(117.1, 209.7)(117.1, 215.5)(43.6, 215.5);SD
Port:(30.0, 30.0)(130.7, 30.0)(130.7, 206.7)(30.0, 206.7);GATE
Port:(36.3, 35.3)(124.4, 35.3)(124.4, 41.6)(36.3, 41.6);SD
Module:M6
Boundary:(10.0, 255.5)(118.7, 255.5)(118.7, 255.7)(136.4, 255.7)(136.4, 390.6)(10.0, 390.6);GATE
Port:(25.0, 385.1)(121.4, 385.1)(121.4, 390.6)(25.0, 390.6);SD
Port:(10.0, 255.5)(118.7, 255.5)(118.7, 255.7)(136.4, 255.7)(136.4, 382.8)(10.0, 382.8);GATE
Port:(16.7, 261.2)(112.0, 261.2)(112.0, 267.9)(16.7, 267.9);SD
Module:M2
Boundary:(273.8, 475.1)(337.5, 475.1)(337.5, 608.2)(273.8, 608.2);GATE
Port:(287.1, 602.9)(324.2, 602.9)(324.2, 608.2)(287.1, 608.2);SD
Port:(273.8, 475.1)(337.5, 475.1)(337.5, 600.1)(273.8, 600.1);GATE
Port:(280.8, 481.1)(330.5, 481.1)(330.5, 486.1)(280.8, 486.1);SD
Module:M16
Boundary:(208.2, 638.2)(305.3, 638.2)(305.3, 713.3)(208.2, 713.3);GATE
Port:(222.0, 708.4)(291.5, 708.4)(291.5, 713.3)(222.0, 713.3);SD
Port:(208.2, 638.2)(305.3, 638.2)(305.3, 706.1)(208.2, 706.1);GATE
Port:(214.3, 643.3)(299.2, 643.3)(299.2, 650.4)(214.3, 650.4);SD
Module:M13
Boundary:(465.5, 258.0)(465.5, 349.7)(465.4, 349.7)(465.4, 364.5)(270.9, 364.5)(270.9, 258.0);GATE
Port:(270.9, 270.3)(276.6, 270.3)(276.6, 352.2)(270.9, 352.2);SD
Port:(465.5, 258.0)(465.5, 349.7)(465.4, 349.7)(465.4, 364.5)(278.7, 364.5)(278.7, 258.0);GATE
Port:(455.1, 265.0)(459.5, 265.0)(459.5, 342.7)(455.1, 342.7);SD
Module:M10
Boundary:(317.4, 139.2)(317.4, 224.4)(170.7, 224.4)(170.7, 139.2);GATE
Port:(170.7, 151.3)(174.9, 151.3)(174.9, 212.3)(170.7, 212.3);SD
Port:(317.4, 139.2)(317.4, 224.4)(176.3, 224.4)(176.3, 139.2);GATE
Port:(306.9, 145.2)(312.4, 145.2)(312.4, 218.4)(306.9, 218.4);SD
Module:M7
Boundary:(461.5, 149.2)(461.5, 215.3)(461.4, 215.3)(461.4, 228.0)(347.4, 228.0)(347.4, 149.2);GATE
Port:(347.4, 160.2)(351.8, 160.2)(351.8, 217.0)(347.4, 217.0);SD
Port:(461.5, 149.2)(461.5, 215.3)(461.4, 215.3)(461.4, 228.0)(354.4, 228.0)(354.4, 149.2);GATE
Port:(452.1, 154.9)(456.8, 154.9)(456.8, 209.6)(452.1, 209.6);SD
Module:M3
Boundary:(156.4, 255.5)(250.9, 255.5)(250.9, 357.3)(156.4, 357.3);GATE
Port:(169.3, 351.7)(238.0, 351.7)(238.0, 357.3)(169.3, 357.3);SD
Port:(156.4, 255.5)(250.9, 255.5)(250.9, 349.0)(156.4, 349.0);GATE
Port:(161.4, 259.5)(245.9, 259.5)(245.9, 265.7)(161.4, 265.7);SD
Module:M15
Boundary:(471.5, 10.0)(471.5, 101.2)(471.2, 101.2)(471.2, 119.2)(313.7, 119.2)(313.7, 10.0);GATE
Port:(313.7, 25.0)(318.5, 25.0)(318.5, 104.2)(313.7, 104.2);SD
Port:(471.5, 10.0)(471.5, 101.2)(471.2, 101.2)(471.2, 119.2)(320.8, 119.2)(320.8, 10.0);GATE
Port:(459.9, 16.7)(465.8, 16.7)(465.8, 94.5)(459.9, 94.5);SD
Module:M12
Boundary:(344.0, 384.5)(344.0, 429.9)(343.7, 429.9)(343.7, 445.1)(270.9, 445.1)(270.9, 384.5);GATE
Port:(270.9, 396.3)(275.1, 396.3)(275.1, 433.3)(270.9, 433.3);SD
Port:(344.0, 384.5)(344.0, 429.9)(343.7, 429.9)(343.7, 445.1)(277.2, 445.1)(277.2, 384.5);GATE
Port:(334.9, 390.0)(339.5, 390.0)(339.5, 424.4)(334.9, 424.4);SD
Module:M8
Boundary:(178.2, 588.4)(178.2, 711.8)(20.0, 711.8)(20.0, 588.4);GATE
Port:(20.0, 601.1)(25.0, 601.1)(25.0, 699.1)(20.0, 699.1);SD
Port:(178.2, 588.4)(178.2, 711.8)(26.4, 711.8)(26.4, 588.4);GATE
Port:(168.6, 593.7)(173.9, 593.7)(173.9, 706.5)(168.6, 706.5);SD
Module:M4
Boundary:(283.7, 20.0)(283.7, 107.1)(180.7, 107.1)(180.7, 20.0);GATE
Port:(180.7, 33.6)(185.9, 33.6)(185.9, 93.5)(180.7, 93.5);SD
Port:(283.7, 20.0)(283.7, 107.1)(187.1, 107.1)(187.1, 20.0);GATE
Port:(271.8, 26.9)(277.8, 26.9)(277.8, 100.2)(271.8, 100.2);SD
