Area:(-30.0, -30.0)(437.7, -30.0)(437.7, 881.8)(-30.0, 881.8)
Rule:GATE(5,5);SD(5,5);GATE_SD(0.5);GATE_ITO(0.5);SD_ITO(0.5)
Module:M14
Boundary:(227.3, 30.0)(227.3, 64.0)(227.2, 64.0)(227.2, 80.3)(136.8, 80.3)(136.8, 30.0);GATE
Port:(136.8, 43.9)(141.3, 43.9)(141.3, 66.4)(136.8, 66.4);SD
Port:(227.3, 30.0)(227.3, 64.0)(227.2, 64.0)(227.2, 80.3)(142.7, 80.3)(142.7, 30.0);GATE
Port:(216.2, 35.7)(222.6, 35.7)(222.6, 58.3)(216.2, 58.3);SD
Module:M9
Boundary:(129.4, 510.6)(129.4, 603.2)(10.0, 603.2)(10.0, 510.6);GATE
Port:(10.0, 523.2)(14.0, 523.2)(14.0, 590.6)(10.0, 590.6);SD
Port:(129.4, 510.6)(129.4, 603.2)(15.8, 603.2)(15.8, 510.6);GATE
Port:(118.7, 516.7)(124.3, 516.7)(124.3, 597.1)(118.7, 597.1);SD
Module:M5
Boundary:(365.2, 732.4)(365.2, 841.8)(211.4, 841.8)(211.4, 732.4);GATE
Port:(211.4, 746.0)(215.6, 746.0)(215.6, 828.2)(211.4, 828.2);SD
Port:(365.2, 732.4)(365.2, 841.8)(216.9, 841.8)(216.9, 732.4);GATE
Port:(353.3, 737.9)(360.7, 737.9)(360.7, 836.3)(353.3, 836.3);SD
Module:M11
Boundary:(108.2, 623.2)(108.2, 702.1)(108.1, 702.1)(108.1, 717.5)(10.0, 717.5)(10.0, 623.2);GATE
Port:(10.0, 635.6)(15.7, 635.6)(15.7, 705.1)(10.0, 705.1);SD
Port:(108.2, 623.2)(108.2, 702.1)(108.1, 702.1)(108.1, 717.5)(18.1, 717.5)(18.1, 623.2);GATE
Port:(97.5, 629.7)(102.7, 629.7)(102.7, 695.6)(97.5, 695.6);SD
Module:M1
Boundary:(370.6, 400.3)(370.6, 465.8)(370.3, 465.8)(370.3, 480.8)(171.4, 480.8)(171.4, 400.3);GATE
Port:(171.4, 414.5)(177.2, 414.5)(177.2, 466.6)(171.4, 466.6);SD
Port:(370.6, 400.3)(370.6, 465.8)(370.3, 465.8)(370.3, 480.8)(180.1, 480.8)(180.1, 400.3);GATE
Port:(358.4, 407.3)(364.6, 407.3)(364.6, 458.8)(358.4, 458.8);SD
Module:M6
Boundary:(10.0, 380.3)(131.4, 380.3)(131.4, 490.6)(10.0, 490.6);GATE
Port:(24.1, 486.0)(117.3, 486.0)(117.3, 490.6)(24.1, 490.6);SD
Port:(10.0, 380.3)(131.4, 380.3)(131.4, 483.6)(10.0, 483.6);GATE
Port:(15.2, 384.5)(126.2, 384.5)(126.2, 392.2)(15.2, 392.2);SD
Module:M2
Boundary:(20.0, 20.0)(86.8, 20.0)(86.8, 238.4)(20.0, 238.4);GATE
Port:(33.5, 234.4)(73.3, 234.4)(73.3, 238.4)(33.5, 238.4);SD
Port:(20.0, 20.0)(86.8, 20.0)(86.8, 233.2)(20.0, 233.2);GATE
Port:(25.1, 24.1)(81.7, 24.1)(81.7, 30.7)(25.1, 30.7);SD
Module:M16
Boundary:(199.7, 317.2)(199.7, 347.1)(199.7, 347.1)(199.7, 360.3)(10.0, 360.3)(10.0, 317.2);GATE
Port:(10.0, 329.0)(15.0, 329.0)(15.0, 348.5)(10.0, 348.5);SD
Port:(199.7, 317.2)(199.7, 347.1)(199.7, 347.1)(199.7, 360.3)(17.2, 360.3)(17.2, 317.2);GATE
Port:(189.6, 322.7)(195.2, 322.7)(195.2, 341.6)(189.6, 341.6);SD
Module:M13
Boundary:(232.5, 120.3)(232.5, 186.7)(116.8, 186.7)(116.8, 120.3);GATE
Port:(116.8, 134.0)(121.4, 134.0)(121.4, 173.0)(116.8, 173.0);SD
Port:(232.5, 120.3)(232.5, 186.7)(122.9, 186.7)(122.9, 120.3);GATE
Port:(220.6, 125.5)(228.3, 125.5)(228.3, 181.5)(220.6, 181.5);SD
Module:M10
Boundary:(397.7, 262.6)(397.7, 357.3)(231.4, 357.3)(231.4, 262.6);GATE
Port:(231.4, 274.2)(237.0, 274.2)(237.0, 345.7)(231.4, 345.7);SD
Port:(397.7, 262.6)(397.7, 357.3)(238.5, 357.3)(238.5, 262.6);GATE
Port:(388.5, 267.9)(393.4, 267.9)(393.4, 352.0)(388.5, 352.0);SD
Module:M7
Boundary:(262.5, 134.6)(361.4, 134.6)(361.4, 232.6)(262.5, 232.6);GATE
Port:(277.0, 226.9)(346.9, 226.9)(346.9, 232.6)(277.0, 232.6);SD
Port:(262.5, 134.6)(361.4, 134.6)(361.4, 225.1)(262.5, 225.1);GATE
Port:(269.0, 140.1)(354.9, 140.1)(354.9, 147.6)(269.0, 147.6);SD
Module:M3
Boundary:(378.3, 610.7)(378.3, 684.2)(378.2, 684.2)(378.2, 702.4)(149.4, 702.4)(149.4, 610.7);GATE
Port:(149.4, 625.5)(154.4, 625.5)(154.4, 687.6)(149.4, 687.6);SD
Port:(378.3, 610.7)(378.3, 684.2)(378.2, 684.2)(378.2, 702.4)(157.3, 702.4)(157.3, 610.7);GATE
Port:(367.0, 616.9)(373.1, 616.9)(373.1, 678.0)(367.0, 678.0);SD
Module:M15
Boundary:(381.5, 10.0)(381.5, 89.3)(381.2, 89.3)(381.2, 104.6)(267.3, 104.6)(267.3, 10.0);GATE
Port:(267.3, 23.3)(271.7, 23.3)(271.7, 91.3)(267.3, 91.3);SD
Port:(381.5, 10.0)(381.5, 89.3)(381.2, 89.3)(381.2, 104.6)(273.1, 104.6)(273.1, 10.0);GATE
Port:(370.8, 16.7)(375.8, 16.7)(375.8, 82.6)(370.8, 82.6);SD
Module:M12
Boundary:(353.6, 520.8)(353.6, 577.6)(353.3, 577.6)(353.3, 590.7)(149.4, 590.7)(149.4, 520.8);GATE
Port:(149.4, 532.8)(153.7, 532.8)(153.7, 578.7)(149.4, 578.7);SD
Port:(353.6, 520.8)(353.6, 577.6)(353.3, 577.6)(353.3, 590.7)(155.0, 590.7)(155.0, 520.8);GATE
Port:(343.2, 526.8)(348.6, 526.8)(348.6, 571.6)(343.2, 571.6);SD
Module:M8
Boundary:(201.4, 216.7)(201.4, 287.2)(126.8, 287.2)(126.8, 216.7);GATE
Port:(126.8, 230.1)(131.2, 230.1)(131.2, 273.8)(126.8, 273.8);SD
Port:(201.4, 216.7)(201.4, 287.2)(133.0, 287.2)(133.0, 216.7);GATE
Port:(189.6, 223.6)(195.5, 223.6)(195.5, 280.3)(189.6, 280.3);SD
Module:M4
Boundary:(171.4, 747.5)(171.4, 835.5)(20.0, 835.5)(20.0, 747.5);GATE
Port:(20.0, 762.9)(24.5, 762.9)(24.5, 820.1)(20.0, 820.1);SD
Port:(171.4, 747.5)(171.4, 835.5)(26.9, 835.5)(26.9, 747.5);GATE
Port:(158.5, 754.4)(165.5, 754.4)(165.5, 828.6)(158.5, 828.6);SD
