Area:(-30.0, -30.0)(513.6, -30.0)(513.6, 751.4)(-30.0, 751.4)
Rule:GATE(5,5);SD(5,5);GATE_SD(0.5);GATE_ITO(0.5);SD_ITO(0.5)
Module:M14
Boundary:(340.5, 394.3)(434.8, 394.3)(434.8, 394.8)(449.8, 394.8)(449.8, 575.4)(340.5, 575.4);GATE
Port:(354.3, 570.3)(436.0, 570.3)(436.0, 575.4)(354.3, 575.4);SD
Port:(340.5, 394.3)(434.8, 394.3)(434.8, 394.8)(449.8, 394.8)(449.8, 567.5)(340.5, 567.5);GATE
Port:(346.5, 399.3)(428.8, 399.3)(428.8, 406.2)(346.5, 406.2);SD
Module:M9
Boundary:(114.8, 199.9)(162.4, 199.9)(162.4, 200.2)(178.3, 200.2)(178.3, 290.9)(114.8, 290.9);GATE
Port:(126.7, 285.7)(166.4, 285.7)(166.4, 290.9)(126.7, 290.9);SD
Port:(114.8, 199.9)(162.4, 199.9)(162.4, 200.2)(178.3, 200.2)(178.3, 283.7)(114.8, 283.7);GATE
Port:(120.5, 204.6)(156.7, 204.6)(156.7, 209.3)(120.5, 209.3);SD
Module:M5
Boundary:(289.5, 331.8)(289.5, 385.8)(124.8, 385.8)(124.8, 331.8);GATE
Port:(124.8, 346.5)(130.2, 346.5)(130.2, 371.1)(124.8, 371.1);SD
Port:(289.5, 331.8)(289.5, 385.8)(132.9, 385.8)(132.9, 331.8);GATE
Port:(277.9, 338.3)(284.0, 338.3)(284.0, 379.3)(277.9, 379.3);SD
Module:M11
Boundary:(227.7, 634.2)(350.0, 634.2)(350.0, 709.6)(227.7, 709.6);GATE
Port:(242.5, 704.5)(335.2, 704.5)(335.2, 709.6)(242.5, 709.6);SD
Port:(227.7, 634.2)(350.0, 634.2)(350.0, 702.6)(227.7, 702.6);GATE
Port:(233.2, 638.7)(344.5, 638.7)(344.5, 646.5)(233.2, 646.5);SD
Module:M1
Boundary:(134.8, 435.8)(172.0, 435.8)(172.0, 435.8)(187.7, 435.8)(187.7, 569.7)(134.8, 569.7);GATE
Port:(149.8, 564.1)(172.7, 564.1)(172.7, 569.7)(149.8, 569.7);SD
Port:(134.8, 435.8)(172.0, 435.8)(172.0, 435.8)(187.7, 435.8)(187.7, 562.1)(134.8, 562.1);GATE
Port:(141.3, 441.3)(165.5, 441.3)(165.5, 449.0)(141.3, 449.0);SD
Module:M6
Boundary:(473.6, 615.4)(473.6, 689.1)(473.3, 689.1)(473.3, 707.8)(370.0, 707.8)(370.0, 615.4);GATE
Port:(370.0, 630.0)(374.9, 630.0)(374.9, 693.2)(370.0, 693.2);SD
Port:(473.6, 615.4)(473.6, 689.1)(473.3, 689.1)(473.3, 707.8)(376.5, 707.8)(376.5, 615.4);GATE
Port:(462.5, 620.6)(469.4, 620.6)(469.4, 683.9)(462.5, 683.9);SD
Module:M2
Boundary:(457.9, 246.0)(457.9, 328.2)(457.5, 328.2)(457.5, 344.3)(334.4, 344.3)(334.4, 246.0);GATE
Port:(334.4, 259.5)(338.8, 259.5)(338.8, 330.8)(334.4, 330.8);SD
Port:(457.9, 246.0)(457.9, 328.2)(457.5, 328.2)(457.5, 344.3)(340.2, 344.3)(340.2, 246.0);GATE
Port:(447.3, 252.2)(452.7, 252.2)(452.7, 322.0)(447.3, 322.0);SD
Module:M16
Boundary:(146.3, 10.0)(193.4, 10.0)(193.4, 10.2)(207.4, 10.2)(207.4, 128.0)(146.3, 128.0);GATE
Port:(159.7, 123.6)(194.0, 123.6)(194.0, 128.0)(159.7, 128.0);SD
Port:(146.3, 10.0)(193.4, 10.0)(193.4, 10.2)(207.4, 10.2)(207.4, 121.6)(146.3, 121.6);GATE
Port:(152.8, 15.5)(186.9, 15.5)(186.9, 21.5)(152.8, 21.5);SD
Module:M13
Boundary:(10.0, 10.0)(109.5, 10.0)(109.5, 10.5)(126.3, 10.5)(126.3, 179.9)(10.0, 179.9);GATE
Port:(22.5, 174.5)(113.8, 174.5)(113.8, 179.9)(22.5, 179.9);SD
Port:(10.0, 10.0)(109.5, 10.0)(109.5, 10.5)(126.3, 10.5)(126.3, 172.2)(10.0, 172.2);GATE
Port:(15.2, 14.2)(104.3, 14.2)(104.3, 19.4)(15.2, 19.4);SD
Module:M10
Boundary:(180.8, 623.5)(180.8, 711.4)(10.0, 711.4)(10.0, 623.5);GATE
Port:(10.0, 638.1)(15.2, 638.1)(15.2, 696.8)(10.0, 696.8);SD
Port:(180.8, 623.5)(180.8, 711.4)(17.5, 711.4)(17.5, 623.5);GATE
Port:(169.3, 629.6)(175.7, 629.6)(175.7, 705.3)(169.3, 705.3);SD
Module:M7
Boundary:(20.0, 406.4)(69.0, 406.4)(69.0, 406.5)(84.8, 406.5)(84.8, 593.5)(20.0, 593.5);GATE
Port:(33.0, 588.8)(71.8, 588.8)(71.8, 593.5)(33.0, 593.5);SD
Port:(20.0, 406.4)(69.0, 406.4)(69.0, 406.5)(84.8, 406.5)(84.8, 586.9)(20.0, 586.9);GATE
Port:(26.7, 412.1)(62.3, 412.1)(62.3, 416.9)(26.7, 416.9);SD
Module:M3
Boundary:(227.7, 415.8)(300.5, 415.8)(300.5, 614.2)(227.7, 614.2);GATE
Port:(243.2, 609.4)(285.0, 609.4)(285.0, 614.2)(243.2, 614.2);SD
Port:(227.7, 415.8)(300.5, 415.8)(300.5, 607.6)(227.7, 607.6);GATE
Port:(234.6, 421.7)(293.6, 421.7)(293.6, 428.4)(234.6, 428.4);SD
Module:M15
Boundary:(10.0, 199.9)(77.6, 199.9)(77.6, 200.2)(94.1, 200.2)(94.1, 376.4)(10.0, 376.4);GATE
Port:(24.2, 371.8)(79.9, 371.8)(79.9, 376.4)(24.2, 376.4);SD
Port:(10.0, 199.9)(77.6, 199.9)(77.6, 200.2)(94.1, 200.2)(94.1, 369.6)(10.0, 369.6);GATE
Port:(16.2, 205.1)(71.4, 205.1)(71.4, 211.4)(16.2, 211.4);SD
Module:M12
Boundary:(227.4, 10.0)(299.0, 10.0)(299.0, 10.3)(316.8, 10.3)(316.8, 171.7)(227.4, 171.7);GATE
Port:(242.0, 167.3)(302.2, 167.3)(302.2, 171.7)(242.0, 171.7);SD
Port:(227.4, 10.0)(299.0, 10.0)(299.0, 10.3)(316.8, 10.3)(316.8, 166.3)(227.4, 166.3);GATE
Port:(232.4, 14.0)(294.0, 14.0)(294.0, 21.4)(232.4, 21.4);SD
Module:M8
Boundary:(346.8, 20.0)(459.5, 20.0)(459.5, 206.0)(346.8, 206.0);GATE
Port:(360.3, 200.0)(446.0, 200.0)(446.0, 206.0)(360.3, 206.0);SD
Port:(346.8, 20.0)(459.5, 20.0)(459.5, 198.0)(346.8, 198.0);GATE
Port:(352.4, 24.6)(453.9, 24.6)(453.9, 30.7)(352.4, 30.7);SD
Module:M4
Boundary:(294.4, 201.7)(294.4, 274.1)(294.3, 274.1)(294.3, 291.8)(208.3, 291.8)(208.3, 201.7);GATE
Port:(208.3, 216.4)(212.8, 216.4)(212.8, 277.1)(208.3, 277.1);SD
Port:(294.4, 201.7)(294.4, 274.1)(294.3, 274.1)(294.3, 291.8)(214.8, 291.8)(214.8, 201.7);GATE
Port:(282.8, 208.4)(288.7, 208.4)(288.7, 267.4)(282.8, 267.4);SD
