Area:(-30.0, -30.0)(855.3, -30.0)(855.3, 454.4)(-30.0, 454.4)
Rule:GATE(5,5);SD(5,5);GATE_SD(0.5);GATE_ITO(0.5);SD_ITO(0.5)
Module:M14
Boundary:(235.0, 226.1)(235.0, 309.4)(234.5, 309.4)(234.5, 325.9)(143.0, 325.9)(143.0, 226.1);GATE
Port:(143.0, 239.3)(147.5, 239.3)(147.5, 312.7)(143.0, 312.7);SD
Port:(235.0, 226.1)(235.0, 309.4)(234.5, 309.4)(234.5, 325.9)(150.4, 325.9)(150.4, 226.1);GATE
Port:(224.4, 232.0)(230.1, 232.0)(230.1, 303.5)(224.4, 303.5);SD
Module:M9
Boundary:(10.0, 10.0)(87.6, 10.0)(87.6, 10.3)(103.0, 10.3)(103.0, 210.9)(10.0, 210.9);GATE
Port:(22.4, 205.6)(90.6, 205.6)(90.6, 210.9)(22.4, 210.9);SD
Port:(10.0, 10.0)(87.6, 10.0)(87.6, 10.3)(103.0, 10.3)(103.0, 204.4)(10.0, 204.4);GATE
Port:(16.3, 15.3)(81.3, 15.3)(81.3, 19.6)(16.3, 19.6);SD
Module:M5
Boundary:(646.3, 130.9)(646.3, 191.1)(646.2, 191.1)(646.2, 205.9)(420.3, 205.9)(420.3, 130.9);GATE
Port:(420.3, 142.4)(426.3, 142.4)(426.3, 194.4)(420.3, 194.4);SD
Port:(646.3, 130.9)(646.3, 191.1)(646.2, 191.1)(646.2, 205.9)(428.6, 205.9)(428.6, 130.9);GATE
Port:(636.6, 136.9)(641.3, 136.9)(641.3, 185.1)(636.6, 185.1);SD
Module:M11
Boundary:(532.7, 235.9)(532.7, 321.5)(438.5, 321.5)(438.5, 235.9);GATE
Port:(438.5, 249.9)(442.7, 249.9)(442.7, 307.5)(438.5, 307.5);SD
Port:(532.7, 235.9)(532.7, 321.5)(445.1, 321.5)(445.1, 235.9);GATE
Port:(521.4, 242.5)(527.1, 242.5)(527.1, 314.9)(521.4, 314.9);SD
Module:M1
Boundary:(30.0, 250.9)(63.5, 250.9)(63.5, 251.1)(80.4, 251.1)(80.4, 388.3)(30.0, 388.3);GATE
Port:(43.2, 382.7)(67.2, 382.7)(67.2, 388.3)(43.2, 388.3);SD
Port:(30.0, 250.9)(63.5, 250.9)(63.5, 251.1)(80.4, 251.1)(80.4, 380.8)(30.0, 380.8);GATE
Port:(36.6, 256.5)(56.9, 256.5)(56.9, 260.7)(36.6, 260.7);SD
Module:M6
Boundary:(815.3, 289.8)(815.3, 404.1)(659.9, 404.1)(659.9, 289.8);GATE
Port:(659.9, 303.1)(665.6, 303.1)(665.6, 390.8)(659.9, 390.8);SD
Port:(815.3, 289.8)(815.3, 404.1)(667.3, 404.1)(667.3, 289.8);GATE
Port:(804.3, 296.3)(809.8, 296.3)(809.8, 397.6)(804.3, 397.6);SD
Module:M2
Boundary:(630.1, 20.0)(630.1, 85.0)(440.2, 85.0)(440.2, 20.0);GATE
Port:(440.2, 34.5)(445.9, 34.5)(445.9, 70.5)(440.2, 70.5);SD
Port:(630.1, 20.0)(630.1, 85.0)(448.5, 85.0)(448.5, 20.0);GATE
Port:(617.5, 26.6)(624.5, 26.6)(624.5, 78.4)(617.5, 78.4);SD
Module:M16
Boundary:(240.9, 365.9)(240.9, 414.4)(123.0, 414.4)(123.0, 365.9);GATE
Port:(123.0, 378.9)(127.9, 378.9)(127.9, 401.4)(123.0, 401.4);SD
Port:(240.9, 365.9)(240.9, 414.4)(129.7, 414.4)(129.7, 365.9);GATE
Port:(230.0, 372.3)(235.5, 372.3)(235.5, 408.0)(230.0, 408.0);SD
Module:M13
Boundary:(438.5, 341.5)(522.8, 341.5)(522.8, 413.4)(438.5, 413.4);GATE
Port:(451.9, 408.1)(509.4, 408.1)(509.4, 413.4)(451.9, 413.4);SD
Port:(438.5, 341.5)(522.8, 341.5)(522.8, 407.0)(438.5, 407.0);GATE
Port:(444.7, 346.7)(516.6, 346.7)(516.6, 351.9)(444.7, 351.9);SD
Module:M10
Boundary:(676.3, 10.0)(791.7, 10.0)(791.7, 10.4)(810.6, 10.4)(810.6, 148.6)(676.3, 148.6);GATE
Port:(692.7, 143.3)(794.2, 143.3)(794.2, 148.6)(692.7, 148.6);SD
Port:(676.3, 10.0)(791.7, 10.0)(791.7, 10.4)(810.6, 10.4)(810.6, 141.6)(676.3, 141.6);GATE
Port:(682.6, 15.3)(785.4, 15.3)(785.4, 22.9)(682.6, 22.9);SD
Module:M7
Boundary:(400.2, 20.0)(400.2, 90.9)(290.6, 90.9)(290.6, 20.0);GATE
Port:(290.6, 34.0)(294.9, 34.0)(294.9, 76.9)(290.6, 76.9);SD
Port:(400.2, 20.0)(400.2, 90.9)(297.6, 90.9)(297.6, 20.0);GATE
Port:(389.2, 26.5)(394.7, 26.5)(394.7, 84.4)(389.2, 84.4);SD
Module:M3
Boundary:(552.7, 235.9)(626.3, 235.9)(626.3, 236.0)(639.9, 236.0)(639.9, 412.0)(552.7, 412.0);GATE
Port:(565.9, 407.1)(626.7, 407.1)(626.7, 412.0)(565.9, 412.0);SD
Port:(552.7, 235.9)(626.3, 235.9)(626.3, 236.0)(639.9, 236.0)(639.9, 406.0)(552.7, 406.0);GATE
Port:(559.2, 241.4)(619.8, 241.4)(619.8, 247.0)(559.2, 247.0);SD
Module:M15
Boundary:(280.6, 120.9)(390.3, 120.9)(390.3, 277.2)(280.6, 277.2);GATE
Port:(294.9, 271.6)(376.0, 271.6)(376.0, 277.2)(294.9, 277.2);SD
Port:(280.6, 120.9)(390.3, 120.9)(390.3, 269.9)(280.6, 269.9);GATE
Port:(286.6, 125.9)(384.3, 125.9)(384.3, 133.0)(286.6, 133.0);SD
Module:M12
Boundary:(418.5, 297.2)(418.5, 395.7)(275.0, 395.7)(275.0, 297.2);GATE
Port:(275.0, 311.2)(279.3, 311.2)(279.3, 381.7)(275.0, 381.7);SD
Port:(418.5, 297.2)(418.5, 395.7)(280.9, 395.7)(280.9, 297.2);GATE
Port:(406.6, 303.6)(413.1, 303.6)(413.1, 389.3)(406.6, 389.3);SD
Module:M8
Boundary:(686.3, 178.6)(791.1, 178.6)(791.1, 259.8)(686.3, 259.8);GATE
Port:(698.2, 254.4)(779.2, 254.4)(779.2, 259.8)(698.2, 259.8);SD
Port:(686.3, 178.6)(791.1, 178.6)(791.1, 253.2)(686.3, 253.2);GATE
Port:(692.2, 183.5)(785.2, 183.5)(785.2, 188.6)(692.2, 188.6);SD
Module:M4
Boundary:(133.0, 20.0)(233.8, 20.0)(233.8, 20.4)(250.6, 20.4)(250.6, 176.1)(133.0, 176.1);GATE
Port:(145.9, 170.8)(237.7, 170.8)(237.7, 176.1)(145.9, 176.1);SD
Port:(133.0, 20.0)(233.8, 20.0)(233.8, 20.4)(250.6, 20.4)(250.6, 169.3)(133.0, 169.3);GATE
Port:(138.3, 24.3)(228.5, 24.3)(228.5, 30.1)(138.3, 30.1);SD
