Area:(-30.0, -30.0)(675.8, -30.0)(675.8, 549.3)(-30.0, 549.3)
Rule:GATE(5,5);SD(5,5);GATE_SD(0.5);GATE_ITO(0.5);SD_ITO(0.5)
Module:M14
Boundary:(225.2, 30.0)(225.2, 115.6)(30.0, 115.6)(30.0, 30.0);GATE
Port:(30.0, 43.6)(34.8, 43.6)(34.8, 102.0)(30.0, 102.0);SD
Port:(225.2, 30.0)(225.2, 115.6)(37.6, 115.6)(37.6, 30.0);GATE
Port:(214.7, 35.2)(221.0, 35.2)(221.0, 110.4)(214.7, 110.4);SD
Module:M9
Boundary:(216.0, 256.4)(216.0, 291.6)(215.9, 291.6)(215.9, 309.1)(10.0, 309.1)(10.0, 256.4);GATE
Port:(10.0, 270.5)(14.1, 270.5)(14.1, 295.0)(10.0, 295.0);SD
Port:(216.0, 256.4)(216.0, 291.6)(215.9, 291.6)(215.9, 309.1)(17.0, 309.1)(17.0, 256.4);GATE
Port:(205.0, 262.5)(210.9, 262.5)(210.9, 285.5)(205.0, 285.5);SD
Module:M5
Boundary:(545.3, 20.0)(545.3, 74.7)(545.2, 74.7)(545.2, 92.9)(408.6, 92.9)(408.6, 20.0);GATE
Port:(408.6, 34.6)(414.2, 34.6)(414.2, 78.3)(408.6, 78.3);SD
Port:(545.3, 20.0)(545.3, 74.7)(545.2, 74.7)(545.2, 92.9)(415.6, 92.9)(415.6, 20.0);GATE
Port:(534.1, 26.3)(540.0, 26.3)(540.0, 68.4)(534.1, 68.4);SD
Module:M11
Boundary:(324.1, 122.9)(393.1, 122.9)(393.1, 123.3)(410.5, 123.3)(410.5, 295.6)(324.1, 295.6);GATE
Port:(337.9, 289.7)(396.7, 289.7)(396.7, 295.6)(337.9, 295.6);SD
Port:(324.1, 122.9)(393.1, 122.9)(393.1, 123.3)(410.5, 123.3)(410.5, 287.8)(324.1, 287.8);GATE
Port:(329.8, 127.6)(387.4, 127.6)(387.4, 133.7)(329.8, 133.7);SD
Module:M1
Boundary:(561.1, 401.4)(625.9, 401.4)(625.9, 472.7)(561.1, 472.7);GATE
Port:(574.9, 466.8)(612.1, 466.8)(612.1, 472.7)(574.9, 472.7);SD
Port:(561.1, 401.4)(625.9, 401.4)(625.9, 465.1)(561.1, 465.1);GATE
Port:(567.6, 406.9)(619.4, 406.9)(619.4, 412.8)(567.6, 412.8);SD
Module:M6
Boundary:(417.4, 454.0)(417.4, 509.3)(207.8, 509.3)(207.8, 454.0);GATE
Port:(207.8, 468.2)(212.6, 468.2)(212.6, 495.1)(207.8, 495.1);SD
Port:(417.4, 454.0)(417.4, 509.3)(214.8, 509.3)(214.8, 454.0);GATE
Port:(406.4, 459.6)(412.8, 459.6)(412.8, 503.7)(406.4, 503.7);SD
Module:M2
Boundary:(368.6, 20.0)(368.6, 72.5)(368.4, 72.5)(368.4, 89.8)(275.2, 89.8)(275.2, 20.0);GATE
Port:(275.2, 34.5)(281.0, 34.5)(281.0, 75.3)(275.2, 75.3);SD
Port:(368.6, 20.0)(368.6, 72.5)(368.4, 72.5)(368.4, 89.8)(282.6, 89.8)(282.6, 20.0);GATE
Port:(357.3, 25.5)(364.1, 25.5)(364.1, 67.0)(357.3, 67.0);SD
Module:M16
Boundary:(575.3, 10.0)(635.8, 10.0)(635.8, 210.4)(575.3, 210.4);GATE
Port:(588.1, 204.8)(623.0, 204.8)(623.0, 210.4)(588.1, 210.4);SD
Port:(575.3, 10.0)(635.8, 10.0)(635.8, 202.8)(575.3, 202.8);GATE
Port:(581.3, 15.0)(629.8, 15.0)(629.8, 21.2)(581.3, 21.2);SD
Module:M13
Boundary:(231.9, 155.6)(231.9, 236.4)(10.0, 236.4)(10.0, 155.6);GATE
Port:(10.0, 168.5)(14.9, 168.5)(14.9, 223.5)(10.0, 223.5);SD
Port:(231.9, 155.6)(231.9, 236.4)(17.8, 236.4)(17.8, 155.6);GATE
Port:(222.1, 161.6)(226.9, 161.6)(226.9, 230.4)(222.1, 230.4);SD
Module:M10
Boundary:(251.9, 155.6)(287.8, 155.6)(287.8, 155.6)(304.1, 155.6)(304.1, 289.2)(251.9, 289.2);GATE
Port:(266.3, 284.8)(289.7, 284.8)(289.7, 289.2)(266.3, 289.2);SD
Port:(251.9, 155.6)(287.8, 155.6)(287.8, 155.6)(304.1, 155.6)(304.1, 282.2)(251.9, 282.2);GATE
Port:(257.7, 160.4)(282.0, 160.4)(282.0, 167.9)(257.7, 167.9);SD
Module:M7
Boundary:(447.4, 376.8)(511.1, 376.8)(511.1, 493.7)(447.4, 493.7);GATE
Port:(460.5, 489.1)(498.0, 489.1)(498.0, 493.7)(460.5, 493.7);SD
Port:(447.4, 376.8)(511.1, 376.8)(511.1, 487.0)(447.4, 487.0);GATE
Port:(452.7, 381.1)(505.8, 381.1)(505.8, 387.2)(452.7, 387.2);SD
Module:M3
Boundary:(434.7, 122.9)(524.7, 122.9)(524.7, 122.9)(542.5, 122.9)(542.5, 346.8)(434.7, 346.8);GATE
Port:(450.0, 341.0)(527.2, 341.0)(527.2, 346.8)(450.0, 346.8);SD
Port:(434.7, 122.9)(524.7, 122.9)(524.7, 122.9)(542.5, 122.9)(542.5, 338.0)(434.7, 338.0);GATE
Port:(440.5, 127.7)(518.9, 127.7)(518.9, 134.7)(440.5, 134.7);SD
Module:M15
Boundary:(414.7, 315.6)(414.7, 417.2)(414.7, 417.2)(414.7, 434.0)(236.0, 434.0)(236.0, 315.6);GATE
Port:(236.0, 329.0)(241.7, 329.0)(241.7, 420.6)(236.0, 420.6);SD
Port:(414.7, 315.6)(414.7, 417.2)(414.7, 417.2)(414.7, 434.0)(244.3, 434.0)(244.3, 315.6);GATE
Port:(404.0, 322.5)(408.8, 322.5)(408.8, 410.3)(404.0, 410.3);SD
Module:M12
Boundary:(194.3, 329.1)(194.3, 390.4)(194.2, 390.4)(194.2, 404.8)(10.0, 404.8)(10.0, 329.1);GATE
Port:(10.0, 341.9)(14.2, 341.9)(14.2, 392.0)(10.0, 392.0);SD
Port:(194.3, 329.1)(194.3, 390.4)(194.2, 390.4)(194.2, 404.8)(16.4, 404.8)(16.4, 329.1);GATE
Port:(183.2, 334.5)(189.9, 334.5)(189.9, 385.0)(183.2, 385.0);SD
Module:M8
Boundary:(177.8, 434.8)(177.8, 486.9)(177.7, 486.9)(177.7, 503.0)(20.0, 503.0)(20.0, 434.8);GATE
Port:(20.0, 449.6)(25.3, 449.6)(25.3, 488.2)(20.0, 488.2);SD
Port:(177.8, 434.8)(177.8, 486.9)(177.7, 486.9)(177.7, 503.0)(27.1, 503.0)(27.1, 434.8);GATE
Port:(166.0, 441.0)(172.6, 441.0)(172.6, 480.7)(166.0, 480.7);SD
Module:M4
Boundary:(572.5, 240.4)(635.6, 240.4)(635.6, 351.4)(572.5, 351.4);GATE
Port:(585.3, 346.0)(622.8, 346.0)(622.8, 351.4)(585.3, 351.4);SD
Port:(572.5, 240.4)(635.6, 240.4)(635.6, 344.4)(572.5, 344.4);GATE
Port:(578.4, 245.3)(629.7, 245.3)(629.7, 250.2)(578.4, 250.2);SD
