Area:(-30.0, -30.0)(799.2, -30.0)(799.2, 465.3)(-30.0, 465.3)
Rule:GATE(5,5);SD(5,5);GATE_SD(0.5);GATE_ITO(0.5);SD_ITO(0.5)
Module:M14
Boundary:(593.0, 310.0)(642.0, 310.0)(642.0, 402.4)(593.0, 402.4);GATE
Port:(605.8, 397.4)(629.2, 397.4)(629.2, 402.4)(605.8, 402.4);SD
Port:(593.0, 310.0)(642.0, 310.0)(642.0, 394.7)(593.0, 394.7);GATE
Port:(598.1, 314.1)(636.9, 314.1)(636.9, 320.6)(598.1, 320.6);SD
Module:M9
Boundary:(424.4, 300.4)(535.0, 300.4)(535.0, 300.9)(553.0, 300.9)(553.0, 425.3)(424.4, 425.3);GATE
Port:(440.0, 420.7)(537.4, 420.7)(537.4, 425.3)(440.0, 425.3);SD
Port:(424.4, 300.4)(535.0, 300.4)(535.0, 300.9)(553.0, 300.9)(553.0, 419.5)(424.4, 419.5);GATE
Port:(431.4, 306.4)(528.0, 306.4)(528.0, 312.6)(431.4, 312.6);SD
Module:M5
Boundary:(189.0, 341.9)(189.0, 398.6)(188.8, 398.6)(188.8, 412.0)(119.1, 412.0)(119.1, 341.9);GATE
Port:(119.1, 353.5)(124.5, 353.5)(124.5, 400.4)(119.1, 400.4);SD
Port:(189.0, 341.9)(189.0, 398.6)(188.8, 398.6)(188.8, 412.0)(126.0, 412.0)(126.0, 341.9);GATE
Port:(179.1, 347.2)(184.7, 347.2)(184.7, 393.3)(179.1, 393.3);SD
Module:M11
Boundary:(404.4, 313.3)(404.4, 419.7)(219.0, 419.7)(219.0, 313.3);GATE
Port:(219.0, 327.0)(224.2, 327.0)(224.2, 406.0)(219.0, 406.0);SD
Port:(404.4, 313.3)(404.4, 419.7)(225.7, 419.7)(225.7, 313.3);GATE
Port:(393.6, 319.5)(399.2, 319.5)(399.2, 413.5)(393.6, 413.5);SD
Module:M1
Boundary:(708.3, 30.0)(708.3, 106.5)(529.6, 106.5)(529.6, 30.0);GATE
Port:(529.6, 43.5)(535.5, 43.5)(535.5, 93.0)(529.6, 93.0);SD
Port:(708.3, 30.0)(708.3, 106.5)(536.6, 106.5)(536.6, 30.0);GATE
Port:(696.9, 37.0)(702.3, 37.0)(702.3, 99.5)(696.9, 99.5);SD
Module:M6
Boundary:(89.1, 331.9)(89.1, 411.3)(10.0, 411.3)(10.0, 331.9);GATE
Port:(10.0, 345.5)(16.0, 345.5)(16.0, 397.7)(10.0, 397.7);SD
Port:(89.1, 331.9)(89.1, 411.3)(17.8, 411.3)(17.8, 331.9);GATE
Port:(77.8, 337.1)(84.9, 337.1)(84.9, 406.1)(77.8, 406.1);SD
Module:M2
Boundary:(479.6, 20.0)(479.6, 106.4)(479.5, 106.4)(479.5, 119.7)(309.4, 119.7)(309.4, 20.0);GATE
Port:(309.4, 33.5)(313.5, 33.5)(313.5, 106.2)(309.4, 106.2);SD
Port:(479.6, 20.0)(479.6, 106.4)(479.5, 106.4)(479.5, 119.7)(314.5, 119.7)(314.5, 20.0);GATE
Port:(467.7, 26.5)(474.1, 26.5)(474.1, 99.9)(467.7, 99.9);SD
Module:M16
Boundary:(154.7, 237.5)(154.7, 311.9)(10.0, 311.9)(10.0, 237.5);GATE
Port:(10.0, 250.2)(15.0, 250.2)(15.0, 299.2)(10.0, 299.2);SD
Port:(154.7, 237.5)(154.7, 311.9)(17.3, 311.9)(17.3, 237.5);GATE
Port:(143.6, 244.2)(149.0, 244.2)(149.0, 305.2)(143.6, 305.2);SD
Module:M13
Boundary:(139.5, 133.5)(139.5, 217.5)(10.0, 217.5)(10.0, 133.5);GATE
Port:(10.0, 145.6)(14.4, 145.6)(14.4, 205.4)(10.0, 205.4);SD
Port:(139.5, 133.5)(139.5, 217.5)(16.6, 217.5)(16.6, 133.5);GATE
Port:(130.4, 139.1)(134.9, 139.1)(134.9, 211.9)(130.4, 211.9);SD
Module:M10
Boundary:(682.0, 279.4)(759.2, 279.4)(759.2, 424.7)(682.0, 424.7);GATE
Port:(695.3, 420.1)(745.9, 420.1)(745.9, 424.7)(695.3, 424.7);SD
Port:(682.0, 279.4)(759.2, 279.4)(759.2, 418.6)(682.0, 418.6);GATE
Port:(688.5, 284.9)(752.7, 284.9)(752.7, 290.5)(688.5, 290.5);SD
Module:M7
Boundary:(184.7, 132.4)(267.8, 132.4)(267.8, 283.3)(184.7, 283.3);GATE
Port:(197.5, 277.5)(255.0, 277.5)(255.0, 283.3)(197.5, 283.3);SD
Port:(184.7, 132.4)(267.8, 132.4)(267.8, 274.6)(184.7, 274.6);GATE
Port:(189.8, 136.5)(262.7, 136.5)(262.7, 143.2)(189.8, 143.2);SD
Module:M3
Boundary:(639.7, 149.7)(639.7, 253.1)(639.2, 253.1)(639.2, 270.0)(494.4, 270.0)(494.4, 149.7);GATE
Port:(494.4, 164.3)(500.3, 164.3)(500.3, 255.4)(494.4, 255.4);SD
Port:(639.7, 149.7)(639.7, 253.1)(639.2, 253.1)(639.2, 270.0)(502.4, 270.0)(502.4, 149.7);GATE
Port:(628.2, 155.5)(634.9, 155.5)(634.9, 247.3)(628.2, 247.3);SD
Module:M15
Boundary:(279.4, 10.0)(279.4, 102.4)(137.5, 102.4)(137.5, 10.0);GATE
Port:(137.5, 23.4)(142.4, 23.4)(142.4, 89.0)(137.5, 89.0);SD
Port:(279.4, 10.0)(279.4, 102.4)(145.2, 102.4)(145.2, 10.0);GATE
Port:(268.0, 15.4)(275.0, 15.4)(275.0, 97.0)(268.0, 97.0);SD
Module:M12
Boundary:(750.2, 146.5)(750.2, 243.9)(749.8, 243.9)(749.8, 259.4)(659.7, 259.4)(659.7, 146.5);GATE
Port:(659.7, 161.0)(664.7, 161.0)(664.7, 244.9)(659.7, 244.9);SD
Port:(750.2, 146.5)(750.2, 243.9)(749.8, 243.9)(749.8, 259.4)(667.0, 259.4)(667.0, 146.5);GATE
Port:(738.0, 152.9)(744.8, 152.9)(744.8, 237.5)(738.0, 237.5);SD
Module:M8
Boundary:(107.5, 20.0)(107.5, 103.5)(20.0, 103.5)(20.0, 20.0);GATE
Port:(20.0, 33.0)(25.0, 33.0)(25.0, 90.5)(20.0, 90.5);SD
Port:(107.5, 20.0)(107.5, 103.5)(26.9, 103.5)(26.9, 20.0);GATE
Port:(96.3, 25.1)(103.4, 25.1)(103.4, 98.4)(96.3, 98.4);SD
Module:M4
Boundary:(464.4, 159.7)(464.4, 270.4)(309.4, 270.4)(309.4, 159.7);GATE
Port:(309.4, 172.4)(315.3, 172.4)(315.3, 257.7)(309.4, 257.7);SD
Port:(464.4, 159.7)(464.4, 270.4)(316.7, 270.4)(316.7, 159.7);GATE
Port:(453.8, 166.1)(459.0, 166.1)(459.0, 264.0)(453.8, 264.0);SD
