Area:(-30.0, -30.0)(374.9, -30.0)(374.9, 1072.4)(-30.0, 1072.4)
Rule:GATE(5,5);SD(5,5);GATE_SD(0.5);GATE_ITO(0.5);SD_ITO(0.5)
Module:M14
Boundary:(252.3, 30.0)(316.1, 30.0)(316.1, 226.2)(252.3, 226.2);GATE
Port:(266.4, 222.0)(302.0, 222.0)(302.0, 226.2)(266.4, 226.2);SD
Port:(252.3, 30.0)(316.1, 30.0)(316.1, 219.2)(252.3, 219.2);GATE
Port:(258.1, 34.8)(310.3, 34.8)(310.3, 42.3)(258.1, 42.3);SD
Module:M9
Boundary:(10.0, 10.0)(86.0, 10.0)(86.0, 10.2)(105.0, 10.2)(105.0, 231.4)(10.0, 231.4);GATE
Port:(25.2, 225.8)(89.8, 225.8)(89.8, 231.4)(25.2, 231.4);SD
Port:(10.0, 10.0)(86.0, 10.0)(86.0, 10.2)(105.0, 10.2)(105.0, 224.4)(10.0, 224.4);GATE
Port:(15.4, 14.4)(80.6, 14.4)(80.6, 21.8)(15.4, 21.8);SD
Module:M5
Boundary:(252.0, 643.9)(298.8, 643.9)(298.8, 643.9)(314.0, 643.9)(314.0, 816.5)(252.0, 816.5);GATE
Port:(264.5, 812.3)(301.5, 812.3)(301.5, 816.5)(264.5, 816.5);SD
Port:(252.0, 643.9)(298.8, 643.9)(298.8, 643.9)(314.0, 643.9)(314.0, 811.2)(252.0, 811.2);GATE
Port:(257.3, 648.2)(293.5, 648.2)(293.5, 654.0)(257.3, 654.0);SD
Module:M11
Boundary:(10.0, 832.7)(83.2, 832.7)(83.2, 832.7)(101.2, 832.7)(101.2, 1025.8)(10.0, 1025.8);GATE
Port:(25.2, 1021.7)(86.0, 1021.7)(86.0, 1025.8)(25.2, 1025.8);SD
Port:(10.0, 832.7)(83.2, 832.7)(83.2, 832.7)(101.2, 832.7)(101.2, 1018.7)(10.0, 1018.7);GATE
Port:(15.5, 837.2)(77.7, 837.2)(77.7, 844.7)(15.5, 844.7);SD
Module:M1
Boundary:(143.2, 918.4)(228.3, 918.4)(228.3, 918.8)(244.9, 918.8)(244.9, 1014.8)(143.2, 1014.8);GATE
Port:(157.6, 1010.4)(230.5, 1010.4)(230.5, 1014.8)(157.6, 1014.8);SD
Port:(143.2, 918.4)(228.3, 918.4)(228.3, 918.8)(244.9, 918.8)(244.9, 1008.1)(143.2, 1008.1);GATE
Port:(148.5, 922.7)(223.0, 922.7)(223.0, 930.0)(148.5, 930.0);SD
Module:M6
Boundary:(123.2, 761.4)(222.0, 761.4)(222.0, 878.4)(123.2, 878.4);GATE
Port:(136.7, 873.2)(208.5, 873.2)(208.5, 878.4)(136.7, 878.4);SD
Port:(123.2, 761.4)(222.0, 761.4)(222.0, 872.0)(123.2, 872.0);GATE
Port:(129.9, 767.1)(215.3, 767.1)(215.3, 771.9)(129.9, 771.9);SD
Module:M2
Boundary:(20.0, 261.4)(123.7, 261.4)(123.7, 360.6)(20.0, 360.6);GATE
Port:(32.4, 356.1)(111.3, 356.1)(111.3, 360.6)(32.4, 360.6);SD
Port:(20.0, 261.4)(123.7, 261.4)(123.7, 354.1)(20.0, 354.1);GATE
Port:(25.1, 265.5)(118.6, 265.5)(118.6, 271.7)(25.1, 271.7);SD
Module:M16
Boundary:(103.2, 685.7)(103.2, 812.7)(10.0, 812.7)(10.0, 685.7);GATE
Port:(10.0, 701.3)(14.2, 701.3)(14.2, 797.1)(10.0, 797.1);SD
Port:(103.2, 685.7)(103.2, 812.7)(16.9, 812.7)(16.9, 685.7);GATE
Port:(90.3, 692.5)(97.4, 692.5)(97.4, 805.9)(90.3, 805.9);SD
Module:M13
Boundary:(180.4, 390.6)(180.4, 498.5)(10.0, 498.5)(10.0, 390.6);GATE
Port:(10.0, 404.9)(15.9, 404.9)(15.9, 484.2)(10.0, 484.2);SD
Port:(180.4, 390.6)(180.4, 498.5)(17.6, 498.5)(17.6, 390.6);GATE
Port:(168.8, 397.1)(174.9, 397.1)(174.9, 492.0)(168.8, 492.0);SD
Module:M10
Boundary:(284.9, 846.5)(314.9, 846.5)(314.9, 846.5)(329.5, 846.5)(329.5, 1032.4)(284.9, 1032.4);GATE
Port:(296.7, 1028.1)(317.7, 1028.1)(317.7, 1032.4)(296.7, 1032.4);SD
Port:(284.9, 846.5)(314.9, 846.5)(314.9, 846.5)(329.5, 846.5)(329.5, 1026.8)(284.9, 1026.8);GATE
Port:(290.1, 850.7)(309.7, 850.7)(309.7, 856.1)(290.1, 856.1);SD
Module:M7
Boundary:(210.4, 382.3)(306.7, 382.3)(306.7, 382.9)(322.8, 382.9)(322.8, 478.0)(210.4, 478.0);GATE
Port:(222.4, 472.2)(310.8, 472.2)(310.8, 478.0)(222.4, 478.0);SD
Port:(210.4, 382.3)(306.7, 382.3)(306.7, 382.9)(322.8, 382.9)(322.8, 469.5)(210.4, 469.5);GATE
Port:(216.2, 387.1)(300.9, 387.1)(300.9, 391.8)(216.2, 391.8);SD
Module:M3
Boundary:(323.3, 266.2)(323.3, 352.3)(153.7, 352.3)(153.7, 266.2);GATE
Port:(153.7, 279.8)(159.3, 279.8)(159.3, 338.7)(153.7, 338.7);SD
Port:(323.3, 266.2)(323.3, 352.3)(161.2, 352.3)(161.2, 266.2);GATE
Port:(312.0, 271.8)(318.7, 271.8)(318.7, 346.7)(312.0, 346.7);SD
Module:M15
Boundary:(211.5, 685.7)(211.5, 741.4)(123.2, 741.4)(123.2, 685.7);GATE
Port:(123.2, 697.0)(128.5, 697.0)(128.5, 730.1)(123.2, 730.1);SD
Port:(211.5, 685.7)(211.5, 741.4)(129.9, 741.4)(129.9, 685.7);GATE
Port:(202.1, 691.1)(207.1, 691.1)(207.1, 736.0)(202.1, 736.0);SD
Module:M12
Boundary:(334.9, 508.0)(334.9, 613.9)(228.9, 613.9)(228.9, 508.0);GATE
Port:(228.9, 521.1)(234.3, 521.1)(234.3, 600.8)(228.9, 600.8);SD
Port:(334.9, 508.0)(334.9, 613.9)(237.1, 613.9)(237.1, 508.0);GATE
Port:(325.0, 513.3)(330.6, 513.3)(330.6, 608.6)(325.0, 608.6);SD
Module:M8
Boundary:(135.0, 20.0)(184.9, 20.0)(184.9, 20.0)(202.3, 20.0)(202.3, 209.1)(135.0, 209.1);GATE
Port:(147.3, 204.6)(190.0, 204.6)(190.0, 209.1)(147.3, 209.1);SD
Port:(135.0, 20.0)(184.9, 20.0)(184.9, 20.0)(202.3, 20.0)(202.3, 203.2)(135.0, 203.2);GATE
Port:(140.3, 24.3)(179.6, 24.3)(179.6, 29.6)(140.3, 29.6);SD
Module:M4
Boundary:(198.9, 528.5)(198.9, 637.1)(198.5, 637.1)(198.5, 655.7)(20.0, 655.7)(20.0, 528.5);GATE
Port:(20.0, 541.7)(25.1, 541.7)(25.1, 642.5)(20.0, 642.5);SD
Port:(198.9, 528.5)(198.9, 637.1)(198.5, 637.1)(198.5, 655.7)(27.9, 655.7)(27.9, 528.5);GATE
Port:(188.9, 533.7)(194.7, 533.7)(194.7, 631.9)(188.9, 631.9);SD
