Area:(-30.0, -30.0)(553.6, -30.0)(553.6, 671.9)(-30.0, 671.9)
Rule:GATE(5,5);SD(5,5);GATE_SD(0.5);GATE_ITO(0.5);SD_ITO(0.5)
Module:M14
Boundary:(101.1, 143.1)(169.7, 143.1)(169.7, 143.5)(186.4, 143.5)(186.4, 330.9)(101.1, 330.9);GATE
Port:(115.4, 326.1)(172.1, 326.1)(172.1, 330.9)(115.4, 330.9);SD
Port:(101.1, 143.1)(169.7, 143.1)(169.7, 143.5)(186.4, 143.5)(186.4, 323.6)(101.1, 323.6);GATE
Port:(107.9, 148.9)(162.9, 148.9)(162.9, 154.1)(107.9, 154.1);SD
Module:M9
Boundary:(147.5, 370.9)(201.0, 370.9)(201.0, 371.1)(217.1, 371.1)(217.1, 532.4)(147.5, 532.4);GATE
Port:(162.4, 527.7)(202.2, 527.7)(202.2, 532.4)(162.4, 532.4);SD
Port:(147.5, 370.9)(201.0, 370.9)(201.0, 371.1)(217.1, 371.1)(217.1, 524.7)(147.5, 524.7);GATE
Port:(154.3, 376.7)(194.2, 376.7)(194.2, 384.0)(154.3, 384.0);SD
Module:M5
Boundary:(217.7, 20.0)(217.7, 75.7)(217.4, 75.7)(217.4, 93.1)(20.0, 93.1)(20.0, 20.0);GATE
Port:(20.0, 35.7)(24.8, 35.7)(24.8, 77.4)(20.0, 77.4);SD
Port:(217.7, 20.0)(217.7, 75.7)(217.4, 75.7)(217.4, 93.1)(26.2, 93.1)(26.2, 20.0);GATE
Port:(204.9, 26.7)(212.0, 26.7)(212.0, 69.0)(204.9, 69.0);SD
Module:M11
Boundary:(237.1, 320.0)(313.1, 320.0)(313.1, 479.3)(237.1, 479.3);GATE
Port:(251.2, 473.8)(299.0, 473.8)(299.0, 479.3)(251.2, 479.3);SD
Port:(237.1, 320.0)(313.1, 320.0)(313.1, 472.1)(237.1, 472.1);GATE
Port:(244.0, 325.9)(306.2, 325.9)(306.2, 332.4)(244.0, 332.4);SD
Module:M1
Boundary:(497.2, 126.8)(497.2, 225.2)(496.7, 225.2)(496.7, 241.6)(419.0, 241.6)(419.0, 126.8);GATE
Port:(419.0, 139.4)(424.7, 139.4)(424.7, 229.0)(419.0, 229.0);SD
Port:(497.2, 126.8)(497.2, 225.2)(496.7, 225.2)(496.7, 241.6)(426.9, 241.6)(426.9, 126.8);GATE
Port:(487.3, 132.5)(492.5, 132.5)(492.5, 219.5)(487.3, 219.5);SD
Module:M6
Boundary:(10.0, 123.1)(45.5, 123.1)(45.5, 123.2)(61.1, 123.2)(61.1, 312.1)(10.0, 312.1);GATE
Port:(23.9, 307.4)(47.2, 307.4)(47.2, 312.1)(23.9, 312.1);SD
Port:(10.0, 123.1)(45.5, 123.1)(45.5, 123.2)(61.1, 123.2)(61.1, 304.5)(10.0, 304.5);GATE
Port:(16.8, 128.9)(38.7, 128.9)(38.7, 135.2)(16.8, 135.2);SD
Module:M2
Boundary:(442.4, 291.6)(491.8, 291.6)(491.8, 291.6)(507.4, 291.6)(507.4, 474.1)(442.4, 474.1);GATE
Port:(455.5, 469.3)(494.3, 469.3)(494.3, 474.1)(455.5, 474.1);SD
Port:(442.4, 291.6)(491.8, 291.6)(491.8, 291.6)(507.4, 291.6)(507.4, 467.2)(442.4, 467.2);GATE
Port:(448.6, 296.8)(485.6, 296.8)(485.6, 302.3)(448.6, 302.3);SD
Module:M16
Boundary:(10.0, 523.4)(104.5, 523.4)(104.5, 523.8)(119.7, 523.8)(119.7, 631.9)(10.0, 631.9);GATE
Port:(23.1, 625.9)(106.6, 625.9)(106.6, 631.9)(23.1, 631.9);SD
Port:(10.0, 523.4)(104.5, 523.4)(104.5, 523.8)(119.7, 523.8)(119.7, 623.3)(10.0, 623.3);GATE
Port:(16.8, 529.2)(97.7, 529.2)(97.7, 534.4)(16.8, 534.4);SD
Module:M13
Boundary:(440.0, 504.1)(505.9, 504.1)(505.9, 629.7)(440.0, 629.7);GATE
Port:(453.7, 625.6)(492.2, 625.6)(492.2, 629.7)(453.7, 629.7);SD
Port:(440.0, 504.1)(505.9, 504.1)(505.9, 622.8)(440.0, 622.8);GATE
Port:(445.7, 508.8)(500.2, 508.8)(500.2, 515.9)(445.7, 515.9);SD
Module:M10
Boundary:(333.1, 320.0)(412.4, 320.0)(412.4, 491.2)(333.1, 491.2);GATE
Port:(346.0, 485.6)(399.5, 485.6)(399.5, 491.2)(346.0, 491.2);SD
Port:(333.1, 320.0)(412.4, 320.0)(412.4, 483.3)(333.1, 483.3);GATE
Port:(338.3, 324.2)(407.2, 324.2)(407.2, 329.7)(338.3, 329.7);SD
Module:M7
Boundary:(410.0, 521.2)(410.0, 603.5)(287.0, 603.5)(287.0, 521.2);GATE
Port:(287.0, 531.8)(291.4, 531.8)(291.4, 592.9)(287.0, 592.9);SD
Port:(410.0, 521.2)(410.0, 603.5)(292.6, 603.5)(292.6, 521.2);GATE
Port:(401.0, 526.4)(405.8, 526.4)(405.8, 598.3)(401.0, 598.3);SD
Module:M3
Boundary:(127.5, 370.9)(127.5, 484.6)(127.0, 484.6)(127.0, 503.4)(10.0, 503.4)(10.0, 370.9);GATE
Port:(10.0, 386.3)(15.1, 386.3)(15.1, 488.0)(10.0, 488.0);SD
Port:(127.5, 370.9)(127.5, 484.6)(127.0, 484.6)(127.0, 503.4)(17.5, 503.4)(17.5, 370.9);GATE
Port:(115.2, 377.6)(121.8, 377.6)(121.8, 477.9)(115.2, 477.9);SD
Module:M15
Boundary:(513.6, 10.0)(513.6, 72.5)(513.5, 72.5)(513.5, 86.8)(392.5, 86.8)(392.5, 10.0);GATE
Port:(392.5, 23.7)(396.8, 23.7)(396.8, 73.1)(392.5, 73.1);SD
Port:(513.6, 10.0)(513.6, 72.5)(513.5, 72.5)(513.5, 86.8)(399.0, 86.8)(399.0, 10.0);GATE
Port:(501.4, 16.9)(507.7, 16.9)(507.7, 65.6)(501.4, 65.6);SD
Module:M12
Boundary:(257.0, 552.4)(257.0, 612.9)(256.8, 612.9)(256.8, 627.0)(147.5, 627.0)(147.5, 552.4);GATE
Port:(147.5, 564.9)(152.6, 564.9)(152.6, 614.5)(147.5, 614.5);SD
Port:(257.0, 552.4)(257.0, 612.9)(256.8, 612.9)(256.8, 627.0)(154.2, 627.0)(154.2, 552.4);GATE
Port:(246.1, 558.8)(251.6, 558.8)(251.6, 606.5)(246.1, 606.5);SD
Module:M8
Boundary:(369.0, 169.8)(369.0, 273.0)(368.5, 273.0)(368.5, 290.0)(236.4, 290.0)(236.4, 169.8);GATE
Port:(236.4, 183.9)(241.7, 183.9)(241.7, 275.9)(236.4, 275.9);SD
Port:(369.0, 169.8)(369.0, 273.0)(368.5, 273.0)(368.5, 290.0)(243.8, 290.0)(243.8, 169.8);GATE
Port:(357.9, 175.3)(364.5, 175.3)(364.5, 267.5)(357.9, 267.5);SD
Module:M4
Boundary:(257.7, 20.0)(362.5, 20.0)(362.5, 129.8)(257.7, 129.8);GATE
Port:(272.7, 124.2)(347.5, 124.2)(347.5, 129.8)(272.7, 129.8);SD
Port:(257.7, 20.0)(362.5, 20.0)(362.5, 122.9)(257.7, 122.9);GATE
Port:(264.3, 25.6)(355.9, 25.6)(355.9, 32.2)(264.3, 32.2);SD
