Area:(-30.0, -30.0)(836.4, -30.0)(836.4, 465.7)(-30.0, 465.7)
Rule:GATE(5,5);SD(5,5);GATE_SD(0.5);GATE_ITO(0.5);SD_ITO(0.5)
Module:M14
Boundary:(460.1, 328.1)(460.1, 391.5)(459.8, 391.5)(459.8, 406.7)(275.8, 406.7)(275.8, 328.1);GATE
Port:(275.8, 341.0)(281.5, 341.0)(281.5, 393.8)(275.8, 393.8);SD
Port:(460.1, 328.1)(460.1, 391.5)(459.8, 391.5)(459.8, 406.7)(284.3, 406.7)(284.3, 328.1);GATE
Port:(449.1, 334.0)(455.2, 334.0)(455.2, 385.6)(449.1, 385.6);SD
Module:M9
Boundary:(770.2, 170.1)(770.2, 272.9)(582.9, 272.9)(582.9, 170.1);GATE
Port:(582.9, 184.1)(587.5, 184.1)(587.5, 258.9)(582.9, 258.9);SD
Port:(770.2, 170.1)(770.2, 272.9)(588.9, 272.9)(588.9, 170.1);GATE
Port:(759.0, 176.0)(765.3, 176.0)(765.3, 267.0)(759.0, 267.0);SD
Module:M5
Boundary:(225.8, 316.0)(225.8, 409.0)(225.7, 409.0)(225.7, 424.1)(20.0, 424.1)(20.0, 316.0);GATE
Port:(20.0, 329.3)(24.6, 329.3)(24.6, 410.8)(20.0, 410.8);SD
Port:(225.8, 316.0)(225.8, 409.0)(225.7, 409.0)(225.7, 424.1)(26.3, 424.1)(26.3, 316.0);GATE
Port:(214.6, 321.3)(221.5, 321.3)(221.5, 403.7)(214.6, 403.7);SD
Module:M11
Boundary:(10.0, 10.0)(117.8, 10.0)(117.8, 123.9)(10.0, 123.9);GATE
Port:(23.9, 119.2)(103.9, 119.2)(103.9, 123.9)(23.9, 123.9);SD
Port:(10.0, 10.0)(117.8, 10.0)(117.8, 117.1)(10.0, 117.1);GATE
Port:(16.8, 15.8)(111.0, 15.8)(111.0, 21.7)(16.8, 21.7);SD
Module:M1
Boundary:(651.2, 30.0)(651.2, 112.0)(651.2, 112.0)(651.2, 128.5)(545.4, 128.5)(545.4, 30.0);GATE
Port:(545.4, 43.1)(550.5, 43.1)(550.5, 115.4)(545.4, 115.4);SD
Port:(651.2, 30.0)(651.2, 112.0)(651.2, 112.0)(651.2, 128.5)(553.2, 128.5)(553.2, 30.0);GATE
Port:(641.3, 35.0)(647.2, 35.0)(647.2, 107.0)(641.3, 107.0);SD
Module:M6
Boundary:(410.6, 207.0)(410.6, 272.8)(410.5, 272.8)(410.5, 288.1)(255.8, 288.1)(255.8, 207.0);GATE
Port:(255.8, 220.8)(260.8, 220.8)(260.8, 274.3)(255.8, 274.3);SD
Port:(410.6, 207.0)(410.6, 272.8)(410.5, 272.8)(410.5, 288.1)(262.3, 288.1)(262.3, 207.0);GATE
Port:(398.7, 213.5)(405.1, 213.5)(405.1, 266.3)(398.7, 266.3);SD
Module:M2
Boundary:(427.7, 20.0)(479.5, 20.0)(479.5, 20.0)(495.4, 20.0)(495.4, 128.4)(427.7, 128.4);GATE
Port:(442.5, 123.8)(480.6, 123.8)(480.6, 128.4)(442.5, 128.4);SD
Port:(427.7, 20.0)(479.5, 20.0)(479.5, 20.0)(495.4, 20.0)(495.4, 122.4)(427.7, 122.4);GATE
Port:(434.3, 25.6)(472.9, 25.6)(472.9, 32.1)(434.3, 32.1);SD
Module:M16
Boundary:(796.4, 292.9)(796.4, 425.7)(632.7, 425.7)(632.7, 292.9);GATE
Port:(632.7, 307.9)(636.8, 307.9)(636.8, 410.7)(632.7, 410.7);SD
Port:(796.4, 292.9)(796.4, 425.7)(638.6, 425.7)(638.6, 292.9);GATE
Port:(784.9, 299.4)(790.9, 299.4)(790.9, 419.2)(784.9, 419.2);SD
Module:M13
Boundary:(108.3, 143.9)(108.3, 241.2)(10.0, 241.2)(10.0, 143.9);GATE
Port:(10.0, 156.4)(14.3, 156.4)(14.3, 228.7)(10.0, 228.7);SD
Port:(108.3, 143.9)(108.3, 241.2)(16.9, 241.2)(16.9, 143.9);GATE
Port:(97.6, 149.3)(103.9, 149.3)(103.9, 235.8)(97.6, 235.8);SD
Module:M10
Boundary:(234.2, 232.9)(234.2, 268.8)(234.0, 268.8)(234.0, 286.0)(128.3, 286.0)(128.3, 232.9);GATE
Port:(128.3, 247.4)(134.0, 247.4)(134.0, 271.5)(128.3, 271.5);SD
Port:(234.2, 232.9)(234.2, 268.8)(234.0, 268.8)(234.0, 286.0)(136.8, 286.0)(136.8, 232.9);GATE
Port:(223.0, 239.1)(229.0, 239.1)(229.0, 262.6)(223.0, 262.6);SD
Module:M7
Boundary:(602.7, 313.9)(602.7, 406.1)(602.6, 406.1)(602.6, 424.5)(510.1, 424.5)(510.1, 313.9);GATE
Port:(510.1, 328.5)(515.2, 328.5)(515.2, 409.9)(510.1, 409.9);SD
Port:(602.7, 313.9)(602.7, 406.1)(602.6, 406.1)(602.6, 424.5)(517.4, 424.5)(517.4, 313.9);GATE
Port:(590.9, 319.2)(598.4, 319.2)(598.4, 400.8)(590.9, 400.8);SD
Module:M3
Boundary:(562.9, 168.5)(562.9, 283.9)(430.6, 283.9)(430.6, 168.5);GATE
Port:(430.6, 182.5)(435.1, 182.5)(435.1, 269.9)(430.6, 269.9);SD
Port:(562.9, 168.5)(562.9, 283.9)(437.7, 283.9)(437.7, 168.5);GATE
Port:(551.0, 174.4)(558.0, 174.4)(558.0, 278.0)(551.0, 278.0);SD
Module:M15
Boundary:(397.7, 10.0)(397.7, 96.7)(244.2, 96.7)(244.2, 10.0);GATE
Port:(244.2, 21.9)(249.8, 21.9)(249.8, 84.8)(244.2, 84.8);SD
Port:(397.7, 10.0)(397.7, 96.7)(251.8, 96.7)(251.8, 10.0);GATE
Port:(388.2, 15.9)(392.8, 15.9)(392.8, 90.8)(388.2, 90.8);SD
Module:M12
Boundary:(137.8, 10.0)(207.2, 10.0)(207.2, 10.1)(224.2, 10.1)(224.2, 212.9)(137.8, 212.9);GATE
Port:(151.8, 207.4)(210.2, 207.4)(210.2, 212.9)(151.8, 212.9);SD
Port:(137.8, 10.0)(207.2, 10.0)(207.2, 10.1)(224.2, 10.1)(224.2, 206.2)(137.8, 206.2);GATE
Port:(144.3, 15.5)(200.7, 15.5)(200.7, 21.2)(144.3, 21.2);SD
Module:M8
Boundary:(371.8, 126.7)(371.8, 177.0)(264.2, 177.0)(264.2, 126.7);GATE
Port:(264.2, 141.4)(268.4, 141.4)(268.4, 162.3)(264.2, 162.3);SD
Port:(371.8, 126.7)(371.8, 177.0)(270.0, 177.0)(270.0, 126.7);GATE
Port:(359.5, 133.1)(366.4, 133.1)(366.4, 170.6)(359.5, 170.6);SD
Module:M4
Boundary:(795.6, 20.0)(795.6, 123.2)(795.2, 123.2)(795.2, 140.1)(701.2, 140.1)(701.2, 20.0);GATE
Port:(701.2, 34.1)(706.6, 34.1)(706.6, 126.0)(701.2, 126.0);SD
Port:(795.6, 20.0)(795.6, 123.2)(795.2, 123.2)(795.2, 140.1)(709.4, 140.1)(709.4, 20.0);GATE
Port:(784.1, 26.7)(789.9, 26.7)(789.9, 116.5)(784.1, 116.5);SD
