Area:(-30.0, -30.0)(464.1, -30.0)(464.1, 842.0)(-30.0, 842.0)
Rule:GATE(5,5);SD(5,5);GATE_SD(0.5);GATE_ITO(0.5);SD_ITO(0.5)
Module:M14
Boundary:(195.6, 588.5)(282.6, 588.5)(282.6, 671.0)(195.6, 671.0);GATE
Port:(208.3, 665.1)(269.9, 665.1)(269.9, 671.0)(208.3, 671.0);SD
Port:(195.6, 588.5)(282.6, 588.5)(282.6, 663.9)(195.6, 663.9);GATE
Port:(201.0, 592.9)(277.2, 592.9)(277.2, 598.2)(201.0, 598.2);SD
Module:M9
Boundary:(356.2, 403.4)(424.1, 403.4)(424.1, 597.0)(356.2, 597.0);GATE
Port:(371.6, 592.3)(408.7, 592.3)(408.7, 597.0)(371.6, 597.0);SD
Port:(356.2, 403.4)(424.1, 403.4)(424.1, 590.2)(356.2, 590.2);GATE
Port:(362.8, 409.0)(417.5, 409.0)(417.5, 416.6)(362.8, 416.6);SD
Module:M5
Boundary:(20.0, 217.2)(116.1, 217.2)(116.1, 217.5)(132.0, 217.5)(132.0, 405.0)(20.0, 405.0);GATE
Port:(32.3, 400.9)(119.7, 400.9)(119.7, 405.0)(32.3, 405.0);SD
Port:(20.0, 217.2)(116.1, 217.2)(116.1, 217.5)(132.0, 217.5)(132.0, 399.2)(20.0, 399.2);GATE
Port:(26.4, 222.6)(109.7, 222.6)(109.7, 227.3)(26.4, 227.3);SD
Module:M11
Boundary:(326.8, 617.0)(423.0, 617.0)(423.0, 802.0)(326.8, 802.0);GATE
Port:(340.1, 796.2)(409.7, 796.2)(409.7, 802.0)(340.1, 802.0);SD
Port:(326.8, 617.0)(423.0, 617.0)(423.0, 793.8)(326.8, 793.8);GATE
Port:(332.3, 621.5)(417.5, 621.5)(417.5, 628.6)(332.3, 628.6);SD
Module:M1
Boundary:(30.0, 455.0)(109.1, 455.0)(109.1, 544.8)(30.0, 544.8);GATE
Port:(43.0, 540.6)(96.1, 540.6)(96.1, 544.8)(43.0, 544.8);SD
Port:(30.0, 455.0)(109.1, 455.0)(109.1, 538.5)(30.0, 538.5);GATE
Port:(36.8, 460.8)(102.3, 460.8)(102.3, 466.2)(36.8, 466.2);SD
Module:M6
Boundary:(10.0, 10.0)(53.0, 10.0)(53.0, 10.0)(66.9, 10.0)(66.9, 187.2)(10.0, 187.2);GATE
Port:(21.1, 181.4)(55.8, 181.4)(55.8, 187.2)(21.1, 187.2);SD
Port:(10.0, 10.0)(53.0, 10.0)(53.0, 10.0)(66.9, 10.0)(66.9, 179.9)(10.0, 179.9);GATE
Port:(15.2, 14.2)(47.8, 14.2)(47.8, 19.4)(15.2, 19.4);SD
Module:M2
Boundary:(172.0, 213.7)(285.3, 213.7)(285.3, 422.2)(172.0, 422.2);GATE
Port:(186.4, 417.4)(270.9, 417.4)(270.9, 422.2)(186.4, 422.2);SD
Port:(172.0, 213.7)(285.3, 213.7)(285.3, 415.5)(172.0, 415.5);GATE
Port:(177.6, 218.3)(279.7, 218.3)(279.7, 224.7)(177.6, 224.7);SD
Module:M16
Boundary:(86.9, 10.0)(156.2, 10.0)(156.2, 183.7)(86.9, 183.7);GATE
Port:(99.4, 178.0)(143.7, 178.0)(143.7, 183.7)(99.4, 183.7);SD
Port:(86.9, 10.0)(156.2, 10.0)(156.2, 175.5)(86.9, 175.5);GATE
Port:(92.3, 14.4)(150.8, 14.4)(150.8, 19.2)(92.3, 19.2);SD
Module:M13
Boundary:(294.2, 93.5)(294.2, 163.7)(294.2, 163.7)(294.2, 180.4)(176.2, 180.4)(176.2, 93.5);GATE
Port:(176.2, 108.5)(181.8, 108.5)(181.8, 165.4)(176.2, 165.4);SD
Port:(294.2, 93.5)(294.2, 163.7)(294.2, 163.7)(294.2, 180.4)(183.5, 180.4)(183.5, 93.5);GATE
Port:(282.4, 100.4)(288.3, 100.4)(288.3, 156.8)(282.4, 156.8);SD
Module:M10
Boundary:(208.7, 720.0)(208.7, 768.5)(208.4, 768.5)(208.4, 784.3)(10.0, 784.3)(10.0, 720.0);GATE
Port:(10.0, 732.8)(14.5, 732.8)(14.5, 771.5)(10.0, 771.5);SD
Port:(208.7, 720.0)(208.7, 768.5)(208.4, 768.5)(208.4, 784.3)(17.4, 784.3)(17.4, 720.0);GATE
Port:(198.5, 725.7)(204.0, 725.7)(204.0, 762.8)(198.5, 762.8);SD
Module:M7
Boundary:(145.6, 594.8)(145.6, 674.4)(145.4, 674.4)(145.4, 690.0)(20.0, 690.0)(20.0, 594.8);GATE
Port:(20.0, 607.6)(25.3, 607.6)(25.3, 677.2)(20.0, 677.2);SD
Port:(145.6, 594.8)(145.6, 674.4)(145.4, 674.4)(145.4, 690.0)(27.6, 690.0)(27.6, 594.8);GATE
Port:(135.2, 600.8)(140.6, 600.8)(140.6, 668.4)(135.2, 668.4);SD
Module:M3
Boundary:(336.2, 452.2)(336.2, 548.5)(149.1, 548.5)(149.1, 452.2);GATE
Port:(149.1, 463.9)(153.3, 463.9)(153.3, 536.8)(149.1, 536.8);SD
Port:(336.2, 452.2)(336.2, 548.5)(156.3, 548.5)(156.3, 452.2);GATE
Port:(327.0, 457.7)(331.7, 457.7)(331.7, 543.0)(327.0, 543.0);SD
Module:M15
Boundary:(306.8, 711.0)(306.8, 798.4)(228.7, 798.4)(228.7, 711.0);GATE
Port:(228.7, 722.6)(233.0, 722.6)(233.0, 786.8)(228.7, 786.8);SD
Port:(306.8, 711.0)(306.8, 798.4)(235.6, 798.4)(235.6, 711.0);GATE
Port:(296.8, 716.4)(302.4, 716.4)(302.4, 793.0)(296.8, 793.0);SD
Module:M12
Boundary:(298.8, 10.0)(298.8, 73.5)(176.2, 73.5)(176.2, 10.0);GATE
Port:(176.2, 22.2)(180.8, 22.2)(180.8, 61.3)(176.2, 61.3);SD
Port:(298.8, 10.0)(298.8, 73.5)(182.7, 73.5)(182.7, 10.0);GATE
Port:(288.8, 16.3)(293.5, 16.3)(293.5, 67.2)(288.8, 67.2);SD
Module:M8
Boundary:(325.3, 178.1)(397.0, 178.1)(397.0, 178.4)(413.9, 178.4)(413.9, 373.4)(325.3, 373.4);GATE
Port:(340.3, 368.4)(398.9, 368.4)(398.9, 373.4)(340.3, 373.4);SD
Port:(325.3, 178.1)(397.0, 178.1)(397.0, 178.4)(413.9, 178.4)(413.9, 365.4)(325.3, 365.4);GATE
Port:(332.0, 183.8)(390.3, 183.8)(390.3, 191.0)(332.0, 191.0);SD
Module:M4
Boundary:(409.7, 20.0)(409.7, 122.5)(376.0, 122.5)(376.0, 138.1)(328.8, 138.1)(328.8, 20.0);GATE
Port:(328.8, 34.0)(333.8, 34.0)(333.8, 124.1)(328.8, 124.1);SD
Port:(409.7, 20.0)(409.7, 122.5)(376.0, 122.5)(376.0, 138.1)(335.8, 138.1)(335.8, 20.0);GATE
Port:(398.0, 26.2)(404.5, 26.2)(404.5, 115.3)(398.0, 115.3);SD
