Area:(-30.0, -30.0)(364.7, -30.0)(364.7, 1007.2)(-30.0, 1007.2)
Rule:GATE(5,5);SD(5,5);GATE_SD(0.5);GATE_ITO(0.5);SD_ITO(0.5)
Module:M14
Boundary:(188.1, 521.6)(188.1, 626.2)(30.0, 626.2)(30.0, 521.6);GATE
Port:(30.0, 533.9)(34.8, 533.9)(34.8, 613.9)(30.0, 613.9);SD
Port:(188.1, 521.6)(188.1, 626.2)(36.2, 626.2)(36.2, 521.6);GATE
Port:(177.5, 526.8)(183.9, 526.8)(183.9, 621.0)(177.5, 621.0);SD
Module:M9
Boundary:(100.5, 668.5)(215.5, 668.5)(215.5, 863.1)(100.5, 863.1);GATE
Port:(115.6, 858.4)(200.4, 858.4)(200.4, 863.1)(115.6, 863.1);SD
Port:(100.5, 668.5)(215.5, 668.5)(215.5, 856.1)(100.5, 856.1);GATE
Port:(105.5, 672.5)(210.5, 672.5)(210.5, 680.2)(105.5, 680.2);SD
Module:M5
Boundary:(20.0, 676.2)(54.3, 676.2)(54.3, 676.2)(70.5, 676.2)(70.5, 859.9)(20.0, 859.9);GATE
Port:(33.6, 854.8)(56.9, 854.8)(56.9, 859.9)(33.6, 859.9);SD
Port:(20.0, 676.2)(54.3, 676.2)(54.3, 676.2)(70.5, 676.2)(70.5, 853.1)(20.0, 853.1);GATE
Port:(25.1, 680.3)(49.2, 680.3)(49.2, 687.7)(25.1, 687.7);SD
Module:M11
Boundary:(235.5, 807.2)(306.5, 807.2)(306.5, 807.4)(323.3, 807.4)(323.3, 966.7)(235.5, 966.7);GATE
Port:(251.1, 961.2)(307.7, 961.2)(307.7, 966.7)(251.1, 966.7);SD
Port:(235.5, 807.2)(306.5, 807.2)(306.5, 807.4)(323.3, 807.4)(323.3, 959.7)(235.5, 959.7);GATE
Port:(242.5, 813.2)(299.5, 813.2)(299.5, 819.9)(242.5, 819.9);SD
Module:M1
Boundary:(30.0, 342.8)(79.1, 342.8)(79.1, 343.0)(94.4, 343.0)(94.4, 461.6)(30.0, 461.6);GATE
Port:(43.1, 456.7)(81.3, 456.7)(81.3, 461.6)(43.1, 461.6);SD
Port:(30.0, 342.8)(79.1, 342.8)(79.1, 343.0)(94.4, 343.0)(94.4, 455.6)(30.0, 455.6);GATE
Port:(35.8, 347.6)(73.3, 347.6)(73.3, 354.1)(35.8, 354.1);SD
Module:M6
Boundary:(302.7, 375.4)(302.7, 451.7)(302.2, 451.7)(302.2, 467.2)(134.4, 467.2)(134.4, 375.4);GATE
Port:(134.4, 387.1)(139.7, 387.1)(139.7, 455.5)(134.4, 455.5);SD
Port:(302.7, 375.4)(302.7, 451.7)(302.2, 451.7)(302.2, 467.2)(140.7, 467.2)(140.7, 375.4);GATE
Port:(294.0, 380.7)(298.4, 380.7)(298.4, 446.4)(294.0, 446.4);SD
Module:M2
Boundary:(234.0, 244.3)(296.1, 244.3)(296.1, 244.5)(311.0, 244.5)(311.0, 345.4)(234.0, 345.4);GATE
Port:(247.0, 341.0)(298.0, 341.0)(298.0, 345.4)(247.0, 345.4);SD
Port:(234.0, 244.3)(296.1, 244.3)(296.1, 244.5)(311.0, 244.5)(311.0, 339.3)(234.0, 339.3);GATE
Port:(239.6, 248.9)(290.5, 248.9)(290.5, 255.0)(239.6, 255.0);SD
Module:M16
Boundary:(98.6, 889.9)(98.6, 967.2)(10.0, 967.2)(10.0, 889.9);GATE
Port:(10.0, 906.1)(14.4, 906.1)(14.4, 951.0)(10.0, 951.0);SD
Port:(98.6, 889.9)(98.6, 967.2)(17.0, 967.2)(17.0, 889.9);GATE
Port:(85.7, 896.8)(92.7, 896.8)(92.7, 960.3)(85.7, 960.3);SD
Module:M13
Boundary:(235.5, 668.5)(321.5, 668.5)(321.5, 787.2)(235.5, 787.2);GATE
Port:(250.9, 782.5)(306.1, 782.5)(306.1, 787.2)(250.9, 787.2);SD
Port:(235.5, 668.5)(321.5, 668.5)(321.5, 779.8)(235.5, 779.8);GATE
Port:(242.5, 674.5)(314.5, 674.5)(314.5, 680.9)(242.5, 680.9);SD
Module:M10
Boundary:(10.0, 231.7)(106.0, 231.7)(106.0, 302.8)(10.0, 302.8);GATE
Port:(22.2, 297.7)(93.8, 297.7)(93.8, 302.8)(22.2, 302.8);SD
Port:(10.0, 231.7)(106.0, 231.7)(106.0, 295.0)(10.0, 295.0);GATE
Port:(16.0, 236.7)(100.0, 236.7)(100.0, 242.3)(16.0, 242.3);SD
Module:M7
Boundary:(124.6, 20.0)(204.4, 20.0)(204.4, 183.9)(124.6, 183.9);GATE
Port:(138.0, 178.2)(191.0, 178.2)(191.0, 183.9)(138.0, 183.9);SD
Port:(124.6, 20.0)(204.4, 20.0)(204.4, 176.4)(124.6, 176.4);GATE
Port:(130.8, 25.2)(198.2, 25.2)(198.2, 31.0)(130.8, 31.0);SD
Module:M3
Boundary:(228.1, 487.2)(323.5, 487.2)(323.5, 648.5)(228.1, 648.5);GATE
Port:(241.8, 643.2)(309.8, 643.2)(309.8, 648.5)(241.8, 648.5);SD
Port:(228.1, 487.2)(323.5, 487.2)(323.5, 641.9)(228.1, 641.9);GATE
Port:(235.1, 493.2)(316.5, 493.2)(316.5, 498.3)(235.1, 498.3);SD
Module:M15
Boundary:(234.4, 10.0)(310.0, 10.0)(310.0, 10.4)(324.7, 10.4)(324.7, 214.3)(234.4, 214.3);GATE
Port:(246.6, 208.9)(312.5, 208.9)(312.5, 214.3)(246.6, 214.3);SD
Port:(234.4, 10.0)(310.0, 10.0)(310.0, 10.4)(324.7, 10.4)(324.7, 207.2)(234.4, 207.2);GATE
Port:(240.3, 14.9)(304.1, 14.9)(304.1, 20.0)(240.3, 20.0);SD
Module:M12
Boundary:(118.6, 883.1)(186.5, 883.1)(186.5, 883.1)(203.9, 883.1)(203.9, 963.6)(118.6, 963.6);GATE
Port:(131.2, 958.4)(191.3, 958.4)(191.3, 963.6)(131.2, 963.6);SD
Port:(118.6, 883.1)(186.5, 883.1)(186.5, 883.1)(203.9, 883.1)(203.9, 955.8)(118.6, 955.8);GATE
Port:(123.8, 887.3)(181.3, 887.3)(181.3, 893.1)(123.8, 893.1);SD
Module:M8
Boundary:(20.0, 20.0)(68.5, 20.0)(68.5, 20.3)(84.6, 20.3)(84.6, 201.7)(20.0, 201.7);GATE
Port:(32.5, 197.3)(72.1, 197.3)(72.1, 201.7)(32.5, 201.7);SD
Port:(20.0, 20.0)(68.5, 20.0)(68.5, 20.3)(84.6, 20.3)(84.6, 195.8)(20.0, 195.8);GATE
Port:(25.5, 24.5)(63.0, 24.5)(63.0, 30.1)(25.5, 30.1);SD
Module:M4
Boundary:(144.4, 223.9)(194.0, 223.9)(194.0, 332.2)(144.4, 332.2);GATE
Port:(157.9, 328.1)(180.5, 328.1)(180.5, 332.2)(157.9, 332.2);SD
Port:(144.4, 223.9)(194.0, 223.9)(194.0, 326.6)(144.4, 326.6);GATE
Port:(149.7, 228.2)(188.7, 228.2)(188.7, 234.2)(149.7, 234.2);SD
