Area:(-30.0, -30.0)(374.4, -30.0)(374.4, 1054.1)(-30.0, 1054.1)
Rule:GATE(5,5);SD(5,5);GATE_SD(0.5);GATE_ITO(0.5);SD_ITO(0.5)
Module:M14
Boundary:(301.4, 311.5)(301.4, 418.6)(142.0, 418.6)(142.0, 311.5);GATE
Port:(142.0, 325.0)(146.4, 325.0)(146.4, 405.1)(142.0, 405.1);SD
Port:(301.4, 311.5)(301.4, 418.6)(148.0, 418.6)(148.0, 311.5);GATE
Port:(291.2, 316.8)(297.1, 316.8)(297.1, 413.3)(291.2, 413.3);SD
Module:M9
Boundary:(10.0, 479.8)(134.7, 479.8)(134.7, 638.0)(10.0, 638.0);GATE
Port:(23.9, 633.6)(120.8, 633.6)(120.8, 638.0)(23.9, 638.0);SD
Port:(10.0, 479.8)(134.7, 479.8)(134.7, 631.2)(10.0, 631.2);GATE
Port:(16.7, 485.5)(128.0, 485.5)(128.0, 490.2)(16.7, 490.2);SD
Module:M5
Boundary:(114.1, 934.3)(215.1, 934.3)(215.1, 1008.6)(114.1, 1008.6);GATE
Port:(127.1, 1003.7)(202.1, 1003.7)(202.1, 1008.6)(127.1, 1008.6);SD
Port:(114.1, 934.3)(215.1, 934.3)(215.1, 1000.9)(114.1, 1000.9);GATE
Port:(119.7, 938.9)(209.5, 938.9)(209.5, 944.0)(119.7, 944.0);SD
Module:M11
Boundary:(314.5, 458.6)(314.5, 558.7)(314.1, 558.7)(314.1, 574.7)(154.7, 574.7)(154.7, 458.6);GATE
Port:(154.7, 472.8)(160.6, 472.8)(160.6, 560.5)(154.7, 560.5);SD
Port:(314.5, 458.6)(314.5, 558.7)(314.1, 558.7)(314.1, 574.7)(162.4, 574.7)(162.4, 458.6);GATE
Port:(302.3, 465.1)(309.0, 465.1)(309.0, 552.2)(302.3, 552.2);SD
Module:M1
Boundary:(30.0, 264.0)(82.0, 264.0)(82.0, 439.8)(30.0, 439.8);GATE
Port:(44.3, 435.2)(67.7, 435.2)(67.7, 439.8)(44.3, 439.8);SD
Port:(30.0, 264.0)(82.0, 264.0)(82.0, 434.1)(30.0, 434.1);GATE
Port:(36.4, 269.4)(75.6, 269.4)(75.6, 275.4)(36.4, 275.4);SD
Module:M6
Boundary:(108.7, 143.5)(108.7, 208.8)(108.5, 208.8)(108.5, 224.0)(10.0, 224.0)(10.0, 143.5);GATE
Port:(10.0, 157.5)(15.5, 157.5)(15.5, 210.0)(10.0, 210.0);SD
Port:(108.7, 143.5)(108.7, 208.8)(108.5, 208.8)(108.5, 224.0)(16.8, 224.0)(16.8, 143.5);GATE
Port:(96.9, 149.5)(103.7, 149.5)(103.7, 202.8)(96.9, 202.8);SD
Module:M2
Boundary:(203.8, 20.0)(203.8, 113.5)(20.0, 113.5)(20.0, 20.0);GATE
Port:(20.0, 32.0)(25.8, 32.0)(25.8, 101.5)(20.0, 101.5);SD
Port:(203.8, 20.0)(203.8, 113.5)(28.3, 113.5)(28.3, 20.0);GATE
Port:(194.0, 25.3)(199.5, 25.3)(199.5, 108.2)(194.0, 108.2);SD
Module:M16
Boundary:(317.0, 169.2)(317.0, 271.5)(128.7, 271.5)(128.7, 169.2);GATE
Port:(128.7, 184.3)(134.4, 184.3)(134.4, 256.4)(128.7, 256.4);SD
Port:(317.0, 169.2)(317.0, 271.5)(135.6, 271.5)(135.6, 169.2);GATE
Port:(304.7, 175.8)(311.4, 175.8)(311.4, 264.9)(304.7, 264.9);SD
Module:M13
Boundary:(334.4, 594.7)(334.4, 672.1)(187.2, 672.1)(187.2, 594.7);GATE
Port:(187.2, 608.3)(192.5, 608.3)(192.5, 658.5)(187.2, 658.5);SD
Port:(334.4, 594.7)(334.4, 672.1)(193.5, 672.1)(193.5, 594.7);GATE
Port:(323.3, 601.4)(328.7, 601.4)(328.7, 665.4)(323.3, 665.4);SD
Module:M10
Boundary:(151.3, 794.1)(217.7, 794.1)(217.7, 794.4)(234.2, 794.4)(234.2, 891.2)(151.3, 891.2);GATE
Port:(164.2, 885.3)(221.3, 885.3)(221.3, 891.2)(164.2, 891.2);SD
Port:(151.3, 794.1)(217.7, 794.1)(217.7, 794.4)(234.2, 794.4)(234.2, 882.7)(151.3, 882.7);GATE
Port:(157.2, 799.0)(211.8, 799.0)(211.8, 804.7)(157.2, 804.7);SD
Module:M7
Boundary:(264.2, 804.1)(321.8, 804.1)(321.8, 999.4)(264.2, 999.4);GATE
Port:(276.7, 994.9)(309.3, 994.9)(309.3, 999.4)(276.7, 999.4);SD
Port:(264.2, 804.1)(321.8, 804.1)(321.8, 992.3)(264.2, 992.3);GATE
Port:(269.7, 808.6)(316.3, 808.6)(316.3, 815.1)(269.7, 815.1);SD
Module:M3
Boundary:(325.9, 692.1)(325.9, 774.1)(187.2, 774.1)(187.2, 692.1);GATE
Port:(187.2, 704.3)(192.2, 704.3)(192.2, 761.9)(187.2, 761.9);SD
Port:(325.9, 692.1)(325.9, 774.1)(194.2, 774.1)(194.2, 692.1);GATE
Port:(317.1, 697.4)(321.6, 697.4)(321.6, 768.8)(317.1, 768.8);SD
Module:M15
Boundary:(233.8, 10.0)(327.4, 10.0)(327.4, 149.2)(233.8, 149.2);GATE
Port:(245.9, 143.5)(315.3, 143.5)(315.3, 149.2)(245.9, 149.2);SD
Port:(233.8, 10.0)(327.4, 10.0)(327.4, 140.6)(233.8, 140.6);GATE
Port:(239.1, 14.3)(322.1, 14.3)(322.1, 19.8)(239.1, 19.8);SD
Module:M12
Boundary:(10.0, 924.3)(65.9, 924.3)(65.9, 924.4)(84.1, 924.4)(84.1, 1014.1)(10.0, 1014.1);GATE
Port:(25.3, 1008.3)(68.8, 1008.3)(68.8, 1014.1)(25.3, 1014.1);SD
Port:(10.0, 924.3)(65.9, 924.3)(65.9, 924.4)(84.1, 924.4)(84.1, 1005.6)(10.0, 1005.6);GATE
Port:(16.7, 930.0)(59.2, 930.0)(59.2, 936.4)(16.7, 936.4);SD
Module:M8
Boundary:(157.2, 668.0)(157.2, 758.0)(20.0, 758.0)(20.0, 668.0);GATE
Port:(20.0, 684.0)(25.6, 684.0)(25.6, 742.0)(20.0, 742.0);SD
Port:(157.2, 668.0)(157.2, 758.0)(26.9, 758.0)(26.9, 668.0);GATE
Port:(144.4, 674.4)(151.8, 674.4)(151.8, 751.6)(144.4, 751.6);SD
Module:M4
Boundary:(20.0, 798.0)(104.0, 798.0)(104.0, 798.5)(121.3, 798.5)(121.3, 894.3)(20.0, 894.3);GATE
Port:(32.3, 888.5)(109.0, 888.5)(109.0, 894.3)(32.3, 894.3);SD
Port:(20.0, 798.0)(104.0, 798.0)(104.0, 798.5)(121.3, 798.5)(121.3, 886.5)(20.0, 886.5);GATE
Port:(25.1, 802.1)(98.9, 802.1)(98.9, 807.7)(25.1, 807.7);SD
