Area:(-30.0, -30.0)(647.2, -30.0)(647.2, 622.2)(-30.0, 622.2)
Rule:GATE(5,5);SD(5,5);GATE_SD(0.5);GATE_ITO(0.5);SD_ITO(0.5)
Module:M14
Boundary:(274.5, 30.0)(358.4, 30.0)(358.4, 30.0)(371.5, 30.0)(371.5, 157.2)(274.5, 157.2);GATE
Port:(286.9, 151.4)(359.1, 151.4)(359.1, 157.2)(286.9, 157.2);SD
Port:(274.5, 30.0)(358.4, 30.0)(358.4, 30.0)(371.5, 30.0)(371.5, 148.5)(274.5, 148.5);GATE
Port:(280.5, 35.0)(352.4, 35.0)(352.4, 40.7)(280.5, 40.7);SD
Module:M9
Boundary:(529.3, 514.3)(529.3, 581.4)(436.0, 581.4)(436.0, 514.3);GATE
Port:(436.0, 527.6)(440.8, 527.6)(440.8, 568.1)(436.0, 568.1);SD
Port:(529.3, 514.3)(529.3, 581.4)(443.6, 581.4)(443.6, 514.3);GATE
Port:(518.6, 519.6)(525.0, 519.6)(525.0, 576.1)(518.6, 576.1);SD
Module:M5
Boundary:(420.0, 362.8)(420.0, 476.3)(254.3, 476.3)(254.3, 362.8);GATE
Port:(254.3, 375.0)(260.2, 375.0)(260.2, 464.1)(254.3, 464.1);SD
Port:(420.0, 362.8)(420.0, 476.3)(261.4, 476.3)(261.4, 362.8);GATE
Port:(410.0, 368.3)(415.5, 368.3)(415.5, 470.8)(410.0, 470.8);SD
Module:M11
Boundary:(121.3, 238.2)(211.3, 238.2)(211.3, 339.1)(121.3, 339.1);GATE
Port:(134.1, 333.2)(198.5, 333.2)(198.5, 339.1)(134.1, 339.1);SD
Port:(121.3, 238.2)(211.3, 238.2)(211.3, 331.6)(121.3, 331.6);GATE
Port:(128.0, 243.9)(204.6, 243.9)(204.6, 249.0)(128.0, 249.0);SD
Module:M1
Boundary:(470.0, 373.8)(582.6, 373.8)(582.6, 474.3)(470.0, 474.3);GATE
Port:(484.1, 469.4)(568.5, 469.4)(568.5, 474.3)(484.1, 474.3);SD
Port:(470.0, 373.8)(582.6, 373.8)(582.6, 467.3)(470.0, 467.3);GATE
Port:(476.9, 379.7)(575.7, 379.7)(575.7, 385.5)(476.9, 385.5);SD
Module:M6
Boundary:(416.0, 506.3)(416.0, 582.2)(199.8, 582.2)(199.8, 506.3);GATE
Port:(199.8, 519.1)(205.7, 519.1)(205.7, 569.4)(199.8, 569.4);SD
Port:(416.0, 506.3)(416.0, 582.2)(207.2, 582.2)(207.2, 506.3);GATE
Port:(404.9, 511.9)(411.4, 511.9)(411.4, 576.6)(404.9, 576.6);SD
Module:M2
Boundary:(214.3, 379.5)(214.3, 454.2)(20.0, 454.2)(20.0, 379.5);GATE
Port:(20.0, 392.8)(24.6, 392.8)(24.6, 440.9)(20.0, 440.9);SD
Port:(214.3, 379.5)(214.3, 454.2)(26.9, 454.2)(26.9, 379.5);GATE
Port:(203.2, 385.3)(209.5, 385.3)(209.5, 448.4)(203.2, 448.4);SD
Module:M16
Boundary:(437.5, 197.2)(437.5, 245.1)(437.4, 245.1)(437.4, 259.8)(254.5, 259.8)(254.5, 197.2);GATE
Port:(254.5, 210.2)(259.4, 210.2)(259.4, 246.8)(254.5, 246.8);SD
Port:(437.5, 197.2)(437.5, 245.1)(437.4, 245.1)(437.4, 259.8)(260.5, 259.8)(260.5, 197.2);GATE
Port:(426.7, 203.5)(432.2, 203.5)(432.2, 238.8)(426.7, 238.8);SD
Module:M13
Boundary:(435.5, 279.8)(435.5, 314.6)(435.4, 314.6)(435.4, 332.8)(231.3, 332.8)(231.3, 279.8);GATE
Port:(231.3, 293.3)(236.7, 293.3)(236.7, 319.3)(231.3, 319.3);SD
Port:(435.5, 279.8)(435.5, 314.6)(435.4, 314.6)(435.4, 332.8)(237.8, 332.8)(237.8, 279.8);GATE
Port:(425.2, 284.9)(431.4, 284.9)(431.4, 309.5)(425.2, 309.5);SD
Module:M10
Boundary:(411.5, 10.0)(479.0, 10.0)(479.0, 10.4)(495.9, 10.4)(495.9, 171.1)(411.5, 171.1);GATE
Port:(424.5, 165.2)(482.9, 165.2)(482.9, 171.1)(424.5, 171.1);SD
Port:(411.5, 10.0)(479.0, 10.0)(479.0, 10.4)(495.9, 10.4)(495.9, 163.1)(411.5, 163.1);GATE
Port:(416.7, 14.2)(473.8, 14.2)(473.8, 20.3)(416.7, 20.3);SD
Module:M7
Boundary:(169.8, 494.2)(169.8, 568.4)(20.0, 568.4)(20.0, 494.2);GATE
Port:(20.0, 505.7)(25.0, 505.7)(25.0, 556.9)(20.0, 556.9);SD
Port:(169.8, 494.2)(169.8, 568.4)(26.6, 568.4)(26.6, 494.2);GATE
Port:(160.2, 500.8)(164.2, 500.8)(164.2, 561.8)(160.2, 561.8);SD
Module:M3
Boundary:(515.9, 10.0)(589.3, 10.0)(589.3, 10.3)(607.2, 10.3)(607.2, 134.7)(515.9, 134.7);GATE
Port:(530.8, 130.0)(592.3, 130.0)(592.3, 134.7)(530.8, 134.7);SD
Port:(515.9, 10.0)(589.3, 10.0)(589.3, 10.3)(607.2, 10.3)(607.2, 127.2)(515.9, 127.2);GATE
Port:(522.0, 15.1)(583.2, 15.1)(583.2, 21.9)(522.0, 21.9);SD
Module:M15
Boundary:(10.0, 10.0)(78.4, 10.0)(78.4, 10.4)(94.7, 10.4)(94.7, 216.2)(10.0, 216.2);GATE
Port:(24.8, 211.3)(79.9, 211.3)(79.9, 216.2)(24.8, 216.2);SD
Port:(10.0, 10.0)(78.4, 10.0)(78.4, 10.4)(94.7, 10.4)(94.7, 209.9)(10.0, 209.9);GATE
Port:(16.7, 15.7)(71.7, 15.7)(71.7, 21.7)(16.7, 21.7);SD
Module:M12
Boundary:(10.0, 238.2)(101.3, 238.2)(101.3, 349.5)(10.0, 349.5);GATE
Port:(21.2, 343.9)(90.1, 343.9)(90.1, 349.5)(21.2, 349.5);SD
Port:(10.0, 238.2)(101.3, 238.2)(101.3, 342.6)(10.0, 342.6);GATE
Port:(15.3, 242.5)(96.0, 242.5)(96.0, 247.4)(15.3, 247.4);SD
Module:M8
Boundary:(124.7, 20.0)(224.5, 20.0)(224.5, 208.2)(124.7, 208.2);GATE
Port:(138.3, 203.9)(210.9, 203.9)(210.9, 208.2)(138.3, 208.2);SD
Port:(124.7, 20.0)(224.5, 20.0)(224.5, 201.1)(124.7, 201.1);GATE
Port:(131.1, 25.4)(218.1, 25.4)(218.1, 30.5)(131.1, 30.5);SD
Module:M4
Boundary:(596.5, 201.1)(596.5, 323.8)(467.5, 323.8)(467.5, 201.1);GATE
Port:(467.5, 215.0)(472.0, 215.0)(472.0, 309.9)(467.5, 309.9);SD
Port:(596.5, 201.1)(596.5, 323.8)(473.4, 323.8)(473.4, 201.1);GATE
Port:(585.7, 206.8)(591.8, 206.8)(591.8, 318.1)(585.7, 318.1);SD
