Area:(-30.0, -30.0)(724.5, -30.0)(724.5, 523.6)(-30.0, 523.6)
Rule:GATE(5,5);SD(5,5);GATE_SD(0.5);GATE_ITO(0.5);SD_ITO(0.5)
Module:M14
Boundary:(403.0, 30.0)(403.0, 122.7)(272.9, 122.7)(272.9, 30.0);GATE
Port:(272.9, 43.3)(278.0, 43.3)(278.0, 109.4)(272.9, 109.4);SD
Port:(403.0, 30.0)(403.0, 122.7)(280.6, 122.7)(280.6, 30.0);GATE
Port:(391.6, 36.8)(397.2, 36.8)(397.2, 115.9)(391.6, 115.9);SD
Module:M9
Boundary:(192.4, 310.3)(192.4, 376.9)(10.0, 376.9)(10.0, 310.3);GATE
Port:(10.0, 323.4)(14.8, 323.4)(14.8, 363.8)(10.0, 363.8);SD
Port:(192.4, 310.3)(192.4, 376.9)(15.9, 376.9)(15.9, 310.3);GATE
Port:(181.9, 315.8)(187.9, 315.8)(187.9, 371.4)(181.9, 371.4);SD
Module:M5
Boundary:(587.0, 291.1)(656.8, 291.1)(656.8, 291.3)(672.8, 291.3)(672.8, 474.4)(587.0, 474.4);GATE
Port:(602.8, 469.5)(657.0, 469.5)(657.0, 474.4)(602.8, 474.4);SD
Port:(587.0, 291.1)(656.8, 291.1)(656.8, 291.3)(672.8, 291.3)(672.8, 468.2)(587.0, 468.2);GATE
Port:(594.0, 297.1)(649.8, 297.1)(649.8, 304.2)(594.0, 304.2);SD
Module:M11
Boundary:(121.7, 209.0)(205.4, 209.0)(205.4, 290.3)(121.7, 290.3);GATE
Port:(134.9, 285.3)(192.2, 285.3)(192.2, 290.3)(134.9, 290.3);SD
Port:(121.7, 209.0)(205.4, 209.0)(205.4, 283.8)(121.7, 283.8);GATE
Port:(127.7, 214.0)(199.4, 214.0)(199.4, 219.4)(127.7, 219.4);SD
Module:M1
Boundary:(450.2, 316.5)(450.2, 368.3)(245.4, 368.3)(245.4, 316.5);GATE
Port:(245.4, 330.6)(250.3, 330.6)(250.3, 354.2)(245.4, 354.2);SD
Port:(450.2, 316.5)(450.2, 368.3)(253.1, 368.3)(253.1, 316.5);GATE
Port:(438.7, 323.3)(444.4, 323.3)(444.4, 361.5)(438.7, 361.5);SD
Module:M6
Boundary:(466.1, 162.7)(466.1, 247.1)(382.3, 247.1)(382.3, 162.7);GATE
Port:(382.3, 174.6)(386.8, 174.6)(386.8, 235.2)(382.3, 235.2);SD
Port:(466.1, 162.7)(466.1, 247.1)(388.2, 247.1)(388.2, 162.7);GATE
Port:(455.8, 168.0)(461.8, 168.0)(461.8, 241.8)(455.8, 241.8);SD
Module:M2
Boundary:(175.5, 406.9)(175.5, 477.8)(20.0, 477.8)(20.0, 406.9);GATE
Port:(20.0, 422.1)(24.5, 422.1)(24.5, 462.6)(20.0, 462.6);SD
Port:(175.5, 406.9)(175.5, 477.8)(27.3, 477.8)(27.3, 406.9);GATE
Port:(163.2, 413.9)(169.5, 413.9)(169.5, 470.8)(163.2, 470.8);SD
Module:M16
Boundary:(133.4, 10.0)(232.9, 10.0)(232.9, 189.0)(133.4, 189.0);GATE
Port:(147.0, 184.7)(219.3, 184.7)(219.3, 189.0)(147.0, 189.0);SD
Port:(133.4, 10.0)(232.9, 10.0)(232.9, 182.4)(133.4, 182.4);GATE
Port:(140.4, 16.0)(225.9, 16.0)(225.9, 21.1)(140.4, 21.1);SD
Module:M13
Boundary:(399.0, 408.3)(399.0, 480.3)(205.5, 480.3)(205.5, 408.3);GATE
Port:(205.5, 420.2)(211.0, 420.2)(211.0, 468.4)(205.5, 468.4);SD
Port:(399.0, 408.3)(399.0, 480.3)(212.8, 480.3)(212.8, 408.3);GATE
Port:(388.6, 413.8)(394.5, 413.8)(394.5, 474.8)(388.6, 474.8);SD
Module:M10
Boundary:(677.4, 158.6)(677.4, 261.1)(486.1, 261.1)(486.1, 158.6);GATE
Port:(486.1, 171.5)(491.1, 171.5)(491.1, 248.2)(486.1, 248.2);SD
Port:(677.4, 158.6)(677.4, 261.1)(493.0, 261.1)(493.0, 158.6);GATE
Port:(666.0, 164.2)(672.8, 164.2)(672.8, 255.5)(666.0, 255.5);SD
Module:M7
Boundary:(549.3, 20.0)(549.3, 128.6)(453.0, 128.6)(453.0, 20.0);GATE
Port:(453.0, 34.8)(457.2, 34.8)(457.2, 113.8)(453.0, 113.8);SD
Port:(549.3, 20.0)(549.3, 128.6)(459.7, 128.6)(459.7, 20.0);GATE
Port:(537.4, 26.7)(543.6, 26.7)(543.6, 121.9)(537.4, 121.9);SD
Module:M3
Boundary:(579.3, 10.0)(667.2, 10.0)(667.2, 10.3)(684.5, 10.3)(684.5, 136.3)(579.3, 136.3);GATE
Port:(593.6, 132.3)(670.2, 132.3)(670.2, 136.3)(593.6, 136.3);SD
Port:(579.3, 10.0)(667.2, 10.0)(667.2, 10.3)(684.5, 10.3)(684.5, 130.7)(579.3, 130.7);GATE
Port:(584.5, 14.2)(662.0, 14.2)(662.0, 21.6)(584.5, 21.6);SD
Module:M15
Boundary:(490.2, 281.1)(557.0, 281.1)(557.0, 483.6)(490.2, 483.6);GATE
Port:(504.6, 479.0)(542.6, 479.0)(542.6, 483.6)(504.6, 483.6);SD
Port:(490.2, 281.1)(557.0, 281.1)(557.0, 477.2)(490.2, 477.2);GATE
Port:(496.7, 286.6)(550.5, 286.6)(550.5, 293.5)(496.7, 293.5);SD
Module:M12
Boundary:(113.4, 10.0)(113.4, 111.0)(112.9, 111.0)(112.9, 127.7)(10.0, 127.7)(10.0, 10.0);GATE
Port:(10.0, 23.8)(15.0, 23.8)(15.0, 113.9)(10.0, 113.9);SD
Port:(113.4, 10.0)(113.4, 111.0)(112.9, 111.0)(112.9, 127.7)(16.3, 127.7)(16.3, 10.0);GATE
Port:(102.6, 15.0)(109.4, 15.0)(109.4, 106.0)(102.6, 106.0);SD
Module:M8
Boundary:(262.9, 172.7)(337.9, 172.7)(337.9, 173.0)(352.3, 173.0)(352.3, 266.5)(262.9, 266.5);GATE
Port:(275.3, 261.7)(339.9, 261.7)(339.9, 266.5)(275.3, 266.5);SD
Port:(262.9, 172.7)(337.9, 172.7)(337.9, 173.0)(352.3, 173.0)(352.3, 260.7)(262.9, 260.7);GATE
Port:(267.9, 176.7)(332.9, 176.7)(332.9, 183.3)(267.9, 183.3);SD
Module:M4
Boundary:(20.0, 157.7)(74.1, 157.7)(74.1, 158.0)(91.7, 158.0)(91.7, 276.3)(20.0, 276.3);GATE
Port:(34.5, 271.1)(77.2, 271.1)(77.2, 276.3)(34.5, 276.3);SD
Port:(20.0, 157.7)(74.1, 157.7)(74.1, 158.0)(91.7, 158.0)(91.7, 268.9)(20.0, 268.9);GATE
Port:(26.4, 163.1)(67.7, 163.1)(67.7, 169.4)(26.4, 169.4);SD
