Area:(-30.0, -30.0)(506.1, -30.0)(506.1, 708.9)(-30.0, 708.9)
Rule:GATE(5,5);SD(5,5);GATE_SD(0.5);GATE_ITO(0.5);SD_ITO(0.5)
Module:M14
Boundary:(30.0, 232.5)(62.5, 232.5)(62.5, 232.6)(78.3, 232.6)(78.3, 356.0)(30.0, 356.0);GATE
Port:(42.3, 350.5)(66.0, 350.5)(66.0, 356.0)(42.3, 356.0);SD
Port:(30.0, 232.5)(62.5, 232.5)(62.5, 232.6)(78.3, 232.6)(78.3, 347.8)(30.0, 347.8);GATE
Port:(35.9, 237.4)(56.6, 237.4)(56.6, 242.9)(35.9, 242.9);SD
Module:M9
Boundary:(192.7, 10.0)(259.7, 10.0)(259.7, 10.2)(275.1, 10.2)(275.1, 124.6)(192.7, 124.6);GATE
Port:(207.5, 119.4)(260.3, 119.4)(260.3, 124.6)(207.5, 124.6);SD
Port:(192.7, 10.0)(259.7, 10.0)(259.7, 10.2)(275.1, 10.2)(275.1, 117.9)(192.7, 117.9);GATE
Port:(199.2, 15.5)(253.2, 15.5)(253.2, 22.4)(199.2, 22.4);SD
Module:M5
Boundary:(466.1, 601.7)(466.1, 661.8)(312.1, 661.8)(312.1, 601.7);GATE
Port:(312.1, 613.7)(317.3, 613.7)(317.3, 649.8)(312.1, 649.8);SD
Port:(466.1, 601.7)(466.1, 661.8)(318.9, 661.8)(318.9, 601.7);GATE
Port:(456.1, 607.0)(461.8, 607.0)(461.8, 656.5)(456.1, 656.5);SD
Module:M11
Boundary:(346.3, 438.6)(439.8, 438.6)(439.8, 439.1)(455.2, 439.1)(455.2, 571.7)(346.3, 571.7);GATE
Port:(358.8, 566.9)(442.7, 566.9)(442.7, 571.7)(358.8, 571.7);SD
Port:(346.3, 438.6)(439.8, 438.6)(439.8, 439.1)(455.2, 439.1)(455.2, 564.2)(346.3, 564.2);GATE
Port:(351.5, 442.8)(434.6, 442.8)(434.6, 449.0)(351.5, 449.0);SD
Module:M1
Boundary:(349.4, 192.6)(449.2, 192.6)(449.2, 398.6)(349.4, 398.6);GATE
Port:(362.6, 393.6)(436.0, 393.6)(436.0, 398.6)(362.6, 398.6);SD
Port:(349.4, 192.6)(449.2, 192.6)(449.2, 391.2)(349.4, 391.2);GATE
Port:(354.6, 196.8)(444.0, 196.8)(444.0, 203.8)(354.6, 203.8);SD
Module:M6
Boundary:(10.0, 573.0)(90.8, 573.0)(90.8, 663.6)(10.0, 663.6);GATE
Port:(22.2, 658.2)(78.6, 658.2)(78.6, 663.6)(22.2, 663.6);SD
Port:(10.0, 573.0)(90.8, 573.0)(90.8, 656.0)(10.0, 656.0);GATE
Port:(15.5, 577.5)(85.3, 577.5)(85.3, 582.6)(15.5, 582.6);SD
Module:M2
Boundary:(20.0, 406.0)(82.9, 406.0)(82.9, 543.0)(20.0, 543.0);GATE
Port:(32.6, 538.4)(70.3, 538.4)(70.3, 543.0)(32.6, 543.0);SD
Port:(20.0, 406.0)(82.9, 406.0)(82.9, 536.0)(20.0, 536.0);GATE
Port:(26.9, 411.9)(76.0, 411.9)(76.0, 416.5)(26.9, 416.5);SD
Module:M16
Boundary:(123.2, 153.2)(209.8, 153.2)(209.8, 153.5)(226.5, 153.5)(226.5, 337.8)(123.2, 337.8);GATE
Port:(137.9, 332.5)(211.8, 332.5)(211.8, 337.8)(137.9, 337.8);SD
Port:(123.2, 153.2)(209.8, 153.2)(209.8, 153.5)(226.5, 153.5)(226.5, 329.7)(123.2, 329.7);GATE
Port:(129.6, 158.6)(203.4, 158.6)(203.4, 165.5)(129.6, 165.5);SD
Module:M13
Boundary:(307.1, 363.5)(307.1, 447.3)(306.7, 447.3)(306.7, 460.7)(123.2, 460.7)(123.2, 363.5);GATE
Port:(123.2, 375.3)(128.4, 375.3)(128.4, 448.9)(123.2, 448.9);SD
Port:(307.1, 363.5)(307.1, 447.3)(306.7, 447.3)(306.7, 460.7)(130.7, 460.7)(130.7, 363.5);GATE
Port:(296.8, 369.8)(301.8, 369.8)(301.8, 441.0)(296.8, 441.0);SD
Module:M10
Boundary:(246.5, 166.2)(309.4, 166.2)(309.4, 343.5)(246.5, 343.5);GATE
Port:(260.2, 338.4)(295.7, 338.4)(295.7, 343.5)(260.2, 343.5);SD
Port:(246.5, 166.2)(309.4, 166.2)(309.4, 336.6)(246.5, 336.6);GATE
Port:(253.3, 172.0)(302.6, 172.0)(302.6, 177.7)(253.3, 177.7);SD
Module:M7
Boundary:(316.3, 490.7)(316.3, 555.1)(122.9, 555.1)(122.9, 490.7);GATE
Port:(122.9, 503.9)(127.4, 503.9)(127.4, 541.9)(122.9, 541.9);SD
Port:(316.3, 490.7)(316.3, 555.1)(129.5, 555.1)(129.5, 490.7);GATE
Port:(305.6, 497.6)(310.4, 497.6)(310.4, 548.2)(305.6, 548.2);SD
Module:M3
Boundary:(282.1, 585.1)(282.1, 668.9)(110.8, 668.9)(110.8, 585.1);GATE
Port:(110.8, 597.8)(116.7, 597.8)(116.7, 656.2)(110.8, 656.2);SD
Port:(282.1, 585.1)(282.1, 668.9)(119.3, 668.9)(119.3, 585.1);GATE
Port:(272.1, 590.9)(277.3, 590.9)(277.3, 663.1)(272.1, 663.1);SD
Module:M15
Boundary:(123.2, 10.0)(172.7, 10.0)(172.7, 133.2)(123.2, 133.2);GATE
Port:(136.7, 128.2)(159.2, 128.2)(159.2, 133.2)(136.7, 133.2);SD
Port:(123.2, 10.0)(172.7, 10.0)(172.7, 125.5)(123.2, 125.5);GATE
Port:(128.9, 14.7)(167.0, 14.7)(167.0, 20.2)(128.9, 20.2);SD
Module:M12
Boundary:(10.0, 10.0)(88.1, 10.0)(88.1, 10.2)(103.2, 10.2)(103.2, 192.5)(10.0, 192.5);GATE
Port:(22.7, 188.0)(90.5, 188.0)(90.5, 192.5)(22.7, 192.5);SD
Port:(10.0, 10.0)(88.1, 10.0)(88.1, 10.2)(103.2, 10.2)(103.2, 186.4)(10.0, 186.4);GATE
Port:(16.3, 15.3)(81.8, 15.3)(81.8, 20.7)(16.3, 20.7);SD
Module:M8
Boundary:(403.7, 20.0)(439.2, 20.0)(439.2, 20.0)(456.5, 20.0)(456.5, 142.6)(403.7, 142.6);GATE
Port:(418.4, 138.6)(441.8, 138.6)(441.8, 142.6)(418.4, 142.6);SD
Port:(403.7, 20.0)(439.2, 20.0)(439.2, 20.0)(456.5, 20.0)(456.5, 136.4)(403.7, 136.4);GATE
Port:(410.1, 25.4)(432.8, 25.4)(432.8, 31.4)(410.1, 31.4);SD
Module:M4
Boundary:(305.1, 20.0)(349.9, 20.0)(349.9, 20.1)(363.7, 20.1)(363.7, 136.2)(305.1, 136.2);GATE
Port:(317.5, 130.2)(351.3, 130.2)(351.3, 136.2)(317.5, 136.2);SD
Port:(305.1, 20.0)(349.9, 20.0)(349.9, 20.1)(363.7, 20.1)(363.7, 127.9)(305.1, 127.9);GATE
Port:(310.2, 24.1)(344.8, 24.1)(344.8, 30.8)(310.2, 30.8);SD
