Area:(-30.0, -30.0)(564.0, -30.0)(564.0, 710.4)(-30.0, 710.4)
Rule:GATE(5,5);SD(5,5);GATE_SD(0.5);GATE_ITO(0.5);SD_ITO(0.5)
Module:M14
Boundary:(200.8, 518.2)(264.8, 518.2)(264.8, 518.3)(279.4, 518.3)(279.4, 646.6)(200.8, 646.6);GATE
Port:(215.0, 641.4)(265.2, 641.4)(265.2, 646.6)(215.0, 646.6);SD
Port:(200.8, 518.2)(264.8, 518.2)(264.8, 518.3)(279.4, 518.3)(279.4, 638.7)(200.8, 638.7);GATE
Port:(206.9, 523.3)(258.7, 523.3)(258.7, 530.5)(206.9, 530.5);SD
Module:M9
Boundary:(160.8, 462.6)(160.8, 558.1)(10.0, 558.1)(10.0, 462.6);GATE
Port:(10.0, 476.2)(15.8, 476.2)(15.8, 544.5)(10.0, 544.5);SD
Port:(160.8, 462.6)(160.8, 558.1)(17.3, 558.1)(17.3, 462.6);GATE
Port:(149.3, 469.0)(155.4, 469.0)(155.4, 551.7)(149.3, 551.7);SD
Module:M5
Boundary:(383.4, 20.0)(383.4, 120.3)(229.8, 120.3)(229.8, 20.0);GATE
Port:(229.8, 33.3)(235.2, 33.3)(235.2, 107.0)(229.8, 107.0);SD
Port:(383.4, 20.0)(383.4, 120.3)(236.5, 120.3)(236.5, 20.0);GATE
Port:(372.8, 26.7)(377.7, 26.7)(377.7, 113.6)(372.8, 113.6);SD
Module:M11
Boundary:(139.0, 250.7)(139.0, 308.8)(138.7, 308.8)(138.7, 322.8)(10.0, 322.8)(10.0, 250.7);GATE
Port:(10.0, 262.1)(14.7, 262.1)(14.7, 311.4)(10.0, 311.4);SD
Port:(139.0, 250.7)(139.0, 308.8)(138.7, 308.8)(138.7, 322.8)(15.7, 322.8)(15.7, 250.7);GATE
Port:(129.4, 256.6)(134.1, 256.6)(134.1, 302.9)(129.4, 302.9);SD
Module:M1
Boundary:(200.8, 364.2)(315.6, 364.2)(315.6, 458.2)(200.8, 458.2);GATE
Port:(214.7, 454.0)(301.7, 454.0)(301.7, 458.2)(214.7, 458.2);SD
Port:(200.8, 364.2)(315.6, 364.2)(315.6, 451.9)(200.8, 451.9);GATE
Port:(206.4, 368.8)(310.0, 368.8)(310.0, 375.4)(206.4, 375.4);SD
Module:M6
Boundary:(438.3, 213.3)(507.8, 213.3)(507.8, 213.6)(524.0, 213.6)(524.0, 419.3)(438.3, 419.3);GATE
Port:(453.1, 414.1)(509.2, 414.1)(509.2, 419.3)(453.1, 419.3);SD
Port:(438.3, 213.3)(507.8, 213.3)(507.8, 213.6)(524.0, 213.6)(524.0, 412.7)(438.3, 412.7);GATE
Port:(445.1, 219.1)(501.0, 219.1)(501.0, 225.7)(445.1, 225.7);SD
Module:M2
Boundary:(330.1, 160.3)(330.1, 214.4)(229.8, 214.4)(229.8, 160.3);GATE
Port:(229.8, 170.5)(234.9, 170.5)(234.9, 204.2)(229.8, 204.2);SD
Port:(330.1, 160.3)(330.1, 214.4)(237.0, 214.4)(237.0, 160.3);GATE
Port:(321.4, 165.4)(326.0, 165.4)(326.0, 209.3)(321.4, 209.3);SD
Module:M16
Boundary:(518.7, 439.3)(518.7, 531.1)(518.5, 531.1)(518.5, 548.9)(355.6, 548.9)(355.6, 439.3);GATE
Port:(355.6, 454.7)(360.7, 454.7)(360.7, 533.5)(355.6, 533.5);SD
Port:(518.7, 439.3)(518.7, 531.1)(518.5, 531.1)(518.5, 548.9)(362.9, 548.9)(362.9, 439.3);GATE
Port:(506.3, 446.0)(513.0, 446.0)(513.0, 524.4)(506.3, 524.4);SD
Module:M13
Boundary:(355.6, 244.4)(402.4, 244.4)(402.4, 244.4)(418.3, 244.4)(418.3, 412.5)(355.6, 412.5);GATE
Port:(367.2, 408.1)(406.7, 408.1)(406.7, 412.5)(367.2, 412.5);SD
Port:(355.6, 244.4)(402.4, 244.4)(402.4, 244.4)(418.3, 244.4)(418.3, 406.8)(355.6, 406.8);GATE
Port:(361.1, 248.9)(396.9, 248.9)(396.9, 253.9)(361.1, 253.9);SD
Module:M10
Boundary:(413.4, 10.0)(507.1, 10.0)(507.1, 10.1)(522.2, 10.1)(522.2, 193.3)(413.4, 193.3);GATE
Port:(426.1, 189.0)(509.5, 189.0)(509.5, 193.3)(426.1, 193.3);SD
Port:(413.4, 10.0)(507.1, 10.0)(507.1, 10.1)(522.2, 10.1)(522.2, 187.3)(413.4, 187.3);GATE
Port:(419.2, 14.8)(501.3, 14.8)(501.3, 20.9)(419.2, 20.9);SD
Module:M7
Boundary:(124.8, 588.1)(124.8, 648.3)(20.0, 648.3)(20.0, 588.1);GATE
Port:(20.0, 600.7)(25.7, 600.7)(25.7, 635.7)(20.0, 635.7);SD
Port:(124.8, 588.1)(124.8, 648.3)(28.1, 648.3)(28.1, 588.1);GATE
Port:(114.7, 594.2)(119.7, 594.2)(119.7, 642.2)(114.7, 642.2);SD
Module:M3
Boundary:(518.3, 568.9)(518.3, 653.5)(518.0, 653.5)(518.0, 670.4)(319.4, 670.4)(319.4, 568.9);GATE
Port:(319.4, 582.2)(324.8, 582.2)(324.8, 657.1)(319.4, 657.1);SD
Port:(518.3, 568.9)(518.3, 653.5)(518.0, 653.5)(518.0, 670.4)(326.6, 670.4)(326.6, 568.9);GATE
Port:(508.0, 574.2)(514.0, 574.2)(514.0, 648.2)(508.0, 648.2);SD
Module:M15
Boundary:(157.7, 344.2)(157.7, 425.9)(157.5, 425.9)(157.5, 442.6)(10.0, 442.6)(10.0, 344.2);GATE
Port:(10.0, 356.9)(15.5, 356.9)(15.5, 429.9)(10.0, 429.9);SD
Port:(157.7, 344.2)(157.7, 425.9)(157.5, 425.9)(157.5, 442.6)(17.8, 442.6)(17.8, 344.2);GATE
Port:(148.3, 349.6)(153.3, 349.6)(153.3, 420.5)(148.3, 420.5);SD
Module:M12
Boundary:(334.2, 244.4)(334.2, 309.3)(334.2, 309.3)(334.2, 324.2)(159.0, 324.2)(159.0, 244.4);GATE
Port:(159.0, 258.6)(163.1, 258.6)(163.1, 310.0)(159.0, 310.0);SD
Port:(334.2, 244.4)(334.2, 309.3)(334.2, 309.3)(334.2, 324.2)(164.6, 324.2)(164.6, 244.4);GATE
Port:(321.9, 251.1)(328.5, 251.1)(328.5, 302.6)(321.9, 302.6);SD
Module:M8
Boundary:(20.0, 20.0)(65.4, 20.0)(65.4, 20.1)(79.3, 20.1)(79.3, 220.7)(20.0, 220.7);GATE
Port:(32.2, 214.9)(67.1, 214.9)(67.1, 220.7)(32.2, 220.7);SD
Port:(20.0, 20.0)(65.4, 20.0)(65.4, 20.1)(79.3, 20.1)(79.3, 213.1)(20.0, 213.1);GATE
Port:(26.5, 25.5)(58.9, 25.5)(58.9, 30.6)(26.5, 30.6);SD
Module:M4
Boundary:(119.3, 20.0)(189.8, 20.0)(189.8, 208.2)(119.3, 208.2);GATE
Port:(131.0, 203.5)(178.1, 203.5)(178.1, 208.2)(131.0, 208.2);SD
Port:(119.3, 20.0)(189.8, 20.0)(189.8, 200.9)(119.3, 200.9);GATE
Port:(125.2, 24.9)(183.9, 24.9)(183.9, 29.9)(125.2, 29.9);SD
