Area:(-30.0, -30.0)(861.9, -30.0)(861.9, 423.4)(-30.0, 423.4)
Rule:GATE(5,5);SD(5,5);GATE_SD(0.5);GATE_ITO(0.5);SD_ITO(0.5)
Module:M14
Boundary:(215.2, 234.8)(215.2, 343.1)(214.8, 343.1)(214.8, 360.7)(30.0, 360.7)(30.0, 234.8);GATE
Port:(30.0, 249.8)(34.7, 249.8)(34.7, 345.7)(30.0, 345.7);SD
Port:(215.2, 234.8)(215.2, 343.1)(214.8, 343.1)(214.8, 360.7)(36.2, 360.7)(36.2, 234.8);GATE
Port:(202.6, 241.1)(209.9, 241.1)(209.9, 336.8)(202.6, 336.8);SD
Module:M9
Boundary:(821.9, 10.0)(821.9, 88.2)(677.7, 88.2)(677.7, 10.0);GATE
Port:(677.7, 24.3)(682.0, 24.3)(682.0, 73.9)(677.7, 73.9);SD
Port:(821.9, 10.0)(821.9, 88.2)(683.7, 88.2)(683.7, 10.0);GATE
Port:(809.2, 16.2)(816.7, 16.2)(816.7, 82.0)(809.2, 82.0);SD
Module:M5
Boundary:(595.1, 20.0)(629.3, 20.0)(629.3, 20.1)(647.7, 20.1)(647.7, 118.5)(595.1, 118.5);GATE
Port:(608.6, 112.6)(634.2, 112.6)(634.2, 118.5)(608.6, 118.5);SD
Port:(595.1, 20.0)(629.3, 20.0)(629.3, 20.1)(647.7, 20.1)(647.7, 111.0)(595.1, 111.0);GATE
Port:(600.7, 24.6)(623.7, 24.6)(623.7, 30.2)(600.7, 30.2);SD
Module:M11
Boundary:(615.3, 148.5)(665.0, 148.5)(665.0, 148.8)(682.0, 148.8)(682.0, 239.9)(615.3, 239.9);GATE
Port:(628.2, 234.4)(669.1, 234.4)(669.1, 239.9)(628.2, 239.9);SD
Port:(615.3, 148.5)(665.0, 148.5)(665.0, 148.8)(682.0, 148.8)(682.0, 232.5)(615.3, 232.5);GATE
Port:(621.1, 153.3)(659.2, 153.3)(659.2, 158.3)(621.1, 158.3);SD
Module:M1
Boundary:(452.9, 30.0)(545.1, 30.0)(545.1, 184.0)(452.9, 184.0);GATE
Port:(465.8, 178.7)(532.2, 178.7)(532.2, 184.0)(465.8, 184.0);SD
Port:(452.9, 30.0)(545.1, 30.0)(545.1, 176.7)(452.9, 176.7);GATE
Port:(458.8, 34.9)(539.2, 34.9)(539.2, 40.3)(458.8, 40.3);SD
Module:M6
Boundary:(258.4, 10.0)(325.5, 10.0)(325.5, 104.9)(258.4, 104.9);GATE
Port:(272.1, 99.5)(311.8, 99.5)(311.8, 104.9)(272.1, 104.9);SD
Port:(258.4, 10.0)(325.5, 10.0)(325.5, 97.2)(258.4, 97.2);GATE
Port:(264.1, 14.7)(319.8, 14.7)(319.8, 20.9)(264.1, 20.9);SD
Module:M2
Boundary:(784.6, 283.4)(784.6, 371.2)(625.3, 371.2)(625.3, 283.4);GATE
Port:(625.3, 299.2)(631.2, 299.2)(631.2, 355.4)(625.3, 355.4);SD
Port:(784.6, 283.4)(784.6, 371.2)(633.1, 371.2)(633.1, 283.4);GATE
Port:(771.3, 290.3)(778.7, 290.3)(778.7, 364.3)(771.3, 364.3);SD
Module:M16
Boundary:(10.0, 10.0)(73.7, 10.0)(73.7, 105.3)(10.0, 105.3);GATE
Port:(22.3, 100.3)(61.4, 100.3)(61.4, 105.3)(22.3, 105.3);SD
Port:(10.0, 10.0)(73.7, 10.0)(73.7, 99.3)(10.0, 99.3);GATE
Port:(15.4, 14.4)(68.3, 14.4)(68.3, 19.5)(15.4, 19.5);SD
Module:M13
Boundary:(595.3, 224.0)(595.3, 277.1)(595.2, 277.1)(595.2, 293.1)(432.9, 293.1)(432.9, 224.0);GATE
Port:(432.9, 239.3)(437.7, 239.3)(437.7, 277.8)(432.9, 277.8);SD
Port:(595.3, 224.0)(595.3, 277.1)(595.2, 277.1)(595.2, 293.1)(440.0, 293.1)(440.0, 224.0);GATE
Port:(582.3, 230.6)(589.7, 230.6)(589.7, 270.5)(582.3, 270.5);SD
Module:M10
Boundary:(238.4, 10.0)(238.4, 91.0)(238.3, 91.0)(238.3, 106.3)(93.7, 106.3)(93.7, 10.0);GATE
Port:(93.7, 23.7)(99.6, 23.7)(99.6, 92.6)(93.7, 92.6);SD
Port:(238.4, 10.0)(238.4, 91.0)(238.3, 91.0)(238.3, 106.3)(100.7, 106.3)(100.7, 10.0);GATE
Port:(226.3, 16.5)(232.9, 16.5)(232.9, 84.5)(226.3, 84.5);SD
Module:M7
Boundary:(205.0, 136.3)(205.0, 169.6)(204.9, 169.6)(204.9, 184.8)(20.0, 184.8)(20.0, 136.3);GATE
Port:(20.0, 149.1)(25.8, 149.1)(25.8, 172.0)(20.0, 172.0);SD
Port:(205.0, 136.3)(205.0, 169.6)(204.9, 169.6)(204.9, 184.8)(28.1, 184.8)(28.1, 136.3);GATE
Port:(193.7, 142.8)(199.5, 142.8)(199.5, 163.1)(193.7, 163.1);SD
Module:M3
Boundary:(567.4, 313.1)(567.4, 383.4)(399.9, 383.4)(399.9, 313.1);GATE
Port:(399.9, 327.9)(404.9, 327.9)(404.9, 368.6)(399.9, 368.6);SD
Port:(567.4, 313.1)(567.4, 383.4)(407.8, 383.4)(407.8, 313.1);GATE
Port:(555.6, 319.9)(561.6, 319.9)(561.6, 376.6)(555.6, 376.6);SD
Module:M15
Boundary:(258.4, 124.9)(309.1, 124.9)(309.1, 125.2)(325.3, 125.2)(325.3, 229.3)(258.4, 229.3);GATE
Port:(272.5, 224.8)(311.2, 224.8)(311.2, 229.3)(272.5, 229.3);SD
Port:(258.4, 124.9)(309.1, 124.9)(309.1, 125.2)(325.3, 125.2)(325.3, 222.9)(258.4, 222.9);GATE
Port:(265.2, 130.7)(302.3, 130.7)(302.3, 135.6)(265.2, 135.6);SD
Module:M12
Boundary:(379.9, 268.7)(379.9, 371.0)(255.2, 371.0)(255.2, 268.7);GATE
Port:(255.2, 282.4)(261.0, 282.4)(261.0, 357.3)(255.2, 357.3);SD
Port:(379.9, 268.7)(379.9, 371.0)(262.2, 371.0)(262.2, 268.7);GATE
Port:(368.4, 274.6)(375.0, 274.6)(375.0, 365.1)(368.4, 365.1);SD
Module:M8
Boundary:(355.5, 20.0)(388.2, 20.0)(388.2, 20.1)(402.9, 20.1)(402.9, 238.7)(355.5, 238.7);GATE
Port:(368.0, 233.7)(390.4, 233.7)(390.4, 238.7)(368.0, 238.7);SD
Port:(355.5, 20.0)(388.2, 20.0)(388.2, 20.1)(402.9, 20.1)(402.9, 230.8)(355.5, 230.8);GATE
Port:(362.4, 25.9)(381.3, 25.9)(381.3, 30.6)(362.4, 30.6);SD
Module:M4
Boundary:(712.0, 118.2)(814.1, 118.2)(814.1, 243.4)(712.0, 243.4);GATE
Port:(723.9, 238.1)(802.2, 238.1)(802.2, 243.4)(723.9, 243.4);SD
Port:(712.0, 118.2)(814.1, 118.2)(814.1, 236.7)(712.0, 236.7);GATE
Port:(717.8, 123.0)(808.3, 123.0)(808.3, 127.8)(717.8, 127.8);SD
