Area:(-30.0, -30.0)(778.8, -30.0)(778.8, 500.8)(-30.0, 500.8)
Rule:GATE(5,5);SD(5,5);GATE_SD(0.5);GATE_ITO(0.5);SD_ITO(0.5)
Module:M14
Boundary:(628.8, 277.8)(628.8, 327.9)(628.8, 327.9)(628.8, 343.5)(540.1, 343.5)(540.1, 277.8);GATE
Port:(540.1, 291.2)(545.0, 291.2)(545.0, 330.1)(540.1, 330.1);SD
Port:(628.8, 277.8)(628.8, 327.9)(628.8, 327.9)(628.8, 343.5)(546.1, 343.5)(546.1, 277.8);GATE
Port:(617.5, 284.0)(623.6, 284.0)(623.6, 321.7)(617.5, 321.7);SD
Module:M9
Boundary:(424.0, 182.4)(485.4, 182.4)(485.4, 182.7)(500.1, 182.7)(500.1, 343.1)(424.0, 343.1);GATE
Port:(436.0, 337.2)(488.1, 337.2)(488.1, 343.1)(436.0, 343.1);SD
Port:(424.0, 182.4)(485.4, 182.4)(485.4, 182.7)(500.1, 182.7)(500.1, 335.9)(424.0, 335.9);GATE
Port:(429.9, 187.3)(479.5, 187.3)(479.5, 192.9)(429.9, 192.9);SD
Module:M5
Boundary:(20.0, 196.9)(126.4, 196.9)(126.4, 354.9)(20.0, 354.9);GATE
Port:(34.1, 350.9)(112.3, 350.9)(112.3, 354.9)(34.1, 354.9);SD
Port:(20.0, 196.9)(126.4, 196.9)(126.4, 349.1)(20.0, 349.1);GATE
Port:(25.9, 201.8)(120.5, 201.8)(120.5, 208.0)(25.9, 208.0);SD
Module:M11
Boundary:(181.7, 120.5)(181.7, 166.9)(10.0, 166.9)(10.0, 120.5);GATE
Port:(10.0, 132.3)(14.3, 132.3)(14.3, 155.1)(10.0, 155.1);SD
Port:(181.7, 120.5)(181.7, 166.9)(15.5, 166.9)(15.5, 120.5);GATE
Port:(172.2, 125.9)(177.3, 125.9)(177.3, 161.5)(172.2, 161.5);SD
Module:M1
Boundary:(383.9, 254.9)(383.9, 354.0)(176.4, 354.0)(176.4, 254.9);GATE
Port:(176.4, 269.5)(180.6, 269.5)(180.6, 339.4)(176.4, 339.4);SD
Port:(383.9, 254.9)(383.9, 354.0)(182.3, 354.0)(182.3, 254.9);GATE
Port:(371.9, 260.8)(379.0, 260.8)(379.0, 348.1)(371.9, 348.1);SD
Module:M6
Boundary:(352.5, 10.0)(404.0, 10.0)(404.0, 190.9)(352.5, 190.9);GATE
Port:(366.4, 186.0)(390.1, 186.0)(390.1, 190.9)(366.4, 190.9);SD
Port:(352.5, 10.0)(404.0, 10.0)(404.0, 184.2)(352.5, 184.2);GATE
Port:(358.3, 14.8)(398.2, 14.8)(398.2, 20.9)(358.3, 20.9);SD
Module:M2
Boundary:(631.2, 20.0)(705.4, 20.0)(705.4, 20.2)(723.9, 20.2)(723.9, 184.0)(631.2, 184.0);GATE
Port:(646.0, 178.1)(709.1, 178.1)(709.1, 184.0)(646.0, 184.0);SD
Port:(631.2, 20.0)(705.4, 20.0)(705.4, 20.2)(723.9, 20.2)(723.9, 176.4)(631.2, 176.4);GATE
Port:(638.2, 26.0)(698.4, 26.0)(698.4, 31.6)(638.2, 31.6);SD
Module:M16
Boundary:(124.6, 384.9)(124.6, 460.8)(10.0, 460.8)(10.0, 384.9);GATE
Port:(10.0, 398.0)(15.4, 398.0)(15.4, 447.7)(10.0, 447.7);SD
Port:(124.6, 384.9)(124.6, 460.8)(17.8, 460.8)(17.8, 384.9);GATE
Port:(113.4, 391.5)(119.0, 391.5)(119.0, 454.2)(113.4, 454.2);SD
Module:M13
Boundary:(378.0, 394.0)(378.0, 443.2)(377.9, 443.2)(377.9, 458.6)(156.4, 458.6)(156.4, 394.0);GATE
Port:(156.4, 407.4)(161.3, 407.4)(161.3, 445.2)(156.4, 445.2);SD
Port:(378.0, 394.0)(378.0, 443.2)(377.9, 443.2)(377.9, 458.6)(162.9, 458.6)(162.9, 394.0);GATE
Port:(366.7, 399.9)(373.1, 399.9)(373.1, 437.3)(366.7, 437.3);SD
Module:M10
Boundary:(668.8, 331.8)(721.6, 331.8)(721.6, 332.0)(738.8, 332.0)(738.8, 452.8)(668.8, 452.8);GATE
Port:(683.0, 447.0)(724.6, 447.0)(724.6, 452.8)(683.0, 452.8);SD
Port:(668.8, 331.8)(721.6, 331.8)(721.6, 332.0)(738.8, 332.0)(738.8, 444.3)(668.8, 444.3);GATE
Port:(675.6, 337.6)(714.8, 337.6)(714.8, 342.7)(675.6, 342.7);SD
Module:M7
Boundary:(212.6, 20.0)(322.5, 20.0)(322.5, 204.9)(212.6, 204.9);GATE
Port:(225.1, 199.2)(310.0, 199.2)(310.0, 204.9)(225.1, 204.9);SD
Port:(212.6, 20.0)(322.5, 20.0)(322.5, 196.7)(212.6, 196.7);GATE
Port:(218.6, 25.0)(316.5, 25.0)(316.5, 30.3)(218.6, 30.3);SD
Module:M3
Boundary:(182.6, 10.0)(182.6, 86.2)(182.4, 86.2)(182.4, 100.5)(10.0, 100.5)(10.0, 10.0);GATE
Port:(10.0, 23.4)(14.7, 23.4)(14.7, 87.1)(10.0, 87.1);SD
Port:(182.6, 10.0)(182.6, 86.2)(182.4, 86.2)(182.4, 100.5)(16.6, 100.5)(16.6, 10.0);GATE
Port:(170.7, 16.1)(177.5, 16.1)(177.5, 80.1)(170.7, 80.1);SD
Module:M15
Boundary:(638.1, 383.5)(638.1, 452.4)(424.0, 452.4)(424.0, 383.5);GATE
Port:(424.0, 397.0)(429.8, 397.0)(429.8, 438.9)(424.0, 438.9);SD
Port:(638.1, 383.5)(638.1, 452.4)(431.0, 452.4)(431.0, 383.5);GATE
Port:(627.5, 389.6)(633.0, 389.6)(633.0, 446.3)(627.5, 446.3);SD
Module:M12
Boundary:(531.4, 10.0)(583.5, 10.0)(583.5, 10.2)(601.2, 10.2)(601.2, 237.8)(531.4, 237.8);GATE
Port:(545.1, 233.0)(587.5, 233.0)(587.5, 237.8)(545.1, 237.8);SD
Port:(531.4, 10.0)(583.5, 10.0)(583.5, 10.2)(601.2, 10.2)(601.2, 230.4)(531.4, 230.4);GATE
Port:(537.3, 14.9)(577.6, 14.9)(577.6, 20.7)(537.3, 20.7);SD
Module:M8
Boundary:(434.0, 20.0)(485.7, 20.0)(485.7, 20.0)(501.4, 20.0)(501.4, 152.4)(434.0, 152.4);GATE
Port:(448.5, 146.7)(486.9, 146.7)(486.9, 152.4)(448.5, 152.4);SD
Port:(434.0, 20.0)(485.7, 20.0)(485.7, 20.0)(501.4, 20.0)(501.4, 144.9)(434.0, 144.9);GATE
Port:(440.6, 25.6)(479.1, 25.6)(479.1, 32.4)(440.6, 32.4);SD
Module:M4
Boundary:(678.8, 224.0)(726.5, 224.0)(726.5, 301.8)(678.8, 301.8);GATE
Port:(692.3, 297.0)(713.0, 297.0)(713.0, 301.8)(692.3, 301.8);SD
Port:(678.8, 224.0)(726.5, 224.0)(726.5, 294.2)(678.8, 294.2);GATE
Port:(685.2, 229.4)(720.1, 229.4)(720.1, 236.0)(685.2, 236.0);SD
