Area:(-30.0, -30.0)(901.7, -30.0)(901.7, 420.5)(-30.0, 420.5)
Rule:GATE(5,5);SD(5,5);GATE_SD(0.5);GATE_ITO(0.5);SD_ITO(0.5)
Module:M14
Boundary:(241.6, 30.0)(241.6, 98.3)(241.2, 98.3)(241.2, 115.3)(30.0, 115.3)(30.0, 30.0);GATE
Port:(30.0, 43.6)(34.9, 43.6)(34.9, 101.7)(30.0, 101.7);SD
Port:(241.6, 30.0)(241.6, 98.3)(241.2, 98.3)(241.2, 115.3)(37.8, 115.3)(37.8, 30.0);GATE
Port:(231.4, 36.2)(236.4, 36.2)(236.4, 92.1)(231.4, 92.1);SD
Module:M9
Boundary:(284.2, 103.7)(348.9, 103.7)(348.9, 262.7)(284.2, 262.7);GATE
Port:(296.9, 257.4)(336.2, 257.4)(336.2, 262.7)(296.9, 262.7);SD
Port:(284.2, 103.7)(348.9, 103.7)(348.9, 255.3)(284.2, 255.3);GATE
Port:(289.2, 107.7)(343.9, 107.7)(343.9, 114.5)(289.2, 114.5);SD
Module:M5
Boundary:(774.9, 169.8)(861.7, 169.8)(861.7, 346.5)(774.9, 346.5);GATE
Port:(790.2, 341.1)(846.4, 341.1)(846.4, 346.5)(790.2, 346.5);SD
Port:(774.9, 169.8)(861.7, 169.8)(861.7, 338.7)(774.9, 338.7);GATE
Port:(781.9, 175.8)(854.7, 175.8)(854.7, 182.6)(781.9, 182.6);SD
Module:M11
Boundary:(472.2, 142.2)(472.2, 257.5)(393.0, 257.5)(393.0, 142.2);GATE
Port:(393.0, 156.9)(397.7, 156.9)(397.7, 242.8)(393.0, 242.8);SD
Port:(472.2, 142.2)(472.2, 257.5)(398.7, 257.5)(398.7, 142.2);GATE
Port:(459.4, 148.7)(466.7, 148.7)(466.7, 251.0)(459.4, 251.0);SD
Module:M1
Boundary:(724.9, 274.2)(724.9, 364.0)(575.8, 364.0)(575.8, 274.2);GATE
Port:(575.8, 287.1)(579.8, 287.1)(579.8, 351.1)(575.8, 351.1);SD
Port:(724.9, 274.2)(724.9, 364.0)(582.3, 364.0)(582.3, 274.2);GATE
Port:(714.1, 281.2)(718.9, 281.2)(718.9, 357.0)(714.1, 357.0);SD
Module:M6
Boundary:(281.6, 10.0)(373.0, 10.0)(373.0, 83.7)(281.6, 83.7);GATE
Port:(294.0, 78.0)(360.6, 78.0)(360.6, 83.7)(294.0, 83.7);SD
Port:(281.6, 10.0)(373.0, 10.0)(373.0, 76.1)(281.6, 76.1);GATE
Port:(287.1, 14.5)(367.5, 14.5)(367.5, 20.8)(287.1, 20.8);SD
Module:M2
Boundary:(567.4, 20.0)(567.4, 97.6)(567.3, 97.6)(567.3, 112.2)(403.0, 112.2)(403.0, 20.0);GATE
Port:(403.0, 33.6)(408.6, 33.6)(408.6, 98.6)(403.0, 98.6);SD
Port:(567.4, 20.0)(567.4, 97.6)(567.3, 97.6)(567.3, 112.2)(411.6, 112.2)(411.6, 20.0);GATE
Port:(555.4, 26.6)(561.8, 26.6)(561.8, 91.0)(555.4, 91.0);SD
Module:M16
Boundary:(10.0, 155.3)(112.0, 155.3)(112.0, 364.0)(10.0, 364.0);GATE
Port:(23.8, 358.4)(98.2, 358.4)(98.2, 364.0)(23.8, 364.0);SD
Port:(10.0, 155.3)(112.0, 155.3)(112.0, 355.5)(10.0, 355.5);GATE
Port:(15.3, 159.6)(106.7, 159.6)(106.7, 165.9)(15.3, 165.9);SD
Module:M13
Boundary:(262.8, 282.7)(352.3, 282.7)(352.3, 283.0)(369.8, 283.0)(369.8, 373.3)(262.8, 373.3);GATE
Port:(278.1, 369.1)(354.5, 369.1)(354.5, 373.3)(278.1, 373.3);SD
Port:(262.8, 282.7)(352.3, 282.7)(352.3, 283.0)(369.8, 283.0)(369.8, 367.8)(262.8, 367.8);GATE
Port:(268.3, 287.2)(346.8, 287.2)(346.8, 294.9)(268.3, 294.9);SD
Module:M10
Boundary:(264.2, 155.3)(264.2, 228.9)(264.1, 228.9)(264.1, 242.9)(132.0, 242.9)(132.0, 155.3);GATE
Port:(132.0, 168.0)(137.3, 168.0)(137.3, 230.2)(132.0, 230.2);SD
Port:(264.2, 155.3)(264.2, 228.9)(264.1, 228.9)(264.1, 242.9)(139.0, 242.9)(139.0, 155.3);GATE
Port:(253.2, 160.8)(259.7, 160.8)(259.7, 223.4)(253.2, 223.4);SD
Module:M7
Boundary:(745.8, 20.0)(745.8, 91.4)(607.4, 91.4)(607.4, 20.0);GATE
Port:(607.4, 34.7)(612.9, 34.7)(612.9, 76.7)(607.4, 76.7);SD
Port:(745.8, 20.0)(745.8, 91.4)(614.3, 91.4)(614.3, 20.0);GATE
Port:(734.4, 26.2)(740.6, 26.2)(740.6, 85.2)(734.4, 85.2);SD
Module:M3
Boundary:(132.0, 262.9)(242.8, 262.9)(242.8, 380.5)(132.0, 380.5);GATE
Port:(147.4, 375.8)(227.4, 375.8)(227.4, 380.5)(147.4, 380.5);SD
Port:(132.0, 262.9)(242.8, 262.9)(242.8, 373.2)(132.0, 373.2);GATE
Port:(138.8, 268.7)(236.0, 268.7)(236.0, 274.8)(138.8, 274.8);SD
Module:M15
Boundary:(600.6, 142.2)(600.6, 231.2)(492.2, 231.2)(492.2, 142.2);GATE
Port:(492.2, 155.7)(497.5, 155.7)(497.5, 217.7)(492.2, 217.7);SD
Port:(600.6, 142.2)(600.6, 231.2)(499.2, 231.2)(499.2, 142.2);GATE
Port:(590.3, 147.7)(596.1, 147.7)(596.1, 225.7)(590.3, 225.7);SD
Module:M12
Boundary:(620.6, 121.4)(742.1, 121.4)(742.1, 234.2)(620.6, 234.2);GATE
Port:(635.3, 228.8)(727.4, 228.8)(727.4, 234.2)(635.3, 234.2);SD
Port:(620.6, 121.4)(742.1, 121.4)(742.1, 226.6)(620.6, 226.6);GATE
Port:(627.0, 126.8)(735.7, 126.8)(735.7, 133.5)(627.0, 133.5);SD
Module:M8
Boundary:(525.8, 287.5)(525.8, 358.6)(525.4, 358.6)(525.4, 375.0)(403.0, 375.0)(403.0, 287.5);GATE
Port:(403.0, 303.5)(408.8, 303.5)(408.8, 359.0)(403.0, 359.0);SD
Port:(525.8, 287.5)(525.8, 358.6)(525.4, 358.6)(525.4, 375.0)(410.1, 375.0)(410.1, 287.5);GATE
Port:(512.6, 294.2)(520.1, 294.2)(520.1, 351.9)(512.6, 351.9);SD
Module:M4
Boundary:(785.8, 20.0)(841.3, 20.0)(841.3, 20.2)(860.4, 20.2)(860.4, 129.8)(785.8, 129.8);GATE
Port:(800.2, 125.8)(846.0, 125.8)(846.0, 129.8)(800.2, 129.8);SD
Port:(785.8, 20.0)(841.3, 20.0)(841.3, 20.2)(860.4, 20.2)(860.4, 124.3)(785.8, 124.3);GATE
Port:(790.8, 24.0)(836.3, 24.0)(836.3, 30.9)(790.8, 30.9);SD
