Area:(-30.0, -20.0)(723.0, -20.0)(723.0, 601.7)(-30.0, 601.7)
Rule:GATE(5,5);SD(5,5);GATE_SD(0.5);GATE_ITO(0.5);SD_ITO(0.5)
Module:M14
Boundary:(205.9, 30.0)(205.9, 96.0)(205.7, 96.0)(205.7, 111.9)(30.0, 111.9)(30.0, 30.0);GATE
Port:(30.0, 43.9)(34.9, 43.9)(34.9, 98.0)(30.0, 98.0);SD
Port:(205.9, 30.0)(205.9, 96.0)(205.7, 96.0)(205.7, 111.9)(37.1, 111.9)(37.1, 30.0);GATE
Port:(195.0, 35.5)(201.4, 35.5)(201.4, 90.5)(195.0, 90.5);SD
Module:M9
Boundary:(680.3, 458.8)(680.3, 557.9)(508.8, 557.9)(508.8, 458.8);GATE
Port:(508.8, 474.0)(514.5, 474.0)(514.5, 542.7)(508.8, 542.7);SD
Port:(680.3, 458.8)(680.3, 557.9)(516.2, 557.9)(516.2, 458.8);GATE
Port:(667.9, 465.7)(674.4, 465.7)(674.4, 551.0)(667.9, 551.0);SD
Module:M5
Boundary:(168.7, 260.4)(245.5, 260.4)(245.5, 411.5)(168.7, 411.5);GATE
Port:(184.0, 407.5)(230.2, 407.5)(230.2, 411.5)(184.0, 411.5);SD
Port:(168.7, 260.4)(245.5, 260.4)(245.5, 405.3)(168.7, 405.3);GATE
Port:(175.2, 265.9)(239.0, 265.9)(239.0, 272.2)(175.2, 272.2);SD
Module:M11
Boundary:(224.7, 151.9)(224.7, 230.4)(10.0, 230.4)(10.0, 151.9);GATE
Port:(10.0, 165.6)(14.3, 165.6)(14.3, 216.7)(10.0, 216.7);SD
Port:(224.7, 151.9)(224.7, 230.4)(15.4, 230.4)(15.4, 151.9);GATE
Port:(212.7, 158.6)(219.0, 158.6)(219.0, 223.7)(212.7, 223.7);SD
Module:M1
Boundary:(670.5, 30.0)(670.5, 146.5)(567.9, 146.5)(567.9, 30.0);GATE
Port:(567.9, 45.6)(572.3, 45.6)(572.3, 130.9)(567.9, 130.9);SD
Port:(670.5, 30.0)(670.5, 146.5)(573.8, 146.5)(573.8, 30.0);GATE
Port:(657.2, 37.0)(664.5, 37.0)(664.5, 139.5)(657.2, 139.5);SD
Module:M6
Boundary:(136.7, 400.6)(136.7, 509.3)(136.2, 509.3)(136.2, 527.0)(10.0, 527.0)(10.0, 400.6);GATE
Port:(10.0, 416.4)(15.4, 416.4)(15.4, 511.2)(10.0, 511.2);SD
Port:(136.7, 400.6)(136.7, 509.3)(136.2, 509.3)(136.2, 527.0)(17.2, 527.0)(17.2, 400.6);GATE
Port:(124.2, 406.8)(131.5, 406.8)(131.5, 503.1)(124.2, 503.1);SD
Module:M2
Boundary:(517.3, 377.4)(517.3, 410.7)(517.1, 410.7)(517.1, 426.1)(295.2, 426.1)(295.2, 377.4);GATE
Port:(295.2, 390.7)(300.3, 390.7)(300.3, 412.8)(295.2, 412.8);SD
Port:(517.3, 377.4)(517.3, 410.7)(517.1, 410.7)(517.1, 426.1)(301.8, 426.1)(301.8, 377.4);GATE
Port:(506.4, 384.1)(511.6, 384.1)(511.6, 404.0)(506.4, 404.0);SD
Module:M16
Boundary:(398.9, 242.5)(398.9, 347.4)(285.2, 347.4)(285.2, 242.5);GATE
Port:(285.2, 256.4)(290.9, 256.4)(290.9, 333.5)(285.2, 333.5);SD
Port:(398.9, 242.5)(398.9, 347.4)(292.7, 347.4)(292.7, 242.5);GATE
Port:(388.4, 247.9)(394.5, 247.9)(394.5, 342.0)(388.4, 342.0);SD
Module:M13
Boundary:(615.8, 241.3)(615.8, 320.1)(615.7, 320.1)(615.7, 335.1)(418.9, 335.1)(418.9, 241.3);GATE
Port:(418.9, 254.2)(424.1, 254.2)(424.1, 322.2)(418.9, 322.2);SD
Port:(615.8, 241.3)(615.8, 320.1)(615.7, 320.1)(615.7, 335.1)(426.2, 335.1)(426.2, 241.3);GATE
Port:(604.5, 248.0)(610.1, 248.0)(610.1, 313.4)(604.5, 313.4);SD
Module:M10
Boundary:(635.8, 186.5)(667.5, 186.5)(667.5, 186.5)(683.0, 186.5)(683.0, 318.0)(635.8, 318.0);GATE
Port:(648.2, 312.4)(670.6, 312.4)(670.6, 318.0)(648.2, 318.0);SD
Port:(635.8, 186.5)(667.5, 186.5)(667.5, 186.5)(683.0, 186.5)(683.0, 310.6)(635.8, 310.6);GATE
Port:(641.6, 191.3)(661.7, 191.3)(661.7, 196.5)(641.6, 196.5);SD
Module:M7
Boundary:(20.0, 260.4)(128.7, 260.4)(128.7, 370.6)(20.0, 370.6);GATE
Port:(33.5, 365.2)(115.2, 365.2)(115.2, 370.6)(33.5, 370.6);SD
Port:(20.0, 260.4)(128.7, 260.4)(128.7, 362.3)(20.0, 362.3);GATE
Port:(26.8, 266.2)(121.9, 266.2)(121.9, 271.9)(26.8, 271.9);SD
Module:M3
Boundary:(156.7, 441.5)(265.2, 441.5)(265.2, 561.7)(156.7, 561.7);GATE
Port:(172.4, 556.8)(249.5, 556.8)(249.5, 561.7)(172.4, 561.7);SD
Port:(156.7, 441.5)(265.2, 441.5)(265.2, 554.0)(156.7, 554.0);GATE
Port:(162.6, 446.4)(259.3, 446.4)(259.3, 454.0)(162.6, 454.0);SD
Module:M15
Boundary:(675.6, 355.1)(675.6, 421.4)(675.3, 421.4)(675.3, 438.8)(547.3, 438.8)(547.3, 355.1);GATE
Port:(547.3, 367.2)(551.7, 367.2)(551.7, 426.7)(547.3, 426.7);SD
Port:(675.6, 355.1)(675.6, 421.4)(675.3, 421.4)(675.3, 438.8)(554.4, 438.8)(554.4, 355.1);GATE
Port:(666.8, 360.3)(671.4, 360.3)(671.4, 416.2)(666.8, 416.2);SD
Module:M12
Boundary:(488.8, 456.1)(488.8, 543.5)(488.7, 543.5)(488.7, 560.7)(285.2, 560.7)(285.2, 456.1);GATE
Port:(285.2, 470.9)(290.2, 470.9)(290.2, 545.9)(285.2, 545.9);SD
Port:(488.8, 456.1)(488.8, 543.5)(488.7, 543.5)(488.7, 560.7)(291.3, 560.7)(291.3, 456.1);GATE
Port:(477.2, 461.9)(484.0, 461.9)(484.0, 537.7)(477.2, 537.7);SD
Module:M8
Boundary:(415.8, 20.0)(517.9, 20.0)(517.9, 211.3)(415.8, 211.3);GATE
Port:(430.7, 205.7)(503.0, 205.7)(503.0, 211.3)(430.7, 211.3);SD
Port:(415.8, 20.0)(517.9, 20.0)(517.9, 203.8)(415.8, 203.8);GATE
Port:(422.5, 25.7)(511.2, 25.7)(511.2, 32.3)(422.5, 32.3);SD
Module:M4
Boundary:(255.9, 20.0)(375.8, 20.0)(375.8, 212.5)(255.9, 212.5);GATE
Port:(268.4, 208.4)(363.3, 208.4)(363.3, 212.5)(268.4, 212.5);SD
Port:(255.9, 20.0)(375.8, 20.0)(375.8, 206.6)(255.9, 206.6);GATE
Port:(262.0, 25.1)(369.7, 25.1)(369.7, 29.3)(262.0, 29.3);SD
