Area:(-30.0, -30.0)(480.4, -30.0)(480.4, 907.7)(-30.0, 907.7)
Rule:GATE(5,5);SD(5,5);GATE_SD(0.5);GATE_ITO(0.5);SD_ITO(0.5)
Module:M14
Boundary:(30.0, 30.0)(137.8, 30.0)(137.8, 235.7)(30.0, 235.7);GATE
Port:(42.0, 231.5)(125.8, 231.5)(125.8, 235.7)(42.0, 235.7);SD
Port:(30.0, 30.0)(137.8, 30.0)(137.8, 229.3)(30.0, 229.3);GATE
Port:(35.0, 34.0)(132.8, 34.0)(132.8, 39.4)(35.0, 39.4);SD
Module:M9
Boundary:(373.0, 240.2)(421.3, 240.2)(421.3, 240.4)(436.8, 240.4)(436.8, 467.4)(373.0, 467.4);GATE
Port:(385.7, 461.4)(424.1, 461.4)(424.1, 467.4)(385.7, 467.4);SD
Port:(373.0, 240.2)(421.3, 240.2)(421.3, 240.4)(436.8, 240.4)(436.8, 459.6)(373.0, 459.6);GATE
Port:(379.5, 245.7)(414.8, 245.7)(414.8, 250.4)(379.5, 250.4);SD
Module:M5
Boundary:(160.9, 689.0)(160.9, 750.8)(160.7, 750.8)(160.7, 764.6)(20.0, 764.6)(20.0, 689.0);GATE
Port:(20.0, 702.8)(25.1, 702.8)(25.1, 750.8)(20.0, 750.8);SD
Port:(160.9, 689.0)(160.9, 750.8)(160.7, 750.8)(160.7, 764.6)(27.6, 764.6)(27.6, 689.0);GATE
Port:(149.0, 695.6)(155.3, 695.6)(155.3, 744.2)(149.0, 744.2);SD
Module:M11
Boundary:(10.0, 547.1)(117.3, 547.1)(117.3, 547.4)(134.9, 547.4)(134.9, 659.0)(10.0, 659.0);GATE
Port:(24.8, 653.8)(120.1, 653.8)(120.1, 659.0)(24.8, 659.0);SD
Port:(10.0, 547.1)(117.3, 547.1)(117.3, 547.4)(134.9, 547.4)(134.9, 652.4)(10.0, 652.4);GATE
Port:(15.9, 552.0)(111.4, 552.0)(111.4, 559.0)(15.9, 559.0);SD
Module:M1
Boundary:(128.6, 295.7)(128.6, 360.4)(128.4, 360.4)(128.4, 376.6)(30.0, 376.6)(30.0, 295.7);GATE
Port:(30.0, 308.0)(35.3, 308.0)(35.3, 364.3)(30.0, 364.3);SD
Port:(128.6, 295.7)(128.6, 360.4)(128.4, 360.4)(128.4, 376.6)(37.5, 376.6)(37.5, 295.7);GATE
Port:(118.1, 301.1)(124.2, 301.1)(124.2, 355.0)(118.1, 355.0);SD
Module:M6
Boundary:(323.5, 473.2)(323.5, 545.8)(323.1, 545.8)(323.1, 564.6)(172.5, 564.6)(172.5, 473.2);GATE
Port:(172.5, 486.9)(177.6, 486.9)(177.6, 550.9)(172.5, 550.9);SD
Port:(323.5, 473.2)(323.5, 545.8)(323.1, 545.8)(323.1, 564.6)(179.8, 564.6)(179.8, 473.2);GATE
Port:(313.3, 478.3)(319.4, 478.3)(319.4, 540.7)(313.3, 540.7);SD
Module:M2
Boundary:(433.4, 775.2)(433.4, 848.7)(432.9, 848.7)(432.9, 867.2)(257.8, 867.2)(257.8, 775.2);GATE
Port:(257.8, 789.6)(262.4, 789.6)(262.4, 852.8)(257.8, 852.8);SD
Port:(433.4, 775.2)(433.4, 848.7)(432.9, 848.7)(432.9, 867.2)(264.6, 867.2)(264.6, 775.2);GATE
Port:(422.4, 781.5)(428.1, 781.5)(428.1, 842.4)(422.4, 842.4);SD
Module:M16
Boundary:(325.7, 10.0)(404.4, 10.0)(404.4, 10.3)(419.0, 10.3)(419.0, 220.2)(325.7, 220.2);GATE
Port:(339.8, 215.7)(404.9, 215.7)(404.9, 220.2)(339.8, 220.2);SD
Port:(325.7, 10.0)(404.4, 10.0)(404.4, 10.3)(419.0, 10.3)(419.0, 213.8)(325.7, 213.8);GATE
Port:(332.7, 16.0)(397.4, 16.0)(397.4, 22.0)(332.7, 22.0);SD
Module:M13
Boundary:(305.9, 584.6)(305.9, 620.3)(305.9, 620.3)(305.9, 637.5)(172.5, 637.5)(172.5, 584.6);GATE
Port:(172.5, 599.1)(178.4, 599.1)(178.4, 623.0)(172.5, 623.0);SD
Port:(305.9, 584.6)(305.9, 620.3)(305.9, 620.3)(305.9, 637.5)(180.1, 637.5)(180.1, 584.6);GATE
Port:(294.2, 591.1)(300.4, 591.1)(300.4, 613.8)(294.2, 613.8);SD
Module:M10
Boundary:(353.0, 359.6)(353.0, 453.2)(177.8, 453.2)(177.8, 359.6);GATE
Port:(177.8, 375.1)(183.4, 375.1)(183.4, 437.7)(177.8, 437.7);SD
Port:(353.0, 359.6)(353.0, 453.2)(184.9, 453.2)(184.9, 359.6);GATE
Port:(340.5, 366.0)(347.6, 366.0)(347.6, 446.8)(340.5, 446.8);SD
Module:M7
Boundary:(402.8, 667.5)(402.8, 717.9)(402.7, 717.9)(402.7, 735.2)(200.9, 735.2)(200.9, 667.5);GATE
Port:(200.9, 680.6)(205.0, 680.6)(205.0, 722.1)(200.9, 722.1);SD
Port:(402.8, 667.5)(402.8, 717.9)(402.7, 717.9)(402.7, 735.2)(207.4, 735.2)(207.4, 667.5);GATE
Port:(393.1, 673.6)(397.7, 673.6)(397.7, 711.8)(393.1, 711.8);SD
Module:M3
Boundary:(343.5, 487.4)(440.4, 487.4)(440.4, 606.6)(343.5, 606.6);GATE
Port:(356.2, 600.7)(427.7, 600.7)(427.7, 606.6)(356.2, 606.6);SD
Port:(343.5, 487.4)(440.4, 487.4)(440.4, 599.4)(343.5, 599.4);GATE
Port:(349.4, 492.3)(434.5, 492.3)(434.5, 498.0)(349.4, 498.0);SD
Module:M15
Boundary:(227.8, 794.6)(227.8, 849.9)(227.6, 849.9)(227.6, 867.7)(10.0, 867.7)(10.0, 794.6);GATE
Port:(10.0, 809.5)(14.9, 809.5)(14.9, 852.8)(10.0, 852.8);SD
Port:(227.8, 794.6)(227.8, 849.9)(227.6, 849.9)(227.6, 867.7)(15.9, 867.7)(15.9, 794.6);GATE
Port:(215.6, 800.3)(223.1, 800.3)(223.1, 844.2)(215.6, 844.2);SD
Module:M12
Boundary:(331.8, 265.8)(331.8, 321.3)(331.5, 321.3)(331.5, 339.6)(177.8, 339.6)(177.8, 265.8);GATE
Port:(177.8, 280.9)(182.5, 280.9)(182.5, 324.5)(177.8, 324.5);SD
Port:(331.8, 265.8)(331.8, 321.3)(331.5, 321.3)(331.5, 339.6)(185.4, 339.6)(185.4, 265.8);GATE
Port:(320.0, 271.3)(327.3, 271.3)(327.3, 315.8)(320.0, 315.8);SD
Module:M8
Boundary:(187.8, 20.0)(295.7, 20.0)(295.7, 235.8)(187.8, 235.8);GATE
Port:(202.2, 231.2)(281.3, 231.2)(281.3, 235.8)(202.2, 235.8);SD
Port:(187.8, 20.0)(295.7, 20.0)(295.7, 229.2)(187.8, 229.2);GATE
Port:(194.2, 25.4)(289.3, 25.4)(289.3, 31.3)(194.2, 31.3);SD
Module:M4
Boundary:(142.5, 426.6)(142.5, 517.1)(20.0, 517.1)(20.0, 426.6);GATE
Port:(20.0, 441.3)(25.0, 441.3)(25.0, 502.4)(20.0, 502.4);SD
Port:(142.5, 426.6)(142.5, 517.1)(27.8, 517.1)(27.8, 426.6);GATE
Port:(131.1, 433.0)(137.1, 433.0)(137.1, 510.7)(131.1, 510.7);SD
