Area:(-30.0, -30.0)(1039.9, -30.0)(1039.9, 404.3)(-30.0, 404.3)
Rule:GATE(5,5);SD(5,5);GATE_SD(0.5);GATE_ITO(0.5);SD_ITO(0.5)
Module:M14
Boundary:(812.5, 30.0)(867.1, 30.0)(867.1, 30.2)(885.2, 30.2)(885.2, 249.9)(812.5, 249.9);GATE
Port:(827.6, 244.6)(870.1, 244.6)(870.1, 249.9)(827.6, 249.9);SD
Port:(812.5, 30.0)(867.1, 30.0)(867.1, 30.2)(885.2, 30.2)(885.2, 242.2)(812.5, 242.2);GATE
Port:(818.5, 35.0)(861.1, 35.0)(861.1, 41.7)(818.5, 41.7);SD
Module:M9
Boundary:(591.3, 10.0)(591.3, 89.4)(591.2, 89.4)(591.2, 105.2)(486.1, 105.2)(486.1, 10.0);GATE
Port:(486.1, 22.1)(491.5, 22.1)(491.5, 93.1)(486.1, 93.1);SD
Port:(591.3, 10.0)(591.3, 89.4)(591.2, 89.4)(591.2, 105.2)(493.9, 105.2)(493.9, 10.0);GATE
Port:(581.2, 15.9)(586.4, 15.9)(586.4, 83.5)(581.2, 83.5);SD
Module:M5
Boundary:(762.5, 20.0)(762.5, 78.4)(762.5, 78.4)(762.5, 96.6)(621.3, 96.6)(621.3, 20.0);GATE
Port:(621.3, 36.5)(626.4, 36.5)(626.4, 80.1)(621.3, 80.1);SD
Port:(762.5, 20.0)(762.5, 78.4)(762.5, 78.4)(762.5, 96.6)(627.8, 96.6)(627.8, 20.0);GATE
Port:(749.2, 26.7)(756.8, 26.7)(756.8, 71.7)(749.2, 71.7);SD
Module:M11
Boundary:(999.9, 289.9)(999.9, 360.6)(790.8, 360.6)(790.8, 289.9);GATE
Port:(790.8, 304.9)(795.7, 304.9)(795.7, 345.6)(790.8, 345.6);SD
Port:(999.9, 289.9)(999.9, 360.6)(797.8, 360.6)(797.8, 289.9);GATE
Port:(988.0, 296.3)(994.5, 296.3)(994.5, 354.2)(988.0, 354.2);SD
Module:M1
Boundary:(228.8, 30.0)(228.8, 123.1)(228.4, 123.1)(228.4, 138.7)(114.1, 138.7)(114.1, 30.0);GATE
Port:(114.1, 41.5)(119.9, 41.5)(119.9, 127.2)(114.1, 127.2);SD
Port:(228.8, 30.0)(228.8, 123.1)(228.4, 123.1)(228.4, 138.7)(121.5, 138.7)(121.5, 30.0);GATE
Port:(219.4, 35.0)(224.8, 35.0)(224.8, 118.1)(219.4, 118.1);SD
Module:M6
Boundary:(290.8, 268.8)(290.8, 344.7)(290.4, 344.7)(290.4, 363.0)(155.2, 363.0)(155.2, 268.8);GATE
Port:(155.2, 284.7)(161.0, 284.7)(161.0, 347.1)(155.2, 347.1);SD
Port:(290.8, 268.8)(290.8, 344.7)(290.4, 344.7)(290.4, 363.0)(163.4, 363.0)(163.4, 268.8);GATE
Port:(278.2, 275.6)(285.0, 275.6)(285.0, 337.9)(278.2, 337.9);SD
Module:M2
Boundary:(935.2, 20.0)(979.9, 20.0)(979.9, 20.0)(994.2, 20.0)(994.2, 228.4)(935.2, 228.4);GATE
Port:(947.3, 224.3)(982.1, 224.3)(982.1, 228.4)(947.3, 228.4);SD
Port:(935.2, 20.0)(979.9, 20.0)(979.9, 20.0)(994.2, 20.0)(994.2, 221.8)(935.2, 221.8);GATE
Port:(940.5, 24.3)(974.6, 24.3)(974.6, 29.8)(940.5, 29.8);SD
Module:M16
Boundary:(10.0, 10.0)(74.1, 10.0)(74.1, 213.9)(10.0, 213.9);GATE
Port:(23.3, 208.3)(60.8, 208.3)(60.8, 213.9)(23.3, 213.9);SD
Port:(10.0, 10.0)(74.1, 10.0)(74.1, 205.5)(10.0, 205.5);GATE
Port:(16.3, 15.3)(67.8, 15.3)(67.8, 20.7)(16.3, 20.7);SD
Module:M13
Boundary:(243.9, 178.7)(243.9, 226.3)(243.7, 226.3)(243.7, 241.4)(94.1, 241.4)(94.1, 178.7);GATE
Port:(94.1, 191.9)(99.5, 191.9)(99.5, 228.2)(94.1, 228.2);SD
Port:(243.9, 178.7)(243.9, 226.3)(243.7, 226.3)(243.7, 241.4)(101.7, 241.4)(101.7, 178.7);GATE
Port:(233.3, 185.0)(238.6, 185.0)(238.6, 220.0)(233.3, 220.0);SD
Module:M10
Boundary:(135.2, 261.4)(135.2, 349.9)(134.9, 349.9)(134.9, 364.3)(10.0, 364.3)(10.0, 261.4);GATE
Port:(10.0, 273.1)(15.3, 273.1)(15.3, 352.6)(10.0, 352.6);SD
Port:(135.2, 261.4)(135.2, 349.9)(134.9, 349.9)(134.9, 364.3)(16.8, 364.3)(16.8, 261.4);GATE
Port:(125.3, 267.3)(130.3, 267.3)(130.3, 344.0)(125.3, 344.0);SD
Module:M7
Boundary:(757.4, 136.6)(757.4, 202.8)(757.1, 202.8)(757.1, 219.0)(608.7, 219.0)(608.7, 136.6);GATE
Port:(608.7, 149.6)(614.5, 149.6)(614.5, 206.0)(608.7, 206.0);SD
Port:(757.4, 136.6)(757.4, 202.8)(757.1, 202.8)(757.1, 219.0)(616.4, 219.0)(616.4, 136.6);GATE
Port:(746.8, 143.4)(751.6, 143.4)(751.6, 196.0)(746.8, 196.0);SD
Module:M3
Boundary:(268.8, 120.6)(341.7, 120.6)(341.7, 248.8)(268.8, 248.8);GATE
Port:(284.5, 242.8)(326.0, 242.8)(326.0, 248.8)(284.5, 248.8);SD
Port:(268.8, 120.6)(341.7, 120.6)(341.7, 240.7)(268.8, 240.7);GATE
Port:(275.4, 126.2)(335.1, 126.2)(335.1, 133.0)(275.4, 133.0);SD
Module:M15
Boundary:(770.8, 249.0)(770.8, 360.9)(598.7, 360.9)(598.7, 249.0);GATE
Port:(598.7, 264.6)(603.9, 264.6)(603.9, 345.3)(598.7, 345.3);SD
Port:(770.8, 249.0)(770.8, 360.9)(606.2, 360.9)(606.2, 249.0);GATE
Port:(758.6, 255.0)(765.8, 255.0)(765.8, 354.9)(758.6, 354.9);SD
Module:M12
Boundary:(466.1, 10.0)(466.1, 100.6)(268.8, 100.6)(268.8, 10.0);GATE
Port:(268.8, 21.8)(274.1, 21.8)(274.1, 88.8)(268.8, 88.8);SD
Port:(466.1, 10.0)(466.1, 100.6)(275.2, 100.6)(275.2, 10.0);GATE
Port:(456.2, 15.3)(461.8, 15.3)(461.8, 95.3)(456.2, 95.3);SD
Module:M8
Boundary:(568.7, 135.2)(568.7, 248.7)(371.7, 248.7)(371.7, 135.2);GATE
Port:(371.7, 151.7)(377.7, 151.7)(377.7, 232.2)(371.7, 232.2);SD
Port:(568.7, 135.2)(568.7, 248.7)(379.3, 248.7)(379.3, 135.2);GATE
Port:(555.6, 142.2)(562.7, 142.2)(562.7, 241.7)(555.6, 241.7);SD
Module:M4
Boundary:(566.7, 288.7)(566.7, 335.0)(566.4, 335.0)(566.4, 350.7)(371.7, 350.7)(371.7, 288.7);GATE
Port:(371.7, 300.2)(376.9, 300.2)(376.9, 339.2)(371.7, 339.2);SD
Port:(566.7, 288.7)(566.7, 335.0)(566.4, 335.0)(566.4, 350.7)(378.7, 350.7)(378.7, 288.7);GATE
Port:(557.3, 294.2)(562.2, 294.2)(562.2, 329.5)(557.3, 329.5);SD
