Area:(-30.0, -30.0)(788.0, -30.0)(788.0, 468.0)(-30.0, 468.0)
Rule:GATE(5,5);SD(5,5);GATE_SD(0.5);GATE_ITO(0.5);SD_ITO(0.5)
Module:M14
Boundary:(30.0, 30.0)(137.9, 30.0)(137.9, 30.3)(155.3, 30.3)(155.3, 142.6)(30.0, 142.6);GATE
Port:(46.1, 136.8)(139.2, 136.8)(139.2, 142.6)(46.1, 142.6);SD
Port:(30.0, 30.0)(137.9, 30.0)(137.9, 30.3)(155.3, 30.3)(155.3, 135.7)(30.0, 135.7);GATE
Port:(36.9, 35.9)(131.0, 35.9)(131.0, 42.6)(36.9, 42.6);SD
Module:M9
Boundary:(635.1, 143.6)(635.1, 191.4)(634.8, 191.4)(634.8, 207.6)(477.3, 207.6)(477.3, 143.6);GATE
Port:(477.3, 156.1)(482.0, 156.1)(482.0, 195.1)(477.3, 195.1);SD
Port:(635.1, 143.6)(635.1, 191.4)(634.8, 191.4)(634.8, 207.6)(484.8, 207.6)(484.8, 143.6);GATE
Port:(625.6, 149.4)(630.3, 149.4)(630.3, 185.6)(625.6, 185.6);SD
Module:M5
Boundary:(728.2, 364.6)(728.2, 399.8)(728.2, 399.8)(728.2, 416.5)(590.3, 416.5)(590.3, 364.6);GATE
Port:(590.3, 378.8)(596.0, 378.8)(596.0, 402.3)(590.3, 402.3);SD
Port:(728.2, 364.6)(728.2, 399.8)(728.2, 399.8)(728.2, 416.5)(597.4, 416.5)(597.4, 364.6);GATE
Port:(716.7, 371.5)(722.3, 371.5)(722.3, 392.9)(716.7, 392.9);SD
Module:M11
Boundary:(560.3, 317.1)(560.3, 420.4)(420.3, 420.4)(420.3, 317.1);GATE
Port:(420.3, 330.5)(426.3, 330.5)(426.3, 407.0)(420.3, 407.0);SD
Port:(560.3, 317.1)(560.3, 420.4)(427.3, 420.4)(427.3, 317.1);GATE
Port:(549.7, 322.5)(555.9, 322.5)(555.9, 415.0)(549.7, 415.0);SD
Module:M1
Boundary:(437.3, 30.0)(437.3, 97.4)(437.1, 97.4)(437.1, 114.1)(300.2, 114.1)(300.2, 30.0);GATE
Port:(300.2, 43.5)(304.8, 43.5)(304.8, 100.6)(300.2, 100.6);SD
Port:(437.3, 30.0)(437.3, 97.4)(437.1, 97.4)(437.1, 114.1)(306.6, 114.1)(306.6, 30.0);GATE
Port:(427.0, 35.5)(432.8, 35.5)(432.8, 91.9)(427.0, 91.9);SD
Module:M6
Boundary:(224.2, 154.1)(314.4, 154.1)(314.4, 265.2)(224.2, 265.2);GATE
Port:(236.4, 260.0)(302.2, 260.0)(302.2, 265.2)(236.4, 265.2);SD
Port:(224.2, 154.1)(314.4, 154.1)(314.4, 258.4)(224.2, 258.4);GATE
Port:(230.1, 159.0)(308.5, 159.0)(308.5, 163.6)(230.1, 163.6);SD
Module:M2
Boundary:(628.9, 237.6)(628.9, 287.1)(430.3, 287.1)(430.3, 237.6);GATE
Port:(430.3, 250.8)(435.8, 250.8)(435.8, 273.9)(430.3, 273.9);SD
Port:(628.9, 237.6)(628.9, 287.1)(437.9, 287.1)(437.9, 237.6);GATE
Port:(617.9, 244.3)(623.2, 244.3)(623.2, 280.4)(617.9, 280.4);SD
Module:M16
Boundary:(334.4, 154.1)(386.3, 154.1)(386.3, 215.2)(400.2, 215.2)(400.2, 267.5)(334.4, 267.5);GATE
Port:(349.3, 263.3)(385.3, 263.3)(385.3, 267.5)(349.3, 267.5);SD
Port:(334.4, 154.1)(386.3, 154.1)(386.3, 215.2)(400.2, 215.2)(400.2, 261.0)(334.4, 261.0);GATE
Port:(341.2, 159.9)(378.5, 159.9)(378.5, 166.4)(341.2, 166.4);SD
Module:M13
Boundary:(199.8, 257.6)(199.8, 325.2)(10.0, 325.2)(10.0, 257.6);GATE
Port:(10.0, 270.9)(15.9, 270.9)(15.9, 311.9)(10.0, 311.9);SD
Port:(199.8, 257.6)(199.8, 325.2)(17.0, 325.2)(17.0, 257.6);GATE
Port:(188.7, 263.8)(194.6, 263.8)(194.6, 319.0)(188.7, 319.0);SD
Module:M10
Boundary:(204.2, 182.6)(204.2, 237.6)(10.0, 237.6)(10.0, 182.6);GATE
Port:(10.0, 194.1)(14.6, 194.1)(14.6, 226.1)(10.0, 226.1);SD
Port:(204.2, 182.6)(204.2, 237.6)(15.6, 237.6)(15.6, 182.6);GATE
Port:(194.5, 187.6)(200.2, 187.6)(200.2, 232.6)(194.5, 232.6);SD
Module:M7
Boundary:(390.3, 297.5)(390.3, 397.0)(390.1, 397.0)(390.1, 413.6)(234.2, 413.6)(234.2, 297.5);GATE
Port:(234.2, 310.6)(238.5, 310.6)(238.5, 400.5)(234.2, 400.5);SD
Port:(390.3, 297.5)(390.3, 397.0)(390.1, 397.0)(390.1, 413.6)(241.0, 413.6)(241.0, 297.5);GATE
Port:(379.7, 303.1)(385.7, 303.1)(385.7, 391.4)(379.7, 391.4);SD
Module:M3
Boundary:(195.3, 10.0)(244.5, 10.0)(244.5, 10.2)(260.2, 10.2)(260.2, 131.7)(195.3, 131.7);GATE
Port:(208.2, 126.2)(247.3, 126.2)(247.3, 131.7)(208.2, 131.7);SD
Port:(195.3, 10.0)(244.5, 10.0)(244.5, 10.2)(260.2, 10.2)(260.2, 124.0)(195.3, 124.0);GATE
Port:(201.5, 15.2)(238.3, 15.2)(238.3, 20.5)(201.5, 20.5);SD
Module:M15
Boundary:(748.0, 10.0)(748.0, 97.7)(622.7, 97.7)(622.7, 10.0);GATE
Port:(622.7, 23.6)(626.8, 23.6)(626.8, 84.1)(622.7, 84.1);SD
Port:(748.0, 10.0)(748.0, 97.7)(628.9, 97.7)(628.9, 10.0);GATE
Port:(737.3, 15.1)(743.9, 15.1)(743.9, 92.6)(737.3, 92.6);SD
Module:M12
Boundary:(172.6, 345.2)(172.6, 428.0)(10.0, 428.0)(10.0, 345.2);GATE
Port:(10.0, 358.4)(14.6, 358.4)(14.6, 414.8)(10.0, 414.8);SD
Port:(172.6, 345.2)(172.6, 428.0)(16.2, 428.0)(16.2, 345.2);GATE
Port:(162.7, 351.0)(167.8, 351.0)(167.8, 422.2)(162.7, 422.2);SD
Module:M8
Boundary:(668.9, 127.7)(722.7, 127.7)(722.7, 128.0)(741.4, 128.0)(741.4, 324.6)(668.9, 324.6);GATE
Port:(682.6, 319.9)(727.7, 319.9)(727.7, 324.6)(682.6, 324.6);SD
Port:(668.9, 127.7)(722.7, 127.7)(722.7, 128.0)(741.4, 128.0)(741.4, 317.0)(668.9, 317.0);GATE
Port:(674.0, 131.8)(717.6, 131.8)(717.6, 137.9)(674.0, 137.9);SD
Module:M4
Boundary:(592.7, 20.0)(592.7, 98.3)(592.6, 98.3)(592.6, 113.6)(487.3, 113.6)(487.3, 20.0);GATE
Port:(487.3, 33.0)(493.2, 33.0)(493.2, 100.6)(487.3, 100.6);SD
Port:(592.7, 20.0)(592.7, 98.3)(592.6, 98.3)(592.6, 113.6)(496.1, 113.6)(496.1, 20.0);GATE
Port:(582.4, 26.0)(587.7, 26.0)(587.7, 92.3)(582.4, 92.3);SD
