Area:(-30.0, -30.0)(419.6, -30.0)(419.6, 1007.8)(-30.0, 1007.8)
Rule:GATE(5,5);SD(5,5);GATE_SD(0.5);GATE_ITO(0.5);SD_ITO(0.5)
Module:M14
Boundary:(30.0, 612.8)(100.3, 612.8)(100.3, 805.4)(30.0, 805.4);GATE
Port:(44.3, 800.4)(86.0, 800.4)(86.0, 805.4)(44.3, 805.4);SD
Port:(30.0, 612.8)(100.3, 612.8)(100.3, 798.1)(30.0, 798.1);GATE
Port:(36.2, 618.0)(94.1, 618.0)(94.1, 624.4)(36.2, 624.4);SD
Module:M9
Boundary:(372.0, 750.9)(372.0, 845.2)(371.5, 845.2)(371.5, 861.1)(226.7, 861.1)(226.7, 750.9);GATE
Port:(226.7, 762.3)(232.5, 762.3)(232.5, 849.7)(226.7, 849.7);SD
Port:(372.0, 750.9)(372.0, 845.2)(371.5, 845.2)(371.5, 861.1)(233.9, 861.1)(233.9, 750.9);GATE
Port:(363.0, 756.2)(367.7, 756.2)(367.7, 839.9)(363.0, 839.9);SD
Module:M5
Boundary:(291.0, 134.6)(339.8, 134.6)(339.8, 134.8)(356.3, 134.8)(356.3, 343.1)(291.0, 343.1);GATE
Port:(303.6, 338.0)(343.7, 338.0)(343.7, 343.1)(303.6, 343.1);SD
Port:(291.0, 134.6)(339.8, 134.6)(339.8, 134.8)(356.3, 134.8)(356.3, 336.0)(291.0, 336.0);GATE
Port:(297.0, 139.6)(333.8, 139.6)(333.8, 144.1)(297.0, 144.1);SD
Module:M11
Boundary:(313.6, 881.2)(313.6, 967.8)(137.5, 967.8)(137.5, 881.2);GATE
Port:(137.5, 894.9)(142.3, 894.9)(142.3, 954.1)(137.5, 954.1);SD
Port:(313.6, 881.2)(313.6, 967.8)(145.2, 967.8)(145.2, 881.2);GATE
Port:(302.8, 887.0)(308.8, 887.0)(308.8, 962.0)(302.8, 962.0);SD
Module:M1
Boundary:(261.2, 400.6)(357.3, 400.6)(357.3, 614.0)(261.2, 614.0);GATE
Port:(274.1, 608.2)(344.4, 608.2)(344.4, 614.0)(274.1, 614.0);SD
Port:(261.2, 400.6)(357.3, 400.6)(357.3, 606.7)(261.2, 606.7);GATE
Port:(267.9, 406.3)(350.6, 406.3)(350.6, 411.0)(267.9, 411.0);SD
Module:M6
Boundary:(379.6, 10.0)(379.6, 85.1)(379.1, 85.1)(379.1, 104.6)(254.0, 104.6)(254.0, 10.0);GATE
Port:(254.0, 24.1)(258.6, 24.1)(258.6, 90.5)(254.0, 90.5);SD
Port:(379.6, 10.0)(379.6, 85.1)(379.1, 85.1)(379.1, 104.6)(260.7, 104.6)(260.7, 10.0);GATE
Port:(369.0, 15.6)(375.0, 15.6)(375.0, 79.5)(369.0, 79.5);SD
Module:M2
Boundary:(150.3, 676.8)(182.0, 676.8)(182.0, 676.8)(196.7, 676.8)(196.7, 851.2)(150.3, 851.2);GATE
Port:(162.9, 846.3)(184.1, 846.3)(184.1, 851.2)(162.9, 851.2);SD
Port:(150.3, 676.8)(182.0, 676.8)(182.0, 676.8)(196.7, 676.8)(196.7, 844.3)(150.3, 844.3);GATE
Port:(155.6, 681.1)(176.7, 681.1)(176.7, 687.3)(155.6, 687.3);SD
Module:M16
Boundary:(10.0, 236.1)(93.7, 236.1)(93.7, 378.7)(10.0, 378.7);GATE
Port:(25.1, 372.9)(78.6, 372.9)(78.6, 378.7)(25.1, 378.7);SD
Port:(10.0, 236.1)(93.7, 236.1)(93.7, 370.8)(10.0, 370.8);GATE
Port:(15.9, 241.0)(87.8, 241.0)(87.8, 248.8)(15.9, 248.8);SD
Module:M13
Boundary:(10.0, 398.7)(95.5, 398.7)(95.5, 572.8)(10.0, 572.8);GATE
Port:(23.1, 567.0)(82.4, 567.0)(82.4, 572.8)(23.1, 572.8);SD
Port:(10.0, 398.7)(95.5, 398.7)(95.5, 565.5)(10.0, 565.5);GATE
Port:(15.4, 403.1)(90.1, 403.1)(90.1, 408.5)(15.4, 408.5);SD
Module:M10
Boundary:(114.0, 10.0)(234.0, 10.0)(234.0, 141.4)(114.0, 141.4);GATE
Port:(128.5, 135.5)(219.5, 135.5)(219.5, 141.4)(128.5, 141.4);SD
Port:(114.0, 10.0)(234.0, 10.0)(234.0, 133.2)(114.0, 133.2);GATE
Port:(120.5, 15.5)(227.5, 15.5)(227.5, 21.5)(120.5, 21.5);SD
Module:M7
Boundary:(125.5, 390.6)(189.9, 390.6)(189.9, 390.8)(205.0, 390.8)(205.0, 538.5)(125.5, 538.5);GATE
Port:(139.5, 534.1)(191.0, 534.1)(191.0, 538.5)(139.5, 538.5);SD
Port:(125.5, 390.6)(189.9, 390.6)(189.9, 390.8)(205.0, 390.8)(205.0, 532.0)(125.5, 532.0);GATE
Port:(131.8, 395.9)(183.6, 395.9)(183.6, 401.7)(131.8, 401.7);SD
Module:M3
Boundary:(10.0, 10.0)(77.7, 10.0)(77.7, 10.1)(94.0, 10.1)(94.0, 216.1)(10.0, 216.1);GATE
Port:(24.0, 211.4)(80.0, 211.4)(80.0, 216.1)(24.0, 216.1);SD
Port:(10.0, 10.0)(77.7, 10.0)(77.7, 10.1)(94.0, 10.1)(94.0, 210.0)(10.0, 210.0);GATE
Port:(16.6, 15.6)(71.1, 15.6)(71.1, 20.9)(16.6, 20.9);SD
Module:M15
Boundary:(241.2, 654.0)(331.5, 654.0)(331.5, 654.4)(349.6, 654.4)(349.6, 730.9)(241.2, 730.9);GATE
Port:(255.6, 726.8)(335.2, 726.8)(335.2, 730.9)(255.6, 730.9);SD
Port:(241.2, 654.0)(331.5, 654.0)(331.5, 654.4)(349.6, 654.4)(349.6, 723.9)(241.2, 723.9);GATE
Port:(247.3, 659.1)(325.4, 659.1)(325.4, 665.3)(247.3, 665.3);SD
Module:M12
Boundary:(221.2, 568.5)(221.2, 646.8)(140.3, 646.8)(140.3, 568.5);GATE
Port:(140.3, 580.6)(145.2, 580.6)(145.2, 634.7)(140.3, 634.7);SD
Port:(221.2, 568.5)(221.2, 646.8)(146.7, 646.8)(146.7, 568.5);GATE
Port:(211.4, 574.5)(216.2, 574.5)(216.2, 640.8)(211.4, 640.8);SD
Module:M8
Boundary:(124.0, 171.4)(251.0, 171.4)(251.0, 350.6)(124.0, 350.6);GATE
Port:(139.3, 345.5)(235.7, 345.5)(235.7, 350.6)(139.3, 350.6);SD
Port:(124.0, 171.4)(251.0, 171.4)(251.0, 344.5)(124.0, 344.5);GATE
Port:(130.9, 177.3)(244.1, 177.3)(244.1, 183.3)(130.9, 183.3);SD
Module:M4
Boundary:(107.5, 855.4)(107.5, 948.0)(20.0, 948.0)(20.0, 855.4);GATE
Port:(20.0, 868.0)(25.3, 868.0)(25.3, 935.4)(20.0, 935.4);SD
Port:(107.5, 855.4)(107.5, 948.0)(27.8, 948.0)(27.8, 855.4);GATE
Port:(96.5, 861.8)(102.1, 861.8)(102.1, 941.6)(96.5, 941.6);SD
