Area:(-30.0, -30.0)(1033.9, -30.0)(1033.9, 460.5)(-30.0, 460.5)
Rule:GATE(5,5);SD(5,5);GATE_SD(0.5);GATE_ITO(0.5);SD_ITO(0.5)
Module:M14
Boundary:(502.0, 30.0)(502.0, 137.5)(501.9, 137.5)(501.9, 155.4)(309.7, 155.4)(309.7, 30.0);GATE
Port:(309.7, 44.0)(315.6, 44.0)(315.6, 141.4)(309.7, 141.4);SD
Port:(502.0, 30.0)(502.0, 137.5)(501.9, 137.5)(501.9, 155.4)(316.7, 155.4)(316.7, 30.0);GATE
Port:(490.5, 35.9)(497.1, 35.9)(497.1, 131.6)(490.5, 131.6);SD
Module:M9
Boundary:(290.9, 326.2)(290.9, 401.0)(100.6, 401.0)(100.6, 326.2);GATE
Port:(100.6, 338.7)(105.2, 338.7)(105.2, 388.5)(100.6, 388.5);SD
Port:(290.9, 326.2)(290.9, 401.0)(106.3, 401.0)(106.3, 326.2);GATE
Port:(280.0, 331.8)(286.3, 331.8)(286.3, 395.4)(280.0, 395.4);SD
Module:M5
Boundary:(768.6, 20.0)(876.8, 20.0)(876.8, 205.8)(768.6, 205.8);GATE
Port:(783.7, 201.6)(861.7, 201.6)(861.7, 205.8)(783.7, 205.8);SD
Port:(768.6, 20.0)(876.8, 20.0)(876.8, 199.4)(768.6, 199.4);GATE
Port:(774.8, 25.2)(870.6, 25.2)(870.6, 32.0)(774.8, 32.0);SD
Module:M11
Boundary:(269.7, 10.0)(269.7, 111.3)(135.6, 111.3)(135.6, 10.0);GATE
Port:(135.6, 23.3)(140.3, 23.3)(140.3, 98.0)(135.6, 98.0);SD
Port:(269.7, 10.0)(269.7, 111.3)(142.5, 111.3)(142.5, 10.0);GATE
Port:(259.3, 15.5)(265.2, 15.5)(265.2, 105.8)(259.3, 105.8);SD
Module:M1
Boundary:(941.9, 262.4)(941.9, 368.9)(941.6, 368.9)(941.6, 387.0)(727.6, 387.0)(727.6, 262.4);GATE
Port:(727.6, 275.5)(732.9, 275.5)(732.9, 373.9)(727.6, 373.9);SD
Port:(941.9, 262.4)(941.9, 368.9)(941.6, 368.9)(941.6, 387.0)(734.8, 387.0)(734.8, 262.4);GATE
Port:(932.0, 268.1)(937.2, 268.1)(937.2, 363.2)(932.0, 363.2);SD
Module:M6
Boundary:(687.6, 310.7)(687.6, 420.5)(542.0, 420.5)(542.0, 310.7);GATE
Port:(542.0, 324.4)(546.1, 324.4)(546.1, 406.8)(542.0, 406.8);SD
Port:(687.6, 310.7)(687.6, 420.5)(548.6, 420.5)(548.6, 310.7);GATE
Port:(677.0, 315.8)(683.5, 315.8)(683.5, 415.4)(677.0, 415.4);SD
Module:M2
Boundary:(504.7, 205.4)(504.7, 254.3)(504.4, 254.3)(504.4, 270.6)(299.7, 270.6)(299.7, 205.4);GATE
Port:(299.7, 218.1)(305.4, 218.1)(305.4, 257.9)(299.7, 257.9);SD
Port:(504.7, 205.4)(504.7, 254.3)(504.4, 254.3)(504.4, 270.6)(307.1, 270.6)(307.1, 205.4);GATE
Port:(495.0, 211.5)(499.6, 211.5)(499.6, 248.2)(495.0, 248.2);SD
Module:M16
Boundary:(906.8, 10.0)(976.4, 10.0)(976.4, 10.3)(993.9, 10.3)(993.9, 222.4)(906.8, 222.4);GATE
Port:(920.3, 217.1)(980.4, 217.1)(980.4, 222.4)(920.3, 222.4);SD
Port:(906.8, 10.0)(976.4, 10.0)(976.4, 10.3)(993.9, 10.3)(993.9, 214.6)(906.8, 214.6);GATE
Port:(913.1, 15.3)(970.1, 15.3)(970.1, 20.1)(913.1, 20.1);SD
Module:M13
Boundary:(542.0, 10.0)(626.0, 10.0)(626.0, 188.4)(542.0, 188.4);GATE
Port:(555.1, 182.9)(612.9, 182.9)(612.9, 188.4)(555.1, 188.4);SD
Port:(542.0, 10.0)(626.0, 10.0)(626.0, 180.2)(542.0, 180.2);GATE
Port:(547.9, 14.9)(620.1, 14.9)(620.1, 19.8)(547.9, 19.8);SD
Module:M10
Boundary:(400.0, 300.6)(502.5, 300.6)(502.5, 300.8)(519.6, 300.8)(519.6, 397.8)(400.0, 397.8);GATE
Port:(413.3, 393.5)(506.3, 393.5)(506.3, 397.8)(413.3, 397.8);SD
Port:(400.0, 300.6)(502.5, 300.6)(502.5, 300.8)(519.6, 300.8)(519.6, 391.2)(400.0, 391.2);GATE
Port:(405.9, 305.5)(496.6, 305.5)(496.6, 311.3)(405.9, 311.3);SD
Module:M7
Boundary:(20.0, 20.0)(105.6, 20.0)(105.6, 247.2)(20.0, 247.2);GATE
Port:(35.2, 242.4)(90.4, 242.4)(90.4, 247.2)(35.2, 247.2);SD
Port:(20.0, 20.0)(105.6, 20.0)(105.6, 240.1)(20.0, 240.1);GATE
Port:(26.7, 25.7)(98.9, 25.7)(98.9, 32.0)(26.7, 32.0);SD
Module:M3
Boundary:(646.0, 10.0)(723.6, 10.0)(723.6, 10.0)(738.6, 10.0)(738.6, 205.8)(646.0, 205.8);GATE
Port:(658.4, 201.1)(726.2, 201.1)(726.2, 205.8)(658.4, 205.8);SD
Port:(646.0, 10.0)(723.6, 10.0)(723.6, 10.0)(738.6, 10.0)(738.6, 199.9)(646.0, 199.9);GATE
Port:(652.3, 15.3)(717.3, 15.3)(717.3, 20.4)(652.3, 20.4);SD
Module:M15
Boundary:(673.9, 225.8)(673.9, 274.2)(673.8, 274.2)(673.8, 290.7)(542.0, 290.7)(542.0, 225.8);GATE
Port:(542.0, 237.8)(547.2, 237.8)(547.2, 278.7)(542.0, 278.7);SD
Port:(673.9, 225.8)(673.9, 274.2)(673.8, 274.2)(673.8, 290.7)(548.4, 290.7)(548.4, 225.8);GATE
Port:(664.0, 230.9)(669.8, 230.9)(669.8, 269.1)(664.0, 269.1);SD
Module:M12
Boundary:(10.0, 277.2)(80.6, 277.2)(80.6, 413.0)(10.0, 413.0);GATE
Port:(24.4, 408.8)(66.2, 408.8)(66.2, 413.0)(24.4, 413.0);SD
Port:(10.0, 277.2)(80.6, 277.2)(80.6, 406.9)(10.0, 406.9);GATE
Port:(17.0, 283.2)(73.6, 283.2)(73.6, 288.4)(17.0, 288.4);SD
Module:M8
Boundary:(145.6, 141.3)(235.3, 141.3)(235.3, 141.6)(252.2, 141.6)(252.2, 296.2)(145.6, 296.2);GATE
Port:(161.6, 291.5)(236.2, 291.5)(236.2, 296.2)(161.6, 296.2);SD
Port:(145.6, 141.3)(235.3, 141.3)(235.3, 141.6)(252.2, 141.6)(252.2, 290.1)(145.6, 290.1);GATE
Port:(152.2, 146.9)(228.7, 146.9)(228.7, 154.8)(152.2, 154.8);SD
Module:M4
Boundary:(320.9, 310.6)(370.0, 310.6)(370.0, 407.1)(320.9, 407.1);GATE
Port:(334.1, 401.2)(356.8, 401.2)(356.8, 407.1)(334.1, 407.1);SD
Port:(320.9, 310.6)(370.0, 310.6)(370.0, 398.3)(320.9, 398.3);GATE
Port:(327.0, 315.7)(363.9, 315.7)(363.9, 321.9)(327.0, 321.9);SD
