Area:(-30.0, -30.0)(427.3, -30.0)(427.3, 854.5)(-30.0, 854.5)
Rule:GATE(5,5);SD(5,5);GATE_SD(0.5);GATE_ITO(0.5);SD_ITO(0.5)
Module:M14
Boundary:(97.8, 600.5)(198.5, 600.5)(198.5, 688.6)(97.8, 688.6);GATE
Port:(112.4, 683.2)(183.9, 683.2)(183.9, 688.6)(112.4, 688.6);SD
Port:(97.8, 600.5)(198.5, 600.5)(198.5, 681.0)(97.8, 681.0);GATE
Port:(104.6, 606.3)(191.7, 606.3)(191.7, 612.6)(104.6, 612.6);SD
Module:M9
Boundary:(10.0, 541.8)(57.8, 541.8)(57.8, 707.8)(10.0, 707.8);GATE
Port:(22.8, 703.1)(45.0, 703.1)(45.0, 707.8)(22.8, 707.8);SD
Port:(10.0, 541.8)(57.8, 541.8)(57.8, 700.7)(10.0, 700.7);GATE
Port:(15.5, 546.3)(52.3, 546.3)(52.3, 552.6)(15.5, 552.6);SD
Module:M5
Boundary:(277.2, 20.0)(362.2, 20.0)(362.2, 20.4)(378.3, 20.4)(378.3, 112.5)(277.2, 112.5);GATE
Port:(292.4, 108.4)(363.1, 108.4)(363.1, 112.5)(292.4, 112.5);SD
Port:(277.2, 20.0)(362.2, 20.0)(362.2, 20.4)(378.3, 20.4)(378.3, 105.9)(277.2, 105.9);GATE
Port:(283.9, 25.7)(355.5, 25.7)(355.5, 32.2)(283.9, 32.2);SD
Module:M11
Boundary:(177.5, 160.7)(245.4, 160.7)(245.4, 161.0)(262.5, 161.0)(262.5, 265.7)(177.5, 265.7);GATE
Port:(191.0, 259.8)(249.0, 259.8)(249.0, 265.7)(191.0, 265.7);SD
Port:(177.5, 160.7)(245.4, 160.7)(245.4, 161.0)(262.5, 161.0)(262.5, 258.0)(177.5, 258.0);GATE
Port:(183.3, 165.5)(239.6, 165.5)(239.6, 171.3)(183.3, 171.3);SD
Module:M1
Boundary:(302.5, 162.5)(370.2, 162.5)(370.2, 269.0)(302.5, 269.0);GATE
Port:(315.8, 263.9)(356.9, 263.9)(356.9, 269.0)(315.8, 269.0);SD
Port:(302.5, 162.5)(370.2, 162.5)(370.2, 261.6)(302.5, 261.6);GATE
Port:(308.6, 167.6)(364.1, 167.6)(364.1, 173.1)(308.6, 173.1);SD
Module:M6
Boundary:(193.1, 453.1)(193.1, 521.8)(10.0, 521.8)(10.0, 453.1);GATE
Port:(10.0, 467.5)(15.7, 467.5)(15.7, 507.4)(10.0, 507.4);SD
Port:(193.1, 453.1)(193.1, 521.8)(17.2, 521.8)(17.2, 453.1);GATE
Port:(181.3, 460.0)(187.2, 460.0)(187.2, 514.9)(181.3, 514.9);SD
Module:M2
Boundary:(194.0, 738.6)(194.0, 814.5)(20.0, 814.5)(20.0, 738.6);GATE
Port:(20.0, 751.4)(25.8, 751.4)(25.8, 801.7)(20.0, 801.7);SD
Port:(194.0, 738.6)(194.0, 814.5)(27.7, 814.5)(27.7, 738.6);GATE
Port:(183.3, 745.0)(188.6, 745.0)(188.6, 808.1)(183.3, 808.1);SD
Module:M16
Boundary:(382.8, 309.0)(382.8, 430.6)(246.9, 430.6)(246.9, 309.0);GATE
Port:(246.9, 323.6)(251.9, 323.6)(251.9, 416.0)(246.9, 416.0);SD
Port:(382.8, 309.0)(382.8, 430.6)(254.3, 430.6)(254.3, 309.0);GATE
Port:(371.1, 315.0)(377.8, 315.0)(377.8, 424.6)(371.1, 424.6);SD
Module:M13
Boundary:(10.0, 212.8)(96.8, 212.8)(96.8, 212.9)(113.2, 212.9)(113.2, 433.1)(10.0, 433.1);GATE
Port:(25.2, 428.3)(98.0, 428.3)(98.0, 433.1)(25.2, 433.1);SD
Port:(10.0, 212.8)(96.8, 212.8)(96.8, 212.9)(113.2, 212.9)(113.2, 427.3)(10.0, 427.3);GATE
Port:(16.6, 218.4)(90.2, 218.4)(90.2, 225.5)(16.6, 225.5);SD
Module:M10
Boundary:(177.5, 10.0)(233.8, 10.0)(233.8, 10.1)(247.2, 10.1)(247.2, 140.7)(177.5, 140.7);GATE
Port:(189.1, 135.4)(235.6, 135.4)(235.6, 140.7)(189.1, 140.7);SD
Port:(177.5, 10.0)(233.8, 10.0)(233.8, 10.1)(247.2, 10.1)(247.2, 134.0)(177.5, 134.0);GATE
Port:(183.0, 14.5)(228.3, 14.5)(228.3, 19.9)(183.0, 19.9);SD
Module:M7
Boundary:(369.0, 590.5)(369.0, 700.0)(248.5, 700.0)(248.5, 590.5);GATE
Port:(248.5, 604.4)(252.8, 604.4)(252.8, 686.1)(248.5, 686.1);SD
Port:(369.0, 590.5)(369.0, 700.0)(255.6, 700.0)(255.6, 590.5);GATE
Port:(356.7, 597.1)(363.4, 597.1)(363.4, 693.4)(356.7, 693.4);SD
Module:M3
Boundary:(10.0, 10.0)(71.9, 10.0)(71.9, 192.5)(10.0, 192.5);GATE
Port:(23.2, 187.4)(58.7, 187.4)(58.7, 192.5)(23.2, 192.5);SD
Port:(10.0, 10.0)(71.9, 10.0)(71.9, 185.3)(10.0, 185.3);GATE
Port:(16.1, 15.1)(65.8, 15.1)(65.8, 21.0)(16.1, 21.0);SD
Module:M15
Boundary:(387.3, 450.6)(387.3, 542.7)(386.9, 542.7)(386.9, 560.5)(213.1, 560.5)(213.1, 450.6);GATE
Port:(213.1, 466.3)(218.1, 466.3)(218.1, 544.8)(213.1, 544.8);SD
Port:(387.3, 450.6)(387.3, 542.7)(386.9, 542.7)(386.9, 560.5)(220.2, 560.5)(220.2, 450.6);GATE
Port:(374.5, 457.3)(381.6, 457.3)(381.6, 536.0)(374.5, 536.0);SD
Module:M12
Boundary:(91.9, 10.0)(140.9, 10.0)(140.9, 10.1)(157.5, 10.1)(157.5, 192.8)(91.9, 192.8);GATE
Port:(104.3, 188.2)(145.1, 188.2)(145.1, 192.8)(104.3, 192.8);SD
Port:(91.9, 10.0)(140.9, 10.0)(140.9, 10.1)(157.5, 10.1)(157.5, 186.4)(91.9, 186.4);GATE
Port:(97.0, 14.1)(135.8, 14.1)(135.8, 20.1)(97.0, 20.1);SD
Module:M8
Boundary:(216.9, 295.7)(216.9, 388.9)(216.5, 388.9)(216.5, 404.0)(143.2, 404.0)(143.2, 295.7);GATE
Port:(143.2, 309.1)(147.5, 309.1)(147.5, 390.6)(143.2, 390.6);SD
Port:(216.9, 295.7)(216.9, 388.9)(216.5, 388.9)(216.5, 404.0)(148.5, 404.0)(148.5, 295.7);GATE
Port:(206.5, 302.6)(211.0, 302.6)(211.0, 382.0)(206.5, 382.0);SD
Module:M4
Boundary:(376.3, 740.0)(376.3, 814.4)(234.0, 814.4)(234.0, 740.0);GATE
Port:(234.0, 751.6)(239.7, 751.6)(239.7, 802.8)(234.0, 802.8);SD
Port:(376.3, 740.0)(376.3, 814.4)(242.1, 814.4)(242.1, 740.0);GATE
Port:(366.3, 745.3)(372.0, 745.3)(372.0, 809.1)(366.3, 809.1);SD
