Area:(-30.0, -30.0)(723.6, -30.0)(723.6, 528.3)(-30.0, 528.3)
Rule:GATE(5,5);SD(5,5);GATE_SD(0.5);GATE_ITO(0.5);SD_ITO(0.5)
Module:M14
Boundary:(141.6, 243.4)(198.4, 243.4)(198.4, 243.7)(215.8, 243.7)(215.8, 366.1)(141.6, 366.1);GATE
Port:(157.9, 361.5)(199.5, 361.5)(199.5, 366.1)(157.9, 366.1);SD
Port:(141.6, 243.4)(198.4, 243.4)(198.4, 243.7)(215.8, 243.7)(215.8, 358.6)(141.6, 358.6);GATE
Port:(148.5, 249.3)(191.5, 249.3)(191.5, 256.6)(148.5, 256.6);SD
Module:M9
Boundary:(454.3, 395.5)(454.3, 488.3)(289.1, 488.3)(289.1, 395.5);GATE
Port:(289.1, 409.4)(294.6, 409.4)(294.6, 474.4)(289.1, 474.4);SD
Port:(454.3, 395.5)(454.3, 488.3)(297.2, 488.3)(297.2, 395.5);GATE
Port:(442.4, 402.5)(448.3, 402.5)(448.3, 481.3)(442.4, 481.3);SD
Module:M5
Boundary:(441.1, 20.0)(441.1, 80.1)(303.4, 80.1)(303.4, 20.0);GATE
Port:(303.4, 32.3)(308.4, 32.3)(308.4, 67.8)(303.4, 67.8);SD
Port:(441.1, 20.0)(441.1, 80.1)(309.5, 80.1)(309.5, 20.0);GATE
Port:(430.4, 25.8)(436.3, 25.8)(436.3, 74.3)(430.4, 74.3);SD
Module:M11
Boundary:(273.4, 10.0)(273.4, 89.4)(113.3, 89.4)(113.3, 10.0);GATE
Port:(113.3, 23.5)(118.5, 23.5)(118.5, 75.9)(113.3, 75.9);SD
Port:(273.4, 10.0)(273.4, 89.4)(120.7, 89.4)(120.7, 10.0);GATE
Port:(261.9, 15.7)(268.7, 15.7)(268.7, 83.7)(261.9, 83.7);SD
Module:M1
Boundary:(269.3, 130.1)(269.3, 183.4)(133.3, 183.4)(133.3, 130.1);GATE
Port:(133.3, 144.8)(137.9, 144.8)(137.9, 168.7)(133.3, 168.7);SD
Port:(269.3, 130.1)(269.3, 183.4)(139.8, 183.4)(139.8, 130.1);GATE
Port:(258.1, 136.0)(264.4, 136.0)(264.4, 177.5)(258.1, 177.5);SD
Module:M6
Boundary:(434.1, 314.4)(434.1, 375.5)(255.8, 375.5)(255.8, 314.4);GATE
Port:(255.8, 327.7)(260.1, 327.7)(260.1, 362.2)(255.8, 362.2);SD
Port:(434.1, 314.4)(434.1, 375.5)(262.6, 375.5)(262.6, 314.4);GATE
Port:(422.5, 321.0)(428.5, 321.0)(428.5, 368.9)(422.5, 368.9);SD
Module:M2
Boundary:(259.1, 416.1)(259.1, 464.2)(258.8, 464.2)(258.8, 481.0)(106.1, 481.0)(106.1, 416.1);GATE
Port:(106.1, 428.0)(110.5, 428.0)(110.5, 469.1)(106.1, 469.1);SD
Port:(259.1, 416.1)(259.1, 464.2)(258.8, 464.2)(258.8, 481.0)(112.3, 481.0)(112.3, 416.1);GATE
Port:(250.2, 421.5)(254.7, 421.5)(254.7, 458.8)(250.2, 458.8);SD
Module:M16
Boundary:(580.8, 336.9)(665.0, 336.9)(665.0, 337.3)(681.7, 337.3)(681.7, 479.5)(580.8, 479.5);GATE
Port:(594.1, 474.4)(668.4, 474.4)(668.4, 479.5)(594.1, 479.5);SD
Port:(580.8, 336.9)(665.0, 336.9)(665.0, 337.3)(681.7, 337.3)(681.7, 473.0)(580.8, 473.0);GATE
Port:(586.4, 341.5)(659.4, 341.5)(659.4, 347.6)(586.4, 347.6);SD
Module:M13
Boundary:(10.0, 10.0)(93.3, 10.0)(93.3, 225.0)(10.0, 225.0);GATE
Port:(24.0, 219.7)(79.3, 219.7)(79.3, 225.0)(24.0, 225.0);SD
Port:(10.0, 10.0)(93.3, 10.0)(93.3, 217.1)(10.0, 217.1);GATE
Port:(16.9, 15.9)(86.4, 15.9)(86.4, 21.4)(16.9, 21.4);SD
Module:M10
Boundary:(309.3, 110.1)(418.8, 110.1)(418.8, 110.8)(436.5, 110.8)(436.5, 294.4)(309.3, 294.4);GATE
Port:(325.5, 289.8)(420.3, 289.8)(420.3, 294.4)(325.5, 294.4);SD
Port:(309.3, 110.1)(418.8, 110.1)(418.8, 110.8)(436.5, 110.8)(436.5, 288.6)(309.3, 288.6);GATE
Port:(315.8, 115.6)(412.3, 115.6)(412.3, 123.1)(315.8, 123.1);SD
Module:M7
Boundary:(466.5, 150.9)(545.8, 150.9)(545.8, 151.1)(560.9, 151.1)(560.9, 272.2)(466.5, 272.2);GATE
Port:(480.2, 267.0)(547.2, 267.0)(547.2, 272.2)(480.2, 272.2);SD
Port:(466.5, 150.9)(545.8, 150.9)(545.8, 151.1)(560.9, 151.1)(560.9, 265.8)(466.5, 265.8);GATE
Port:(472.2, 155.6)(540.1, 155.6)(540.1, 162.4)(472.2, 162.4);SD
Module:M3
Boundary:(590.9, 140.9)(683.6, 140.9)(683.6, 316.9)(590.9, 316.9);GATE
Port:(606.0, 312.1)(668.5, 312.1)(668.5, 316.9)(606.0, 316.9);SD
Port:(590.9, 140.9)(683.6, 140.9)(683.6, 311.1)(590.9, 311.1);GATE
Port:(597.2, 146.2)(677.3, 146.2)(677.3, 152.8)(597.2, 152.8);SD
Module:M15
Boundary:(101.6, 245.0)(101.6, 316.7)(10.0, 316.7)(10.0, 245.0);GATE
Port:(10.0, 258.0)(15.1, 258.0)(15.1, 303.7)(10.0, 303.7);SD
Port:(101.6, 245.0)(101.6, 316.7)(17.2, 316.7)(17.2, 245.0);GATE
Port:(90.2, 250.7)(96.9, 250.7)(96.9, 311.0)(90.2, 311.0);SD
Module:M12
Boundary:(10.0, 336.7)(60.4, 336.7)(60.4, 337.0)(76.1, 337.0)(76.1, 430.1)(10.0, 430.1);GATE
Port:(24.1, 426.0)(62.0, 426.0)(62.0, 430.1)(24.1, 430.1);SD
Port:(10.0, 336.7)(60.4, 336.7)(60.4, 337.0)(76.1, 337.0)(76.1, 424.0)(10.0, 424.0);GATE
Port:(16.0, 341.7)(54.4, 341.7)(54.4, 348.2)(16.0, 348.2);SD
Module:M8
Boundary:(671.8, 20.0)(671.8, 96.2)(671.4, 96.2)(671.4, 110.9)(481.1, 110.9)(481.1, 20.0);GATE
Port:(481.1, 32.8)(485.3, 32.8)(485.3, 98.1)(481.1, 98.1);SD
Port:(671.8, 20.0)(671.8, 96.2)(671.4, 96.2)(671.4, 110.9)(486.9, 110.9)(486.9, 20.0);GATE
Port:(661.6, 26.5)(666.3, 26.5)(666.3, 89.7)(661.6, 89.7);SD
Module:M4
Boundary:(484.3, 312.2)(550.8, 312.2)(550.8, 482.6)(484.3, 482.6);GATE
Port:(498.7, 478.4)(536.4, 478.4)(536.4, 482.6)(498.7, 482.6);SD
Port:(484.3, 312.2)(550.8, 312.2)(550.8, 476.1)(484.3, 476.1);GATE
Port:(491.0, 317.9)(544.1, 317.9)(544.1, 324.1)(491.0, 324.1);SD
