Area:(-30.0, -30.0)(424.1, -30.0)(424.1, 969.8)(-30.0, 969.8)
Rule:GATE(5,5);SD(5,5);GATE_SD(0.5);GATE_ITO(0.5);SD_ITO(0.5)
Module:M14
Boundary:(30.0, 30.0)(139.7, 30.0)(139.7, 163.2)(30.0, 163.2);GATE
Port:(44.9, 158.6)(124.8, 158.6)(124.8, 163.2)(44.9, 163.2);SD
Port:(30.0, 30.0)(139.7, 30.0)(139.7, 157.5)(30.0, 157.5);GATE
Port:(36.5, 35.5)(133.2, 35.5)(133.2, 42.1)(36.5, 42.1);SD
Module:M9
Boundary:(383.2, 10.0)(383.2, 88.6)(179.7, 88.6)(179.7, 10.0);GATE
Port:(179.7, 23.1)(184.8, 23.1)(184.8, 75.5)(179.7, 75.5);SD
Port:(383.2, 10.0)(383.2, 88.6)(187.5, 88.6)(187.5, 10.0);GATE
Port:(372.2, 15.8)(378.4, 15.8)(378.4, 82.8)(372.2, 82.8);SD
Module:M5
Boundary:(194.6, 325.2)(194.6, 394.2)(194.4, 394.2)(194.4, 409.9)(20.0, 409.9)(20.0, 325.2);GATE
Port:(20.0, 340.9)(25.3, 340.9)(25.3, 394.2)(20.0, 394.2);SD
Port:(194.6, 325.2)(194.6, 394.2)(194.4, 394.2)(194.4, 409.9)(26.6, 409.9)(26.6, 325.2);GATE
Port:(181.2, 331.9)(188.9, 331.9)(188.9, 387.5)(181.2, 387.5);SD
Module:M11
Boundary:(330.4, 663.2)(383.1, 663.2)(383.1, 877.1)(330.4, 877.1);GATE
Port:(344.9, 871.8)(368.6, 871.8)(368.6, 877.1)(344.9, 877.1);SD
Port:(330.4, 663.2)(383.1, 663.2)(383.1, 870.2)(330.4, 870.2);GATE
Port:(337.3, 669.1)(376.2, 669.1)(376.2, 675.2)(337.3, 675.2);SD
Module:M1
Boundary:(135.4, 814.9)(135.4, 899.3)(30.0, 899.3)(30.0, 814.9);GATE
Port:(30.0, 825.7)(34.1, 825.7)(34.1, 888.5)(30.0, 888.5);SD
Port:(135.4, 814.9)(135.4, 899.3)(36.9, 899.3)(36.9, 814.9);GATE
Port:(126.3, 820.1)(131.2, 820.1)(131.2, 894.1)(126.3, 894.1);SD
Module:M6
Boundary:(256.0, 423.9)(358.2, 423.9)(358.2, 424.0)(374.8, 424.0)(374.8, 643.2)(256.0, 643.2);GATE
Port:(270.3, 637.6)(360.5, 637.6)(360.5, 643.2)(270.3, 643.2);SD
Port:(256.0, 423.9)(358.2, 423.9)(358.2, 424.0)(374.8, 424.0)(374.8, 634.6)(256.0, 634.6);GATE
Port:(262.8, 429.7)(351.4, 429.7)(351.4, 435.7)(262.8, 435.7);SD
Module:M2
Boundary:(20.0, 565.2)(90.9, 565.2)(90.9, 764.9)(20.0, 764.9);GATE
Port:(34.5, 760.9)(76.4, 760.9)(76.4, 764.9)(34.5, 764.9);SD
Port:(20.0, 565.2)(90.9, 565.2)(90.9, 758.7)(20.0, 758.7);GATE
Port:(26.6, 570.8)(84.3, 570.8)(84.3, 576.3)(26.6, 576.3);SD
Module:M16
Boundary:(381.7, 108.6)(381.7, 193.2)(381.6, 193.2)(381.6, 209.2)(199.4, 209.2)(199.4, 108.6);GATE
Port:(199.4, 123.3)(204.8, 123.3)(204.8, 194.5)(199.4, 194.5);SD
Port:(381.7, 108.6)(381.7, 193.2)(381.6, 193.2)(381.6, 209.2)(206.8, 209.2)(206.8, 108.6);GATE
Port:(369.8, 115.5)(375.8, 115.5)(375.8, 186.3)(369.8, 186.3);SD
Module:M13
Boundary:(316.3, 229.2)(367.7, 229.2)(367.7, 229.3)(384.1, 229.3)(384.1, 403.9)(316.3, 403.9);GATE
Port:(329.9, 398.7)(370.5, 398.7)(370.5, 403.9)(329.9, 403.9);SD
Port:(316.3, 229.2)(367.7, 229.2)(367.7, 229.3)(384.1, 229.3)(384.1, 396.3)(316.3, 396.3);GATE
Port:(322.0, 233.9)(362.0, 233.9)(362.0, 240.7)(322.0, 240.7);SD
Module:M10
Boundary:(179.4, 203.2)(179.4, 277.1)(179.4, 277.1)(179.4, 295.2)(10.0, 295.2)(10.0, 203.2);GATE
Port:(10.0, 218.6)(15.0, 218.6)(15.0, 279.8)(10.0, 279.8);SD
Port:(179.4, 203.2)(179.4, 277.1)(179.4, 277.1)(179.4, 295.2)(17.2, 295.2)(17.2, 203.2);GATE
Port:(167.5, 209.5)(174.1, 209.5)(174.1, 270.8)(167.5, 270.8);SD
Module:M7
Boundary:(300.4, 680.5)(300.4, 735.3)(300.4, 735.3)(300.4, 752.9)(130.9, 752.9)(130.9, 680.5);GATE
Port:(130.9, 695.1)(136.2, 695.1)(136.2, 738.3)(130.9, 738.3);SD
Port:(300.4, 680.5)(300.4, 735.3)(300.4, 735.3)(300.4, 752.9)(137.9, 752.9)(137.9, 680.5);GATE
Port:(288.1, 686.0)(295.9, 686.0)(295.9, 729.8)(288.1, 729.8);SD
Module:M3
Boundary:(10.0, 439.9)(79.1, 439.9)(79.1, 535.2)(10.0, 535.2);GATE
Port:(25.8, 530.3)(63.3, 530.3)(63.3, 535.2)(25.8, 535.2);SD
Port:(10.0, 439.9)(79.1, 439.9)(79.1, 528.2)(10.0, 528.2);GATE
Port:(16.9, 445.8)(72.2, 445.8)(72.2, 453.0)(16.9, 453.0);SD
Module:M15
Boundary:(208.3, 439.9)(208.3, 518.4)(99.1, 518.4)(99.1, 439.9);GATE
Port:(99.1, 454.2)(104.9, 454.2)(104.9, 504.1)(99.1, 504.1);SD
Port:(208.3, 439.9)(208.3, 518.4)(107.1, 518.4)(107.1, 439.9);GATE
Port:(196.0, 446.1)(203.1, 446.1)(203.1, 512.2)(196.0, 512.2);SD
Module:M12
Boundary:(175.4, 782.9)(296.5, 782.9)(296.5, 929.8)(175.4, 929.8);GATE
Port:(189.6, 925.4)(282.3, 925.4)(282.3, 929.8)(189.6, 929.8);SD
Port:(175.4, 782.9)(296.5, 782.9)(296.5, 923.5)(175.4, 923.5);GATE
Port:(181.2, 787.7)(290.7, 787.7)(290.7, 793.8)(181.2, 793.8);SD
Module:M8
Boundary:(226.0, 548.4)(226.0, 625.5)(225.9, 625.5)(225.9, 640.5)(130.9, 640.5)(130.9, 548.4);GATE
Port:(130.9, 561.3)(135.0, 561.3)(135.0, 627.6)(130.9, 627.6);SD
Port:(226.0, 548.4)(226.0, 625.5)(225.9, 625.5)(225.9, 640.5)(136.8, 640.5)(136.8, 548.4);GATE
Port:(215.5, 554.2)(221.2, 554.2)(221.2, 619.7)(215.5, 619.7);SD
Module:M4
Boundary:(238.3, 239.2)(270.0, 239.2)(270.0, 239.3)(286.3, 239.3)(286.3, 385.2)(238.3, 385.2);GATE
Port:(251.0, 379.3)(273.6, 379.3)(273.6, 385.2)(251.0, 385.2);SD
Port:(238.3, 239.2)(270.0, 239.2)(270.0, 239.3)(286.3, 239.3)(286.3, 377.9)(238.3, 377.9);GATE
Port:(243.4, 243.3)(264.9, 243.3)(264.9, 248.5)(243.4, 248.5);SD
