Area:(-30.0, -30.0)(647.3, -30.0)(647.3, 629.4)(-30.0, 629.4)
Rule:GATE(5,5);SD(5,5);GATE_SD(0.5);GATE_ITO(0.5);SD_ITO(0.5)
Module:M14
Boundary:(30.0, 320.4)(117.2, 320.4)(117.2, 441.0)(30.0, 441.0);GATE
Port:(42.6, 436.6)(104.6, 436.6)(104.6, 441.0)(42.6, 441.0);SD
Port:(30.0, 320.4)(117.2, 320.4)(117.2, 434.8)(30.0, 434.8);GATE
Port:(35.6, 325.0)(111.6, 325.0)(111.6, 329.6)(35.6, 329.6);SD
Module:M9
Boundary:(152.3, 481.0)(152.3, 573.6)(10.0, 573.6)(10.0, 481.0);GATE
Port:(10.0, 494.0)(16.0, 494.0)(16.0, 560.6)(10.0, 560.6);SD
Port:(152.3, 481.0)(152.3, 573.6)(17.2, 573.6)(17.2, 481.0);GATE
Port:(142.1, 487.2)(147.1, 487.2)(147.1, 567.4)(142.1, 567.4);SD
Module:M5
Boundary:(355.5, 20.0)(441.1, 20.0)(441.1, 20.1)(457.3, 20.1)(457.3, 199.2)(355.5, 199.2);GATE
Port:(370.5, 194.9)(442.3, 194.9)(442.3, 199.2)(370.5, 199.2);SD
Port:(355.5, 20.0)(441.1, 20.0)(441.1, 20.1)(457.3, 20.1)(457.3, 192.2)(355.5, 192.2);GATE
Port:(362.0, 25.5)(434.6, 25.5)(434.6, 32.4)(362.0, 32.4);SD
Module:M11
Boundary:(361.0, 328.8)(361.0, 396.9)(360.5, 396.9)(360.5, 413.7)(157.2, 413.7)(157.2, 328.8);GATE
Port:(157.2, 342.8)(162.8, 342.8)(162.8, 399.7)(157.2, 399.7);SD
Port:(361.0, 328.8)(361.0, 396.9)(360.5, 396.9)(360.5, 413.7)(165.6, 413.7)(165.6, 328.8);GATE
Port:(350.2, 335.3)(355.5, 335.3)(355.5, 390.4)(350.2, 390.4);SD
Module:M1
Boundary:(335.8, 453.7)(335.8, 566.2)(192.3, 566.2)(192.3, 453.7);GATE
Port:(192.3, 466.8)(197.0, 466.8)(197.0, 553.1)(192.3, 553.1);SD
Port:(335.8, 453.7)(335.8, 566.2)(199.4, 566.2)(199.4, 453.7);GATE
Port:(325.7, 459.5)(331.0, 459.5)(331.0, 560.4)(325.7, 560.4);SD
Module:M6
Boundary:(115.2, 130.3)(199.2, 130.3)(199.2, 130.8)(215.9, 130.8)(215.9, 280.4)(115.2, 280.4);GATE
Port:(128.7, 275.0)(202.4, 275.0)(202.4, 280.4)(128.7, 280.4);SD
Port:(115.2, 130.3)(199.2, 130.3)(199.2, 130.8)(215.9, 130.8)(215.9, 272.5)(115.2, 272.5);GATE
Port:(121.9, 136.0)(192.5, 136.0)(192.5, 140.4)(121.9, 140.4);SD
Module:M2
Boundary:(410.9, 261.6)(482.7, 261.6)(482.7, 261.8)(500.9, 261.8)(500.9, 423.5)(410.9, 423.5);GATE
Port:(424.7, 417.6)(487.1, 417.6)(487.1, 423.5)(424.7, 423.5);SD
Port:(410.9, 261.6)(482.7, 261.6)(482.7, 261.8)(500.9, 261.8)(500.9, 414.8)(410.9, 414.8);GATE
Port:(416.1, 265.8)(477.5, 265.8)(477.5, 272.0)(416.1, 272.0);SD
Module:M16
Boundary:(124.6, 10.0)(222.5, 10.0)(222.5, 110.3)(124.6, 110.3);GATE
Port:(139.3, 105.8)(207.8, 105.8)(207.8, 110.3)(139.3, 110.3);SD
Port:(124.6, 10.0)(222.5, 10.0)(222.5, 104.2)(124.6, 104.2);GATE
Port:(130.6, 15.0)(216.5, 15.0)(216.5, 22.9)(130.6, 22.9);SD
Module:M13
Boundary:(487.3, 10.0)(584.9, 10.0)(584.9, 10.0)(604.3, 10.0)(604.3, 231.6)(487.3, 231.6);GATE
Port:(503.3, 226.9)(588.3, 226.9)(588.3, 231.6)(503.3, 231.6);SD
Port:(487.3, 10.0)(584.9, 10.0)(584.9, 10.0)(604.3, 10.0)(604.3, 224.7)(487.3, 224.7);GATE
Port:(494.3, 16.0)(577.9, 16.0)(577.9, 22.5)(494.3, 22.5);SD
Module:M10
Boundary:(10.0, 94.3)(78.3, 94.3)(78.3, 94.6)(95.2, 94.6)(95.2, 268.3)(10.0, 268.3);GATE
Port:(23.7, 263.1)(81.5, 263.1)(81.5, 268.3)(23.7, 268.3);SD
Port:(10.0, 94.3)(78.3, 94.3)(78.3, 94.6)(95.2, 94.6)(95.2, 261.8)(10.0, 261.8);GATE
Port:(15.5, 98.8)(72.8, 98.8)(72.8, 104.8)(15.5, 104.8);SD
Module:M7
Boundary:(540.9, 422.8)(592.1, 422.8)(592.1, 580.3)(540.9, 580.3);GATE
Port:(555.8, 576.3)(577.2, 576.3)(577.2, 580.3)(555.8, 580.3);SD
Port:(540.9, 422.8)(592.1, 422.8)(592.1, 574.5)(540.9, 574.5);GATE
Port:(547.7, 428.6)(585.3, 428.6)(585.3, 434.9)(547.7, 434.9);SD
Module:M3
Boundary:(381.0, 453.5)(480.1, 453.5)(480.1, 453.5)(496.5, 453.5)(496.5, 589.4)(381.0, 589.4);GATE
Port:(394.2, 583.9)(483.3, 583.9)(483.3, 589.4)(394.2, 589.4);SD
Port:(381.0, 453.5)(480.1, 453.5)(480.1, 453.5)(496.5, 453.5)(496.5, 581.3)(381.0, 581.3);GATE
Port:(386.2, 457.7)(474.9, 457.7)(474.9, 464.4)(386.2, 464.4);SD
Module:M15
Boundary:(104.6, 10.0)(104.6, 58.1)(104.4, 58.1)(104.4, 74.3)(10.0, 74.3)(10.0, 10.0);GATE
Port:(10.0, 22.2)(15.0, 22.2)(15.0, 62.1)(10.0, 62.1);SD
Port:(104.6, 10.0)(104.6, 58.1)(104.4, 58.1)(104.4, 74.3)(17.5, 74.3)(17.5, 10.0);GATE
Port:(95.1, 15.4)(100.2, 15.4)(100.2, 52.7)(95.1, 52.7);SD
Module:M12
Boundary:(530.9, 251.6)(607.3, 251.6)(607.3, 392.8)(530.9, 392.8);GATE
Port:(546.5, 387.0)(591.7, 387.0)(591.7, 392.8)(546.5, 392.8);SD
Port:(530.9, 251.6)(607.3, 251.6)(607.3, 384.1)(530.9, 384.1);GATE
Port:(536.9, 256.6)(601.3, 256.6)(601.3, 263.8)(536.9, 263.8);SD
Module:M8
Boundary:(252.5, 20.0)(299.1, 20.0)(299.1, 20.2)(315.5, 20.2)(315.5, 174.3)(252.5, 174.3);GATE
Port:(264.4, 168.9)(303.6, 168.9)(303.6, 174.3)(264.4, 174.3);SD
Port:(252.5, 20.0)(299.1, 20.0)(299.1, 20.2)(315.5, 20.2)(315.5, 166.7)(252.5, 166.7);GATE
Port:(257.5, 24.0)(294.1, 24.0)(294.1, 28.5)(257.5, 28.5);SD
Module:M4
Boundary:(370.9, 239.2)(370.9, 298.8)(252.5, 298.8)(252.5, 239.2);GATE
Port:(252.5, 251.0)(257.0, 251.0)(257.0, 287.0)(252.5, 287.0);SD
Port:(370.9, 239.2)(370.9, 298.8)(258.5, 298.8)(258.5, 239.2);GATE
Port:(360.9, 244.8)(366.3, 244.8)(366.3, 293.2)(360.9, 293.2);SD
