Area:(-30.0, -30.0)(916.0, -30.0)(916.0, 397.5)(-30.0, 397.5)
Rule:GATE(5,5);SD(5,5);GATE_SD(0.5);GATE_ITO(0.5);SD_ITO(0.5)
Module:M14
Boundary:(853.2, 274.5)(853.2, 337.8)(643.2, 337.8)(643.2, 274.5);GATE
Port:(643.2, 287.4)(648.3, 287.4)(648.3, 324.9)(643.2, 324.9);SD
Port:(853.2, 274.5)(853.2, 337.8)(649.7, 337.8)(649.7, 274.5);GATE
Port:(843.4, 279.7)(849.0, 279.7)(849.0, 332.6)(843.4, 332.6);SD
Module:M9
Boundary:(320.6, 10.0)(406.4, 10.0)(406.4, 209.1)(320.6, 209.1);GATE
Port:(333.2, 204.3)(393.8, 204.3)(393.8, 209.1)(333.2, 209.1);SD
Port:(320.6, 10.0)(406.4, 10.0)(406.4, 202.0)(320.6, 202.0);GATE
Port:(327.1, 15.5)(399.9, 15.5)(399.9, 20.9)(327.1, 20.9);SD
Module:M5
Boundary:(203.8, 20.0)(290.6, 20.0)(290.6, 128.0)(203.8, 128.0);GATE
Port:(218.1, 122.0)(276.3, 122.0)(276.3, 128.0)(218.1, 128.0);SD
Port:(203.8, 20.0)(290.6, 20.0)(290.6, 119.8)(203.8, 119.8);GATE
Port:(210.3, 25.5)(284.1, 25.5)(284.1, 31.4)(210.3, 31.4);SD
Module:M11
Boundary:(277.6, 165.8)(277.6, 228.3)(140.5, 228.3)(140.5, 165.8);GATE
Port:(140.5, 178.0)(144.5, 178.0)(144.5, 216.1)(140.5, 216.1);SD
Port:(277.6, 165.8)(277.6, 228.3)(147.2, 228.3)(147.2, 165.8);GATE
Port:(267.6, 171.6)(272.8, 171.6)(272.8, 222.5)(267.6, 222.5);SD
Module:M1
Boundary:(744.8, 30.0)(744.8, 75.0)(643.2, 75.0)(643.2, 30.0);GATE
Port:(643.2, 41.7)(647.8, 41.7)(647.8, 63.3)(643.2, 63.3);SD
Port:(744.8, 30.0)(744.8, 75.0)(650.0, 75.0)(650.0, 30.0);GATE
Port:(736.2, 35.3)(740.5, 35.3)(740.5, 69.7)(736.2, 69.7);SD
Module:M6
Boundary:(368.7, 248.3)(368.7, 340.2)(368.6, 340.2)(368.6, 354.8)(181.5, 354.8)(181.5, 248.3);GATE
Port:(181.5, 261.8)(186.0, 261.8)(186.0, 341.3)(181.5, 341.3);SD
Port:(368.7, 248.3)(368.7, 340.2)(368.6, 340.2)(368.6, 354.8)(187.2, 354.8)(187.2, 248.3);GATE
Port:(357.5, 254.1)(363.9, 254.1)(363.9, 334.4)(357.5, 334.4);SD
Module:M2
Boundary:(794.8, 20.0)(855.1, 20.0)(855.1, 20.3)(868.9, 20.3)(868.9, 127.9)(794.8, 127.9);GATE
Port:(807.9, 122.7)(855.8, 122.7)(855.8, 127.9)(807.9, 127.9);SD
Port:(794.8, 20.0)(855.1, 20.0)(855.1, 20.3)(868.9, 20.3)(868.9, 120.0)(794.8, 120.0);GATE
Port:(800.9, 25.1)(849.0, 25.1)(849.0, 31.5)(800.9, 31.5);SD
Module:M16
Boundary:(92.1, 10.0)(173.8, 10.0)(173.8, 145.8)(92.1, 145.8);GATE
Port:(106.1, 140.7)(159.8, 140.7)(159.8, 145.8)(106.1, 145.8);SD
Port:(92.1, 10.0)(173.8, 10.0)(173.8, 138.7)(92.1, 138.7);GATE
Port:(98.8, 15.7)(167.1, 15.7)(167.1, 22.4)(98.8, 22.4);SD
Module:M13
Boundary:(593.6, 146.0)(593.6, 236.1)(593.3, 236.1)(593.3, 254.1)(426.4, 254.1)(426.4, 146.0);GATE
Port:(426.4, 160.2)(431.3, 160.2)(431.3, 239.9)(426.4, 239.9);SD
Port:(593.6, 146.0)(593.6, 236.1)(593.3, 236.1)(593.3, 254.1)(434.2, 254.1)(434.2, 146.0);GATE
Port:(582.3, 152.5)(588.1, 152.5)(588.1, 229.6)(582.3, 229.6);SD
Module:M10
Boundary:(876.0, 157.9)(876.0, 219.1)(875.8, 219.1)(875.8, 234.5)(762.2, 234.5)(762.2, 157.9);GATE
Port:(762.2, 169.3)(766.3, 169.3)(766.3, 223.1)(762.2, 223.1);SD
Port:(876.0, 157.9)(876.0, 219.1)(875.8, 219.1)(875.8, 234.5)(769.2, 234.5)(769.2, 157.9);GATE
Port:(866.8, 163.6)(871.3, 163.6)(871.3, 213.4)(866.8, 213.4);SD
Module:M7
Boundary:(732.2, 125.0)(732.2, 195.7)(731.9, 195.7)(731.9, 212.9)(633.2, 212.9)(633.2, 125.0);GATE
Port:(633.2, 139.7)(638.1, 139.7)(638.1, 198.2)(633.2, 198.2);SD
Port:(732.2, 125.0)(732.2, 195.7)(731.9, 195.7)(731.9, 212.9)(640.6, 212.9)(640.6, 125.0);GATE
Port:(720.6, 131.0)(727.2, 131.0)(727.2, 189.7)(720.6, 189.7);SD
Module:M3
Boundary:(161.5, 258.5)(161.5, 341.6)(161.4, 341.6)(161.4, 357.5)(10.0, 357.5)(10.0, 258.5);GATE
Port:(10.0, 272.8)(16.0, 272.8)(16.0, 343.2)(10.0, 343.2);SD
Port:(161.5, 258.5)(161.5, 341.6)(161.4, 341.6)(161.4, 357.5)(17.9, 357.5)(17.9, 258.5);GATE
Port:(149.8, 265.2)(155.8, 265.2)(155.8, 334.9)(149.8, 334.9);SD
Module:M15
Boundary:(120.5, 188.9)(120.5, 238.5)(10.0, 238.5)(10.0, 188.9);GATE
Port:(10.0, 203.6)(14.5, 203.6)(14.5, 223.8)(10.0, 223.8);SD
Port:(120.5, 188.9)(120.5, 238.5)(16.8, 238.5)(16.8, 188.9);GATE
Port:(107.4, 195.8)(114.6, 195.8)(114.6, 231.6)(107.4, 231.6);SD
Module:M12
Boundary:(10.0, 10.0)(72.1, 10.0)(72.1, 168.9)(10.0, 168.9);GATE
Port:(23.3, 163.1)(58.8, 163.1)(58.8, 168.9)(23.3, 168.9);SD
Port:(10.0, 10.0)(72.1, 10.0)(72.1, 161.3)(10.0, 161.3);GATE
Port:(16.6, 15.6)(65.5, 15.6)(65.5, 21.4)(16.6, 21.4);SD
Module:M8
Boundary:(593.2, 20.0)(593.2, 100.2)(592.9, 100.2)(592.9, 116.0)(436.4, 116.0)(436.4, 20.0);GATE
Port:(436.4, 32.6)(442.0, 32.6)(442.0, 103.4)(436.4, 103.4);SD
Port:(593.2, 20.0)(593.2, 100.2)(592.9, 100.2)(592.9, 116.0)(443.3, 116.0)(443.3, 20.0);GATE
Port:(582.6, 25.5)(588.7, 25.5)(588.7, 94.7)(582.6, 94.7);SD
Module:M4
Boundary:(570.1, 284.1)(570.1, 331.3)(569.9, 331.3)(569.9, 345.7)(398.7, 345.7)(398.7, 284.1);GATE
Port:(398.7, 296.8)(403.1, 296.8)(403.1, 333.0)(398.7, 333.0);SD
Port:(570.1, 284.1)(570.1, 331.3)(569.9, 331.3)(569.9, 345.7)(405.3, 345.7)(405.3, 284.1);GATE
Port:(559.3, 289.9)(565.3, 289.9)(565.3, 325.5)(559.3, 325.5);SD
