Area:(-30.0, -30.0)(670.8, -30.0)(670.8, 586.0)(-30.0, 586.0)
Rule:GATE(5,5);SD(5,5);GATE_SD(0.5);GATE_ITO(0.5);SD_ITO(0.5)
Module:M14
Boundary:(391.1, 30.0)(391.1, 109.7)(391.0, 109.7)(391.0, 124.8)(268.3, 124.8)(268.3, 30.0);GATE
Port:(268.3, 43.3)(274.0, 43.3)(274.0, 111.5)(268.3, 111.5);SD
Port:(391.1, 30.0)(391.1, 109.7)(391.0, 109.7)(391.0, 124.8)(276.5, 124.8)(276.5, 30.0);GATE
Port:(379.6, 36.9)(385.2, 36.9)(385.2, 102.8)(379.6, 102.8);SD
Module:M9
Boundary:(431.1, 10.0)(494.5, 10.0)(494.5, 217.0)(431.1, 217.0);GATE
Port:(443.5, 211.5)(482.1, 211.5)(482.1, 217.0)(443.5, 217.0);SD
Port:(431.1, 10.0)(494.5, 10.0)(494.5, 210.0)(431.1, 210.0);GATE
Port:(437.6, 15.5)(488.0, 15.5)(488.0, 20.2)(437.6, 20.2);SD
Module:M5
Boundary:(367.7, 345.0)(367.7, 392.9)(152.9, 392.9)(152.9, 345.0);GATE
Port:(152.9, 358.4)(157.8, 358.4)(157.8, 379.5)(152.9, 379.5);SD
Port:(367.7, 345.0)(367.7, 392.9)(160.3, 392.9)(160.3, 345.0);GATE
Port:(356.0, 350.9)(362.8, 350.9)(362.8, 387.0)(356.0, 387.0);SD
Module:M11
Boundary:(228.3, 10.0)(228.3, 110.3)(10.0, 110.3)(10.0, 10.0);GATE
Port:(10.0, 23.0)(15.2, 23.0)(15.2, 97.3)(10.0, 97.3);SD
Port:(228.3, 10.0)(228.3, 110.3)(16.5, 110.3)(16.5, 10.0);GATE
Port:(216.9, 16.4)(222.9, 16.4)(222.9, 103.9)(216.9, 103.9);SD
Module:M1
Boundary:(326.3, 442.9)(326.3, 508.1)(326.1, 508.1)(326.1, 524.4)(169.1, 524.4)(169.1, 442.9);GATE
Port:(169.1, 455.8)(174.6, 455.8)(174.6, 511.5)(169.1, 511.5);SD
Port:(326.3, 442.9)(326.3, 508.1)(326.1, 508.1)(326.1, 524.4)(177.1, 524.4)(177.1, 442.9);GATE
Port:(316.2, 448.7)(321.5, 448.7)(321.5, 502.3)(316.2, 502.3);SD
Module:M6
Boundary:(514.5, 10.0)(630.8, 10.0)(630.8, 223.6)(514.5, 223.6);GATE
Port:(527.9, 218.7)(617.4, 218.7)(617.4, 223.6)(527.9, 223.6);SD
Port:(514.5, 10.0)(630.8, 10.0)(630.8, 215.8)(514.5, 215.8);GATE
Port:(520.8, 15.3)(624.5, 15.3)(624.5, 21.0)(520.8, 21.0);SD
Module:M2
Boundary:(619.7, 253.6)(619.7, 330.5)(419.0, 330.5)(419.0, 253.6);GATE
Port:(419.0, 267.1)(424.6, 267.1)(424.6, 317.0)(419.0, 317.0);SD
Port:(619.7, 253.6)(619.7, 330.5)(426.9, 330.5)(426.9, 253.6);GATE
Port:(608.5, 259.4)(614.9, 259.4)(614.9, 324.7)(608.5, 324.7);SD
Module:M16
Boundary:(10.0, 460.2)(129.1, 460.2)(129.1, 546.0)(10.0, 546.0);GATE
Port:(24.0, 541.6)(115.1, 541.6)(115.1, 546.0)(24.0, 546.0);SD
Port:(10.0, 460.2)(129.1, 460.2)(129.1, 538.7)(10.0, 538.7);GATE
Port:(15.7, 464.9)(123.4, 464.9)(123.4, 471.0)(15.7, 471.0);SD
Module:M13
Boundary:(10.0, 320.8)(122.9, 320.8)(122.9, 440.2)(10.0, 440.2);GATE
Port:(24.8, 435.6)(108.1, 435.6)(108.1, 440.2)(24.8, 440.2);SD
Port:(10.0, 320.8)(122.9, 320.8)(122.9, 434.0)(10.0, 434.0);GATE
Port:(16.6, 326.4)(116.3, 326.4)(116.3, 333.4)(16.6, 333.4);SD
Module:M10
Boundary:(205.5, 199.0)(259.5, 199.0)(259.5, 315.0)(205.5, 315.0);GATE
Port:(220.3, 310.2)(244.7, 310.2)(244.7, 315.0)(220.3, 315.0);SD
Port:(205.5, 199.0)(259.5, 199.0)(259.5, 307.5)(205.5, 307.5);GATE
Port:(211.8, 204.3)(253.2, 204.3)(253.2, 211.9)(211.8, 211.9);SD
Module:M7
Boundary:(598.4, 458.0)(598.4, 536.3)(376.3, 536.3)(376.3, 458.0);GATE
Port:(376.3, 472.1)(380.8, 472.1)(380.8, 522.2)(376.3, 522.2);SD
Port:(598.4, 458.0)(598.4, 536.3)(383.5, 536.3)(383.5, 458.0);GATE
Port:(586.4, 464.4)(593.0, 464.4)(593.0, 529.9)(586.4, 529.9);SD
Module:M3
Boundary:(222.3, 130.3)(222.3, 179.0)(10.0, 179.0)(10.0, 130.3);GATE
Port:(10.0, 143.6)(14.2, 143.6)(14.2, 165.7)(10.0, 165.7);SD
Port:(222.3, 130.3)(222.3, 179.0)(16.3, 179.0)(16.3, 130.3);GATE
Port:(211.7, 136.9)(216.7, 136.9)(216.7, 172.4)(211.7, 172.4);SD
Module:M15
Boundary:(10.0, 199.0)(69.3, 199.0)(69.3, 299.9)(10.0, 299.9);GATE
Port:(26.2, 295.7)(53.1, 295.7)(53.1, 299.9)(26.2, 299.9);SD
Port:(10.0, 199.0)(69.3, 199.0)(69.3, 293.1)(10.0, 293.1);GATE
Port:(16.7, 204.7)(62.6, 204.7)(62.6, 211.8)(16.7, 211.8);SD
Module:M12
Boundary:(590.8, 360.5)(590.8, 428.0)(397.7, 428.0)(397.7, 360.5);GATE
Port:(397.7, 373.8)(402.7, 373.8)(402.7, 414.7)(397.7, 414.7);SD
Port:(590.8, 360.5)(590.8, 428.0)(403.7, 428.0)(403.7, 360.5);GATE
Port:(580.5, 366.2)(586.1, 366.2)(586.1, 422.3)(580.5, 422.3);SD
Module:M8
Boundary:(175.5, 209.0)(175.5, 275.6)(175.3, 275.6)(175.3, 290.8)(99.3, 290.8)(99.3, 209.0);GATE
Port:(99.3, 224.0)(104.9, 224.0)(104.9, 275.8)(99.3, 275.8);SD
Port:(175.5, 209.0)(175.5, 275.6)(175.3, 275.6)(175.3, 290.8)(106.1, 290.8)(106.1, 209.0);GATE
Port:(162.6, 215.2)(170.3, 215.2)(170.3, 269.4)(162.6, 269.4);SD
Module:M4
Boundary:(289.5, 174.8)(379.0, 174.8)(379.0, 294.2)(289.5, 294.2);GATE
Port:(301.8, 289.3)(366.7, 289.3)(366.7, 294.2)(301.8, 294.2);SD
Port:(289.5, 174.8)(379.0, 174.8)(379.0, 288.2)(289.5, 288.2);GATE
Port:(295.0, 179.3)(373.5, 179.3)(373.5, 184.7)(295.0, 184.7);SD
