Area:(-30.0, -30.0)(624.6, -30.0)(624.6, 637.9)(-30.0, 637.9)
Rule:GATE(5,5);SD(5,5);GATE_SD(0.5);GATE_ITO(0.5);SD_ITO(0.5)
Module:M14
Boundary:(30.0, 189.7)(98.4, 189.7)(98.4, 272.6)(30.0, 272.6);GATE
Port:(45.3, 268.1)(83.1, 268.1)(83.1, 272.6)(45.3, 272.6);SD
Port:(30.0, 189.7)(98.4, 189.7)(98.4, 265.5)(30.0, 265.5);GATE
Port:(36.7, 195.4)(91.7, 195.4)(91.7, 203.0)(36.7, 203.0);SD
Module:M9
Boundary:(484.5, 174.2)(584.6, 174.2)(584.6, 309.3)(484.5, 309.3);GATE
Port:(499.6, 304.2)(569.5, 304.2)(569.5, 309.3)(499.6, 309.3);SD
Port:(484.5, 174.2)(584.6, 174.2)(584.6, 301.3)(484.5, 301.3);GATE
Port:(491.3, 180.0)(577.8, 180.0)(577.8, 186.2)(491.3, 186.2);SD
Module:M5
Boundary:(169.5, 330.7)(169.5, 438.7)(20.0, 438.7)(20.0, 330.7);GATE
Port:(20.0, 345.3)(25.4, 345.3)(25.4, 424.1)(20.0, 424.1);SD
Port:(169.5, 330.7)(169.5, 438.7)(27.6, 438.7)(27.6, 330.7);GATE
Port:(157.8, 337.3)(163.9, 337.3)(163.9, 432.1)(157.8, 432.1);SD
Module:M11
Boundary:(159.7, 468.7)(159.7, 597.9)(10.0, 597.9)(10.0, 468.7);GATE
Port:(10.0, 483.6)(14.1, 483.6)(14.1, 583.0)(10.0, 583.0);SD
Port:(159.7, 468.7)(159.7, 597.9)(16.8, 597.9)(16.8, 468.7);GATE
Port:(148.0, 474.6)(154.8, 474.6)(154.8, 592.0)(148.0, 592.0);SD
Module:M1
Boundary:(373.8, 153.8)(427.8, 153.8)(427.8, 154.1)(444.5, 154.1)(444.5, 289.6)(373.8, 289.6);GATE
Port:(388.5, 284.6)(429.8, 284.6)(429.8, 289.6)(388.5, 289.6);SD
Port:(373.8, 153.8)(427.8, 153.8)(427.8, 154.1)(444.5, 154.1)(444.5, 283.0)(373.8, 283.0);GATE
Port:(380.8, 159.8)(420.8, 159.8)(420.8, 166.1)(380.8, 166.1);SD
Module:M6
Boundary:(348.0, 10.0)(348.0, 82.1)(347.9, 82.1)(347.9, 96.1)(127.5, 96.1)(127.5, 10.0);GATE
Port:(127.5, 21.2)(133.3, 21.2)(133.3, 84.9)(127.5, 84.9);SD
Port:(348.0, 10.0)(348.0, 82.1)(347.9, 82.1)(347.9, 96.1)(136.1, 96.1)(136.1, 10.0);GATE
Port:(338.4, 16.4)(342.6, 16.4)(342.6, 75.7)(338.4, 75.7);SD
Module:M2
Boundary:(232.9, 126.1)(323.8, 126.1)(323.8, 296.0)(232.9, 296.0);GATE
Port:(244.3, 290.3)(312.4, 290.3)(312.4, 296.0)(244.3, 296.0);SD
Port:(232.9, 126.1)(323.8, 126.1)(323.8, 287.7)(232.9, 287.7);GATE
Port:(238.0, 130.2)(318.7, 130.2)(318.7, 135.6)(238.0, 135.6);SD
Module:M16
Boundary:(485.0, 10.0)(581.3, 10.0)(581.3, 154.2)(485.0, 154.2);GATE
Port:(498.9, 149.4)(567.4, 149.4)(567.4, 154.2)(498.9, 154.2);SD
Port:(485.0, 10.0)(581.3, 10.0)(581.3, 147.5)(485.0, 147.5);GATE
Port:(491.0, 15.0)(575.3, 15.0)(575.3, 20.7)(491.0, 20.7);SD
Module:M13
Boundary:(138.4, 116.1)(187.5, 116.1)(187.5, 116.2)(202.9, 116.2)(202.9, 300.7)(138.4, 300.7);GATE
Port:(151.3, 294.7)(190.0, 294.7)(190.0, 300.7)(151.3, 300.7);SD
Port:(138.4, 116.1)(187.5, 116.1)(187.5, 116.2)(202.9, 116.2)(202.9, 293.4)(138.4, 293.4);GATE
Port:(144.2, 120.9)(181.7, 120.9)(181.7, 127.0)(144.2, 127.0);SD
Module:M10
Boundary:(10.0, 10.0)(107.5, 10.0)(107.5, 149.7)(10.0, 149.7);GATE
Port:(23.0, 145.7)(94.5, 145.7)(94.5, 149.7)(23.0, 149.7);SD
Port:(10.0, 10.0)(107.5, 10.0)(107.5, 144.1)(10.0, 144.1);GATE
Port:(15.3, 14.3)(102.2, 14.3)(102.2, 19.8)(15.3, 19.8);SD
Module:M7
Boundary:(378.0, 20.0)(440.2, 20.0)(440.2, 20.3)(455.0, 20.3)(455.0, 103.8)(378.0, 103.8);GATE
Port:(390.7, 98.3)(442.3, 98.3)(442.3, 103.8)(390.7, 103.8);SD
Port:(378.0, 20.0)(440.2, 20.0)(440.2, 20.3)(455.0, 20.3)(455.0, 96.3)(378.0, 96.3);GATE
Port:(383.2, 24.2)(435.0, 24.2)(435.0, 31.2)(383.2, 31.2);SD
Module:M3
Boundary:(369.8, 530.6)(369.8, 589.3)(179.7, 589.3)(179.7, 530.6);GATE
Port:(179.7, 541.4)(185.3, 541.4)(185.3, 578.5)(179.7, 578.5);SD
Port:(369.8, 530.6)(369.8, 589.3)(187.5, 589.3)(187.5, 530.6);GATE
Port:(360.7, 536.1)(365.3, 536.1)(365.3, 583.8)(360.7, 583.8);SD
Module:M15
Boundary:(354.3, 449.3)(354.3, 510.6)(199.5, 510.6)(199.5, 449.3);GATE
Port:(199.5, 462.8)(204.8, 462.8)(204.8, 497.1)(199.5, 497.1);SD
Port:(354.3, 449.3)(354.3, 510.6)(207.5, 510.6)(207.5, 449.3);GATE
Port:(342.8, 455.9)(348.7, 455.9)(348.7, 504.0)(342.8, 504.0);SD
Module:M12
Boundary:(394.3, 329.6)(394.3, 429.3)(199.5, 429.3)(199.5, 329.6);GATE
Port:(199.5, 343.9)(204.4, 343.9)(204.4, 415.0)(199.5, 415.0);SD
Port:(394.3, 329.6)(394.3, 429.3)(206.7, 429.3)(206.7, 329.6);GATE
Port:(382.1, 335.5)(389.4, 335.5)(389.4, 423.4)(382.1, 423.4);SD
Module:M8
Boundary:(564.0, 486.5)(564.0, 571.8)(563.6, 571.8)(563.6, 589.2)(399.8, 589.2)(399.8, 486.5);GATE
Port:(399.8, 499.9)(404.1, 499.9)(404.1, 575.8)(399.8, 575.8);SD
Port:(564.0, 486.5)(564.0, 571.8)(563.6, 571.8)(563.6, 589.2)(405.5, 589.2)(405.5, 486.5);GATE
Port:(554.1, 491.5)(560.0, 491.5)(560.0, 566.8)(554.1, 566.8);SD
Module:M4
Boundary:(424.3, 339.6)(541.1, 339.6)(541.1, 446.5)(424.3, 446.5);GATE
Port:(438.0, 441.4)(527.4, 441.4)(527.4, 446.5)(438.0, 446.5);SD
Port:(424.3, 339.6)(541.1, 339.6)(541.1, 438.4)(424.3, 438.4);GATE
Port:(430.3, 344.6)(535.1, 344.6)(535.1, 351.2)(430.3, 351.2);SD
