Area:(-30.0, -30.0)(891.9, -30.0)(891.9, 458.8)(-30.0, 458.8)
Rule:GATE(5,5);SD(5,5);GATE_SD(0.5);GATE_ITO(0.5);SD_ITO(0.5)
Module:M14
Boundary:(750.2, 30.0)(750.2, 96.2)(749.9, 96.2)(749.9, 112.3)(552.7, 112.3)(552.7, 30.0);GATE
Port:(552.7, 43.4)(558.0, 43.4)(558.0, 98.9)(552.7, 98.9);SD
Port:(750.2, 30.0)(750.2, 96.2)(749.9, 96.2)(749.9, 112.3)(560.0, 112.3)(560.0, 30.0);GATE
Port:(739.6, 35.6)(745.6, 35.6)(745.6, 90.6)(739.6, 90.6);SD
Module:M9
Boundary:(120.1, 322.8)(120.1, 396.7)(119.9, 396.7)(119.9, 415.0)(10.0, 415.0)(10.0, 322.8);GATE
Port:(10.0, 337.5)(14.7, 337.5)(14.7, 400.3)(10.0, 400.3);SD
Port:(120.1, 322.8)(120.1, 396.7)(119.9, 396.7)(119.9, 415.0)(16.9, 415.0)(16.9, 322.8);GATE
Port:(108.4, 328.9)(115.0, 328.9)(115.0, 390.6)(108.4, 390.6);SD
Module:M5
Boundary:(136.7, 215.9)(136.7, 292.8)(20.0, 292.8)(20.0, 215.9);GATE
Port:(20.0, 230.0)(25.9, 230.0)(25.9, 278.7)(20.0, 278.7);SD
Port:(136.7, 215.9)(136.7, 292.8)(27.5, 292.8)(27.5, 215.9);GATE
Port:(124.5, 222.8)(130.8, 222.8)(130.8, 285.9)(124.5, 285.9);SD
Module:M11
Boundary:(354.2, 322.8)(354.2, 400.0)(354.1, 400.0)(354.1, 418.8)(140.1, 418.8)(140.1, 322.8);GATE
Port:(140.1, 338.7)(144.9, 338.7)(144.9, 402.9)(140.1, 402.9);SD
Port:(354.2, 322.8)(354.2, 400.0)(354.1, 400.0)(354.1, 418.8)(147.4, 418.8)(147.4, 322.8);GATE
Port:(341.4, 329.2)(348.8, 329.2)(348.8, 393.6)(341.4, 393.6);SD
Module:M1
Boundary:(851.9, 277.2)(851.9, 376.0)(851.6, 376.0)(851.6, 392.3)(695.7, 392.3)(695.7, 277.2);GATE
Port:(695.7, 290.5)(700.6, 290.5)(700.6, 379.0)(695.7, 379.0);SD
Port:(851.9, 277.2)(851.9, 376.0)(851.6, 376.0)(851.6, 392.3)(703.1, 392.3)(703.1, 277.2);GATE
Port:(841.1, 282.9)(847.2, 282.9)(847.2, 370.3)(841.1, 370.3);SD
Module:M6
Boundary:(790.2, 10.0)(851.1, 10.0)(851.1, 224.0)(790.2, 224.0);GATE
Port:(802.6, 218.9)(838.7, 218.9)(838.7, 224.0)(802.6, 224.0);SD
Port:(790.2, 10.0)(851.1, 10.0)(851.1, 216.2)(790.2, 216.2);GATE
Port:(796.6, 15.4)(844.7, 15.4)(844.7, 20.9)(796.6, 20.9);SD
Module:M2
Boundary:(414.4, 20.0)(489.2, 20.0)(489.2, 20.2)(502.7, 20.2)(502.7, 182.8)(414.4, 182.8);GATE
Port:(428.4, 177.9)(488.7, 177.9)(488.7, 182.8)(428.4, 182.8);SD
Port:(414.4, 20.0)(489.2, 20.0)(489.2, 20.2)(502.7, 20.2)(502.7, 176.8)(414.4, 176.8);GATE
Port:(421.2, 25.8)(482.4, 25.8)(482.4, 32.1)(421.2, 32.1);SD
Module:M16
Boundary:(541.2, 212.8)(541.2, 267.5)(540.9, 267.5)(540.9, 286.0)(404.4, 286.0)(404.4, 212.8);GATE
Port:(404.4, 227.5)(410.2, 227.5)(410.2, 271.3)(404.4, 271.3);SD
Port:(541.2, 212.8)(541.2, 267.5)(540.9, 267.5)(540.9, 286.0)(412.3, 286.0)(412.3, 212.8);GATE
Port:(529.9, 219.1)(535.9, 219.1)(535.9, 261.2)(529.9, 261.2);SD
Module:M13
Boundary:(276.6, 135.5)(364.0, 135.5)(364.0, 135.8)(378.4, 135.8)(378.4, 286.6)(276.6, 286.6);GATE
Port:(287.5, 281.3)(367.5, 281.3)(367.5, 286.6)(287.5, 286.6);SD
Port:(276.6, 135.5)(364.0, 135.5)(364.0, 135.8)(378.4, 135.8)(378.4, 278.5)(276.6, 278.5);GATE
Port:(282.7, 140.6)(357.9, 140.6)(357.9, 144.7)(282.7, 144.7);SD
Module:M10
Boundary:(384.4, 10.0)(384.4, 97.8)(384.3, 97.8)(384.3, 115.5)(204.6, 115.5)(204.6, 10.0);GATE
Port:(204.6, 24.0)(209.9, 24.0)(209.9, 101.5)(204.6, 101.5);SD
Port:(384.4, 10.0)(384.4, 97.8)(384.3, 97.8)(384.3, 115.5)(211.3, 115.5)(211.3, 10.0);GATE
Port:(373.4, 15.6)(379.8, 15.6)(379.8, 92.2)(373.4, 92.2);SD
Module:M7
Boundary:(579.5, 267.2)(629.2, 267.2)(629.2, 267.2)(645.7, 267.2)(645.7, 398.0)(579.5, 398.0);GATE
Port:(592.2, 393.9)(633.0, 393.9)(633.0, 398.0)(592.2, 398.0);SD
Port:(579.5, 267.2)(629.2, 267.2)(629.2, 267.2)(645.7, 267.2)(645.7, 391.9)(579.5, 391.9);GATE
Port:(586.1, 272.8)(622.6, 272.8)(622.6, 277.2)(586.1, 277.2);SD
Module:M3
Boundary:(184.6, 10.0)(184.6, 111.8)(10.0, 111.8)(10.0, 10.0);GATE
Port:(10.0, 22.0)(15.6, 22.0)(15.6, 99.8)(10.0, 99.8);SD
Port:(184.6, 10.0)(184.6, 111.8)(16.8, 111.8)(16.8, 10.0);GATE
Port:(174.6, 15.2)(180.4, 15.2)(180.4, 106.6)(174.6, 106.6);SD
Module:M15
Boundary:(737.1, 152.3)(737.1, 224.2)(736.9, 224.2)(736.9, 237.2)(561.2, 237.2)(561.2, 152.3);GATE
Port:(561.2, 165.5)(565.3, 165.5)(565.3, 224.0)(561.2, 224.0);SD
Port:(737.1, 152.3)(737.1, 224.2)(736.9, 224.2)(736.9, 237.2)(567.9, 237.2)(567.9, 152.3);GATE
Port:(725.5, 158.9)(731.5, 158.9)(731.5, 217.6)(725.5, 217.6);SD
Module:M12
Boundary:(143.2, 131.8)(143.2, 168.8)(143.2, 168.8)(143.2, 185.9)(10.0, 185.9)(10.0, 131.8);GATE
Port:(10.0, 146.5)(15.4, 146.5)(15.4, 171.2)(10.0, 171.2);SD
Port:(143.2, 131.8)(143.2, 168.8)(143.2, 168.8)(143.2, 185.9)(17.0, 185.9)(17.0, 131.8);GATE
Port:(131.6, 138.6)(137.4, 138.6)(137.4, 162.0)(131.6, 162.0);SD
Module:M8
Boundary:(176.7, 145.5)(228.8, 145.5)(228.8, 145.6)(246.6, 145.6)(246.6, 285.7)(176.7, 285.7);GATE
Port:(190.7, 280.0)(232.6, 280.0)(232.6, 285.7)(190.7, 285.7);SD
Port:(176.7, 145.5)(228.8, 145.5)(228.8, 145.6)(246.6, 145.6)(246.6, 277.4)(176.7, 277.4);GATE
Port:(182.4, 150.2)(223.1, 150.2)(223.1, 156.0)(182.4, 156.0);SD
Module:M4
Boundary:(539.5, 316.6)(539.5, 406.8)(384.2, 406.8)(384.2, 316.6);GATE
Port:(384.2, 329.8)(389.4, 329.8)(389.4, 393.6)(384.2, 393.6);SD
Port:(539.5, 316.6)(539.5, 406.8)(391.1, 406.8)(391.1, 316.6);GATE
Port:(528.4, 323.3)(533.8, 323.3)(533.8, 400.1)(528.4, 400.1);SD
