Area:(-30.0, -30.0)(769.5, -30.0)(769.5, 487.1)(-30.0, 487.1)
Rule:GATE(5,5);SD(5,5);GATE_SD(0.5);GATE_ITO(0.5);SD_ITO(0.5)
Module:M14
Boundary:(398.1, 30.0)(490.6, 30.0)(490.6, 139.1)(398.1, 139.1);GATE
Port:(413.6, 135.1)(475.1, 135.1)(475.1, 139.1)(413.6, 139.1);SD
Port:(398.1, 30.0)(490.6, 30.0)(490.6, 133.3)(398.1, 133.3);GATE
Port:(405.0, 35.9)(483.7, 35.9)(483.7, 42.4)(405.0, 42.4);SD
Module:M9
Boundary:(530.6, 10.0)(581.4, 10.0)(581.4, 10.2)(598.5, 10.2)(598.5, 147.4)(530.6, 147.4);GATE
Port:(543.8, 141.7)(585.3, 141.7)(585.3, 147.4)(543.8, 147.4);SD
Port:(530.6, 10.0)(581.4, 10.0)(581.4, 10.2)(598.5, 10.2)(598.5, 138.9)(530.6, 138.9);GATE
Port:(536.6, 15.0)(575.4, 15.0)(575.4, 20.0)(536.6, 20.0);SD
Module:M5
Boundary:(105.0, 157.5)(105.0, 192.7)(104.8, 192.7)(104.8, 209.8)(20.0, 209.8)(20.0, 157.5);GATE
Port:(20.0, 171.8)(24.5, 171.8)(24.5, 195.5)(20.0, 195.5);SD
Port:(105.0, 157.5)(105.0, 192.7)(104.8, 192.7)(104.8, 209.8)(26.6, 209.8)(26.6, 157.5);GATE
Port:(93.9, 164.3)(99.2, 164.3)(99.2, 185.9)(93.9, 185.9);SD
Module:M11
Boundary:(145.1, 10.0)(234.9, 10.0)(234.9, 204.9)(145.1, 204.9);GATE
Port:(158.6, 199.6)(221.4, 199.6)(221.4, 204.9)(158.6, 204.9);SD
Port:(145.1, 10.0)(234.9, 10.0)(234.9, 196.7)(145.1, 196.7);GATE
Port:(150.2, 14.1)(229.8, 14.1)(229.8, 20.3)(150.2, 20.3);SD
Module:M1
Boundary:(607.2, 191.6)(712.5, 191.6)(712.5, 310.4)(607.2, 310.4);GATE
Port:(622.3, 306.0)(697.4, 306.0)(697.4, 310.4)(622.3, 310.4);SD
Port:(607.2, 191.6)(712.5, 191.6)(712.5, 304.4)(607.2, 304.4);GATE
Port:(614.0, 197.4)(705.7, 197.4)(705.7, 203.7)(614.0, 203.7);SD
Module:M6
Boundary:(443.1, 265.2)(443.1, 353.0)(254.9, 353.0)(254.9, 265.2);GATE
Port:(254.9, 278.7)(260.1, 278.7)(260.1, 339.5)(254.9, 339.5);SD
Port:(443.1, 265.2)(443.1, 353.0)(262.3, 353.0)(262.3, 265.2);GATE
Port:(431.2, 271.3)(438.0, 271.3)(438.0, 346.9)(431.2, 346.9);SD
Module:M2
Boundary:(264.9, 20.0)(348.1, 20.0)(348.1, 235.2)(264.9, 235.2);GATE
Port:(278.6, 229.3)(334.4, 229.3)(334.4, 235.2)(278.6, 235.2);SD
Port:(264.9, 20.0)(348.1, 20.0)(348.1, 228.1)(264.9, 228.1);GATE
Port:(270.5, 24.6)(342.5, 24.6)(342.5, 30.8)(270.5, 30.8);SD
Module:M16
Boundary:(449.3, 373.0)(449.3, 432.3)(449.3, 432.3)(449.3, 447.1)(254.9, 447.1)(254.9, 373.0);GATE
Port:(254.9, 384.6)(260.1, 384.6)(260.1, 435.5)(254.9, 435.5);SD
Port:(449.3, 373.0)(449.3, 432.3)(449.3, 432.3)(449.3, 447.1)(261.3, 447.1)(261.3, 373.0);GATE
Port:(440.3, 378.5)(444.8, 378.5)(444.8, 426.8)(440.3, 426.8);SD
Module:M13
Boundary:(135.0, 224.9)(234.3, 224.9)(234.3, 321.7)(135.0, 321.7);GATE
Port:(148.3, 316.1)(221.0, 316.1)(221.0, 321.7)(148.3, 321.7);SD
Port:(135.0, 224.9)(234.3, 224.9)(234.3, 313.9)(135.0, 313.9);GATE
Port:(140.2, 229.1)(229.1, 229.1)(229.1, 234.9)(140.2, 234.9);SD
Module:M10
Boundary:(10.0, 10.0)(105.8, 10.0)(105.8, 10.5)(125.1, 10.5)(125.1, 127.5)(10.0, 127.5);GATE
Port:(25.0, 121.5)(110.1, 121.5)(110.1, 127.5)(25.0, 127.5);SD
Port:(10.0, 10.0)(105.8, 10.0)(105.8, 10.5)(125.1, 10.5)(125.1, 119.0)(10.0, 119.0);GATE
Port:(16.3, 15.3)(99.5, 15.3)(99.5, 21.8)(16.3, 21.8);SD
Module:M7
Boundary:(220.6, 351.7)(220.6, 403.3)(220.4, 403.3)(220.4, 419.0)(20.0, 419.0)(20.0, 351.7);GATE
Port:(20.0, 365.7)(24.9, 365.7)(24.9, 405.0)(20.0, 405.0);SD
Port:(220.6, 351.7)(220.6, 403.3)(220.4, 403.3)(220.4, 419.0)(27.2, 419.0)(27.2, 351.7);GATE
Port:(208.8, 358.4)(214.9, 358.4)(214.9, 396.6)(208.8, 396.6);SD
Module:M3
Boundary:(10.0, 239.8)(106.4, 239.8)(106.4, 317.6)(10.0, 317.6);GATE
Port:(22.9, 313.0)(93.5, 313.0)(93.5, 317.6)(22.9, 317.6);SD
Port:(10.0, 239.8)(106.4, 239.8)(106.4, 310.7)(10.0, 310.7);GATE
Port:(15.2, 244.0)(101.2, 244.0)(101.2, 250.1)(15.2, 250.1);SD
Module:M15
Boundary:(469.3, 252.0)(532.7, 252.0)(532.7, 440.3)(469.3, 440.3);GATE
Port:(481.0, 435.6)(521.0, 435.6)(521.0, 440.3)(481.0, 440.3);SD
Port:(469.3, 252.0)(532.7, 252.0)(532.7, 434.6)(469.3, 434.6);GATE
Port:(474.7, 256.4)(527.3, 256.4)(527.3, 261.3)(474.7, 261.3);SD
Module:M12
Boundary:(567.2, 179.1)(567.2, 232.0)(378.1, 232.0)(378.1, 179.1);GATE
Port:(378.1, 193.8)(383.5, 193.8)(383.5, 217.3)(378.1, 217.3);SD
Port:(567.2, 179.1)(567.2, 232.0)(385.6, 232.0)(385.6, 179.1);GATE
Port:(555.5, 185.2)(562.1, 185.2)(562.1, 225.9)(555.5, 225.9);SD
Module:M8
Boundary:(628.5, 20.0)(729.5, 20.0)(729.5, 141.6)(628.5, 141.6);GATE
Port:(640.9, 136.2)(717.1, 136.2)(717.1, 141.6)(640.9, 141.6);SD
Port:(628.5, 20.0)(729.5, 20.0)(729.5, 134.3)(628.5, 134.3);GATE
Port:(634.7, 25.2)(723.3, 25.2)(723.3, 30.3)(634.7, 30.3);SD
Module:M4
Boundary:(706.5, 360.4)(706.5, 431.9)(562.7, 431.9)(562.7, 360.4);GATE
Port:(562.7, 373.9)(567.4, 373.9)(567.4, 418.4)(562.7, 418.4);SD
Port:(706.5, 360.4)(706.5, 431.9)(568.8, 431.9)(568.8, 360.4);GATE
Port:(696.5, 365.8)(702.1, 365.8)(702.1, 426.5)(696.5, 426.5);SD
