Area:(-30.0, -30.0)(524.5, -30.0)(524.5, 824.7)(-30.0, 824.7)
Rule:GATE(5,5);SD(5,5);GATE_SD(0.5);GATE_ITO(0.5);SD_ITO(0.5)
Module:M14
Boundary:(341.5, 552.3)(341.5, 615.2)(341.2, 615.2)(341.2, 630.4)(220.6, 630.4)(220.6, 552.3);GATE
Port:(220.6, 565.2)(225.0, 565.2)(225.0, 617.5)(220.6, 617.5);SD
Port:(341.5, 552.3)(341.5, 615.2)(341.2, 615.2)(341.2, 630.4)(227.6, 630.4)(227.6, 552.3);GATE
Port:(331.1, 558.7)(336.1, 558.7)(336.1, 608.8)(331.1, 608.8);SD
Module:M9
Boundary:(10.0, 10.0)(84.3, 10.0)(84.3, 10.1)(99.1, 10.1)(99.1, 200.6)(10.0, 200.6);GATE
Port:(21.4, 196.1)(87.7, 196.1)(87.7, 200.6)(21.4, 200.6);SD
Port:(10.0, 10.0)(84.3, 10.0)(84.3, 10.1)(99.1, 10.1)(99.1, 193.8)(10.0, 193.8);GATE
Port:(15.1, 14.1)(79.2, 14.1)(79.2, 19.5)(15.1, 19.5);SD
Module:M5
Boundary:(260.6, 203.2)(355.6, 203.2)(355.6, 203.3)(370.9, 203.3)(370.9, 298.9)(260.6, 298.9);GATE
Port:(274.0, 293.2)(357.5, 293.2)(357.5, 298.9)(274.0, 298.9);SD
Port:(260.6, 203.2)(355.6, 203.2)(355.6, 203.3)(370.9, 203.3)(370.9, 291.5)(260.6, 291.5);GATE
Port:(266.8, 208.4)(349.4, 208.4)(349.4, 214.0)(266.8, 214.0);SD
Module:M11
Boundary:(367.4, 670.4)(367.4, 768.7)(367.4, 768.7)(367.4, 784.7)(161.1, 784.7)(161.1, 670.4);GATE
Port:(161.1, 684.5)(166.8, 684.5)(166.8, 770.6)(161.1, 770.6);SD
Port:(367.4, 670.4)(367.4, 768.7)(367.4, 768.7)(367.4, 784.7)(169.0, 784.7)(169.0, 670.4);GATE
Port:(355.8, 675.7)(363.1, 675.7)(363.1, 763.4)(355.8, 763.4);SD
Module:M1
Boundary:(204.3, 240.6)(204.3, 325.4)(203.7, 325.4)(203.7, 342.1)(30.0, 342.1)(30.0, 240.6);GATE
Port:(30.0, 254.4)(35.2, 254.4)(35.2, 328.3)(30.0, 328.3);SD
Port:(204.3, 240.6)(204.3, 325.4)(203.7, 325.4)(203.7, 342.1)(38.2, 342.1)(38.2, 240.6);GATE
Port:(193.7, 246.9)(199.0, 246.9)(199.0, 319.1)(193.7, 319.1);SD
Module:M6
Boundary:(119.1, 10.0)(230.6, 10.0)(230.6, 188.3)(119.1, 188.3);GATE
Port:(133.2, 184.1)(216.5, 184.1)(216.5, 188.3)(133.2, 188.3);SD
Port:(119.1, 10.0)(230.6, 10.0)(230.6, 182.3)(119.1, 182.3);GATE
Port:(124.5, 14.4)(225.2, 14.4)(225.2, 20.8)(124.5, 20.8);SD
Module:M2
Boundary:(438.1, 435.9)(484.2, 435.9)(484.2, 591.8)(438.1, 591.8);GATE
Port:(450.6, 586.3)(471.7, 586.3)(471.7, 591.8)(450.6, 591.8);SD
Port:(438.1, 435.9)(484.2, 435.9)(484.2, 585.1)(438.1, 585.1);GATE
Port:(444.0, 440.8)(478.3, 440.8)(478.3, 445.7)(444.0, 445.7);SD
Module:M16
Boundary:(317.7, 10.0)(369.2, 10.0)(369.2, 10.0)(386.8, 10.0)(386.8, 173.2)(317.7, 173.2);GATE
Port:(331.0, 168.5)(373.5, 168.5)(373.5, 173.2)(331.0, 173.2);SD
Port:(317.7, 10.0)(369.2, 10.0)(369.2, 10.0)(386.8, 10.0)(386.8, 166.8)(317.7, 166.8);GATE
Port:(324.0, 15.3)(362.9, 15.3)(362.9, 19.9)(324.0, 19.9);SD
Module:M13
Boundary:(387.4, 621.8)(471.3, 621.8)(471.3, 622.2)(484.5, 622.2)(484.5, 752.4)(387.4, 752.4);GATE
Port:(399.9, 747.9)(472.0, 747.9)(472.0, 752.4)(399.9, 752.4);SD
Port:(387.4, 621.8)(471.3, 621.8)(471.3, 622.2)(484.5, 622.2)(484.5, 745.6)(387.4, 745.6);GATE
Port:(394.0, 627.4)(464.7, 627.4)(464.7, 632.7)(394.0, 632.7);SD
Module:M10
Boundary:(250.6, 10.0)(297.7, 10.0)(297.7, 128.5)(250.6, 128.5);GATE
Port:(263.5, 122.8)(284.8, 122.8)(284.8, 128.5)(263.5, 128.5);SD
Port:(250.6, 10.0)(297.7, 10.0)(297.7, 120.0)(250.6, 120.0);GATE
Port:(256.4, 14.8)(291.9, 14.8)(291.9, 21.0)(256.4, 21.0);SD
Module:M7
Boundary:(20.0, 647.9)(131.1, 647.9)(131.1, 770.8)(20.0, 770.8);GATE
Port:(35.3, 766.0)(115.8, 766.0)(115.8, 770.8)(35.3, 770.8);SD
Port:(20.0, 647.9)(131.1, 647.9)(131.1, 763.9)(20.0, 763.9);GATE
Port:(25.7, 652.6)(125.4, 652.6)(125.4, 660.2)(25.7, 660.2);SD
Module:M3
Boundary:(194.5, 382.1)(194.5, 455.3)(194.2, 455.3)(194.2, 472.7)(10.0, 472.7)(10.0, 382.1);GATE
Port:(10.0, 397.5)(14.1, 397.5)(14.1, 457.3)(10.0, 457.3);SD
Port:(194.5, 382.1)(194.5, 455.3)(194.2, 455.3)(194.2, 472.7)(17.0, 472.7)(17.0, 382.1);GATE
Port:(182.2, 389.1)(188.5, 389.1)(188.5, 448.3)(182.2, 448.3);SD
Module:M15
Boundary:(455.9, 328.9)(455.9, 391.4)(455.8, 391.4)(455.8, 405.9)(250.6, 405.9)(250.6, 328.9);GATE
Port:(250.6, 342.5)(255.4, 342.5)(255.4, 392.3)(250.6, 392.3);SD
Port:(455.9, 328.9)(455.9, 391.4)(455.8, 391.4)(455.8, 405.9)(258.0, 405.9)(258.0, 328.9);GATE
Port:(444.1, 335.1)(450.7, 335.1)(450.7, 385.2)(444.1, 385.2);SD
Module:M12
Boundary:(408.1, 425.9)(408.1, 512.3)(214.5, 512.3)(214.5, 425.9);GATE
Port:(214.5, 438.5)(220.0, 438.5)(220.0, 499.7)(214.5, 499.7);SD
Port:(408.1, 425.9)(408.1, 512.3)(221.7, 512.3)(221.7, 425.9);GATE
Port:(397.8, 432.3)(402.7, 432.3)(402.7, 505.9)(397.8, 505.9);SD
Module:M8
Boundary:(416.8, 20.0)(466.3, 20.0)(466.3, 20.1)(482.9, 20.1)(482.9, 215.2)(416.8, 215.2);GATE
Port:(429.6, 209.4)(470.1, 209.4)(470.1, 215.2)(429.6, 215.2);SD
Port:(416.8, 20.0)(466.3, 20.0)(466.3, 20.1)(482.9, 20.1)(482.9, 208.3)(416.8, 208.3);GATE
Port:(422.5, 24.7)(460.6, 24.7)(460.6, 30.4)(422.5, 30.4);SD
Module:M4
Boundary:(170.6, 502.7)(170.6, 607.9)(20.0, 607.9)(20.0, 502.7);GATE
Port:(20.0, 514.5)(25.0, 514.5)(25.0, 596.1)(20.0, 596.1);SD
Port:(170.6, 502.7)(170.6, 607.9)(27.1, 607.9)(27.1, 502.7);GATE
Port:(161.3, 508.3)(166.0, 508.3)(166.0, 602.3)(161.3, 602.3);SD
