Area:(-30.0, -30.0)(383.9, -30.0)(383.9, 929.4)(-30.0, 929.4)
Rule:GATE(5,5);SD(5,5);GATE_SD(0.5);GATE_ITO(0.5);SD_ITO(0.5)
Module:M14
Boundary:(30.0, 773.0)(118.7, 773.0)(118.7, 869.4)(30.0, 869.4);GATE
Port:(44.2, 863.6)(104.5, 863.6)(104.5, 869.4)(44.2, 869.4);SD
Port:(30.0, 773.0)(118.7, 773.0)(118.7, 861.7)(30.0, 861.7);GATE
Port:(37.0, 779.0)(111.7, 779.0)(111.7, 784.4)(37.0, 784.4);SD
Module:M9
Boundary:(10.0, 381.1)(89.0, 381.1)(89.0, 381.2)(104.5, 381.2)(104.5, 542.1)(10.0, 542.1);GATE
Port:(23.0, 538.0)(91.5, 538.0)(91.5, 542.1)(23.0, 542.1);SD
Port:(10.0, 381.1)(89.0, 381.1)(89.0, 381.2)(104.5, 381.2)(104.5, 536.1)(10.0, 536.1);GATE
Port:(15.6, 385.7)(83.4, 385.7)(83.4, 391.6)(15.6, 391.6);SD
Module:M5
Boundary:(210.7, 20.0)(316.8, 20.0)(316.8, 20.1)(334.0, 20.1)(334.0, 151.0)(210.7, 151.0);GATE
Port:(226.2, 146.9)(318.5, 146.9)(318.5, 151.0)(226.2, 151.0);SD
Port:(210.7, 20.0)(316.8, 20.0)(316.8, 20.1)(334.0, 20.1)(334.0, 144.0)(210.7, 144.0);GATE
Port:(216.9, 25.2)(310.6, 25.2)(310.6, 32.4)(216.9, 32.4);SD
Module:M11
Boundary:(147.3, 400.8)(229.0, 400.8)(229.0, 568.8)(147.3, 568.8);GATE
Port:(160.0, 564.6)(216.3, 564.6)(216.3, 568.8)(160.0, 568.8);SD
Port:(147.3, 400.8)(229.0, 400.8)(229.0, 562.6)(147.3, 562.6);GATE
Port:(152.4, 404.9)(223.9, 404.9)(223.9, 410.7)(152.4, 410.7);SD
Module:M1
Boundary:(125.5, 193.0)(125.5, 247.7)(30.0, 247.7)(30.0, 193.0);GATE
Port:(30.0, 207.9)(35.8, 207.9)(35.8, 232.8)(30.0, 232.8);SD
Port:(125.5, 193.0)(125.5, 247.7)(38.2, 247.7)(38.2, 193.0);GATE
Port:(113.3, 199.9)(119.6, 199.9)(119.6, 240.8)(113.3, 240.8);SD
Module:M6
Boundary:(10.0, 287.7)(62.9, 287.7)(62.9, 287.9)(80.3, 287.9)(80.3, 361.1)(10.0, 361.1);GATE
Port:(24.2, 356.9)(66.1, 356.9)(66.1, 361.1)(24.2, 361.1);SD
Port:(10.0, 287.7)(62.9, 287.7)(62.9, 287.9)(80.3, 287.9)(80.3, 354.5)(10.0, 354.5);GATE
Port:(16.7, 293.4)(56.2, 293.4)(56.2, 298.5)(16.7, 298.5);SD
Module:M2
Boundary:(20.0, 572.1)(101.8, 572.1)(101.8, 572.3)(117.3, 572.3)(117.3, 723.0)(20.0, 723.0);GATE
Port:(33.8, 717.1)(103.5, 717.1)(103.5, 723.0)(33.8, 723.0);SD
Port:(20.0, 572.1)(101.8, 572.1)(101.8, 572.3)(117.3, 572.3)(117.3, 716.0)(20.0, 716.0);GATE
Port:(26.5, 577.6)(95.3, 577.6)(95.3, 583.7)(26.5, 583.7);SD
Module:M16
Boundary:(127.7, 10.0)(180.7, 10.0)(180.7, 141.1)(127.7, 141.1);GATE
Port:(142.2, 135.4)(166.2, 135.4)(166.2, 141.1)(142.2, 141.1);SD
Port:(127.7, 10.0)(180.7, 10.0)(180.7, 132.4)(127.7, 132.4);GATE
Port:(134.2, 15.5)(174.2, 15.5)(174.2, 21.2)(134.2, 21.2);SD
Module:M13
Boundary:(343.9, 822.0)(343.9, 889.4)(158.7, 889.4)(158.7, 822.0);GATE
Port:(158.7, 835.9)(163.4, 835.9)(163.4, 875.5)(158.7, 875.5);SD
Port:(343.9, 822.0)(343.9, 889.4)(166.0, 889.4)(166.0, 822.0);GATE
Port:(332.5, 827.4)(339.5, 827.4)(339.5, 884.0)(332.5, 884.0);SD
Module:M10
Boundary:(341.5, 603.8)(341.5, 710.9)(147.3, 710.9)(147.3, 603.8);GATE
Port:(147.3, 617.0)(152.6, 617.0)(152.6, 697.7)(147.3, 697.7);SD
Port:(341.5, 603.8)(341.5, 710.9)(154.3, 710.9)(154.3, 603.8);GATE
Port:(330.3, 609.7)(336.6, 609.7)(336.6, 705.0)(330.3, 705.0);SD
Module:M7
Boundary:(260.8, 388.6)(332.9, 388.6)(332.9, 573.8)(260.8, 573.8);GATE
Port:(273.7, 568.9)(320.0, 568.9)(320.0, 573.8)(273.7, 573.8);SD
Port:(260.8, 388.6)(332.9, 388.6)(332.9, 567.1)(260.8, 567.1);GATE
Port:(266.8, 393.6)(326.9, 393.6)(326.9, 399.9)(266.8, 399.9);SD
Module:M3
Boundary:(124.5, 287.7)(213.1, 287.7)(213.1, 287.8)(230.8, 287.8)(230.8, 380.8)(124.5, 380.8);GATE
Port:(138.7, 375.5)(216.6, 375.5)(216.6, 380.8)(138.7, 380.8);SD
Port:(124.5, 287.7)(213.1, 287.7)(213.1, 287.8)(230.8, 287.8)(230.8, 374.2)(124.5, 374.2);GATE
Port:(130.5, 292.7)(207.1, 292.7)(207.1, 299.0)(130.5, 299.0);SD
Module:M15
Boundary:(279.2, 730.9)(279.2, 784.3)(279.0, 784.3)(279.0, 802.0)(158.7, 802.0)(158.7, 730.9);GATE
Port:(158.7, 745.6)(163.9, 745.6)(163.9, 787.3)(158.7, 787.3);SD
Port:(279.2, 730.9)(279.2, 784.3)(279.0, 784.3)(279.0, 802.0)(166.5, 802.0)(166.5, 730.9);GATE
Port:(267.9, 737.0)(274.1, 737.0)(274.1, 778.2)(267.9, 778.2);SD
Module:M12
Boundary:(340.4, 284.7)(340.4, 358.6)(250.8, 358.6)(250.8, 284.7);GATE
Port:(250.8, 296.3)(254.9, 296.3)(254.9, 347.0)(250.8, 347.0);SD
Port:(340.4, 284.7)(340.4, 358.6)(256.2, 358.6)(256.2, 284.7);GATE
Port:(330.9, 290.3)(335.8, 290.3)(335.8, 353.0)(330.9, 353.0);SD
Module:M8
Boundary:(20.0, 20.0)(83.9, 20.0)(83.9, 29.6)(97.7, 29.6)(97.7, 143.0)(20.0, 143.0);GATE
Port:(33.5, 138.0)(84.2, 138.0)(84.2, 143.0)(33.5, 143.0);SD
Port:(20.0, 20.0)(83.9, 20.0)(83.9, 29.6)(97.7, 29.6)(97.7, 135.8)(20.0, 135.8);GATE
Port:(25.4, 24.4)(77.5, 24.4)(77.5, 31.7)(25.4, 31.7);SD
Module:M4
Boundary:(306.8, 191.0)(306.8, 239.5)(306.6, 239.5)(306.6, 254.7)(175.5, 254.7)(175.5, 191.0);GATE
Port:(175.5, 204.6)(180.9, 204.6)(180.9, 241.1)(175.5, 241.1);SD
Port:(306.8, 191.0)(306.8, 239.5)(306.6, 239.5)(306.6, 254.7)(182.3, 254.7)(182.3, 191.0);GATE
Port:(295.5, 197.3)(301.5, 197.3)(301.5, 233.2)(295.5, 233.2);SD
