Area:(-20.0, -30.0)(916.7, -30.0)(916.7, 417.4)(-20.0, 417.4)
Rule:GATE(5,5);SD(5,5);GATE_SD(0.5);GATE_ITO(0.5);SD_ITO(0.5)
Module:M14
Boundary:(757.4, 169.3)(757.4, 268.1)(757.3, 268.1)(757.3, 284.8)(578.9, 284.8)(578.9, 169.3);GATE
Port:(578.9, 181.6)(583.1, 181.6)(583.1, 272.5)(578.9, 272.5);SD
Port:(757.4, 169.3)(757.4, 268.1)(757.3, 268.1)(757.3, 284.8)(584.9, 284.8)(584.9, 169.3);GATE
Port:(747.7, 174.8)(752.9, 174.8)(752.9, 262.6)(747.7, 262.6);SD
Module:M9
Boundary:(577.9, 10.0)(653.3, 10.0)(653.3, 10.1)(667.9, 10.1)(667.9, 129.3)(577.9, 129.3);GATE
Port:(590.6, 124.5)(655.2, 124.5)(655.2, 129.3)(590.6, 129.3);SD
Port:(577.9, 10.0)(653.3, 10.0)(653.3, 10.1)(667.9, 10.1)(667.9, 121.6)(577.9, 121.6);GATE
Port:(584.1, 15.2)(647.1, 15.2)(647.1, 20.4)(584.1, 20.4);SD
Module:M5
Boundary:(256.4, 223.2)(316.0, 223.2)(316.0, 223.2)(330.0, 223.2)(330.0, 366.0)(256.4, 366.0);GATE
Port:(268.9, 360.2)(317.5, 360.2)(317.5, 366.0)(268.9, 366.0);SD
Port:(256.4, 223.2)(316.0, 223.2)(316.0, 223.2)(330.0, 223.2)(330.0, 358.5)(256.4, 358.5);GATE
Port:(262.6, 228.4)(309.8, 228.4)(309.8, 234.0)(262.6, 234.0);SD
Module:M11
Boundary:(743.6, 324.8)(743.6, 377.4)(550.0, 377.4)(550.0, 324.8);GATE
Port:(550.0, 338.9)(554.9, 338.9)(554.9, 363.3)(550.0, 363.3);SD
Port:(743.6, 324.8)(743.6, 377.4)(556.3, 377.4)(556.3, 324.8);GATE
Port:(732.7, 329.8)(739.6, 329.8)(739.6, 372.4)(732.7, 372.4);SD
Module:M1
Boundary:(822.1, 30.0)(867.4, 30.0)(867.4, 134.7)(822.1, 134.7);GATE
Port:(834.8, 130.4)(854.7, 130.4)(854.7, 134.7)(834.8, 134.7);SD
Port:(822.1, 30.0)(867.4, 30.0)(867.4, 129.1)(822.1, 129.1);GATE
Port:(828.9, 35.8)(860.6, 35.8)(860.6, 40.5)(828.9, 40.5);SD
Module:M6
Boundary:(250.4, 10.0)(326.1, 10.0)(326.1, 10.1)(340.0, 10.1)(340.0, 193.2)(250.4, 193.2);GATE
Port:(264.1, 187.8)(326.3, 187.8)(326.3, 193.2)(264.1, 193.2);SD
Port:(250.4, 10.0)(326.1, 10.0)(326.1, 10.1)(340.0, 10.1)(340.0, 186.7)(250.4, 186.7);GATE
Port:(256.7, 15.3)(319.8, 15.3)(319.8, 22.0)(256.7, 22.0);SD
Module:M2
Boundary:(20.0, 20.0)(83.1, 20.0)(83.1, 20.2)(98.6, 20.2)(98.6, 248.2)(20.0, 248.2);GATE
Port:(32.3, 242.8)(86.3, 242.8)(86.3, 248.2)(32.3, 248.2);SD
Port:(20.0, 20.0)(83.1, 20.0)(83.1, 20.2)(98.6, 20.2)(98.6, 241.4)(20.0, 241.4);GATE
Port:(25.5, 24.5)(77.6, 24.5)(77.6, 30.3)(25.5, 30.3);SD
Module:M16
Boundary:(530.0, 258.5)(530.0, 359.5)(529.8, 359.5)(529.8, 375.9)(360.0, 375.9)(360.0, 258.5);GATE
Port:(360.0, 272.3)(364.5, 272.3)(364.5, 362.1)(360.0, 362.1);SD
Port:(530.0, 258.5)(530.0, 359.5)(529.8, 359.5)(529.8, 375.9)(365.6, 375.9)(365.6, 258.5);GATE
Port:(518.4, 265.0)(524.5, 265.0)(524.5, 353.0)(518.4, 353.0);SD
Module:M13
Boundary:(226.4, 149.5)(226.4, 255.4)(128.6, 255.4)(128.6, 149.5);GATE
Port:(128.6, 162.6)(134.1, 162.6)(134.1, 242.3)(128.6, 242.3);SD
Port:(226.4, 149.5)(226.4, 255.4)(136.2, 255.4)(136.2, 149.5);GATE
Port:(215.2, 155.5)(221.4, 155.5)(221.4, 249.4)(215.2, 249.4);SD
Module:M10
Boundary:(360.0, 10.0)(486.8, 10.0)(486.8, 122.9)(360.0, 122.9);GATE
Port:(375.8, 117.1)(471.0, 117.1)(471.0, 122.9)(375.8, 122.9);SD
Port:(360.0, 10.0)(486.8, 10.0)(486.8, 115.7)(360.0, 115.7);GATE
Port:(366.6, 15.6)(480.2, 15.6)(480.2, 23.1)(366.6, 23.1);SD
Module:M7
Boundary:(528.9, 152.9)(528.9, 209.7)(528.6, 209.7)(528.6, 228.5)(370.0, 228.5)(370.0, 152.9);GATE
Port:(370.0, 168.0)(375.4, 168.0)(375.4, 213.4)(370.0, 213.4);SD
Port:(528.9, 152.9)(528.9, 209.7)(528.6, 209.7)(528.6, 228.5)(377.8, 228.5)(377.8, 152.9);GATE
Port:(516.9, 158.9)(523.9, 158.9)(523.9, 203.7)(516.9, 203.7);SD
Module:M3
Boundary:(506.8, 10.0)(557.9, 10.0)(557.9, 109.2)(506.8, 109.2);GATE
Port:(520.5, 104.6)(544.2, 104.6)(544.2, 109.2)(520.5, 109.2);SD
Port:(506.8, 10.0)(557.9, 10.0)(557.9, 103.4)(506.8, 103.4);GATE
Port:(513.0, 15.2)(551.7, 15.2)(551.7, 20.5)(513.0, 20.5);SD
Module:M15
Boundary:(230.4, 10.0)(230.4, 112.4)(229.9, 112.4)(229.9, 129.5)(128.6, 129.5)(128.6, 10.0);GATE
Port:(128.6, 23.6)(133.2, 23.6)(133.2, 115.9)(128.6, 115.9);SD
Port:(230.4, 10.0)(230.4, 112.4)(229.9, 112.4)(229.9, 129.5)(135.0, 129.5)(135.0, 10.0);GATE
Port:(220.2, 15.5)(225.9, 15.5)(225.9, 106.9)(220.2, 106.9);SD
Module:M12
Boundary:(687.9, 10.0)(782.1, 10.0)(782.1, 118.3)(687.9, 118.3);GATE
Port:(703.7, 114.3)(766.3, 114.3)(766.3, 118.3)(703.7, 118.3);SD
Port:(687.9, 10.0)(782.1, 10.0)(782.1, 112.0)(687.9, 112.0);GATE
Port:(694.9, 16.0)(775.1, 16.0)(775.1, 22.6)(694.9, 22.6);SD
Module:M8
Boundary:(807.4, 184.7)(859.3, 184.7)(859.3, 185.0)(876.7, 185.0)(876.7, 329.9)(807.4, 329.9);GATE
Port:(821.2, 324.6)(862.9, 324.6)(862.9, 329.9)(821.2, 329.9);SD
Port:(807.4, 184.7)(859.3, 184.7)(859.3, 185.0)(876.7, 185.0)(876.7, 321.6)(807.4, 321.6);GATE
Port:(812.9, 189.2)(853.8, 189.2)(853.8, 195.3)(812.9, 195.3);SD
Module:M4
Boundary:(206.5, 288.2)(206.5, 337.9)(206.5, 337.9)(206.5, 353.1)(20.0, 353.1)(20.0, 288.2);GATE
Port:(20.0, 301.5)(25.0, 301.5)(25.0, 339.8)(20.0, 339.8);SD
Port:(206.5, 288.2)(206.5, 337.9)(206.5, 337.9)(206.5, 353.1)(27.6, 353.1)(27.6, 288.2);GATE
Port:(195.2, 294.7)(201.0, 294.7)(201.0, 331.4)(195.2, 331.4);SD
