Area:(-30.0, -30.0)(560.3, -30.0)(560.3, 669.8)(-30.0, 669.8)
Rule:GATE(5,5);SD(5,5);GATE_SD(0.5);GATE_ITO(0.5);SD_ITO(0.5)
Module:M14
Boundary:(30.0, 30.0)(113.4, 30.0)(113.4, 30.1)(129.7, 30.1)(129.7, 180.7)(30.0, 180.7);GATE
Port:(43.6, 174.9)(116.1, 174.9)(116.1, 180.7)(43.6, 180.7);SD
Port:(30.0, 30.0)(113.4, 30.0)(113.4, 30.1)(129.7, 30.1)(129.7, 172.6)(30.0, 172.6);GATE
Port:(36.1, 35.1)(107.3, 35.1)(107.3, 40.7)(36.1, 40.7);SD
Module:M9
Boundary:(298.3, 516.6)(367.2, 516.6)(367.2, 516.9)(383.7, 516.9)(383.7, 629.8)(298.3, 629.8);GATE
Port:(312.4, 624.0)(369.6, 624.0)(369.6, 629.8)(312.4, 629.8);SD
Port:(298.3, 516.6)(367.2, 516.6)(367.2, 516.9)(383.7, 516.9)(383.7, 622.6)(298.3, 622.6);GATE
Port:(305.1, 522.4)(360.4, 522.4)(360.4, 528.3)(305.1, 528.3);SD
Module:M5
Boundary:(179.7, 20.0)(265.5, 20.0)(265.5, 108.7)(179.7, 108.7);GATE
Port:(193.0, 103.4)(252.2, 103.4)(252.2, 108.7)(193.0, 108.7);SD
Port:(179.7, 20.0)(265.5, 20.0)(265.5, 101.7)(179.7, 101.7);GATE
Port:(185.8, 25.1)(259.4, 25.1)(259.4, 30.7)(185.8, 30.7);SD
Module:M11
Boundary:(403.7, 496.2)(503.8, 496.2)(503.8, 496.2)(519.8, 496.2)(519.8, 616.1)(403.7, 616.1);GATE
Port:(418.1, 610.3)(505.4, 610.3)(505.4, 616.1)(418.1, 616.1);SD
Port:(403.7, 496.2)(503.8, 496.2)(503.8, 496.2)(519.8, 496.2)(519.8, 608.1)(403.7, 608.1);GATE
Port:(410.5, 502.0)(497.0, 502.0)(497.0, 508.5)(410.5, 508.5);SD
Module:M1
Boundary:(168.3, 387.9)(168.3, 491.3)(96.9, 491.3)(96.9, 387.9);GATE
Port:(96.9, 402.2)(101.9, 402.2)(101.9, 477.0)(96.9, 477.0);SD
Port:(168.3, 387.9)(168.3, 491.3)(104.1, 491.3)(104.1, 387.9);GATE
Port:(157.0, 393.0)(164.2, 393.0)(164.2, 486.2)(157.0, 486.2);SD
Module:M6
Boundary:(208.3, 380.0)(304.3, 380.0)(304.3, 380.2)(320.3, 380.2)(320.3, 496.6)(208.3, 496.6);GATE
Port:(220.5, 490.8)(308.1, 490.8)(308.1, 496.6)(220.5, 496.6);SD
Port:(208.3, 380.0)(304.3, 380.0)(304.3, 380.2)(320.3, 380.2)(320.3, 489.3)(208.3, 489.3);GATE
Port:(213.4, 384.1)(299.2, 384.1)(299.2, 389.9)(213.4, 389.9);SD
Module:M2
Boundary:(512.6, 390.0)(512.6, 466.2)(350.3, 466.2)(350.3, 390.0);GATE
Port:(350.3, 402.9)(355.8, 402.9)(355.8, 453.3)(350.3, 453.3);SD
Port:(512.6, 390.0)(512.6, 466.2)(357.0, 466.2)(357.0, 390.0);GATE
Port:(501.4, 395.9)(507.7, 395.9)(507.7, 460.3)(501.4, 460.3);SD
Module:M16
Boundary:(520.3, 10.0)(520.3, 75.5)(295.5, 75.5)(295.5, 10.0);GATE
Port:(295.5, 21.8)(301.4, 21.8)(301.4, 63.7)(295.5, 63.7);SD
Port:(520.3, 10.0)(520.3, 75.5)(303.3, 75.5)(303.3, 10.0);GATE
Port:(511.5, 15.6)(515.7, 15.6)(515.7, 69.9)(511.5, 69.9);SD
Module:M13
Boundary:(451.7, 95.5)(517.0, 95.5)(517.0, 247.5)(451.7, 247.5);GATE
Port:(464.9, 243.4)(503.8, 243.4)(503.8, 247.5)(464.9, 247.5);SD
Port:(451.7, 95.5)(517.0, 95.5)(517.0, 241.3)(451.7, 241.3);GATE
Port:(458.6, 101.4)(510.1, 101.4)(510.1, 106.0)(458.6, 106.0);SD
Module:M10
Boundary:(186.1, 220.7)(186.1, 329.4)(185.5, 329.4)(185.5, 347.9)(10.0, 347.9)(10.0, 220.7);GATE
Port:(10.0, 234.1)(15.1, 234.1)(15.1, 334.5)(10.0, 334.5);SD
Port:(186.1, 220.7)(186.1, 329.4)(185.5, 329.4)(185.5, 347.9)(18.0, 347.9)(18.0, 220.7);GATE
Port:(176.1, 225.8)(182.0, 225.8)(182.0, 324.3)(176.1, 324.3);SD
Module:M7
Boundary:(318.6, 105.5)(404.4, 105.5)(404.4, 106.0)(421.7, 106.0)(421.7, 248.1)(318.6, 248.1);GATE
Port:(331.8, 243.8)(408.5, 243.8)(408.5, 248.1)(331.8, 248.1);SD
Port:(318.6, 105.5)(404.4, 105.5)(404.4, 106.0)(421.7, 106.0)(421.7, 242.3)(318.6, 242.3);GATE
Port:(324.7, 110.6)(398.3, 110.6)(398.3, 115.5)(324.7, 115.5);SD
Module:M3
Boundary:(278.3, 531.3)(278.3, 608.3)(139.5, 608.3)(139.5, 531.3);GATE
Port:(139.5, 543.4)(144.8, 543.4)(144.8, 596.2)(139.5, 596.2);SD
Port:(278.3, 531.3)(278.3, 608.3)(146.1, 608.3)(146.1, 531.3);GATE
Port:(269.2, 536.7)(273.9, 536.7)(273.9, 602.9)(269.2, 602.9);SD
Module:M15
Boundary:(208.3, 138.7)(288.6, 138.7)(288.6, 349.9)(208.3, 349.9);GATE
Port:(221.9, 344.3)(275.0, 344.3)(275.0, 349.9)(221.9, 349.9);SD
Port:(208.3, 138.7)(288.6, 138.7)(288.6, 342.1)(208.3, 342.1);GATE
Port:(215.1, 144.5)(281.8, 144.5)(281.8, 150.7)(215.1, 150.7);SD
Module:M12
Boundary:(10.0, 367.9)(41.8, 367.9)(41.8, 367.9)(56.9, 367.9)(56.9, 513.7)(10.0, 513.7);GATE
Port:(22.7, 509.1)(44.2, 509.1)(44.2, 513.7)(22.7, 513.7);SD
Port:(10.0, 367.9)(41.8, 367.9)(41.8, 367.9)(56.9, 367.9)(56.9, 506.9)(10.0, 506.9);GATE
Port:(16.3, 373.2)(35.5, 373.2)(35.5, 377.9)(16.3, 377.9);SD
Module:M8
Boundary:(109.5, 543.7)(109.5, 619.5)(20.0, 619.5)(20.0, 543.7);GATE
Port:(20.0, 556.5)(25.1, 556.5)(25.1, 606.7)(20.0, 606.7);SD
Port:(109.5, 543.7)(109.5, 619.5)(27.9, 619.5)(27.9, 543.7);GATE
Port:(98.6, 548.7)(105.5, 548.7)(105.5, 614.5)(98.6, 614.5);SD
Module:M4
Boundary:(502.2, 288.1)(502.2, 334.9)(502.2, 334.9)(502.2, 350.0)(318.6, 350.0)(318.6, 288.1);GATE
Port:(318.6, 300.9)(323.4, 300.9)(323.4, 337.2)(318.6, 337.2);SD
Port:(502.2, 288.1)(502.2, 334.9)(502.2, 334.9)(502.2, 350.0)(325.6, 350.0)(325.6, 288.1);GATE
Port:(492.1, 294.4)(496.9, 294.4)(496.9, 328.6)(492.1, 328.6);SD
