Area:(-30.0, -30.0)(864.2, -30.0)(864.2, 445.4)(-30.0, 445.4)
Rule:GATE(5,5);SD(5,5);GATE_SD(0.5);GATE_ITO(0.5);SD_ITO(0.5)
Module:M14
Boundary:(207.4, 132.7)(207.4, 196.8)(30.0, 196.8)(30.0, 132.7);GATE
Port:(30.0, 145.1)(35.8, 145.1)(35.8, 184.4)(30.0, 184.4);SD
Port:(207.4, 132.7)(207.4, 196.8)(38.3, 196.8)(38.3, 132.7);GATE
Port:(198.2, 137.9)(203.2, 137.9)(203.2, 191.6)(198.2, 191.6);SD
Module:M9
Boundary:(233.3, 10.0)(233.3, 92.7)(10.0, 92.7)(10.0, 10.0);GATE
Port:(10.0, 22.8)(14.7, 22.8)(14.7, 79.9)(10.0, 79.9);SD
Port:(233.3, 10.0)(233.3, 92.7)(15.9, 92.7)(15.9, 10.0);GATE
Port:(223.1, 16.7)(227.6, 16.7)(227.6, 86.0)(223.1, 86.0);SD
Module:M5
Boundary:(651.3, 20.0)(651.3, 88.7)(651.2, 88.7)(651.2, 106.1)(538.3, 106.1)(538.3, 20.0);GATE
Port:(538.3, 33.2)(542.4, 33.2)(542.4, 92.9)(538.3, 92.9);SD
Port:(651.3, 20.0)(651.3, 88.7)(651.2, 88.7)(651.2, 106.1)(543.9, 106.1)(543.9, 20.0);GATE
Port:(641.2, 26.2)(646.1, 26.2)(646.1, 82.5)(641.2, 82.5);SD
Module:M11
Boundary:(247.4, 173.5)(299.9, 173.5)(299.9, 173.7)(317.3, 173.7)(317.3, 251.6)(247.4, 251.6);GATE
Port:(261.1, 245.8)(303.6, 245.8)(303.6, 251.6)(261.1, 251.6);SD
Port:(247.4, 173.5)(299.9, 173.5)(299.9, 173.7)(317.3, 173.7)(317.3, 243.0)(247.4, 243.0);GATE
Port:(253.0, 178.1)(294.3, 178.1)(294.3, 184.5)(253.0, 184.5);SD
Module:M1
Boundary:(199.7, 256.8)(199.7, 364.0)(199.2, 364.0)(199.2, 382.2)(30.0, 382.2)(30.0, 256.8);GATE
Port:(30.0, 270.2)(34.9, 270.2)(34.9, 368.8)(30.0, 368.8);SD
Port:(199.7, 256.8)(199.7, 364.0)(199.2, 364.0)(199.2, 382.2)(36.7, 382.2)(36.7, 256.8);GATE
Port:(189.7, 262.8)(194.7, 262.8)(194.7, 358.0)(189.7, 358.0);SD
Module:M6
Boundary:(475.8, 278.4)(475.8, 405.4)(358.8, 405.4)(358.8, 278.4);GATE
Port:(358.8, 293.7)(363.5, 293.7)(363.5, 390.1)(358.8, 390.1);SD
Port:(475.8, 278.4)(475.8, 405.4)(366.1, 405.4)(366.1, 278.4);GATE
Port:(463.6, 285.2)(470.0, 285.2)(470.0, 398.6)(463.6, 398.6);SD
Module:M2
Boundary:(526.3, 180.0)(526.3, 248.4)(347.3, 248.4)(347.3, 180.0);GATE
Port:(347.3, 191.7)(351.4, 191.7)(351.4, 236.7)(347.3, 236.7);SD
Port:(526.3, 180.0)(526.3, 248.4)(354.3, 248.4)(354.3, 180.0);GATE
Port:(516.3, 186.6)(520.7, 186.6)(520.7, 241.8)(516.3, 241.8);SD
Module:M16
Boundary:(681.3, 10.0)(732.5, 10.0)(732.5, 104.1)(681.3, 104.1);GATE
Port:(695.8, 98.6)(718.0, 98.6)(718.0, 104.1)(695.8, 104.1);SD
Port:(681.3, 10.0)(732.5, 10.0)(732.5, 97.0)(681.3, 97.0);GATE
Port:(687.2, 14.9)(726.6, 14.9)(726.6, 21.9)(687.2, 21.9);SD
Module:M13
Boundary:(752.5, 10.0)(805.9, 10.0)(805.9, 10.2)(824.2, 10.2)(824.2, 141.2)(752.5, 141.2);GATE
Port:(766.5, 137.0)(810.2, 137.0)(810.2, 141.2)(766.5, 141.2);SD
Port:(752.5, 10.0)(805.9, 10.0)(805.9, 10.2)(824.2, 10.2)(824.2, 134.7)(752.5, 134.7);GATE
Port:(758.4, 14.9)(800.0, 14.9)(800.0, 20.6)(758.4, 20.6);SD
Module:M10
Boundary:(495.8, 282.9)(564.0, 282.9)(564.0, 390.0)(495.8, 390.0);GATE
Port:(507.6, 385.2)(552.2, 385.2)(552.2, 390.0)(507.6, 390.0);SD
Port:(495.8, 282.9)(564.0, 282.9)(564.0, 382.7)(495.8, 382.7);GATE
Port:(501.7, 287.8)(558.1, 287.8)(558.1, 292.9)(501.7, 292.9);SD
Module:M7
Boundary:(813.7, 298.3)(813.7, 379.1)(813.2, 379.1)(813.2, 394.8)(594.0, 394.8)(594.0, 298.3);GATE
Port:(594.0, 312.1)(598.6, 312.1)(598.6, 381.0)(594.0, 381.0);SD
Port:(813.7, 298.3)(813.7, 379.1)(813.2, 379.1)(813.2, 394.8)(601.0, 394.8)(601.0, 298.3);GATE
Port:(802.9, 304.9)(808.1, 304.9)(808.1, 372.5)(802.9, 372.5);SD
Module:M3
Boundary:(664.2, 136.1)(664.2, 245.1)(664.1, 245.1)(664.1, 262.9)(556.3, 262.9)(556.3, 136.1);GATE
Port:(556.3, 151.2)(562.3, 151.2)(562.3, 247.8)(556.3, 247.8);SD
Port:(664.2, 136.1)(664.2, 245.1)(664.1, 245.1)(664.1, 262.9)(565.0, 262.9)(565.0, 136.1);GATE
Port:(652.0, 142.2)(659.1, 142.2)(659.1, 239.0)(652.0, 239.0);SD
Module:M15
Boundary:(253.3, 10.0)(306.6, 10.0)(306.6, 153.5)(253.3, 153.5);GATE
Port:(267.9, 148.0)(292.0, 148.0)(292.0, 153.5)(267.9, 153.5);SD
Port:(253.3, 10.0)(306.6, 10.0)(306.6, 146.4)(253.3, 146.4);GATE
Port:(259.0, 14.7)(300.9, 14.7)(300.9, 21.4)(259.0, 21.4);SD
Module:M12
Boundary:(338.8, 278.4)(338.8, 386.5)(338.6, 386.5)(338.6, 404.9)(247.4, 404.9)(247.4, 278.4);GATE
Port:(247.4, 292.1)(252.8, 292.1)(252.8, 391.2)(247.4, 391.2);SD
Port:(338.8, 278.4)(338.8, 386.5)(338.6, 386.5)(338.6, 404.9)(255.4, 404.9)(255.4, 278.4);GATE
Port:(328.5, 283.9)(334.3, 283.9)(334.3, 381.0)(328.5, 381.0);SD
Module:M8
Boundary:(808.7, 171.2)(808.7, 258.3)(694.2, 258.3)(694.2, 171.2);GATE
Port:(694.2, 183.7)(698.3, 183.7)(698.3, 245.8)(694.2, 245.8);SD
Port:(808.7, 171.2)(808.7, 258.3)(701.2, 258.3)(701.2, 171.2);GATE
Port:(798.1, 177.4)(803.5, 177.4)(803.5, 252.1)(798.1, 252.1);SD
Module:M4
Boundary:(498.3, 20.0)(498.3, 123.3)(497.8, 123.3)(497.8, 140.0)(336.6, 140.0)(336.6, 20.0);GATE
Port:(336.6, 35.1)(341.9, 35.1)(341.9, 124.9)(336.6, 124.9);SD
Port:(498.3, 20.0)(498.3, 123.3)(497.8, 123.3)(497.8, 140.0)(344.0, 140.0)(344.0, 20.0);GATE
Port:(486.1, 26.3)(493.0, 26.3)(493.0, 117.0)(486.1, 117.0);SD
