Area:(-30.0, -30.0)(412.2, -30.0)(412.2, 1017.2)(-30.0, 1017.2)
Rule:GATE(5,5);SD(5,5);GATE_SD(0.5);GATE_ITO(0.5);SD_ITO(0.5)
Module:M14
Boundary:(30.0, 522.8)(121.3, 522.8)(121.3, 743.6)(30.0, 743.6);GATE
Port:(46.0, 739.5)(105.3, 739.5)(105.3, 743.6)(46.0, 743.6);SD
Port:(30.0, 522.8)(121.3, 522.8)(121.3, 737.7)(30.0, 737.7);GATE
Port:(37.0, 528.8)(114.3, 528.8)(114.3, 536.0)(37.0, 536.0);SD
Module:M9
Boundary:(310.4, 502.9)(372.2, 502.9)(372.2, 694.3)(310.4, 694.3);GATE
Port:(323.1, 690.2)(359.5, 690.2)(359.5, 694.3)(323.1, 694.3);SD
Port:(310.4, 502.9)(372.2, 502.9)(372.2, 688.4)(310.4, 688.4);GATE
Port:(317.1, 508.6)(365.5, 508.6)(365.5, 513.4)(317.1, 513.4);SD
Module:M5
Boundary:(267.8, 244.7)(339.9, 244.7)(339.9, 245.0)(357.7, 245.0)(357.7, 472.9)(267.8, 472.9);GATE
Port:(282.3, 468.8)(343.2, 468.8)(343.2, 472.9)(282.3, 472.9);SD
Port:(267.8, 244.7)(339.9, 244.7)(339.9, 245.0)(357.7, 245.0)(357.7, 466.5)(267.8, 466.5);GATE
Port:(274.5, 250.4)(333.2, 250.4)(333.2, 255.7)(274.5, 255.7);SD
Module:M11
Boundary:(264.6, 10.0)(356.0, 10.0)(356.0, 10.3)(370.9, 10.3)(370.9, 214.7)(264.6, 214.7);GATE
Port:(277.2, 209.1)(358.3, 209.1)(358.3, 214.7)(277.2, 214.7);SD
Port:(264.6, 10.0)(356.0, 10.0)(356.0, 10.3)(370.9, 10.3)(370.9, 206.8)(264.6, 206.8);GATE
Port:(270.8, 15.2)(349.8, 15.2)(349.8, 20.1)(270.8, 20.1);SD
Module:M1
Boundary:(118.8, 292.6)(201.2, 292.6)(201.2, 293.0)(217.8, 293.0)(217.8, 462.8)(118.8, 462.8);GATE
Port:(131.5, 458.7)(205.1, 458.7)(205.1, 462.8)(131.5, 462.8);SD
Port:(118.8, 292.6)(201.2, 292.6)(201.2, 293.0)(217.8, 293.0)(217.8, 456.9)(118.8, 456.9);GATE
Port:(124.5, 297.3)(195.5, 297.3)(195.5, 302.2)(124.5, 302.2);SD
Module:M6
Boundary:(130.8, 10.0)(130.8, 59.5)(10.0, 59.5)(10.0, 10.0);GATE
Port:(10.0, 23.2)(15.0, 23.2)(15.0, 46.3)(10.0, 46.3);SD
Port:(130.8, 10.0)(130.8, 59.5)(16.8, 59.5)(16.8, 10.0);GATE
Port:(120.8, 15.2)(126.6, 15.2)(126.6, 54.3)(120.8, 54.3);SD
Module:M2
Boundary:(20.0, 89.5)(67.9, 89.5)(67.9, 89.5)(82.5, 89.5)(82.5, 242.6)(20.0, 242.6);GATE
Port:(33.6, 238.0)(68.9, 238.0)(68.9, 242.6)(33.6, 242.6);SD
Port:(20.0, 89.5)(67.9, 89.5)(67.9, 89.5)(82.5, 89.5)(82.5, 235.4)(20.0, 235.4);GATE
Port:(25.9, 94.4)(62.0, 94.4)(62.0, 100.8)(25.9, 100.8);SD
Module:M16
Boundary:(112.5, 134.8)(217.2, 134.8)(217.2, 134.8)(234.9, 134.8)(234.9, 239.7)(112.5, 239.7);GATE
Port:(125.5, 235.7)(221.9, 235.7)(221.9, 239.7)(125.5, 239.7);SD
Port:(112.5, 134.8)(217.2, 134.8)(217.2, 134.8)(234.9, 134.8)(234.9, 234.5)(112.5, 234.5);GATE
Port:(117.8, 139.1)(211.9, 139.1)(211.9, 145.3)(117.8, 145.3);SD
Module:M13
Boundary:(10.0, 272.6)(78.8, 272.6)(78.8, 445.3)(10.0, 445.3);GATE
Port:(23.7, 440.0)(65.1, 440.0)(65.1, 445.3)(23.7, 445.3);SD
Port:(10.0, 272.6)(78.8, 272.6)(78.8, 437.2)(10.0, 437.2);GATE
Port:(15.5, 277.1)(73.3, 277.1)(73.3, 284.1)(15.5, 284.1);SD
Module:M10
Boundary:(331.5, 931.6)(331.5, 963.5)(331.5, 963.5)(331.5, 977.2)(197.4, 977.2)(197.4, 931.6);GATE
Port:(197.4, 944.3)(202.4, 944.3)(202.4, 964.5)(197.4, 964.5);SD
Port:(331.5, 931.6)(331.5, 963.5)(331.5, 963.5)(331.5, 977.2)(204.2, 977.2)(204.2, 931.6);GATE
Port:(320.6, 937.5)(326.6, 937.5)(326.6, 957.6)(320.6, 957.6);SD
Module:M7
Boundary:(263.0, 751.8)(358.9, 751.8)(358.9, 901.6)(263.0, 901.6);GATE
Port:(278.6, 896.4)(343.3, 896.4)(343.3, 901.6)(278.6, 901.6);SD
Port:(263.0, 751.8)(358.9, 751.8)(358.9, 894.2)(263.0, 894.2);GATE
Port:(269.5, 757.3)(352.4, 757.3)(352.4, 764.0)(269.5, 764.0);SD
Module:M3
Boundary:(161.3, 741.8)(233.0, 741.8)(233.0, 900.2)(161.3, 900.2);GATE
Port:(172.4, 896.2)(221.9, 896.2)(221.9, 900.2)(172.4, 900.2);SD
Port:(161.3, 741.8)(233.0, 741.8)(233.0, 894.8)(161.3, 894.8);GATE
Port:(167.1, 746.6)(227.2, 746.6)(227.2, 751.4)(167.1, 751.4);SD
Module:M15
Boundary:(177.4, 923.1)(177.4, 958.1)(177.3, 958.1)(177.3, 973.6)(10.0, 973.6)(10.0, 923.1);GATE
Port:(10.0, 937.3)(15.4, 937.3)(15.4, 959.4)(10.0, 959.4);SD
Port:(177.4, 923.1)(177.4, 958.1)(177.3, 958.1)(177.3, 973.6)(16.6, 973.6)(16.6, 923.1);GATE
Port:(165.2, 928.8)(172.7, 928.8)(172.7, 952.4)(165.2, 952.4);SD
Module:M12
Boundary:(244.6, 10.0)(244.6, 114.8)(150.8, 114.8)(150.8, 10.0);GATE
Port:(150.8, 24.1)(156.8, 24.1)(156.8, 100.7)(150.8, 100.7);SD
Port:(244.6, 10.0)(244.6, 114.8)(159.3, 114.8)(159.3, 10.0);GATE
Port:(233.7, 15.8)(239.8, 15.8)(239.8, 109.0)(233.7, 109.0);SD
Module:M8
Boundary:(171.3, 512.9)(280.4, 512.9)(280.4, 711.8)(171.3, 711.8);GATE
Port:(185.4, 707.4)(266.3, 707.4)(266.3, 711.8)(185.4, 711.8);SD
Port:(171.3, 512.9)(280.4, 512.9)(280.4, 706.2)(171.3, 706.2);GATE
Port:(177.7, 518.3)(274.0, 518.3)(274.0, 525.1)(177.7, 525.1);SD
Module:M4
Boundary:(20.0, 793.6)(111.6, 793.6)(111.6, 794.1)(130.0, 794.1)(130.0, 893.1)(20.0, 893.1);GATE
Port:(34.6, 887.8)(115.4, 887.8)(115.4, 893.1)(34.6, 893.1);SD
Port:(20.0, 793.6)(111.6, 793.6)(111.6, 794.1)(130.0, 794.1)(130.0, 886.8)(20.0, 886.8);GATE
Port:(26.1, 798.7)(105.5, 798.7)(105.5, 804.9)(26.1, 804.9);SD
