Area:(-20.0, -30.0)(993.1, -30.0)(993.1, 375.9)(-20.0, 375.9)
Rule:GATE(5,5);SD(5,5);GATE_SD(0.5);GATE_ITO(0.5);SD_ITO(0.5)
Module:M14
Boundary:(684.9, 241.7)(684.9, 311.4)(684.6, 311.4)(684.6, 327.7)(462.4, 327.7)(462.4, 241.7);GATE
Port:(462.4, 256.4)(467.8, 256.4)(467.8, 313.0)(462.4, 313.0);SD
Port:(684.9, 241.7)(684.9, 311.4)(684.6, 311.4)(684.6, 327.7)(469.6, 327.7)(469.6, 241.7);GATE
Port:(672.7, 248.5)(679.1, 248.5)(679.1, 304.6)(672.7, 304.6);SD
Module:M9
Boundary:(278.1, 10.0)(346.4, 10.0)(346.4, 115.2)(278.1, 115.2);GATE
Port:(292.8, 109.8)(331.7, 109.8)(331.7, 115.2)(292.8, 115.2);SD
Port:(278.1, 10.0)(346.4, 10.0)(346.4, 108.6)(278.1, 108.6);GATE
Port:(284.2, 15.1)(340.3, 15.1)(340.3, 22.1)(284.2, 22.1);SD
Module:M5
Boundary:(672.1, 20.0)(721.6, 20.0)(721.6, 20.0)(736.8, 20.0)(736.8, 94.1)(672.1, 94.1);GATE
Port:(685.9, 88.9)(723.0, 88.9)(723.0, 94.1)(685.9, 94.1);SD
Port:(672.1, 20.0)(721.6, 20.0)(721.6, 20.0)(736.8, 20.0)(736.8, 87.2)(672.1, 87.2);GATE
Port:(678.2, 25.1)(715.5, 25.1)(715.5, 31.5)(678.2, 31.5);SD
Module:M11
Boundary:(844.8, 10.0)(935.1, 10.0)(935.1, 10.4)(953.1, 10.4)(953.1, 93.9)(844.8, 93.9);GATE
Port:(859.4, 88.0)(938.5, 88.0)(938.5, 93.9)(859.4, 93.9);SD
Port:(844.8, 10.0)(935.1, 10.0)(935.1, 10.4)(953.1, 10.4)(953.1, 85.3)(844.8, 85.3);GATE
Port:(851.6, 15.8)(928.3, 15.8)(928.3, 21.4)(851.6, 21.4);SD
Module:M1
Boundary:(30.0, 30.0)(96.9, 30.0)(96.9, 30.4)(114.1, 30.4)(114.1, 214.7)(30.0, 214.7);GATE
Port:(42.3, 210.0)(101.8, 210.0)(101.8, 214.7)(42.3, 214.7);SD
Port:(30.0, 30.0)(96.9, 30.0)(96.9, 30.4)(114.1, 30.4)(114.1, 207.5)(30.0, 207.5);GATE
Port:(35.6, 34.6)(91.3, 34.6)(91.3, 39.7)(35.6, 39.7);SD
Module:M6
Boundary:(668.5, 132.5)(668.5, 199.9)(497.7, 199.9)(497.7, 132.5);GATE
Port:(497.7, 147.0)(503.1, 147.0)(503.1, 185.4)(497.7, 185.4);SD
Port:(668.5, 132.5)(668.5, 199.9)(505.4, 199.9)(505.4, 132.5);GATE
Port:(656.3, 139.2)(662.8, 139.2)(662.8, 193.2)(656.3, 193.2);SD
Module:M2
Boundary:(734.9, 208.6)(816.1, 208.6)(816.1, 209.0)(832.1, 209.0)(832.1, 333.5)(734.9, 333.5);GATE
Port:(748.0, 327.7)(819.0, 327.7)(819.0, 333.5)(748.0, 333.5);SD
Port:(734.9, 208.6)(816.1, 208.6)(816.1, 209.0)(832.1, 209.0)(832.1, 326.3)(734.9, 326.3);GATE
Port:(741.6, 214.3)(809.4, 214.3)(809.4, 218.9)(741.6, 218.9);SD
Module:M16
Boundary:(154.1, 10.0)(243.5, 10.0)(243.5, 10.2)(258.1, 10.2)(258.1, 162.3)(154.1, 162.3);GATE
Port:(166.0, 156.4)(246.2, 156.4)(246.2, 162.3)(166.0, 162.3);SD
Port:(154.1, 10.0)(243.5, 10.0)(243.5, 10.2)(258.1, 10.2)(258.1, 153.6)(154.1, 153.6);GATE
Port:(160.0, 14.9)(237.6, 14.9)(237.6, 20.4)(160.0, 20.4);SD
Module:M13
Boundary:(825.9, 124.9)(825.9, 178.6)(688.5, 178.6)(688.5, 124.9);GATE
Port:(688.5, 135.1)(693.3, 135.1)(693.3, 168.4)(688.5, 168.4);SD
Port:(825.9, 124.9)(825.9, 178.6)(695.4, 178.6)(695.4, 124.9);GATE
Port:(817.3, 130.3)(821.5, 130.3)(821.5, 173.2)(817.3, 173.2);SD
Module:M10
Boundary:(366.4, 10.0)(477.7, 10.0)(477.7, 128.2)(366.4, 128.2);GATE
Port:(378.7, 123.4)(465.4, 123.4)(465.4, 128.2)(378.7, 128.2);SD
Port:(366.4, 10.0)(477.7, 10.0)(477.7, 121.6)(366.4, 121.6);GATE
Port:(371.9, 14.5)(472.2, 14.5)(472.2, 19.9)(371.9, 19.9);SD
Module:M7
Boundary:(412.4, 231.7)(412.4, 332.2)(201.7, 332.2)(201.7, 231.7);GATE
Port:(201.7, 245.0)(207.2, 245.0)(207.2, 318.9)(201.7, 318.9);SD
Port:(412.4, 231.7)(412.4, 332.2)(209.8, 332.2)(209.8, 231.7);GATE
Port:(401.0, 237.1)(408.0, 237.1)(408.0, 326.8)(401.0, 326.8);SD
Module:M3
Boundary:(766.8, 10.0)(824.8, 10.0)(824.8, 104.9)(766.8, 104.9);GATE
Port:(779.1, 100.2)(812.5, 100.2)(812.5, 104.9)(779.1, 104.9);SD
Port:(766.8, 10.0)(824.8, 10.0)(824.8, 97.8)(766.8, 97.8);GATE
Port:(773.6, 15.8)(818.0, 15.8)(818.0, 20.7)(773.6, 20.7);SD
Module:M15
Boundary:(642.1, 10.0)(642.1, 112.5)(497.7, 112.5)(497.7, 10.0);GATE
Port:(497.7, 23.4)(503.2, 23.4)(503.2, 99.1)(497.7, 99.1);SD
Port:(642.1, 10.0)(642.1, 112.5)(505.8, 112.5)(505.8, 10.0);GATE
Port:(631.3, 15.1)(638.0, 15.1)(638.0, 107.4)(631.3, 107.4);SD
Module:M12
Boundary:(449.4, 148.2)(449.4, 201.7)(278.1, 201.7)(278.1, 148.2);GATE
Port:(278.1, 163.0)(283.5, 163.0)(283.5, 186.9)(278.1, 186.9);SD
Port:(449.4, 148.2)(449.4, 201.7)(286.3, 201.7)(286.3, 148.2);GATE
Port:(438.0, 153.4)(445.2, 153.4)(445.2, 196.5)(438.0, 196.5);SD
Module:M8
Boundary:(872.1, 123.9)(929.5, 123.9)(929.5, 124.0)(942.8, 124.0)(942.8, 316.2)(872.1, 316.2);GATE
Port:(884.1, 312.1)(930.8, 312.1)(930.8, 316.2)(884.1, 316.2);SD
Port:(872.1, 123.9)(929.5, 123.9)(929.5, 124.0)(942.8, 124.0)(942.8, 309.8)(872.1, 309.8);GATE
Port:(878.8, 129.6)(922.8, 129.6)(922.8, 134.3)(878.8, 134.3);SD
Module:M4
Boundary:(161.7, 264.7)(161.7, 335.9)(20.0, 335.9)(20.0, 264.7);GATE
Port:(20.0, 278.2)(24.7, 278.2)(24.7, 322.4)(20.0, 322.4);SD
Port:(161.7, 264.7)(161.7, 335.9)(26.6, 335.9)(26.6, 264.7);GATE
Port:(149.9, 271.5)(155.9, 271.5)(155.9, 316.4)(149.9, 316.4);SD
