Area:(-30.0, -30.0)(649.6, -30.0)(649.6, 589.8)(-30.0, 589.8)
Rule:GATE(5,5);SD(5,5);GATE_SD(0.5);GATE_ITO(0.5);SD_ITO(0.5)
Module:M14
Boundary:(590.6, 244.5)(590.6, 335.7)(383.8, 335.7)(383.8, 244.5);GATE
Port:(383.8, 258.1)(388.8, 258.1)(388.8, 322.1)(383.8, 322.1);SD
Port:(590.6, 244.5)(590.6, 335.7)(390.2, 335.7)(390.2, 244.5);GATE
Port:(579.0, 250.9)(585.2, 250.9)(585.2, 329.3)(579.0, 329.3);SD
Module:M9
Boundary:(10.0, 10.0)(92.7, 10.0)(92.7, 231.8)(10.0, 231.8);GATE
Port:(23.8, 226.9)(78.9, 226.9)(78.9, 231.8)(23.8, 231.8);SD
Port:(10.0, 10.0)(92.7, 10.0)(92.7, 224.8)(10.0, 224.8);GATE
Port:(15.7, 14.7)(87.0, 14.7)(87.0, 20.6)(15.7, 20.6);SD
Module:M5
Boundary:(223.8, 347.9)(223.8, 399.9)(223.5, 399.9)(223.5, 417.5)(135.1, 417.5)(135.1, 347.9);GATE
Port:(135.1, 361.3)(139.1, 361.3)(139.1, 404.1)(135.1, 404.1);SD
Port:(223.8, 347.9)(223.8, 399.9)(223.5, 399.9)(223.5, 417.5)(140.5, 417.5)(140.5, 347.9);GATE
Port:(213.5, 353.3)(219.4, 353.3)(219.4, 394.5)(213.5, 394.5);SD
Module:M11
Boundary:(534.6, 10.0)(534.6, 58.8)(534.6, 58.8)(534.6, 73.8)(376.5, 73.8)(376.5, 10.0);GATE
Port:(376.5, 23.8)(382.2, 23.8)(382.2, 60.0)(376.5, 60.0);SD
Port:(534.6, 10.0)(534.6, 58.8)(534.6, 58.8)(534.6, 73.8)(383.5, 73.8)(383.5, 10.0);GATE
Port:(522.7, 16.2)(529.4, 16.2)(529.4, 52.6)(522.7, 52.6);SD
Module:M1
Boundary:(145.1, 217.6)(197.6, 217.6)(197.6, 217.7)(214.9, 217.7)(214.9, 297.9)(145.1, 297.9);GATE
Port:(159.2, 292.2)(200.8, 292.2)(200.8, 297.9)(159.2, 297.9);SD
Port:(145.1, 217.6)(197.6, 217.6)(197.6, 217.7)(214.9, 217.7)(214.9, 290.5)(145.1, 290.5);GATE
Port:(150.2, 221.7)(192.5, 221.7)(192.5, 228.9)(150.2, 228.9);SD
Module:M6
Boundary:(254.9, 317.9)(305.7, 317.9)(305.7, 317.9)(321.8, 317.9)(321.8, 426.3)(254.9, 426.3);GATE
Port:(268.5, 421.4)(308.2, 421.4)(308.2, 426.3)(268.5, 426.3);SD
Port:(254.9, 317.9)(305.7, 317.9)(305.7, 317.9)(321.8, 317.9)(321.8, 419.7)(254.9, 419.7);GATE
Port:(260.2, 322.2)(300.4, 322.2)(300.4, 329.6)(260.2, 329.6);SD
Module:M2
Boundary:(20.0, 460.2)(86.4, 460.2)(86.4, 460.4)(102.5, 460.4)(102.5, 531.6)(20.0, 531.6);GATE
Port:(34.1, 526.6)(88.4, 526.6)(88.4, 531.6)(34.1, 531.6);SD
Port:(20.0, 460.2)(86.4, 460.2)(86.4, 460.4)(102.5, 460.4)(102.5, 524.2)(20.0, 524.2);GATE
Port:(26.8, 466.0)(79.6, 466.0)(79.6, 471.2)(26.8, 471.2);SD
Module:M16
Boundary:(254.9, 178.1)(343.8, 178.1)(343.8, 297.9)(254.9, 297.9);GATE
Port:(267.9, 292.8)(330.8, 292.8)(330.8, 297.9)(267.9, 297.9);SD
Port:(254.9, 178.1)(343.8, 178.1)(343.8, 290.2)(254.9, 290.2);GATE
Port:(260.5, 182.7)(338.2, 182.7)(338.2, 189.1)(260.5, 189.1);SD
Module:M13
Boundary:(593.9, 456.4)(593.9, 549.8)(397.9, 549.8)(397.9, 456.4);GATE
Port:(397.9, 469.8)(402.5, 469.8)(402.5, 536.4)(397.9, 536.4);SD
Port:(593.9, 456.4)(593.9, 549.8)(405.3, 549.8)(405.3, 456.4);GATE
Port:(583.2, 463.0)(588.3, 463.0)(588.3, 543.2)(583.2, 543.2);SD
Module:M10
Boundary:(554.6, 10.0)(609.6, 10.0)(609.6, 204.5)(554.6, 204.5);GATE
Port:(568.9, 200.4)(595.3, 200.4)(595.3, 204.5)(568.9, 204.5);SD
Port:(554.6, 10.0)(609.6, 10.0)(609.6, 197.5)(554.6, 197.5);GATE
Port:(560.3, 14.7)(603.9, 14.7)(603.9, 21.0)(560.3, 21.0);SD
Module:M7
Boundary:(20.0, 261.8)(95.1, 261.8)(95.1, 420.2)(20.0, 420.2);GATE
Port:(32.5, 415.9)(82.6, 415.9)(82.6, 420.2)(32.5, 420.2);SD
Port:(20.0, 261.8)(95.1, 261.8)(95.1, 414.7)(20.0, 414.7);GATE
Port:(25.3, 266.1)(89.8, 266.1)(89.8, 272.8)(25.3, 272.8);SD
Module:M3
Boundary:(559.2, 375.7)(559.2, 436.4)(397.9, 436.4)(397.9, 375.7);GATE
Port:(397.9, 388.7)(402.0, 388.7)(402.0, 423.4)(397.9, 423.4);SD
Port:(559.2, 375.7)(559.2, 436.4)(404.6, 436.4)(404.6, 375.7);GATE
Port:(547.7, 382.5)(553.4, 382.5)(553.4, 429.6)(547.7, 429.6);SD
Module:M15
Boundary:(253.7, 10.0)(356.5, 10.0)(356.5, 158.1)(253.7, 158.1);GATE
Port:(265.7, 153.1)(344.5, 153.1)(344.5, 158.1)(265.7, 158.1);SD
Port:(253.7, 10.0)(356.5, 10.0)(356.5, 150.8)(253.7, 150.8);GATE
Port:(258.9, 14.2)(351.3, 14.2)(351.3, 19.0)(258.9, 19.0);SD
Module:M12
Boundary:(522.1, 93.8)(522.1, 180.9)(521.7, 180.9)(521.7, 198.5)(376.5, 198.5)(376.5, 93.8);GATE
Port:(376.5, 107.6)(381.8, 107.6)(381.8, 184.7)(376.5, 184.7);SD
Port:(522.1, 93.8)(522.1, 180.9)(521.7, 180.9)(521.7, 198.5)(383.2, 198.5)(383.2, 93.8);GATE
Port:(511.4, 98.9)(518.0, 98.9)(518.0, 175.8)(511.4, 175.8);SD
Module:M8
Boundary:(367.9, 457.5)(367.9, 523.4)(367.7, 523.4)(367.7, 540.2)(142.5, 540.2)(142.5, 457.5);GATE
Port:(142.5, 470.1)(148.2, 470.1)(148.2, 527.6)(142.5, 527.6);SD
Port:(367.9, 457.5)(367.9, 523.4)(367.7, 523.4)(367.7, 540.2)(151.1, 540.2)(151.1, 457.5);GATE
Port:(358.3, 463.4)(363.0, 463.4)(363.0, 517.5)(358.3, 517.5);SD
Module:M4
Boundary:(122.7, 20.0)(223.7, 20.0)(223.7, 167.6)(122.7, 167.6);GATE
Port:(136.1, 161.9)(210.3, 161.9)(210.3, 167.6)(136.1, 167.6);SD
Port:(122.7, 20.0)(223.7, 20.0)(223.7, 159.9)(122.7, 159.9);GATE
Port:(128.7, 25.0)(217.7, 25.0)(217.7, 31.1)(128.7, 31.1);SD
