Area:(-30.0, -30.0)(628.4, -30.0)(628.4, 579.8)(-30.0, 579.8)
Rule:GATE(5,5);SD(5,5);GATE_SD(0.5);GATE_ITO(0.5);SD_ITO(0.5)
Module:M14
Boundary:(148.4, 197.8)(148.4, 273.8)(147.9, 273.8)(147.9, 292.6)(30.0, 292.6)(30.0, 197.8);GATE
Port:(30.0, 213.4)(34.5, 213.4)(34.5, 277.0)(30.0, 277.0);SD
Port:(148.4, 197.8)(148.4, 273.8)(147.9, 273.8)(147.9, 292.6)(36.6, 292.6)(36.6, 197.8);GATE
Port:(136.3, 203.3)(143.9, 203.3)(143.9, 268.3)(136.3, 268.3);SD
Module:M9
Boundary:(176.1, 332.6)(176.1, 383.9)(10.0, 383.9)(10.0, 332.6);GATE
Port:(10.0, 345.9)(14.5, 345.9)(14.5, 370.6)(10.0, 370.6);SD
Port:(176.1, 332.6)(176.1, 383.9)(16.2, 383.9)(16.2, 332.6);GATE
Port:(165.6, 338.3)(171.4, 338.3)(171.4, 378.2)(165.6, 378.2);SD
Module:M5
Boundary:(184.8, 20.0)(245.1, 20.0)(245.1, 20.1)(259.2, 20.1)(259.2, 130.6)(184.8, 130.6);GATE
Port:(197.8, 126.1)(246.2, 126.1)(246.2, 130.6)(197.8, 130.6);SD
Port:(184.8, 20.0)(245.1, 20.0)(245.1, 20.1)(259.2, 20.1)(259.2, 124.9)(184.8, 124.9);GATE
Port:(191.5, 25.7)(238.4, 25.7)(238.4, 30.8)(191.5, 30.8);SD
Module:M11
Boundary:(576.9, 413.7)(576.9, 495.4)(576.6, 495.4)(576.6, 511.3)(498.3, 511.3)(498.3, 413.7);GATE
Port:(498.3, 427.0)(502.5, 427.0)(502.5, 498.0)(498.3, 498.0);SD
Port:(576.9, 413.7)(576.9, 495.4)(576.6, 495.4)(576.6, 511.3)(503.6, 511.3)(503.6, 413.7);GATE
Port:(566.2, 420.2)(571.4, 420.2)(571.4, 488.9)(566.2, 488.9);SD
Module:M1
Boundary:(30.0, 30.0)(117.2, 30.0)(117.2, 30.0)(134.8, 30.0)(134.8, 137.8)(30.0, 137.8);GATE
Port:(43.8, 132.6)(121.0, 132.6)(121.0, 137.8)(43.8, 137.8);SD
Port:(30.0, 30.0)(117.2, 30.0)(117.2, 30.0)(134.8, 30.0)(134.8, 131.5)(30.0, 131.5);GATE
Port:(35.1, 34.1)(112.1, 34.1)(112.1, 40.3)(35.1, 40.3);SD
Module:M6
Boundary:(309.0, 452.6)(309.0, 539.8)(191.9, 539.8)(191.9, 452.6);GATE
Port:(191.9, 464.9)(197.5, 464.9)(197.5, 527.5)(191.9, 527.5);SD
Port:(309.0, 452.6)(309.0, 539.8)(199.2, 539.8)(199.2, 452.6);GATE
Port:(298.6, 458.5)(304.1, 458.5)(304.1, 533.9)(298.6, 533.9);SD
Module:M2
Boundary:(161.9, 413.9)(161.9, 512.3)(161.9, 512.3)(161.9, 528.6)(20.0, 528.6)(20.0, 413.9);GATE
Port:(20.0, 427.0)(24.3, 427.0)(24.3, 515.5)(20.0, 515.5);SD
Port:(161.9, 413.9)(161.9, 512.3)(161.9, 512.3)(161.9, 528.6)(26.6, 528.6)(26.6, 413.9);GATE
Port:(151.4, 419.7)(157.1, 419.7)(157.1, 506.5)(151.4, 506.5);SD
Module:M16
Boundary:(289.2, 10.0)(319.3, 10.0)(319.3, 10.1)(332.4, 10.1)(332.4, 219.6)(289.2, 219.6);GATE
Port:(301.1, 214.6)(320.5, 214.6)(320.5, 219.6)(301.1, 219.6);SD
Port:(289.2, 10.0)(319.3, 10.0)(319.3, 10.1)(332.4, 10.1)(332.4, 213.2)(289.2, 213.2);GATE
Port:(294.9, 14.7)(313.6, 14.7)(313.6, 20.1)(294.9, 20.1);SD
Module:M13
Boundary:(196.1, 309.2)(242.5, 309.2)(242.5, 309.4)(256.7, 309.4)(256.7, 417.8)(196.1, 417.8);GATE
Port:(208.6, 411.9)(244.2, 411.9)(244.2, 417.8)(208.6, 417.8);SD
Port:(196.1, 309.2)(242.5, 309.2)(242.5, 309.4)(256.7, 309.4)(256.7, 409.1)(196.1, 409.1);GATE
Port:(201.8, 313.9)(236.8, 313.9)(236.8, 319.8)(201.8, 319.8);SD
Module:M10
Boundary:(503.0, 273.0)(503.0, 359.0)(502.7, 359.0)(502.7, 376.2)(346.7, 376.2)(346.7, 273.0);GATE
Port:(346.7, 287.1)(351.1, 287.1)(351.1, 362.1)(346.7, 362.1);SD
Port:(503.0, 273.0)(503.0, 359.0)(502.7, 359.0)(502.7, 376.2)(352.9, 376.2)(352.9, 273.0);GATE
Port:(492.3, 278.5)(498.5, 278.5)(498.5, 353.5)(492.3, 353.5);SD
Module:M7
Boundary:(533.0, 196.1)(564.7, 196.1)(564.7, 196.1)(579.1, 196.1)(579.1, 383.7)(533.0, 383.7);GATE
Port:(544.9, 377.8)(567.2, 377.8)(567.2, 383.7)(544.9, 383.7);SD
Port:(533.0, 196.1)(564.7, 196.1)(564.7, 196.1)(579.1, 196.1)(579.1, 375.7)(533.0, 375.7);GATE
Port:(538.5, 200.6)(559.2, 200.6)(559.2, 206.3)(538.5, 206.3);SD
Module:M3
Boundary:(188.4, 160.6)(257.0, 160.6)(257.0, 289.2)(188.4, 289.2);GATE
Port:(200.2, 284.8)(245.2, 284.8)(245.2, 289.2)(200.2, 289.2);SD
Port:(188.4, 160.6)(257.0, 160.6)(257.0, 283.2)(188.4, 283.2);GATE
Port:(194.9, 166.1)(250.5, 166.1)(250.5, 170.8)(194.9, 170.8);SD
Module:M15
Boundary:(277.0, 239.6)(326.7, 239.6)(326.7, 432.6)(277.0, 432.6);GATE
Port:(290.7, 427.2)(313.0, 427.2)(313.0, 432.6)(290.7, 432.6);SD
Port:(277.0, 239.6)(326.7, 239.6)(326.7, 425.6)(277.0, 425.6);GATE
Port:(283.2, 244.8)(320.5, 244.8)(320.5, 251.2)(283.2, 251.2);SD
Module:M12
Boundary:(488.8, 10.0)(572.2, 10.0)(572.2, 10.3)(588.4, 10.3)(588.4, 166.1)(488.8, 166.1);GATE
Port:(503.0, 160.5)(574.2, 160.5)(574.2, 166.1)(503.0, 166.1);SD
Port:(488.8, 10.0)(572.2, 10.0)(572.2, 10.3)(588.4, 10.3)(588.4, 158.9)(488.8, 158.9);GATE
Port:(494.5, 14.7)(566.5, 14.7)(566.5, 21.6)(494.5, 21.6);SD
Module:M8
Boundary:(362.4, 20.0)(458.8, 20.0)(458.8, 243.0)(362.4, 243.0);GATE
Port:(374.3, 238.0)(446.9, 238.0)(446.9, 243.0)(374.3, 243.0);SD
Port:(362.4, 20.0)(458.8, 20.0)(458.8, 236.4)(362.4, 236.4);GATE
Port:(367.4, 24.0)(453.8, 24.0)(453.8, 29.0)(367.4, 29.0);SD
Module:M4
Boundary:(356.7, 406.2)(468.3, 406.2)(468.3, 515.7)(356.7, 515.7);GATE
Port:(370.6, 510.8)(454.4, 510.8)(454.4, 515.7)(370.6, 515.7);SD
Port:(356.7, 406.2)(468.3, 406.2)(468.3, 508.4)(356.7, 508.4);GATE
Port:(363.2, 411.7)(461.8, 411.7)(461.8, 418.1)(363.2, 418.1);SD
