Area:(-30.0, -30.0)(378.1, -30.0)(378.1, 917.0)(-30.0, 917.0)
Rule:GATE(5,5);SD(5,5);GATE_SD(0.5);GATE_ITO(0.5);SD_ITO(0.5)
Module:M14
Boundary:(150.2, 558.4)(150.2, 606.5)(149.9, 606.5)(149.9, 621.7)(30.0, 621.7)(30.0, 558.4);GATE
Port:(30.0, 571.8)(34.6, 571.8)(34.6, 608.3)(30.0, 608.3);SD
Port:(150.2, 558.4)(150.2, 606.5)(149.9, 606.5)(149.9, 621.7)(36.2, 621.7)(36.2, 558.4);GATE
Port:(139.6, 565.2)(144.4, 565.2)(144.4, 599.7)(139.6, 599.7);SD
Module:M9
Boundary:(337.1, 342.3)(337.1, 440.4)(172.5, 440.4)(172.5, 342.3);GATE
Port:(172.5, 354.1)(178.3, 354.1)(178.3, 428.6)(172.5, 428.6);SD
Port:(337.1, 342.3)(337.1, 440.4)(179.9, 440.4)(179.9, 342.3);GATE
Port:(327.5, 347.7)(332.7, 347.7)(332.7, 435.0)(327.5, 435.0);SD
Module:M5
Boundary:(277.9, 470.4)(322.6, 470.4)(322.6, 470.6)(337.8, 470.6)(337.8, 668.2)(277.9, 668.2);GATE
Port:(289.3, 664.1)(326.4, 664.1)(326.4, 668.2)(289.3, 668.2);SD
Port:(277.9, 470.4)(322.6, 470.4)(322.6, 470.6)(337.8, 470.6)(337.8, 662.3)(277.9, 662.3);GATE
Port:(282.9, 474.4)(317.6, 474.4)(317.6, 479.3)(282.9, 479.3);SD
Module:M11
Boundary:(10.0, 775.4)(112.5, 775.4)(112.5, 877.0)(10.0, 877.0);GATE
Port:(23.6, 871.3)(98.9, 871.3)(98.9, 877.0)(23.6, 877.0);SD
Port:(10.0, 775.4)(112.5, 775.4)(112.5, 869.3)(10.0, 869.3);GATE
Port:(15.9, 780.3)(106.6, 780.3)(106.6, 786.0)(15.9, 786.0);SD
Module:M1
Boundary:(30.0, 361.1)(116.1, 361.1)(116.1, 361.3)(132.5, 361.3)(132.5, 498.4)(30.0, 498.4);GATE
Port:(44.5, 492.4)(118.0, 492.4)(118.0, 498.4)(44.5, 498.4);SD
Port:(30.0, 361.1)(116.1, 361.1)(116.1, 361.3)(132.5, 361.3)(132.5, 491.0)(30.0, 491.0);GATE
Port:(36.2, 366.3)(109.9, 366.3)(109.9, 373.8)(36.2, 373.8);SD
Module:M6
Boundary:(109.5, 158.7)(109.5, 212.7)(109.4, 212.7)(109.4, 230.4)(10.0, 230.4)(10.0, 158.7);GATE
Port:(10.0, 173.5)(15.5, 173.5)(15.5, 215.6)(10.0, 215.6);SD
Port:(109.5, 158.7)(109.5, 212.7)(109.4, 212.7)(109.4, 230.4)(17.0, 230.4)(17.0, 158.7);GATE
Port:(97.9, 163.9)(105.3, 163.9)(105.3, 207.5)(97.9, 207.5);SD
Module:M2
Boundary:(249.1, 708.2)(334.3, 708.2)(334.3, 824.8)(249.1, 824.8);GATE
Port:(262.2, 819.8)(321.2, 819.8)(321.2, 824.8)(262.2, 824.8);SD
Port:(249.1, 708.2)(334.3, 708.2)(334.3, 817.9)(249.1, 817.9);GATE
Port:(254.1, 712.2)(329.3, 712.2)(329.3, 718.1)(254.1, 718.1);SD
Module:M16
Boundary:(111.9, 250.4)(111.9, 321.1)(10.0, 321.1)(10.0, 250.4);GATE
Port:(10.0, 264.0)(15.4, 264.0)(15.4, 307.5)(10.0, 307.5);SD
Port:(111.9, 250.4)(111.9, 321.1)(17.7, 321.1)(17.7, 250.4);GATE
Port:(101.3, 255.5)(107.8, 255.5)(107.8, 316.0)(101.3, 316.0);SD
Module:M13
Boundary:(264.1, 228.5)(319.0, 228.5)(319.0, 228.8)(338.1, 228.8)(338.1, 322.3)(264.1, 322.3);GATE
Port:(278.4, 317.0)(323.8, 317.0)(323.8, 322.3)(278.4, 322.3);SD
Port:(264.1, 228.5)(319.0, 228.5)(319.0, 228.8)(338.1, 228.8)(338.1, 314.5)(264.1, 314.5);GATE
Port:(269.8, 233.2)(313.3, 233.2)(313.3, 239.3)(269.8, 239.3);SD
Module:M10
Boundary:(180.5, 661.7)(180.5, 755.4)(10.0, 755.4)(10.0, 661.7);GATE
Port:(10.0, 675.8)(15.1, 675.8)(15.1, 741.3)(10.0, 741.3);SD
Port:(180.5, 661.7)(180.5, 755.4)(18.0, 755.4)(18.0, 661.7);GATE
Port:(168.9, 668.6)(174.6, 668.6)(174.6, 748.5)(168.9, 748.5);SD
Module:M7
Boundary:(290.4, 20.0)(323.0, 20.0)(323.0, 20.1)(336.9, 20.1)(336.9, 198.5)(290.4, 198.5);GATE
Port:(303.6, 193.7)(323.7, 193.7)(323.7, 198.5)(303.6, 198.5);SD
Port:(290.4, 20.0)(323.0, 20.0)(323.0, 20.1)(336.9, 20.1)(336.9, 191.5)(290.4, 191.5);GATE
Port:(297.3, 25.9)(316.1, 25.9)(316.1, 31.2)(297.3, 31.2);SD
Module:M3
Boundary:(131.9, 210.1)(244.1, 210.1)(244.1, 320.4)(131.9, 320.4);GATE
Port:(144.8, 316.3)(231.2, 316.3)(231.2, 320.4)(144.8, 320.4);SD
Port:(131.9, 210.1)(244.1, 210.1)(244.1, 314.1)(131.9, 314.1);GATE
Port:(138.9, 216.1)(237.1, 216.1)(237.1, 220.7)(138.9, 220.7);SD
Module:M15
Boundary:(190.2, 460.4)(247.9, 460.4)(247.9, 596.8)(190.2, 596.8);GATE
Port:(205.9, 591.3)(232.2, 591.3)(232.2, 596.8)(205.9, 596.8);SD
Port:(190.2, 460.4)(247.9, 460.4)(247.9, 589.9)(190.2, 589.9);GATE
Port:(196.3, 465.5)(241.8, 465.5)(241.8, 472.6)(196.3, 472.6);SD
Module:M12
Boundary:(163.1, 10.0)(244.1, 10.0)(244.1, 10.0)(260.4, 10.0)(260.4, 190.1)(163.1, 190.1);GATE
Port:(175.2, 184.6)(248.3, 184.6)(248.3, 190.1)(175.2, 190.1);SD
Port:(163.1, 10.0)(244.1, 10.0)(244.1, 10.0)(260.4, 10.0)(260.4, 182.5)(163.1, 182.5);GATE
Port:(168.4, 14.3)(238.8, 14.3)(238.8, 19.8)(168.4, 19.8);SD
Module:M8
Boundary:(20.0, 20.0)(116.8, 20.0)(116.8, 20.0)(133.1, 20.0)(133.1, 128.7)(20.0, 128.7);GATE
Port:(31.9, 124.1)(121.2, 124.1)(121.2, 128.7)(31.9, 128.7);SD
Port:(20.0, 20.0)(116.8, 20.0)(116.8, 20.0)(133.1, 20.0)(133.1, 122.4)(20.0, 122.4);GATE
Port:(25.4, 24.4)(111.4, 24.4)(111.4, 29.8)(25.4, 29.8);SD
Module:M4
Boundary:(142.5, 785.4)(192.8, 785.4)(192.8, 785.4)(209.1, 785.4)(209.1, 862.2)(142.5, 862.2);GATE
Port:(156.2, 856.8)(195.4, 856.8)(195.4, 862.2)(156.2, 862.2);SD
Port:(142.5, 785.4)(192.8, 785.4)(192.8, 785.4)(209.1, 785.4)(209.1, 854.0)(142.5, 854.0);GATE
Port:(148.0, 789.9)(187.3, 789.9)(187.3, 796.6)(148.0, 796.6);SD
