Area:(-30.0, -30.0)(663.5, -30.0)(663.5, 577.3)(-30.0, 577.3)
Rule:GATE(5,5);SD(5,5);GATE_SD(0.5);GATE_ITO(0.5);SD_ITO(0.5)
Module:M14
Boundary:(510.2, 30.0)(510.2, 98.0)(286.9, 98.0)(286.9, 30.0);GATE
Port:(286.9, 44.0)(292.5, 44.0)(292.5, 84.0)(286.9, 84.0);SD
Port:(510.2, 30.0)(510.2, 98.0)(295.4, 98.0)(295.4, 30.0);GATE
Port:(499.3, 36.1)(505.1, 36.1)(505.1, 91.9)(499.3, 91.9);SD
Module:M9
Boundary:(623.5, 260.7)(623.5, 368.1)(622.8, 368.1)(622.8, 385.5)(484.7, 385.5)(484.7, 260.7);GATE
Port:(484.7, 276.4)(490.3, 276.4)(490.3, 369.8)(484.7, 369.8);SD
Port:(623.5, 260.7)(623.5, 368.1)(622.8, 368.1)(622.8, 385.5)(493.2, 385.5)(493.2, 260.7);GATE
Port:(611.1, 267.5)(617.7, 267.5)(617.7, 361.3)(611.1, 361.3);SD
Module:M5
Boundary:(449.5, 260.0)(449.5, 303.8)(449.4, 303.8)(449.4, 318.3)(334.0, 318.3)(334.0, 260.0);GATE
Port:(334.0, 271.4)(339.0, 271.4)(339.0, 306.9)(334.0, 306.9);SD
Port:(449.5, 260.0)(449.5, 303.8)(449.4, 303.8)(449.4, 318.3)(340.8, 318.3)(340.8, 260.0);GATE
Port:(440.5, 265.4)(445.1, 265.4)(445.1, 298.4)(440.5, 298.4);SD
Module:M11
Boundary:(495.3, 138.0)(495.3, 230.0)(376.3, 230.0)(376.3, 138.0);GATE
Port:(376.3, 150.1)(380.8, 150.1)(380.8, 217.9)(376.3, 217.9);SD
Port:(495.3, 138.0)(495.3, 230.0)(383.1, 230.0)(383.1, 138.0);GATE
Port:(484.7, 143.8)(490.5, 143.8)(490.5, 224.2)(484.7, 224.2);SD
Module:M1
Boundary:(576.3, 432.3)(576.3, 518.4)(383.1, 518.4)(383.1, 432.3);GATE
Port:(383.1, 446.6)(387.2, 446.6)(387.2, 504.1)(383.1, 504.1);SD
Port:(576.3, 432.3)(576.3, 518.4)(389.6, 518.4)(389.6, 432.3);GATE
Port:(564.8, 438.7)(570.9, 438.7)(570.9, 512.0)(564.8, 512.0);SD
Module:M6
Boundary:(622.2, 155.2)(622.2, 224.0)(621.9, 224.0)(621.9, 240.7)(515.3, 240.7)(515.3, 155.2);GATE
Port:(515.3, 169.3)(520.8, 169.3)(520.8, 226.6)(515.3, 226.6);SD
Port:(622.2, 155.2)(622.2, 224.0)(621.9, 224.0)(621.9, 240.7)(522.1, 240.7)(522.1, 155.2);GATE
Port:(610.4, 161.1)(617.3, 161.1)(617.3, 218.1)(610.4, 218.1);SD
Module:M2
Boundary:(294.0, 246.5)(294.0, 315.8)(114.5, 315.8)(114.5, 246.5);GATE
Port:(114.5, 260.3)(119.8, 260.3)(119.8, 302.0)(114.5, 302.0);SD
Port:(294.0, 246.5)(294.0, 315.8)(122.5, 315.8)(122.5, 246.5);GATE
Port:(283.2, 252.2)(289.3, 252.2)(289.3, 310.1)(283.2, 310.1);SD
Module:M16
Boundary:(105.9, 418.0)(105.9, 536.7)(10.0, 536.7)(10.0, 418.0);GATE
Port:(10.0, 432.7)(15.3, 432.7)(15.3, 522.0)(10.0, 522.0);SD
Port:(105.9, 418.0)(105.9, 536.7)(16.4, 536.7)(16.4, 418.0);GATE
Port:(94.4, 424.4)(100.5, 424.4)(100.5, 530.3)(94.4, 530.3);SD
Module:M13
Boundary:(10.0, 10.0)(75.2, 10.0)(75.2, 10.0)(90.7, 10.0)(90.7, 182.3)(10.0, 182.3);GATE
Port:(23.5, 178.3)(77.2, 178.3)(77.2, 182.3)(23.5, 182.3);SD
Port:(10.0, 10.0)(75.2, 10.0)(75.2, 10.0)(90.7, 10.0)(90.7, 176.4)(10.0, 176.4);GATE
Port:(16.1, 15.1)(69.1, 15.1)(69.1, 21.5)(16.1, 21.5);SD
Module:M10
Boundary:(234.4, 348.3)(343.1, 348.3)(343.1, 537.3)(234.4, 537.3);GATE
Port:(246.7, 532.6)(330.8, 532.6)(330.8, 537.3)(246.7, 537.3);SD
Port:(234.4, 348.3)(343.1, 348.3)(343.1, 530.7)(234.4, 530.7);GATE
Port:(239.4, 352.3)(338.1, 352.3)(338.1, 358.5)(239.4, 358.5);SD
Module:M7
Boundary:(120.7, 20.0)(220.7, 20.0)(220.7, 20.5)(236.9, 20.5)(236.9, 206.5)(120.7, 206.5);GATE
Port:(134.6, 201.1)(223.0, 201.1)(223.0, 206.5)(134.6, 206.5);SD
Port:(120.7, 20.0)(220.7, 20.0)(220.7, 20.5)(236.9, 20.5)(236.9, 198.5)(120.7, 198.5);GATE
Port:(127.6, 25.9)(213.8, 25.9)(213.8, 31.4)(127.6, 31.4);SD
Module:M3
Boundary:(10.0, 202.3)(84.5, 202.3)(84.5, 398.0)(10.0, 398.0);GATE
Port:(21.8, 392.5)(72.7, 392.5)(72.7, 398.0)(21.8, 398.0);SD
Port:(10.0, 202.3)(84.5, 202.3)(84.5, 389.5)(10.0, 389.5);GATE
Port:(15.5, 206.8)(79.0, 206.8)(79.0, 211.9)(15.5, 211.9);SD
Module:M15
Boundary:(266.9, 138.0)(338.9, 138.0)(338.9, 138.2)(356.3, 138.2)(356.3, 209.0)(266.9, 209.0);GATE
Port:(281.8, 203.3)(341.4, 203.3)(341.4, 209.0)(281.8, 209.0);SD
Port:(266.9, 138.0)(338.9, 138.0)(338.9, 138.2)(356.3, 138.2)(356.3, 201.9)(266.9, 201.9);GATE
Port:(273.5, 143.6)(332.3, 143.6)(332.3, 150.0)(273.5, 150.0);SD
Module:M12
Boundary:(464.7, 348.3)(464.7, 392.3)(363.1, 392.3)(363.1, 348.3);GATE
Port:(363.1, 360.6)(368.9, 360.6)(368.9, 380.0)(363.1, 380.0);SD
Port:(464.7, 348.3)(464.7, 392.3)(371.8, 392.3)(371.8, 348.3);GATE
Port:(454.4, 354.9)(459.1, 354.9)(459.1, 385.7)(454.4, 385.7);SD
Module:M8
Boundary:(560.2, 20.0)(619.8, 20.0)(619.8, 125.2)(560.2, 125.2);GATE
Port:(572.6, 120.8)(607.4, 120.8)(607.4, 125.2)(572.6, 125.2);SD
Port:(560.2, 20.0)(619.8, 20.0)(619.8, 118.4)(560.2, 118.4);GATE
Port:(566.5, 25.3)(613.5, 25.3)(613.5, 30.3)(566.5, 30.3);SD
Module:M4
Boundary:(135.9, 355.8)(188.0, 355.8)(188.0, 355.9)(204.4, 355.9)(204.4, 531.5)(135.9, 531.5);GATE
Port:(150.3, 525.6)(190.0, 525.6)(190.0, 531.5)(150.3, 531.5);SD
Port:(135.9, 355.8)(188.0, 355.8)(188.0, 355.9)(204.4, 355.9)(204.4, 523.4)(135.9, 523.4);GATE
Port:(142.2, 361.1)(181.7, 361.1)(181.7, 367.0)(142.2, 367.0);SD
