Area:(-30.0, -20.0)(453.7, -20.0)(453.7, 854.4)(-30.0, 854.4)
Rule:GATE(5,5);SD(5,5);GATE_SD(0.5);GATE_ITO(0.5);SD_ITO(0.5)
Module:M14
Boundary:(223.0, 729.4)(223.0, 797.7)(223.0, 797.7)(223.0, 814.4)(30.0, 814.4)(30.0, 729.4);GATE
Port:(30.0, 743.7)(34.4, 743.7)(34.4, 800.1)(30.0, 800.1);SD
Port:(223.0, 729.4)(223.0, 797.7)(223.0, 797.7)(223.0, 814.4)(37.2, 814.4)(37.2, 729.4);GATE
Port:(212.0, 735.5)(217.9, 735.5)(217.9, 791.6)(212.0, 791.6);SD
Module:M9
Boundary:(10.0, 395.4)(99.6, 395.4)(99.6, 395.5)(113.9, 395.5)(113.9, 525.8)(10.0, 525.8);GATE
Port:(23.0, 521.8)(100.9, 521.8)(100.9, 525.8)(23.0, 525.8);SD
Port:(10.0, 395.4)(99.6, 395.4)(99.6, 395.5)(113.9, 395.5)(113.9, 520.0)(10.0, 520.0);GATE
Port:(16.3, 400.7)(93.3, 400.7)(93.3, 406.9)(16.3, 406.9);SD
Module:M5
Boundary:(310.3, 311.7)(383.3, 311.7)(383.3, 311.8)(400.5, 311.8)(400.5, 451.5)(310.3, 451.5);GATE
Port:(325.8, 447.0)(385.0, 447.0)(385.0, 451.5)(325.8, 451.5);SD
Port:(310.3, 311.7)(383.3, 311.7)(383.3, 311.8)(400.5, 311.8)(400.5, 445.7)(310.3, 445.7);GATE
Port:(317.2, 317.6)(376.4, 317.6)(376.4, 324.7)(317.2, 324.7);SD
Module:M11
Boundary:(321.8, 127.4)(321.8, 196.3)(321.7, 196.3)(321.7, 213.5)(161.5, 213.5)(161.5, 127.4);GATE
Port:(161.5, 141.3)(166.0, 141.3)(166.0, 199.6)(161.5, 199.6);SD
Port:(321.8, 127.4)(321.8, 196.3)(321.7, 196.3)(321.7, 213.5)(168.7, 213.5)(168.7, 127.4);GATE
Port:(311.2, 133.0)(317.2, 133.0)(317.2, 190.7)(311.2, 190.7);SD
Module:M1
Boundary:(260.2, 253.5)(260.2, 346.5)(129.0, 346.5)(129.0, 253.5);GATE
Port:(129.0, 268.3)(134.2, 268.3)(134.2, 331.7)(129.0, 331.7);SD
Port:(260.2, 253.5)(260.2, 346.5)(136.7, 346.5)(136.7, 253.5);GATE
Port:(248.7, 260.4)(254.3, 260.4)(254.3, 339.6)(248.7, 339.6);SD
Module:M6
Boundary:(386.0, 723.0)(386.0, 798.0)(263.0, 798.0)(263.0, 723.0);GATE
Port:(263.0, 735.6)(267.3, 735.6)(267.3, 785.4)(263.0, 785.4);SD
Port:(386.0, 723.0)(386.0, 798.0)(268.9, 798.0)(268.9, 723.0);GATE
Port:(375.0, 728.7)(381.3, 728.7)(381.3, 792.3)(375.0, 792.3);SD
Module:M2
Boundary:(391.1, 20.0)(391.1, 82.2)(391.1, 82.2)(391.1, 97.4)(171.5, 97.4)(171.5, 20.0);GATE
Port:(171.5, 32.5)(177.1, 32.5)(177.1, 84.9)(171.5, 84.9);SD
Port:(391.1, 20.0)(391.1, 82.2)(391.1, 82.2)(391.1, 97.4)(179.5, 97.4)(179.5, 20.0);GATE
Port:(380.5, 25.2)(386.9, 25.2)(386.9, 77.0)(380.5, 77.0);SD
Module:M16
Boundary:(303.4, 603.8)(303.4, 689.4)(133.9, 689.4)(133.9, 603.8);GATE
Port:(133.9, 617.2)(139.1, 617.2)(139.1, 676.0)(133.9, 676.0);SD
Port:(303.4, 603.8)(303.4, 689.4)(140.3, 689.4)(140.3, 603.8);GATE
Port:(293.2, 609.4)(298.8, 609.4)(298.8, 683.8)(293.2, 683.8);SD
Module:M13
Boundary:(290.0, 518.6)(290.0, 561.7)(289.9, 561.7)(289.9, 574.7)(133.9, 574.7)(133.9, 518.6);GATE
Port:(133.9, 530.5)(138.9, 530.5)(138.9, 562.8)(133.9, 562.8);SD
Port:(290.0, 518.6)(290.0, 561.7)(289.9, 561.7)(289.9, 574.7)(140.2, 574.7)(140.2, 518.6);GATE
Port:(279.9, 524.8)(284.8, 524.8)(284.8, 555.5)(279.9, 555.5);SD
Module:M10
Boundary:(310.0, 481.5)(412.6, 481.5)(412.6, 583.8)(310.0, 583.8);GATE
Port:(322.1, 578.7)(400.5, 578.7)(400.5, 583.8)(322.1, 583.8);SD
Port:(310.0, 481.5)(412.6, 481.5)(412.6, 577.2)(310.0, 577.2);GATE
Port:(315.1, 485.6)(407.5, 485.6)(407.5, 491.9)(315.1, 491.9);SD
Module:M7
Boundary:(20.0, 555.8)(91.9, 555.8)(91.9, 658.7)(20.0, 658.7);GATE
Port:(31.7, 653.1)(80.2, 653.1)(80.2, 658.7)(31.7, 658.7);SD
Port:(20.0, 555.8)(91.9, 555.8)(91.9, 651.5)(20.0, 651.5);GATE
Port:(25.0, 559.8)(86.9, 559.8)(86.9, 565.9)(25.0, 565.9);SD
Module:M3
Boundary:(413.7, 603.8)(413.7, 703.0)(323.4, 703.0)(323.4, 603.8);GATE
Port:(323.4, 618.0)(328.9, 618.0)(328.9, 688.8)(323.4, 688.8);SD
Port:(413.7, 603.8)(413.7, 703.0)(331.6, 703.0)(331.6, 603.8);GATE
Port:(402.6, 609.7)(408.8, 609.7)(408.8, 697.1)(402.6, 697.1);SD
Module:M15
Boundary:(341.8, 127.4)(394.5, 127.4)(394.5, 127.5)(412.1, 127.5)(412.1, 281.7)(341.8, 281.7);GATE
Port:(356.1, 276.7)(397.8, 276.7)(397.8, 281.7)(356.1, 281.7);SD
Port:(341.8, 127.4)(394.5, 127.4)(394.5, 127.5)(412.1, 127.5)(412.1, 275.3)(341.8, 275.3);GATE
Port:(347.7, 132.3)(388.6, 132.3)(388.6, 138.3)(347.7, 138.3);SD
Module:M12
Boundary:(10.0, 160.8)(89.0, 160.8)(89.0, 375.4)(10.0, 375.4);GATE
Port:(23.9, 370.4)(75.1, 370.4)(75.1, 375.4)(23.9, 375.4);SD
Port:(10.0, 160.8)(89.0, 160.8)(89.0, 367.9)(10.0, 367.9);GATE
Port:(15.6, 165.4)(83.4, 165.4)(83.4, 173.0)(15.6, 173.0);SD
Module:M8
Boundary:(270.3, 396.5)(270.3, 488.6)(143.9, 488.6)(143.9, 396.5);GATE
Port:(143.9, 411.9)(149.0, 411.9)(149.0, 473.2)(143.9, 473.2);SD
Port:(270.3, 396.5)(270.3, 488.6)(150.6, 488.6)(150.6, 396.5);GATE
Port:(258.2, 402.3)(265.5, 402.3)(265.5, 482.8)(258.2, 482.8);SD
Module:M4
Boundary:(20.0, 20.0)(115.4, 20.0)(115.4, 20.1)(131.5, 20.1)(131.5, 130.8)(20.0, 130.8);GATE
Port:(31.5, 125.1)(120.0, 125.1)(120.0, 130.8)(31.5, 130.8);SD
Port:(20.0, 20.0)(115.4, 20.0)(115.4, 20.1)(131.5, 20.1)(131.5, 122.5)(20.0, 122.5);GATE
Port:(25.6, 24.6)(109.8, 24.6)(109.8, 29.2)(25.6, 29.2);SD
