Area:(-30.0, -30.0)(686.8, -30.0)(686.8, 628.6)(-30.0, 628.6)
Rule:GATE(5,5);SD(5,5);GATE_SD(0.5);GATE_ITO(0.5);SD_ITO(0.5)
Module:M14
Boundary:(254.6, 30.0)(254.6, 91.7)(30.0, 91.7)(30.0, 30.0);GATE
Port:(30.0, 42.0)(34.1, 42.0)(34.1, 79.7)(30.0, 79.7);SD
Port:(254.6, 30.0)(254.6, 91.7)(35.1, 91.7)(35.1, 30.0);GATE
Port:(245.0, 35.0)(250.6, 35.0)(250.6, 86.7)(245.0, 86.7);SD
Module:M9
Boundary:(188.0, 227.7)(188.0, 311.0)(187.7, 311.0)(187.7, 327.3)(10.0, 327.3)(10.0, 227.7);GATE
Port:(10.0, 241.4)(15.8, 241.4)(15.8, 313.6)(10.0, 313.6);SD
Port:(188.0, 227.7)(188.0, 311.0)(187.7, 311.0)(187.7, 327.3)(18.0, 327.3)(18.0, 227.7);GATE
Port:(177.1, 233.4)(183.3, 233.4)(183.3, 305.3)(177.1, 305.3);SD
Module:M5
Boundary:(505.3, 362.8)(505.3, 412.8)(505.2, 412.8)(505.2, 429.5)(384.8, 429.5)(384.8, 362.8);GATE
Port:(384.8, 375.8)(390.7, 375.8)(390.7, 416.5)(384.8, 416.5);SD
Port:(505.3, 362.8)(505.3, 412.8)(505.2, 412.8)(505.2, 429.5)(393.3, 429.5)(393.3, 362.8);GATE
Port:(495.3, 368.3)(500.8, 368.3)(500.8, 407.3)(495.3, 407.3);SD
Module:M11
Boundary:(203.1, 481.1)(203.1, 574.0)(203.0, 574.0)(203.0, 588.6)(10.0, 588.6)(10.0, 481.1);GATE
Port:(10.0, 495.3)(15.9, 495.3)(15.9, 574.4)(10.0, 574.4);SD
Port:(203.1, 481.1)(203.1, 574.0)(203.0, 574.0)(203.0, 588.6)(17.9, 588.6)(17.9, 481.1);GATE
Port:(191.3, 488.0)(197.2, 488.0)(197.2, 567.1)(191.3, 567.1);SD
Module:M1
Boundary:(609.8, 494.7)(609.8, 566.2)(402.3, 566.2)(402.3, 494.7);GATE
Port:(402.3, 509.0)(407.1, 509.0)(407.1, 551.9)(402.3, 551.9);SD
Port:(609.8, 494.7)(609.8, 566.2)(409.7, 566.2)(409.7, 494.7);GATE
Port:(598.1, 499.7)(605.8, 499.7)(605.8, 561.2)(598.1, 561.2);SD
Module:M6
Boundary:(354.8, 381.3)(354.8, 455.9)(354.8, 455.9)(354.8, 470.4)(223.4, 470.4)(223.4, 381.3);GATE
Port:(223.4, 393.7)(227.6, 393.7)(227.6, 458.0)(223.4, 458.0);SD
Port:(354.8, 381.3)(354.8, 455.9)(354.8, 455.9)(354.8, 470.4)(230.3, 470.4)(230.3, 381.3);GATE
Port:(344.5, 386.8)(350.3, 386.8)(350.3, 450.4)(344.5, 450.4);SD
Module:M2
Boundary:(373.9, 156.1)(494.1, 156.1)(494.1, 322.8)(373.9, 322.8);GATE
Port:(387.6, 318.2)(480.4, 318.2)(480.4, 322.8)(387.6, 322.8);SD
Port:(373.9, 156.1)(494.1, 156.1)(494.1, 316.7)(373.9, 316.7);GATE
Port:(379.8, 161.0)(488.2, 161.0)(488.2, 167.0)(379.8, 167.0);SD
Module:M16
Boundary:(637.5, 142.3)(637.5, 194.2)(576.4, 194.2)(576.4, 208.1)(524.1, 208.1)(524.1, 142.3);GATE
Port:(524.1, 157.2)(528.3, 157.2)(528.3, 193.2)(524.1, 193.2);SD
Port:(637.5, 142.3)(637.5, 194.2)(576.4, 194.2)(576.4, 208.1)(530.6, 208.1)(530.6, 142.3);GATE
Port:(625.2, 149.1)(631.7, 149.1)(631.7, 186.4)(625.2, 186.4);SD
Module:M13
Boundary:(646.8, 10.0)(646.8, 122.3)(510.5, 122.3)(510.5, 10.0);GATE
Port:(510.5, 26.3)(515.6, 26.3)(515.6, 106.0)(510.5, 106.0);SD
Port:(646.8, 10.0)(646.8, 122.3)(517.4, 122.3)(517.4, 10.0);GATE
Port:(633.8, 16.5)(641.3, 16.5)(641.3, 115.8)(633.8, 115.8);SD
Module:M10
Boundary:(203.4, 347.3)(203.4, 461.1)(10.0, 461.1)(10.0, 347.3);GATE
Port:(10.0, 359.8)(15.7, 359.8)(15.7, 448.6)(10.0, 448.6);SD
Port:(203.4, 347.3)(203.4, 461.1)(17.6, 461.1)(17.6, 347.3);GATE
Port:(193.7, 352.8)(198.9, 352.8)(198.9, 455.6)(193.7, 455.6);SD
Module:M7
Boundary:(480.5, 20.0)(480.5, 116.1)(304.6, 116.1)(304.6, 20.0);GATE
Port:(304.6, 33.3)(310.3, 33.3)(310.3, 102.8)(304.6, 102.8);SD
Port:(480.5, 20.0)(480.5, 116.1)(312.7, 116.1)(312.7, 20.0);GATE
Port:(469.5, 25.1)(476.4, 25.1)(476.4, 111.0)(469.5, 111.0);SD
Module:M3
Boundary:(223.4, 247.7)(326.5, 247.7)(326.5, 247.8)(343.9, 247.8)(343.9, 361.3)(223.4, 361.3);GATE
Port:(236.3, 355.6)(331.0, 355.6)(331.0, 361.3)(236.3, 361.3);SD
Port:(223.4, 247.7)(326.5, 247.7)(326.5, 247.8)(343.9, 247.8)(343.9, 353.1)(223.4, 353.1);GATE
Port:(228.8, 252.1)(321.1, 252.1)(321.1, 257.3)(228.8, 257.3);SD
Module:M15
Boundary:(179.1, 131.7)(179.1, 193.2)(178.9, 193.2)(178.9, 207.7)(10.0, 207.7)(10.0, 131.7);GATE
Port:(10.0, 144.2)(15.2, 144.2)(15.2, 195.2)(10.0, 195.2);SD
Port:(179.1, 131.7)(179.1, 193.2)(178.9, 193.2)(178.9, 207.7)(17.2, 207.7)(17.2, 131.7);GATE
Port:(168.2, 137.0)(174.8, 137.0)(174.8, 187.9)(168.2, 187.9);SD
Module:M12
Boundary:(362.3, 490.4)(362.3, 574.4)(223.4, 574.4)(223.4, 490.4);GATE
Port:(223.4, 504.9)(229.4, 504.9)(229.4, 559.9)(223.4, 559.9);SD
Port:(362.3, 490.4)(362.3, 574.4)(230.8, 574.4)(230.8, 490.4);GATE
Port:(350.6, 497.1)(356.6, 497.1)(356.6, 567.7)(350.6, 567.7);SD
Module:M8
Boundary:(333.7, 156.1)(333.7, 217.7)(218.0, 217.7)(218.0, 156.1);GATE
Port:(218.0, 169.2)(222.4, 169.2)(222.4, 204.6)(218.0, 204.6);SD
Port:(333.7, 156.1)(333.7, 217.7)(224.9, 217.7)(224.9, 156.1);GATE
Port:(322.8, 161.9)(328.9, 161.9)(328.9, 211.9)(322.8, 211.9);SD
Module:M4
Boundary:(545.3, 238.1)(621.0, 238.1)(621.0, 238.3)(635.6, 238.3)(635.6, 444.7)(545.3, 444.7);GATE
Port:(558.2, 438.9)(622.7, 438.9)(622.7, 444.7)(558.2, 444.7);SD
Port:(545.3, 238.1)(621.0, 238.1)(621.0, 238.3)(635.6, 238.3)(635.6, 436.8)(545.3, 436.8);GATE
Port:(551.3, 243.1)(615.0, 243.1)(615.0, 249.1)(551.3, 249.1);SD
