Area:(-30.0, -30.0)(626.5, -30.0)(626.5, 527.1)(-30.0, 527.1)
Rule:GATE(5,5);SD(5,5);GATE_SD(0.5);GATE_ITO(0.5);SD_ITO(0.5)
Module:M14
Boundary:(334.1, 213.5)(364.9, 213.5)(364.9, 213.6)(377.9, 213.6)(377.9, 367.8)(334.1, 367.8);GATE
Port:(346.5, 362.3)(365.5, 362.3)(365.5, 367.8)(346.5, 367.8);SD
Port:(334.1, 213.5)(364.9, 213.5)(364.9, 213.6)(377.9, 213.6)(377.9, 360.7)(334.1, 360.7);GATE
Port:(340.8, 219.2)(358.2, 219.2)(358.2, 224.4)(340.8, 224.4);SD
Module:M9
Boundary:(294.1, 193.5)(294.1, 262.2)(122.3, 262.2)(122.3, 193.5);GATE
Port:(122.3, 208.7)(127.0, 208.7)(127.0, 247.0)(122.3, 247.0);SD
Port:(294.1, 193.5)(294.1, 262.2)(129.7, 262.2)(129.7, 193.5);GATE
Port:(281.4, 200.4)(288.2, 200.4)(288.2, 255.3)(281.4, 255.3);SD
Module:M5
Boundary:(575.7, 376.0)(575.7, 487.1)(481.1, 487.1)(481.1, 376.0);GATE
Port:(481.1, 388.3)(486.6, 388.3)(486.6, 474.8)(481.1, 474.8);SD
Port:(575.7, 376.0)(575.7, 487.1)(488.9, 487.1)(488.9, 376.0);GATE
Port:(565.6, 381.3)(571.4, 381.3)(571.4, 481.8)(565.6, 481.8);SD
Module:M11
Boundary:(291.9, 282.2)(291.9, 329.3)(291.7, 329.3)(291.7, 343.3)(78.4, 343.3)(78.4, 282.2);GATE
Port:(78.4, 295.6)(83.5, 295.6)(83.5, 329.9)(78.4, 329.9);SD
Port:(291.9, 282.2)(291.9, 329.3)(291.7, 329.3)(291.7, 343.3)(84.8, 343.3)(84.8, 282.2);GATE
Port:(280.1, 288.1)(287.0, 288.1)(287.0, 323.4)(280.1, 323.4);SD
Module:M1
Boundary:(266.0, 383.3)(266.0, 460.1)(174.1, 460.1)(174.1, 383.3);GATE
Port:(174.1, 395.0)(178.5, 395.0)(178.5, 448.4)(174.1, 448.4);SD
Port:(266.0, 383.3)(266.0, 460.1)(180.8, 460.1)(180.8, 383.3);GATE
Port:(256.9, 388.5)(261.8, 388.5)(261.8, 454.9)(256.9, 454.9);SD
Module:M6
Boundary:(134.1, 399.1)(134.1, 453.1)(134.0, 453.1)(134.0, 471.0)(10.0, 471.0)(10.0, 399.1);GATE
Port:(10.0, 413.3)(15.8, 413.3)(15.8, 456.8)(10.0, 456.8);SD
Port:(134.1, 399.1)(134.1, 453.1)(134.0, 453.1)(134.0, 471.0)(17.5, 471.0)(17.5, 399.1);GATE
Port:(123.1, 405.7)(128.5, 405.7)(128.5, 446.5)(123.1, 446.5);SD
Module:M2
Boundary:(20.0, 20.0)(75.1, 20.0)(75.1, 20.2)(92.3, 20.2)(92.3, 199.6)(20.0, 199.6);GATE
Port:(35.8, 194.4)(76.5, 194.4)(76.5, 199.6)(35.8, 199.6);SD
Port:(20.0, 20.0)(75.1, 20.0)(75.1, 20.2)(92.3, 20.2)(92.3, 192.1)(20.0, 192.1);GATE
Port:(26.1, 25.1)(69.0, 25.1)(69.0, 32.7)(26.1, 32.7);SD
Module:M16
Boundary:(202.1, 102.6)(202.1, 169.1)(122.3, 169.1)(122.3, 102.6);GATE
Port:(122.3, 114.8)(128.2, 114.8)(128.2, 156.9)(122.3, 156.9);SD
Port:(202.1, 102.6)(202.1, 169.1)(130.7, 169.1)(130.7, 102.6);GATE
Port:(193.0, 107.7)(198.0, 107.7)(198.0, 164.0)(193.0, 164.0);SD
Module:M13
Boundary:(272.4, 10.0)(272.4, 68.6)(272.1, 68.6)(272.1, 82.6)(122.3, 82.6)(122.3, 10.0);GATE
Port:(122.3, 22.2)(127.9, 22.2)(127.9, 70.4)(122.3, 70.4);SD
Port:(272.4, 10.0)(272.4, 68.6)(272.1, 68.6)(272.1, 82.6)(129.6, 82.6)(129.6, 10.0);GATE
Port:(262.0, 15.1)(268.3, 15.1)(268.3, 63.5)(262.0, 63.5);SD
Module:M10
Boundary:(10.0, 229.6)(58.4, 229.6)(58.4, 379.1)(10.0, 379.1);GATE
Port:(23.5, 373.3)(44.9, 373.3)(44.9, 379.1)(23.5, 379.1);SD
Port:(10.0, 229.6)(58.4, 229.6)(58.4, 371.8)(10.0, 371.8);GATE
Port:(15.9, 234.5)(52.5, 234.5)(52.5, 240.5)(15.9, 240.5);SD
Module:M7
Boundary:(499.9, 173.3)(577.2, 173.3)(577.2, 336.0)(499.9, 336.0);GATE
Port:(512.0, 330.2)(565.1, 330.2)(565.1, 336.0)(512.0, 336.0);SD
Port:(499.9, 173.3)(577.2, 173.3)(577.2, 329.0)(499.9, 329.0);GATE
Port:(505.1, 177.5)(572.0, 177.5)(572.0, 182.6)(505.1, 182.6);SD
Module:M3
Boundary:(408.2, 102.9)(408.2, 173.5)(222.1, 173.5)(222.1, 102.9);GATE
Port:(222.1, 117.8)(227.2, 117.8)(227.2, 158.6)(222.1, 158.6);SD
Port:(408.2, 102.9)(408.2, 173.5)(229.6, 173.5)(229.6, 102.9);GATE
Port:(395.3, 109.7)(402.4, 109.7)(402.4, 166.7)(395.3, 166.7);SD
Module:M15
Boundary:(524.9, 10.0)(572.5, 10.0)(572.5, 10.0)(586.5, 10.0)(586.5, 143.3)(524.9, 143.3);GATE
Port:(538.2, 138.2)(573.2, 138.2)(573.2, 143.3)(538.2, 143.3);SD
Port:(524.9, 10.0)(572.5, 10.0)(572.5, 10.0)(586.5, 10.0)(586.5, 135.8)(524.9, 135.8);GATE
Port:(531.5, 15.6)(565.9, 15.6)(565.9, 21.4)(531.5, 21.4);SD
Module:M12
Boundary:(417.9, 193.5)(453.1, 193.5)(453.1, 193.6)(469.9, 193.6)(469.9, 333.8)(417.9, 333.8);GATE
Port:(431.6, 328.1)(456.2, 328.1)(456.2, 333.8)(431.6, 333.8);SD
Port:(417.9, 193.5)(453.1, 193.5)(453.1, 193.6)(469.9, 193.6)(469.9, 327.0)(417.9, 327.0);GATE
Port:(423.5, 198.1)(447.5, 198.1)(447.5, 204.6)(423.5, 204.6);SD
Module:M8
Boundary:(441.1, 417.8)(441.1, 481.7)(324.1, 481.7)(324.1, 417.8);GATE
Port:(324.1, 429.8)(328.7, 429.8)(328.7, 469.7)(324.1, 469.7);SD
Port:(441.1, 417.8)(441.1, 481.7)(329.9, 481.7)(329.9, 417.8);GATE
Port:(432.2, 423.2)(436.7, 423.2)(436.7, 476.3)(432.2, 476.3);SD
Module:M4
Boundary:(494.9, 20.0)(494.9, 55.8)(494.9, 55.8)(494.9, 72.9)(302.4, 72.9)(302.4, 20.0);GATE
Port:(302.4, 34.2)(306.6, 34.2)(306.6, 58.7)(302.4, 58.7);SD
Port:(494.9, 20.0)(494.9, 55.8)(494.9, 55.8)(494.9, 72.9)(309.0, 72.9)(309.0, 20.0);GATE
Port:(483.5, 26.7)(489.2, 26.7)(489.2, 49.1)(483.5, 49.1);SD
