Area:(-30.0, -30.0)(415.8, -30.0)(415.8, 945.7)(-30.0, 945.7)
Rule:GATE(5,5);SD(5,5);GATE_SD(0.5);GATE_ITO(0.5);SD_ITO(0.5)
Module:M14
Boundary:(330.9, 446.3)(330.9, 479.9)(330.8, 479.9)(330.8, 495.2)(127.4, 495.2)(127.4, 446.3);GATE
Port:(127.4, 459.5)(132.5, 459.5)(132.5, 482.0)(127.4, 482.0);SD
Port:(330.9, 446.3)(330.9, 479.9)(330.8, 479.9)(330.8, 495.2)(133.6, 495.2)(133.6, 446.3);GATE
Port:(319.7, 451.5)(326.7, 451.5)(326.7, 474.7)(319.7, 474.7);SD
Module:M9
Boundary:(325.1, 160.8)(325.1, 245.2)(239.1, 245.2)(239.1, 160.8);GATE
Port:(239.1, 174.8)(244.3, 174.8)(244.3, 231.2)(239.1, 231.2);SD
Port:(325.1, 160.8)(325.1, 245.2)(247.0, 245.2)(247.0, 160.8);GATE
Port:(313.6, 167.7)(319.2, 167.7)(319.2, 238.3)(313.6, 238.3);SD
Module:M5
Boundary:(20.0, 145.9)(77.4, 145.9)(77.4, 338.8)(20.0, 338.8);GATE
Port:(32.4, 332.9)(65.0, 332.9)(65.0, 338.8)(32.4, 338.8);SD
Port:(20.0, 145.9)(77.4, 145.9)(77.4, 330.1)(20.0, 330.1);GATE
Port:(26.6, 151.5)(70.8, 151.5)(70.8, 156.3)(26.6, 156.3);SD
Module:M11
Boundary:(248.9, 535.2)(248.9, 607.3)(248.5, 607.3)(248.5, 624.9)(103.3, 624.9)(103.3, 535.2);GATE
Port:(103.3, 550.0)(108.5, 550.0)(108.5, 610.1)(103.3, 610.1);SD
Port:(248.9, 535.2)(248.9, 607.3)(248.5, 607.3)(248.5, 624.9)(110.1, 624.9)(110.1, 535.2);GATE
Port:(236.8, 541.2)(243.9, 541.2)(243.9, 601.3)(236.8, 601.3);SD
Module:M1
Boundary:(236.7, 285.2)(355.0, 285.2)(355.0, 377.1)(236.7, 377.1);GATE
Port:(249.4, 372.1)(342.3, 372.1)(342.3, 377.1)(249.4, 377.1);SD
Port:(236.7, 285.2)(355.0, 285.2)(355.0, 370.2)(236.7, 370.2);GATE
Port:(242.3, 289.8)(349.4, 289.8)(349.4, 295.3)(242.3, 295.3);SD
Module:M6
Boundary:(268.9, 535.2)(375.8, 535.2)(375.8, 720.5)(268.9, 720.5);GATE
Port:(281.5, 716.2)(363.2, 716.2)(363.2, 720.5)(281.5, 720.5);SD
Port:(268.9, 535.2)(375.8, 535.2)(375.8, 714.7)(268.9, 714.7);GATE
Port:(274.8, 540.1)(369.9, 540.1)(369.9, 545.9)(274.8, 545.9);SD
Module:M2
Boundary:(117.4, 245.5)(169.5, 245.5)(169.5, 245.8)(186.7, 245.8)(186.7, 396.3)(117.4, 396.3);GATE
Port:(131.4, 391.2)(172.7, 391.2)(172.7, 396.3)(131.4, 396.3);SD
Port:(117.4, 245.5)(169.5, 245.5)(169.5, 245.8)(186.7, 245.8)(186.7, 388.7)(117.4, 388.7);GATE
Port:(122.6, 249.7)(164.3, 249.7)(164.3, 256.8)(122.6, 256.8);SD
Module:M16
Boundary:(219.1, 135.9)(219.1, 200.0)(219.1, 200.0)(219.1, 215.5)(107.4, 215.5)(107.4, 135.9);GATE
Port:(107.4, 148.9)(113.2, 148.9)(113.2, 202.5)(107.4, 202.5);SD
Port:(219.1, 135.9)(219.1, 200.0)(219.1, 200.0)(219.1, 215.5)(114.8, 215.5)(114.8, 135.9);GATE
Port:(208.8, 142.9)(213.1, 142.9)(213.1, 193.0)(208.8, 193.0);SD
Module:M13
Boundary:(299.7, 740.5)(359.6, 740.5)(359.6, 740.8)(373.7, 740.8)(373.7, 905.7)(299.7, 905.7);GATE
Port:(312.3, 901.4)(361.1, 901.4)(361.1, 905.7)(312.3, 905.7);SD
Port:(299.7, 740.5)(359.6, 740.5)(359.6, 740.8)(373.7, 740.8)(373.7, 900.0)(299.7, 900.0);GATE
Port:(306.1, 745.9)(353.2, 745.9)(353.2, 751.5)(306.1, 751.5);SD
Module:M10
Boundary:(197.5, 752.6)(266.8, 752.6)(266.8, 752.6)(279.7, 752.6)(279.7, 891.1)(197.5, 891.1);GATE
Port:(209.6, 886.4)(267.6, 886.4)(267.6, 891.1)(209.6, 891.1);SD
Port:(197.5, 752.6)(266.8, 752.6)(266.8, 752.6)(279.7, 752.6)(279.7, 884.0)(197.5, 884.0);GATE
Port:(203.1, 757.2)(261.2, 757.2)(261.2, 763.0)(203.1, 763.0);SD
Module:M7
Boundary:(231.0, 654.9)(231.0, 722.6)(150.2, 722.6)(150.2, 654.9);GATE
Port:(150.2, 666.0)(154.5, 666.0)(154.5, 711.5)(150.2, 711.5);SD
Port:(231.0, 654.9)(231.0, 722.6)(156.9, 722.6)(156.9, 654.9);GATE
Port:(221.4, 660.6)(226.3, 660.6)(226.3, 716.9)(221.4, 716.9);SD
Module:M3
Boundary:(257.7, 10.0)(334.6, 10.0)(334.6, 10.4)(349.8, 10.4)(349.8, 140.8)(257.7, 140.8);GATE
Port:(270.2, 136.3)(337.3, 136.3)(337.3, 140.8)(270.2, 140.8);SD
Port:(257.7, 10.0)(334.6, 10.0)(334.6, 10.4)(349.8, 10.4)(349.8, 133.5)(257.7, 133.5);GATE
Port:(263.5, 14.8)(328.8, 14.8)(328.8, 19.7)(263.5, 19.7);SD
Module:M15
Boundary:(237.7, 10.0)(237.7, 115.9)(10.0, 115.9)(10.0, 10.0);GATE
Port:(10.0, 22.9)(14.6, 22.9)(14.6, 103.0)(10.0, 103.0);SD
Port:(237.7, 10.0)(237.7, 115.9)(17.6, 115.9)(17.6, 10.0);GATE
Port:(226.9, 16.0)(232.7, 16.0)(232.7, 109.9)(226.9, 109.9);SD
Module:M12
Boundary:(177.5, 837.3)(177.5, 872.8)(177.4, 872.8)(177.4, 887.4)(10.0, 887.4)(10.0, 837.3);GATE
Port:(10.0, 851.6)(14.8, 851.6)(14.8, 873.1)(10.0, 873.1);SD
Port:(177.5, 837.3)(177.5, 872.8)(177.4, 872.8)(177.4, 887.4)(15.8, 887.4)(15.8, 837.3);GATE
Port:(165.1, 844.3)(171.5, 844.3)(171.5, 865.8)(165.1, 865.8);SD
Module:M8
Boundary:(20.0, 654.9)(110.2, 654.9)(110.2, 807.3)(20.0, 807.3);GATE
Port:(32.0, 802.5)(98.2, 802.5)(98.2, 807.3)(32.0, 807.3);SD
Port:(20.0, 654.9)(110.2, 654.9)(110.2, 800.2)(20.0, 800.2);GATE
Port:(25.9, 659.8)(104.3, 659.8)(104.3, 664.7)(25.9, 664.7);SD
Module:M4
Boundary:(20.0, 378.8)(56.1, 378.8)(56.1, 378.9)(73.3, 378.9)(73.3, 556.7)(20.0, 556.7);GATE
Port:(34.7, 551.4)(58.6, 551.4)(58.6, 556.7)(34.7, 556.7);SD
Port:(20.0, 378.8)(56.1, 378.8)(56.1, 378.9)(73.3, 378.9)(73.3, 548.6)(20.0, 548.6);GATE
Port:(25.2, 383.0)(50.9, 383.0)(50.9, 390.6)(25.2, 390.6);SD
