Area:(-30.0, -30.0)(432.0, -30.0)(432.0, 1005.3)(-30.0, 1005.3)
Rule:GATE(5,5);SD(5,5);GATE_SD(0.5);GATE_ITO(0.5);SD_ITO(0.5)
Module:M14
Boundary:(344.4, 375.3)(344.4, 470.4)(344.4, 470.4)(344.4, 485.3)(179.7, 485.3)(179.7, 375.3);GATE
Port:(179.7, 389.7)(185.2, 389.7)(185.2, 470.9)(179.7, 470.9);SD
Port:(344.4, 375.3)(344.4, 470.4)(344.4, 470.4)(344.4, 485.3)(186.5, 485.3)(186.5, 375.3);GATE
Port:(332.2, 382.3)(338.4, 382.3)(338.4, 463.4)(332.2, 463.4);SD
Module:M9
Boundary:(328.7, 878.4)(328.7, 955.3)(210.3, 955.3)(210.3, 878.4);GATE
Port:(210.3, 892.0)(214.9, 892.0)(214.9, 941.7)(210.3, 941.7);SD
Port:(328.7, 878.4)(328.7, 955.3)(216.0, 955.3)(216.0, 878.4);GATE
Port:(317.1, 884.6)(323.5, 884.6)(323.5, 949.1)(317.1, 949.1);SD
Module:M5
Boundary:(282.9, 208.8)(282.9, 309.1)(282.5, 309.1)(282.5, 325.3)(165.7, 325.3)(165.7, 208.8);GATE
Port:(165.7, 223.2)(170.6, 223.2)(170.6, 310.9)(165.7, 310.9);SD
Port:(282.9, 208.8)(282.9, 309.1)(282.5, 309.1)(282.5, 325.3)(172.3, 325.3)(172.3, 208.8);GATE
Port:(271.0, 215.1)(277.6, 215.1)(277.6, 302.8)(271.0, 302.8);SD
Module:M11
Boundary:(135.7, 10.0)(135.7, 114.0)(135.3, 114.0)(135.3, 131.0)(10.0, 131.0)(10.0, 10.0);GATE
Port:(10.0, 24.8)(14.3, 24.8)(14.3, 116.2)(10.0, 116.2);SD
Port:(135.7, 10.0)(135.7, 114.0)(135.3, 114.0)(135.3, 131.0)(16.8, 131.0)(16.8, 10.0);GATE
Port:(124.2, 16.6)(130.1, 16.6)(130.1, 107.4)(124.2, 107.4);SD
Module:M1
Boundary:(248.7, 747.0)(248.7, 820.1)(248.3, 820.1)(248.3, 838.4)(30.0, 838.4)(30.0, 747.0);GATE
Port:(30.0, 761.4)(36.0, 761.4)(36.0, 824.0)(30.0, 824.0);SD
Port:(248.7, 747.0)(248.7, 820.1)(248.3, 820.1)(248.3, 838.4)(38.0, 838.4)(38.0, 747.0);GATE
Port:(237.8, 753.7)(243.0, 753.7)(243.0, 813.4)(237.8, 813.4);SD
Module:M6
Boundary:(288.7, 647.7)(375.8, 647.7)(375.8, 648.1)(392.0, 648.1)(392.0, 857.5)(288.7, 857.5);GATE
Port:(304.1, 852.1)(376.6, 852.1)(376.6, 857.5)(304.1, 857.5);SD
Port:(288.7, 647.7)(375.8, 647.7)(375.8, 648.1)(392.0, 648.1)(392.0, 849.4)(288.7, 849.4);GATE
Port:(295.5, 653.5)(369.0, 653.5)(369.0, 661.3)(295.5, 661.3);SD
Module:M2
Boundary:(367.1, 20.0)(367.1, 99.3)(292.3, 99.3)(292.3, 20.0);GATE
Port:(292.3, 32.7)(297.2, 32.7)(297.2, 86.6)(292.3, 86.6);SD
Port:(367.1, 20.0)(367.1, 99.3)(298.9, 99.3)(298.9, 20.0);GATE
Port:(356.9, 25.4)(362.7, 25.4)(362.7, 93.9)(356.9, 93.9);SD
Module:M16
Boundary:(155.7, 10.0)(247.1, 10.0)(247.1, 10.3)(262.3, 10.3)(262.3, 178.8)(155.7, 178.8);GATE
Port:(168.0, 173.8)(250.0, 173.8)(250.0, 178.8)(168.0, 178.8);SD
Port:(155.7, 10.0)(247.1, 10.0)(247.1, 10.3)(262.3, 10.3)(262.3, 171.0)(155.7, 171.0);GATE
Port:(161.5, 14.8)(241.3, 14.8)(241.3, 19.6)(161.5, 19.6);SD
Module:M13
Boundary:(130.9, 452.3)(130.9, 520.8)(10.0, 520.8)(10.0, 452.3);GATE
Port:(10.0, 466.5)(15.3, 466.5)(15.3, 506.6)(10.0, 506.6);SD
Port:(130.9, 452.3)(130.9, 520.8)(16.6, 520.8)(16.6, 452.3);GATE
Port:(119.7, 459.1)(125.1, 459.1)(125.1, 514.0)(119.7, 514.0);SD
Module:M10
Boundary:(312.9, 129.3)(362.8, 129.3)(362.8, 129.3)(378.9, 129.3)(378.9, 296.1)(312.9, 296.1);GATE
Port:(326.1, 291.9)(365.7, 291.9)(365.7, 296.1)(326.1, 296.1);SD
Port:(312.9, 129.3)(362.8, 129.3)(362.8, 129.3)(378.9, 129.3)(378.9, 289.2)(312.9, 289.2);GATE
Port:(318.0, 133.4)(357.7, 133.4)(357.7, 140.4)(318.0, 140.4);SD
Module:M7
Boundary:(356.0, 535.3)(356.0, 601.7)(355.7, 601.7)(355.7, 617.7)(160.9, 617.7)(160.9, 535.3);GATE
Port:(160.9, 549.2)(165.7, 549.2)(165.7, 603.8)(160.9, 603.8);SD
Port:(356.0, 535.3)(356.0, 601.7)(355.7, 601.7)(355.7, 617.7)(167.4, 617.7)(167.4, 535.3);GATE
Port:(344.4, 540.9)(351.4, 540.9)(351.4, 596.1)(344.4, 596.1);SD
Module:M3
Boundary:(268.7, 647.7)(268.7, 678.9)(268.5, 678.9)(268.5, 692.9)(150.9, 692.9)(150.9, 647.7);GATE
Port:(150.9, 659.9)(156.2, 659.9)(156.2, 680.7)(150.9, 680.7);SD
Port:(268.7, 647.7)(268.7, 678.9)(268.5, 678.9)(268.5, 692.9)(158.2, 692.9)(158.2, 647.7);GATE
Port:(258.2, 653.1)(264.3, 653.1)(264.3, 673.5)(258.2, 673.5);SD
Module:M15
Boundary:(190.3, 878.4)(190.3, 947.6)(190.3, 947.6)(190.3, 965.3)(10.0, 965.3)(10.0, 878.4);GATE
Port:(10.0, 891.4)(14.9, 891.4)(14.9, 952.3)(10.0, 952.3);SD
Port:(190.3, 878.4)(190.3, 947.6)(190.3, 947.6)(190.3, 965.3)(16.0, 965.3)(16.0, 878.4);GATE
Port:(180.7, 883.5)(186.2, 883.5)(186.2, 942.5)(180.7, 942.5);SD
Module:M12
Boundary:(139.7, 374.6)(139.7, 432.3)(10.0, 432.3)(10.0, 374.6);GATE
Port:(10.0, 387.0)(14.1, 387.0)(14.1, 419.9)(10.0, 419.9);SD
Port:(139.7, 374.6)(139.7, 432.3)(15.5, 432.3)(15.5, 374.6);GATE
Port:(129.4, 381.2)(134.1, 381.2)(134.1, 425.7)(129.4, 425.7);SD
Module:M8
Boundary:(20.0, 550.8)(103.5, 550.8)(103.5, 550.8)(119.0, 550.8)(119.0, 697.0)(20.0, 697.0);GATE
Port:(34.6, 691.3)(104.4, 691.3)(104.4, 697.0)(34.6, 697.0);SD
Port:(20.0, 550.8)(103.5, 550.8)(103.5, 550.8)(119.0, 550.8)(119.0, 689.4)(20.0, 689.4);GATE
Port:(26.8, 556.6)(96.7, 556.6)(96.7, 563.6)(26.8, 563.6);SD
Module:M4
Boundary:(20.0, 161.0)(125.5, 161.0)(125.5, 344.6)(20.0, 344.6);GATE
Port:(31.6, 339.4)(113.9, 339.4)(113.9, 344.6)(31.6, 344.6);SD
Port:(20.0, 161.0)(125.5, 161.0)(125.5, 337.3)(20.0, 337.3);GATE
Port:(25.8, 165.8)(119.7, 165.8)(119.7, 170.6)(25.8, 170.6);SD
