Area:(-30.0, -30.0)(620.5, -30.0)(620.5, 658.0)(-30.0, 658.0)
Rule:GATE(5,5);SD(5,5);GATE_SD(0.5);GATE_ITO(0.5);SD_ITO(0.5)
Module:M14
Boundary:(30.0, 500.0)(151.5, 500.0)(151.5, 599.8)(30.0, 599.8);GATE
Port:(43.9, 595.3)(137.6, 595.3)(137.6, 599.8)(43.9, 599.8);SD
Port:(30.0, 500.0)(151.5, 500.0)(151.5, 593.3)(30.0, 593.3);GATE
Port:(35.0, 504.0)(146.5, 504.0)(146.5, 510.7)(35.0, 510.7);SD
Module:M9
Boundary:(470.8, 573.8)(470.8, 604.9)(470.8, 604.9)(470.8, 618.0)(328.5, 618.0)(328.5, 573.8);GATE
Port:(328.5, 586.2)(334.3, 586.2)(334.3, 605.6)(328.5, 605.6);SD
Port:(470.8, 573.8)(470.8, 604.9)(470.8, 604.9)(470.8, 618.0)(336.7, 618.0)(336.7, 573.8);GATE
Port:(460.0, 579.1)(466.5, 579.1)(466.5, 599.6)(460.0, 599.6);SD
Module:M5
Boundary:(466.7, 448.2)(466.7, 524.6)(466.4, 524.6)(466.4, 543.8)(338.5, 543.8)(338.5, 448.2);GATE
Port:(338.5, 463.5)(343.7, 463.5)(343.7, 528.5)(338.5, 528.5);SD
Port:(466.7, 448.2)(466.7, 524.6)(466.4, 524.6)(466.4, 543.8)(345.4, 543.8)(345.4, 448.2);GATE
Port:(454.9, 454.1)(461.8, 454.1)(461.8, 518.7)(454.9, 518.7);SD
Module:M11
Boundary:(462.8, 148.8)(564.4, 148.8)(564.4, 149.1)(580.5, 149.1)(580.5, 358.0)(462.8, 358.0);GATE
Port:(477.9, 352.1)(565.4, 352.1)(565.4, 358.0)(477.9, 358.0);SD
Port:(462.8, 148.8)(564.4, 148.8)(564.4, 149.1)(580.5, 149.1)(580.5, 350.5)(462.8, 350.5);GATE
Port:(469.2, 154.2)(558.0, 154.2)(558.0, 161.8)(469.2, 161.8);SD
Module:M1
Boundary:(171.3, 239.5)(171.3, 322.9)(30.0, 322.9)(30.0, 239.5);GATE
Port:(30.0, 253.2)(34.4, 253.2)(34.4, 309.2)(30.0, 309.2);SD
Port:(171.3, 239.5)(171.3, 322.9)(35.7, 322.9)(35.7, 239.5);GATE
Port:(159.5, 245.7)(166.1, 245.7)(166.1, 316.7)(159.5, 316.7);SD
Module:M6
Boundary:(308.0, 382.5)(308.0, 432.4)(307.9, 432.4)(307.9, 449.2)(182.0, 449.2)(182.0, 382.5);GATE
Port:(182.0, 395.2)(186.8, 395.2)(186.8, 436.5)(182.0, 436.5);SD
Port:(308.0, 382.5)(308.0, 432.4)(307.9, 432.4)(307.9, 449.2)(188.4, 449.2)(188.4, 382.5);GATE
Port:(298.0, 388.7)(302.8, 388.7)(302.8, 426.2)(298.0, 426.2);SD
Module:M2
Boundary:(152.0, 372.9)(152.0, 435.6)(152.0, 435.6)(152.0, 450.0)(20.0, 450.0)(20.0, 372.9);GATE
Port:(20.0, 386.6)(25.9, 386.6)(25.9, 436.3)(20.0, 436.3);SD
Port:(152.0, 372.9)(152.0, 435.6)(152.0, 435.6)(152.0, 450.0)(28.3, 450.0)(28.3, 372.9);GATE
Port:(140.0, 378.9)(147.0, 378.9)(147.0, 429.6)(140.0, 429.6);SD
Module:M16
Boundary:(10.0, 10.0)(122.4, 10.0)(122.4, 199.5)(10.0, 199.5);GATE
Port:(26.8, 195.2)(105.6, 195.2)(105.6, 199.5)(26.8, 199.5);SD
Port:(10.0, 10.0)(122.4, 10.0)(122.4, 192.3)(10.0, 192.3);GATE
Port:(16.9, 15.9)(115.5, 15.9)(115.5, 23.6)(16.9, 23.6);SD
Module:M13
Boundary:(496.7, 378.0)(578.2, 378.0)(578.2, 562.1)(496.7, 562.1);GATE
Port:(511.5, 556.6)(563.4, 556.6)(563.4, 562.1)(511.5, 562.1);SD
Port:(496.7, 378.0)(578.2, 378.0)(578.2, 555.2)(496.7, 555.2);GATE
Port:(503.3, 383.6)(571.6, 383.6)(571.6, 390.3)(503.3, 390.3);SD
Module:M10
Boundary:(462.8, 10.0)(553.1, 10.0)(553.1, 10.3)(567.5, 10.3)(567.5, 128.8)(462.8, 128.8);GATE
Port:(475.9, 123.4)(554.4, 123.4)(554.4, 128.8)(475.9, 128.8);SD
Port:(462.8, 10.0)(553.1, 10.0)(553.1, 10.3)(567.5, 10.3)(567.5, 120.5)(462.8, 120.5);GATE
Port:(468.7, 14.9)(547.2, 14.9)(547.2, 20.7)(468.7, 20.7);SD
Module:M7
Boundary:(355.7, 20.0)(432.8, 20.0)(432.8, 246.2)(355.7, 246.2);GATE
Port:(369.3, 241.7)(419.2, 241.7)(419.2, 246.2)(369.3, 246.2);SD
Port:(355.7, 20.0)(432.8, 20.0)(432.8, 240.1)(355.7, 240.1);GATE
Port:(362.0, 25.3)(426.5, 25.3)(426.5, 31.2)(362.0, 31.2);SD
Module:M3
Boundary:(142.4, 10.0)(217.6, 10.0)(217.6, 132.1)(142.4, 132.1);GATE
Port:(154.4, 126.2)(205.6, 126.2)(205.6, 132.1)(154.4, 132.1);SD
Port:(142.4, 10.0)(217.6, 10.0)(217.6, 123.6)(142.4, 123.6);GATE
Port:(148.2, 14.8)(211.8, 14.8)(211.8, 20.3)(148.2, 20.3);SD
Module:M15
Boundary:(211.3, 152.1)(292.3, 152.1)(292.3, 152.2)(308.5, 152.2)(308.5, 362.5)(211.3, 362.5);GATE
Port:(224.4, 358.3)(295.4, 358.3)(295.4, 362.5)(224.4, 362.5);SD
Port:(211.3, 152.1)(292.3, 152.1)(292.3, 152.2)(308.5, 152.2)(308.5, 355.5)(211.3, 355.5);GATE
Port:(216.9, 156.7)(286.7, 156.7)(286.7, 162.5)(216.9, 162.5);SD
Module:M12
Boundary:(345.7, 276.2)(427.1, 276.2)(427.1, 276.4)(442.2, 276.4)(442.2, 418.2)(345.7, 418.2);GATE
Port:(360.7, 414.1)(427.2, 414.1)(427.2, 418.2)(360.7, 418.2);SD
Port:(345.7, 276.2)(427.1, 276.2)(427.1, 276.4)(442.2, 276.4)(442.2, 412.0)(345.7, 412.0);GATE
Port:(352.3, 281.8)(420.5, 281.8)(420.5, 289.2)(352.3, 289.2);SD
Module:M8
Boundary:(201.5, 479.2)(290.2, 479.2)(290.2, 611.1)(201.5, 611.1);GATE
Port:(214.1, 606.0)(277.6, 606.0)(277.6, 611.1)(214.1, 611.1);SD
Port:(201.5, 479.2)(290.2, 479.2)(290.2, 604.7)(201.5, 604.7);GATE
Port:(206.7, 483.4)(285.0, 483.4)(285.0, 489.7)(206.7, 489.7);SD
Module:M4
Boundary:(247.6, 20.0)(315.7, 20.0)(315.7, 111.2)(247.6, 111.2);GATE
Port:(262.8, 105.8)(300.5, 105.8)(300.5, 111.2)(262.8, 111.2);SD
Port:(247.6, 20.0)(315.7, 20.0)(315.7, 102.9)(247.6, 102.9);GATE
Port:(254.3, 25.7)(309.0, 25.7)(309.0, 33.1)(254.3, 33.1);SD
