Area:(-30.0, -30.0)(833.8, -30.0)(833.8, 453.1)(-30.0, 453.1)
Rule:GATE(5,5);SD(5,5);GATE_SD(0.5);GATE_ITO(0.5);SD_ITO(0.5)
Module:M14
Boundary:(647.2, 329.2)(647.2, 399.1)(507.5, 399.1)(507.5, 329.2);GATE
Port:(507.5, 343.4)(513.1, 343.4)(513.1, 384.9)(507.5, 384.9);SD
Port:(647.2, 329.2)(647.2, 399.1)(515.4, 399.1)(515.4, 329.2);GATE
Port:(635.0, 335.4)(642.0, 335.4)(642.0, 392.9)(635.0, 392.9);SD
Module:M9
Boundary:(504.0, 10.0)(565.3, 10.0)(565.3, 161.3)(504.0, 161.3);GATE
Port:(516.8, 156.2)(552.5, 156.2)(552.5, 161.3)(516.8, 161.3);SD
Port:(504.0, 10.0)(565.3, 10.0)(565.3, 153.3)(504.0, 153.3);GATE
Port:(510.4, 15.4)(558.9, 15.4)(558.9, 21.3)(510.4, 21.3);SD
Module:M5
Boundary:(110.1, 345.4)(110.1, 393.2)(110.1, 393.2)(110.1, 408.0)(20.0, 408.0)(20.0, 345.4);GATE
Port:(20.0, 358.0)(24.3, 358.0)(24.3, 395.4)(20.0, 395.4);SD
Port:(110.1, 345.4)(110.1, 393.2)(110.1, 393.2)(110.1, 408.0)(26.5, 408.0)(26.5, 345.4);GATE
Port:(99.4, 351.9)(104.6, 351.9)(104.6, 386.7)(99.4, 386.7);SD
Module:M11
Boundary:(687.2, 194.3)(776.5, 194.3)(776.5, 194.7)(793.8, 194.7)(793.8, 402.0)(687.2, 402.0);GATE
Port:(702.7, 397.9)(778.3, 397.9)(778.3, 402.0)(702.7, 402.0);SD
Port:(687.2, 194.3)(776.5, 194.3)(776.5, 194.7)(793.8, 194.7)(793.8, 396.5)(687.2, 396.5);GATE
Port:(693.2, 199.3)(770.5, 199.3)(770.5, 206.5)(693.2, 206.5);SD
Module:M1
Boundary:(201.2, 30.0)(201.2, 83.3)(201.0, 83.3)(201.0, 99.8)(113.5, 99.8)(113.5, 30.0);GATE
Port:(113.5, 44.9)(118.1, 44.9)(118.1, 84.9)(113.5, 84.9);SD
Port:(201.2, 30.0)(201.2, 83.3)(201.0, 83.3)(201.0, 99.8)(119.6, 99.8)(119.6, 30.0);GATE
Port:(188.9, 36.6)(195.6, 36.6)(195.6, 76.7)(188.9, 76.7);SD
Module:M6
Boundary:(585.3, 10.0)(650.3, 10.0)(650.3, 151.9)(585.3, 151.9);GATE
Port:(599.3, 146.7)(636.3, 146.7)(636.3, 151.9)(599.3, 151.9);SD
Port:(585.3, 10.0)(650.3, 10.0)(650.3, 145.0)(585.3, 145.0);GATE
Port:(592.2, 15.9)(643.4, 15.9)(643.4, 22.4)(592.2, 22.4);SD
Module:M2
Boundary:(188.6, 239.8)(188.6, 290.1)(188.5, 290.1)(188.5, 305.4)(20.0, 305.4)(20.0, 239.8);GATE
Port:(20.0, 254.2)(25.8, 254.2)(25.8, 291.0)(20.0, 291.0);SD
Port:(188.6, 239.8)(188.6, 290.1)(188.5, 290.1)(188.5, 305.4)(28.1, 305.4)(28.1, 239.8);GATE
Port:(176.5, 246.6)(182.8, 246.6)(182.8, 283.3)(176.5, 283.3);SD
Module:M16
Boundary:(10.0, 10.0)(73.5, 10.0)(73.5, 120.2)(10.0, 120.2);GATE
Port:(23.5, 114.8)(60.0, 114.8)(60.0, 120.2)(23.5, 120.2);SD
Port:(10.0, 10.0)(73.5, 10.0)(73.5, 113.4)(10.0, 113.4);GATE
Port:(15.3, 14.3)(68.2, 14.3)(68.2, 21.5)(15.3, 21.5);SD
Module:M13
Boundary:(401.0, 10.0)(484.0, 10.0)(484.0, 215.9)(401.0, 215.9);GATE
Port:(414.8, 210.1)(470.2, 210.1)(470.2, 215.9)(414.8, 215.9);SD
Port:(401.0, 10.0)(484.0, 10.0)(484.0, 207.8)(401.0, 207.8);GATE
Port:(407.9, 15.9)(477.1, 15.9)(477.1, 20.7)(407.9, 20.7);SD
Module:M10
Boundary:(381.0, 10.0)(381.0, 85.7)(241.2, 85.7)(241.2, 10.0);GATE
Port:(241.2, 21.7)(246.1, 21.7)(246.1, 74.0)(241.2, 74.0);SD
Port:(381.0, 10.0)(381.0, 85.7)(247.1, 85.7)(247.1, 10.0);GATE
Port:(371.2, 15.8)(376.2, 15.8)(376.2, 79.9)(371.2, 79.9);SD
Module:M7
Boundary:(371.5, 245.9)(457.5, 245.9)(457.5, 368.9)(371.5, 368.9);GATE
Port:(386.2, 364.3)(442.8, 364.3)(442.8, 368.9)(386.2, 368.9);SD
Port:(371.5, 245.9)(457.5, 245.9)(457.5, 362.6)(371.5, 362.6);GATE
Port:(377.8, 251.2)(451.2, 251.2)(451.2, 257.6)(377.8, 257.6);SD
Module:M3
Boundary:(377.5, 105.7)(377.5, 180.8)(377.2, 180.8)(377.2, 195.0)(241.2, 195.0)(241.2, 105.7);GATE
Port:(241.2, 118.8)(245.5, 118.8)(245.5, 181.9)(241.2, 181.9);SD
Port:(377.5, 105.7)(377.5, 180.8)(377.2, 180.8)(377.2, 195.0)(248.1, 195.0)(248.1, 105.7);GATE
Port:(366.1, 112.6)(371.6, 112.6)(371.6, 173.9)(366.1, 173.9);SD
Module:M15
Boundary:(219.1, 140.2)(219.1, 193.1)(218.9, 193.1)(218.9, 209.8)(10.0, 209.8)(10.0, 140.2);GATE
Port:(10.0, 155.1)(14.0, 155.1)(14.0, 194.9)(10.0, 194.9);SD
Port:(219.1, 140.2)(219.1, 193.1)(218.9, 193.1)(218.9, 209.8)(15.5, 209.8)(15.5, 140.2);GATE
Port:(207.3, 146.3)(214.0, 146.3)(214.0, 187.0)(207.3, 187.0);SD
Module:M12
Boundary:(645.2, 181.3)(645.2, 271.3)(644.7, 271.3)(644.7, 289.2)(504.0, 289.2)(504.0, 181.3);GATE
Port:(504.0, 195.9)(509.2, 195.9)(509.2, 274.6)(504.0, 274.6);SD
Port:(645.2, 181.3)(645.2, 271.3)(644.7, 271.3)(644.7, 289.2)(510.6, 289.2)(510.6, 181.3);GATE
Port:(634.1, 187.5)(640.0, 187.5)(640.0, 265.1)(634.1, 265.1);SD
Module:M8
Boundary:(680.3, 20.0)(786.8, 20.0)(786.8, 164.3)(680.3, 164.3);GATE
Port:(692.3, 158.5)(774.8, 158.5)(774.8, 164.3)(692.3, 164.3);SD
Port:(680.3, 20.0)(786.8, 20.0)(786.8, 155.9)(680.3, 155.9);GATE
Port:(685.9, 24.6)(781.2, 24.6)(781.2, 29.9)(685.9, 29.9);SD
Module:M4
Boundary:(228.6, 239.8)(315.0, 239.8)(315.0, 239.9)(331.5, 239.9)(331.5, 413.1)(228.6, 413.1);GATE
Port:(243.2, 408.7)(316.9, 408.7)(316.9, 413.1)(243.2, 413.1);SD
Port:(228.6, 239.8)(315.0, 239.8)(315.0, 239.9)(331.5, 239.9)(331.5, 406.2)(228.6, 406.2);GATE
Port:(235.3, 245.5)(308.3, 245.5)(308.3, 252.3)(235.3, 252.3);SD
