Area:(-30.0, -30.0)(524.4, -30.0)(524.4, 699.4)(-30.0, 699.4)
Rule:GATE(5,5);SD(5,5);GATE_SD(0.5);GATE_ITO(0.5);SD_ITO(0.5)
Module:M14
Boundary:(417.3, 30.0)(467.5, 30.0)(467.5, 152.8)(417.3, 152.8);GATE
Port:(430.7, 147.3)(454.1, 147.3)(454.1, 152.8)(430.7, 152.8);SD
Port:(417.3, 30.0)(467.5, 30.0)(467.5, 144.6)(417.3, 144.6);GATE
Port:(423.4, 35.1)(461.4, 35.1)(461.4, 41.0)(423.4, 41.0);SD
Module:M9
Boundary:(297.9, 417.9)(297.9, 540.4)(164.2, 540.4)(164.2, 417.9);GATE
Port:(164.2, 432.5)(168.3, 432.5)(168.3, 525.8)(164.2, 525.8);SD
Port:(297.9, 417.9)(297.9, 540.4)(170.7, 540.4)(170.7, 417.9);GATE
Port:(286.6, 424.4)(292.4, 424.4)(292.4, 533.9)(286.6, 533.9);SD
Module:M5
Boundary:(20.0, 20.0)(54.3, 20.0)(54.3, 20.1)(70.8, 20.1)(70.8, 198.8)(20.0, 198.8);GATE
Port:(33.5, 193.9)(57.3, 193.9)(57.3, 198.8)(33.5, 198.8);SD
Port:(20.0, 20.0)(54.3, 20.0)(54.3, 20.1)(70.8, 20.1)(70.8, 191.9)(20.0, 191.9);GATE
Port:(25.6, 24.6)(48.7, 24.6)(48.7, 30.7)(25.6, 30.7);SD
Module:M11
Boundary:(296.4, 560.4)(296.4, 652.3)(127.8, 652.3)(127.8, 560.4);GATE
Port:(127.8, 573.6)(132.8, 573.6)(132.8, 639.1)(127.8, 639.1);SD
Port:(296.4, 560.4)(296.4, 652.3)(134.0, 652.3)(134.0, 560.4);GATE
Port:(285.7, 565.6)(292.2, 565.6)(292.2, 647.1)(285.7, 647.1);SD
Module:M1
Boundary:(439.4, 397.7)(439.4, 469.0)(439.0, 469.0)(439.0, 486.4)(337.9, 486.4)(337.9, 397.7);GATE
Port:(337.9, 412.8)(342.5, 412.8)(342.5, 471.3)(337.9, 471.3);SD
Port:(439.4, 397.7)(439.4, 469.0)(439.0, 469.0)(439.0, 486.4)(344.1, 486.4)(344.1, 397.7);GATE
Port:(427.4, 404.0)(434.1, 404.0)(434.1, 462.7)(427.4, 462.7);SD
Module:M6
Boundary:(282.2, 329.4)(282.2, 380.3)(282.2, 380.3)(282.2, 397.9)(138.2, 397.9)(138.2, 329.4);GATE
Port:(138.2, 342.5)(143.0, 342.5)(143.0, 384.8)(138.2, 384.8);SD
Port:(282.2, 329.4)(282.2, 380.3)(282.2, 380.3)(282.2, 397.9)(146.0, 397.9)(146.0, 329.4);GATE
Port:(272.6, 335.0)(277.6, 335.0)(277.6, 374.7)(272.6, 374.7);SD
Module:M2
Boundary:(110.8, 84.9)(180.0, 84.9)(180.0, 85.2)(197.5, 85.2)(197.5, 208.6)(110.8, 208.6);GATE
Port:(124.5, 202.9)(183.8, 202.9)(183.8, 208.6)(124.5, 208.6);SD
Port:(110.8, 84.9)(180.0, 84.9)(180.0, 85.2)(197.5, 85.2)(197.5, 201.0)(110.8, 201.0);GATE
Port:(116.5, 89.6)(174.3, 89.6)(174.3, 95.3)(116.5, 95.3);SD
Module:M16
Boundary:(226.8, 238.6)(226.8, 291.8)(226.5, 291.8)(226.5, 309.4)(10.0, 309.4)(10.0, 238.6);GATE
Port:(10.0, 252.8)(15.5, 252.8)(15.5, 295.2)(10.0, 295.2);SD
Port:(226.8, 238.6)(226.8, 291.8)(226.5, 291.8)(226.5, 309.4)(17.8, 309.4)(17.8, 238.6);GATE
Port:(215.9, 245.5)(220.9, 245.5)(220.9, 284.9)(215.9, 284.9);SD
Module:M13
Boundary:(484.4, 526.4)(484.4, 659.4)(317.9, 659.4)(317.9, 526.4);GATE
Port:(317.9, 540.8)(323.5, 540.8)(323.5, 645.0)(317.9, 645.0);SD
Port:(484.4, 526.4)(484.4, 659.4)(324.7, 659.4)(324.7, 526.4);GATE
Port:(473.3, 531.7)(480.1, 531.7)(480.1, 654.1)(473.3, 654.1);SD
Module:M10
Boundary:(302.2, 277.5)(390.5, 277.5)(390.5, 357.7)(302.2, 357.7);GATE
Port:(316.6, 352.0)(376.1, 352.0)(376.1, 357.7)(316.6, 357.7);SD
Port:(302.2, 277.5)(390.5, 277.5)(390.5, 349.8)(302.2, 349.8);GATE
Port:(307.9, 282.2)(384.8, 282.2)(384.8, 289.3)(307.9, 289.3);SD
Module:M7
Boundary:(97.8, 563.0)(97.8, 611.8)(97.7, 611.8)(97.7, 626.9)(20.0, 626.9)(20.0, 563.0);GATE
Port:(20.0, 576.8)(24.8, 576.8)(24.8, 613.1)(20.0, 613.1);SD
Port:(97.8, 563.0)(97.8, 611.8)(97.7, 611.8)(97.7, 626.9)(26.0, 626.9)(26.0, 563.0);GATE
Port:(86.2, 569.4)(92.4, 569.4)(92.4, 605.4)(86.2, 605.4);SD
Module:M3
Boundary:(144.2, 462.1)(144.2, 519.5)(143.9, 519.5)(143.9, 533.0)(10.0, 533.0)(10.0, 462.1);GATE
Port:(10.0, 474.2)(15.5, 474.2)(15.5, 520.9)(10.0, 520.9);SD
Port:(144.2, 462.1)(144.2, 519.5)(143.9, 519.5)(143.9, 533.0)(17.0, 533.0)(17.0, 462.1);GATE
Port:(134.2, 468.4)(138.9, 468.4)(138.9, 513.2)(134.2, 513.2);SD
Module:M15
Boundary:(410.5, 192.8)(461.7, 192.8)(461.7, 192.9)(479.7, 192.9)(479.7, 344.1)(410.5, 344.1);GATE
Port:(423.2, 338.8)(467.0, 338.8)(467.0, 344.1)(423.2, 344.1);SD
Port:(410.5, 192.8)(461.7, 192.8)(461.7, 192.9)(479.7, 192.9)(479.7, 336.1)(410.5, 336.1);GATE
Port:(416.1, 197.4)(456.1, 197.4)(456.1, 202.1)(416.1, 202.1);SD
Module:M12
Boundary:(244.0, 10.0)(244.0, 54.9)(100.8, 54.9)(100.8, 10.0);GATE
Port:(100.8, 22.2)(105.3, 22.2)(105.3, 42.7)(100.8, 42.7);SD
Port:(244.0, 10.0)(244.0, 54.9)(106.9, 54.9)(106.9, 10.0);GATE
Port:(233.4, 15.1)(239.9, 15.1)(239.9, 49.8)(233.4, 49.8);SD
Module:M8
Boundary:(256.8, 84.9)(367.3, 84.9)(367.3, 247.5)(256.8, 247.5);GATE
Port:(272.9, 243.4)(351.2, 243.4)(351.2, 247.5)(272.9, 247.5);SD
Port:(256.8, 84.9)(367.3, 84.9)(367.3, 242.1)(256.8, 242.1);GATE
Port:(263.6, 90.7)(360.5, 90.7)(360.5, 98.2)(263.6, 98.2);SD
Module:M4
Boundary:(20.0, 339.4)(91.1, 339.4)(91.1, 339.7)(108.2, 339.7)(108.2, 432.1)(20.0, 432.1);GATE
Port:(35.4, 427.2)(92.8, 427.2)(92.8, 432.1)(35.4, 432.1);SD
Port:(20.0, 339.4)(91.1, 339.4)(91.1, 339.7)(108.2, 339.7)(108.2, 425.2)(20.0, 425.2);GATE
Port:(26.0, 344.4)(85.1, 344.4)(85.1, 351.5)(26.0, 351.5);SD
