Area:(-30.0, -30.0)(721.6, -30.0)(721.6, 537.5)(-30.0, 537.5)
Rule:GATE(5,5);SD(5,5);GATE_SD(0.5);GATE_ITO(0.5);SD_ITO(0.5)
Module:M14
Boundary:(30.0, 308.8)(90.4, 308.8)(90.4, 308.9)(105.2, 308.9)(105.2, 459.0)(30.0, 459.0);GATE
Port:(41.4, 453.1)(93.8, 453.1)(93.8, 459.0)(41.4, 459.0);SD
Port:(30.0, 308.8)(90.4, 308.8)(90.4, 308.9)(105.2, 308.9)(105.2, 451.5)(30.0, 451.5);GATE
Port:(36.1, 313.9)(84.3, 313.9)(84.3, 318.5)(36.1, 318.5);SD
Module:M9
Boundary:(665.7, 10.0)(665.7, 75.0)(520.4, 75.0)(520.4, 10.0);GATE
Port:(520.4, 23.8)(525.4, 23.8)(525.4, 61.2)(520.4, 61.2);SD
Port:(665.7, 10.0)(665.7, 75.0)(526.6, 75.0)(526.6, 10.0);GATE
Port:(653.7, 15.3)(661.4, 15.3)(661.4, 69.7)(653.7, 69.7);SD
Module:M5
Boundary:(486.4, 286.4)(486.4, 334.6)(486.3, 334.6)(486.3, 351.0)(335.8, 351.0)(335.8, 286.4);GATE
Port:(335.8, 299.1)(340.7, 299.1)(340.7, 338.3)(335.8, 338.3);SD
Port:(486.4, 286.4)(486.4, 334.6)(486.3, 334.6)(486.3, 351.0)(342.6, 351.0)(342.6, 286.4);GATE
Port:(476.8, 291.9)(481.9, 291.9)(481.9, 329.1)(476.8, 329.1);SD
Module:M11
Boundary:(380.3, 381.0)(444.2, 381.0)(444.2, 475.8)(380.3, 475.8);GATE
Port:(392.9, 471.5)(431.6, 471.5)(431.6, 475.8)(392.9, 475.8);SD
Port:(380.3, 381.0)(444.2, 381.0)(444.2, 469.4)(380.3, 469.4);GATE
Port:(386.1, 385.8)(438.4, 385.8)(438.4, 391.8)(386.1, 391.8);SD
Module:M1
Boundary:(340.3, 401.0)(340.3, 469.2)(340.1, 469.2)(340.1, 486.5)(174.7, 486.5)(174.7, 401.0);GATE
Port:(174.7, 414.0)(179.2, 414.0)(179.2, 473.5)(174.7, 473.5);SD
Port:(340.3, 401.0)(340.3, 469.2)(340.1, 469.2)(340.1, 486.5)(180.9, 486.5)(180.9, 401.0);GATE
Port:(330.3, 406.1)(336.2, 406.1)(336.2, 464.1)(330.3, 464.1);SD
Module:M6
Boundary:(680.3, 301.8)(680.3, 364.9)(516.4, 364.9)(516.4, 301.8);GATE
Port:(516.4, 315.9)(521.8, 315.9)(521.8, 350.8)(516.4, 350.8);SD
Port:(680.3, 301.8)(680.3, 364.9)(524.6, 364.9)(524.6, 301.8);GATE
Port:(667.9, 308.5)(674.6, 308.5)(674.6, 358.2)(667.9, 358.2);SD
Module:M2
Boundary:(296.6, 20.0)(365.7, 20.0)(365.7, 217.4)(296.6, 217.4);GATE
Port:(310.7, 212.0)(351.6, 212.0)(351.6, 217.4)(310.7, 217.4);SD
Port:(296.6, 20.0)(365.7, 20.0)(365.7, 210.5)(296.6, 210.5);GATE
Port:(302.5, 24.9)(359.8, 24.9)(359.8, 31.0)(302.5, 31.0);SD
Module:M16
Boundary:(305.8, 247.4)(305.8, 339.2)(154.7, 339.2)(154.7, 247.4);GATE
Port:(154.7, 259.9)(159.8, 259.9)(159.8, 326.7)(154.7, 326.7);SD
Port:(305.8, 247.4)(305.8, 339.2)(162.7, 339.2)(162.7, 247.4);GATE
Port:(295.1, 254.1)(300.1, 254.1)(300.1, 332.5)(295.1, 332.5);SD
Module:M13
Boundary:(674.7, 384.9)(674.7, 497.5)(464.2, 497.5)(464.2, 384.9);GATE
Port:(464.2, 398.7)(468.9, 398.7)(468.9, 483.7)(464.2, 483.7);SD
Port:(674.7, 384.9)(674.7, 497.5)(470.8, 497.5)(470.8, 384.9);GATE
Port:(663.3, 391.4)(669.2, 391.4)(669.2, 491.0)(663.3, 491.0);SD
Module:M10
Boundary:(395.7, 146.7)(496.4, 146.7)(496.4, 256.4)(395.7, 256.4);GATE
Port:(409.0, 250.7)(483.1, 250.7)(483.1, 256.4)(409.0, 256.4);SD
Port:(395.7, 146.7)(496.4, 146.7)(496.4, 247.8)(395.7, 247.8);GATE
Port:(401.0, 151.0)(491.1, 151.0)(491.1, 157.3)(401.0, 157.3);SD
Module:M7
Boundary:(405.7, 20.0)(473.5, 20.0)(473.5, 20.2)(490.4, 20.2)(490.4, 116.7)(405.7, 116.7);GATE
Port:(419.6, 112.4)(476.5, 112.4)(476.5, 116.7)(419.6, 116.7);SD
Port:(405.7, 20.0)(473.5, 20.0)(473.5, 20.2)(490.4, 20.2)(490.4, 110.4)(405.7, 110.4);GATE
Port:(411.3, 24.6)(467.9, 24.6)(467.9, 31.0)(411.3, 31.0);SD
Module:M3
Boundary:(681.6, 216.5)(681.6, 281.8)(516.4, 281.8)(516.4, 216.5);GATE
Port:(516.4, 229.7)(520.9, 229.7)(520.9, 268.6)(516.4, 268.6);SD
Port:(681.6, 216.5)(681.6, 281.8)(523.8, 281.8)(523.8, 216.5);GATE
Port:(670.6, 221.6)(677.5, 221.6)(677.5, 276.7)(670.6, 276.7);SD
Module:M15
Boundary:(676.5, 95.0)(676.5, 180.0)(676.4, 180.0)(676.4, 196.5)(520.4, 196.5)(520.4, 95.0);GATE
Port:(520.4, 109.6)(525.8, 109.6)(525.8, 181.9)(520.4, 181.9);SD
Port:(676.5, 95.0)(676.5, 180.0)(676.4, 180.0)(676.4, 196.5)(526.9, 196.5)(526.9, 95.0);GATE
Port:(665.4, 101.6)(670.9, 101.6)(670.9, 173.4)(665.4, 173.4);SD
Module:M12
Boundary:(10.0, 10.0)(122.3, 10.0)(122.3, 10.2)(140.7, 10.2)(140.7, 153.9)(10.0, 153.9);GATE
Port:(25.5, 148.9)(125.2, 148.9)(125.2, 153.9)(25.5, 153.9);SD
Port:(10.0, 10.0)(122.3, 10.0)(122.3, 10.2)(140.7, 10.2)(140.7, 146.9)(10.0, 146.9);GATE
Port:(16.5, 15.5)(115.8, 15.5)(115.8, 22.4)(16.5, 22.4);SD
Module:M8
Boundary:(20.0, 183.9)(110.3, 183.9)(110.3, 184.4)(124.7, 184.4)(124.7, 258.8)(20.0, 258.8);GATE
Port:(33.0, 253.6)(111.7, 253.6)(111.7, 258.8)(33.0, 258.8);SD
Port:(20.0, 183.9)(110.3, 183.9)(110.3, 184.4)(124.7, 184.4)(124.7, 251.1)(20.0, 251.1);GATE
Port:(26.8, 189.7)(103.5, 189.7)(103.5, 194.9)(26.8, 194.9);SD
Module:M4
Boundary:(170.7, 20.0)(256.6, 20.0)(256.6, 201.4)(170.7, 201.4);GATE
Port:(183.0, 195.5)(244.3, 195.5)(244.3, 201.4)(183.0, 201.4);SD
Port:(170.7, 20.0)(256.6, 20.0)(256.6, 194.4)(170.7, 194.4);GATE
Port:(176.9, 25.2)(250.4, 25.2)(250.4, 30.1)(176.9, 30.1);SD
