Area:(-30.0, -30.0)(888.2, -30.0)(888.2, 414.3)(-30.0, 414.3)
Rule:GATE(5,5);SD(5,5);GATE_SD(0.5);GATE_ITO(0.5);SD_ITO(0.5)
Module:M14
Boundary:(670.3, 175.7)(670.3, 234.1)(670.2, 234.1)(670.2, 247.3)(489.6, 247.3)(489.6, 175.7);GATE
Port:(489.6, 188.5)(494.5, 188.5)(494.5, 234.5)(489.6, 234.5);SD
Port:(670.3, 175.7)(670.3, 234.1)(670.2, 234.1)(670.2, 247.3)(496.7, 247.3)(496.7, 175.7);GATE
Port:(659.0, 181.7)(665.3, 181.7)(665.3, 228.1)(659.0, 228.1);SD
Module:M9
Boundary:(377.5, 10.0)(442.7, 10.0)(442.7, 10.1)(458.4, 10.1)(458.4, 129.7)(377.5, 129.7);GATE
Port:(391.2, 125.0)(444.7, 125.0)(444.7, 129.7)(391.2, 129.7);SD
Port:(377.5, 10.0)(442.7, 10.0)(442.7, 10.1)(458.4, 10.1)(458.4, 122.4)(377.5, 122.4);GATE
Port:(383.7, 15.2)(436.5, 15.2)(436.5, 21.5)(383.7, 21.5);SD
Module:M5
Boundary:(342.4, 159.7)(342.4, 271.1)(157.8, 271.1)(157.8, 159.7);GATE
Port:(157.8, 173.1)(163.4, 173.1)(163.4, 257.7)(157.8, 257.7);SD
Port:(342.4, 159.7)(342.4, 271.1)(165.3, 271.1)(165.3, 159.7);GATE
Port:(331.8, 166.2)(336.9, 166.2)(336.9, 264.6)(331.8, 264.6);SD
Module:M11
Boundary:(838.0, 172.2)(838.0, 259.4)(710.3, 259.4)(710.3, 172.2);GATE
Port:(710.3, 185.9)(715.1, 185.9)(715.1, 245.7)(710.3, 245.7);SD
Port:(838.0, 172.2)(838.0, 259.4)(716.4, 259.4)(716.4, 172.2);GATE
Port:(827.8, 177.8)(833.4, 177.8)(833.4, 253.8)(827.8, 253.8);SD
Module:M1
Boundary:(30.0, 150.4)(107.8, 150.4)(107.8, 274.5)(30.0, 274.5);GATE
Port:(42.8, 268.9)(95.0, 268.9)(95.0, 274.5)(42.8, 274.5);SD
Port:(30.0, 150.4)(107.8, 150.4)(107.8, 267.6)(30.0, 267.6);GATE
Port:(35.9, 155.3)(101.9, 155.3)(101.9, 160.1)(35.9, 160.1);SD
Module:M6
Boundary:(341.4, 301.1)(341.4, 370.1)(161.1, 370.1)(161.1, 301.1);GATE
Port:(161.1, 315.5)(167.1, 315.5)(167.1, 355.7)(161.1, 355.7);SD
Port:(341.4, 301.1)(341.4, 370.1)(169.7, 370.1)(169.7, 301.1);GATE
Port:(329.7, 307.4)(336.1, 307.4)(336.1, 363.8)(329.7, 363.8);SD
Module:M2
Boundary:(533.0, 297.3)(533.0, 347.3)(532.8, 347.3)(532.8, 362.7)(449.1, 362.7)(449.1, 297.3);GATE
Port:(449.1, 310.8)(453.5, 310.8)(453.5, 349.2)(449.1, 349.2);SD
Port:(533.0, 297.3)(533.0, 347.3)(532.8, 347.3)(532.8, 362.7)(455.5, 362.7)(455.5, 297.3);GATE
Port:(521.4, 303.7)(527.6, 303.7)(527.6, 340.9)(521.4, 340.9);SD
Module:M16
Boundary:(141.1, 314.5)(141.1, 373.0)(10.0, 373.0)(10.0, 314.5);GATE
Port:(10.0, 327.1)(15.6, 327.1)(15.6, 360.4)(10.0, 360.4);SD
Port:(141.1, 314.5)(141.1, 373.0)(17.5, 373.0)(17.5, 314.5);GATE
Port:(130.5, 320.7)(135.9, 320.7)(135.9, 366.8)(130.5, 366.8);SD
Module:M13
Boundary:(792.2, 279.4)(848.2, 279.4)(848.2, 368.2)(792.2, 368.2);GATE
Port:(807.4, 362.8)(833.0, 362.8)(833.0, 368.2)(807.4, 368.2);SD
Port:(792.2, 279.4)(848.2, 279.4)(848.2, 361.1)(792.2, 361.1);GATE
Port:(798.9, 285.1)(841.5, 285.1)(841.5, 291.8)(798.9, 291.8);SD
Module:M10
Boundary:(239.6, 10.0)(357.5, 10.0)(357.5, 129.7)(239.6, 129.7);GATE
Port:(253.1, 125.4)(344.0, 125.4)(344.0, 129.7)(253.1, 129.7);SD
Port:(239.6, 10.0)(357.5, 10.0)(357.5, 122.8)(239.6, 122.8);GATE
Port:(245.6, 15.0)(351.5, 15.0)(351.5, 20.8)(245.6, 20.8);SD
Module:M7
Boundary:(692.5, 20.0)(692.5, 125.7)(488.4, 125.7)(488.4, 20.0);GATE
Port:(488.4, 33.8)(494.2, 33.8)(494.2, 111.9)(488.4, 111.9);SD
Port:(692.5, 20.0)(692.5, 125.7)(496.4, 125.7)(496.4, 20.0);GATE
Port:(681.7, 26.1)(687.4, 26.1)(687.4, 119.6)(681.7, 119.6);SD
Module:M3
Boundary:(219.6, 10.0)(219.6, 110.4)(10.0, 110.4)(10.0, 10.0);GATE
Port:(10.0, 20.5)(14.4, 20.5)(14.4, 99.9)(10.0, 99.9);SD
Port:(219.6, 10.0)(219.6, 110.4)(16.0, 110.4)(16.0, 10.0);GATE
Port:(210.8, 15.1)(215.5, 15.1)(215.5, 105.3)(210.8, 105.3);SD
Module:M15
Boundary:(772.2, 287.3)(772.2, 374.3)(563.0, 374.3)(563.0, 287.3);GATE
Port:(563.0, 301.9)(568.8, 301.9)(568.8, 359.7)(563.0, 359.7);SD
Port:(772.2, 287.3)(772.2, 374.3)(570.7, 374.3)(570.7, 287.3);GATE
Port:(760.6, 293.9)(766.6, 293.9)(766.6, 367.7)(760.6, 367.7);SD
Module:M12
Boundary:(372.4, 259.6)(419.1, 259.6)(419.1, 334.1)(372.4, 334.1);GATE
Port:(384.9, 329.9)(406.6, 329.9)(406.6, 334.1)(384.9, 334.1);SD
Port:(372.4, 259.6)(419.1, 259.6)(419.1, 327.4)(372.4, 327.4);GATE
Port:(377.9, 264.1)(413.6, 264.1)(413.6, 270.1)(377.9, 270.1);SD
Module:M8
Boundary:(732.5, 20.0)(839.3, 20.0)(839.3, 142.2)(732.5, 142.2);GATE
Port:(747.7, 138.2)(824.1, 138.2)(824.1, 142.2)(747.7, 142.2);SD
Port:(732.5, 20.0)(839.3, 20.0)(839.3, 135.9)(732.5, 135.9);GATE
Port:(738.9, 25.4)(832.9, 25.4)(832.9, 31.7)(738.9, 31.7);SD
Module:M4
Boundary:(382.4, 159.7)(426.3, 159.7)(426.3, 159.7)(439.6, 159.7)(439.6, 229.6)(382.4, 229.6);GATE
Port:(394.3, 224.7)(427.7, 224.7)(427.7, 229.6)(394.3, 229.6);SD
Port:(382.4, 159.7)(426.3, 159.7)(426.3, 159.7)(439.6, 159.7)(439.6, 222.1)(382.4, 222.1);GATE
Port:(388.5, 164.8)(420.2, 164.8)(420.2, 169.9)(388.5, 169.9);SD
