Area:(-30.0, -20.0)(423.2, -20.0)(423.2, 1023.7)(-30.0, 1023.7)
Rule:GATE(5,5);SD(5,5);GATE_SD(0.5);GATE_ITO(0.5);SD_ITO(0.5)
Module:M14
Boundary:(117.4, 875.4)(117.4, 951.4)(117.1, 951.4)(117.1, 966.1)(30.0, 966.1)(30.0, 875.4);GATE
Port:(30.0, 887.7)(35.5, 887.7)(35.5, 953.8)(30.0, 953.8);SD
Port:(117.4, 875.4)(117.4, 951.4)(117.1, 951.4)(117.1, 966.1)(38.2, 966.1)(38.2, 875.4);GATE
Port:(106.6, 881.6)(112.2, 881.6)(112.2, 945.2)(106.6, 945.2);SD
Module:M9
Boundary:(383.0, 489.3)(383.0, 553.4)(382.7, 553.4)(382.7, 569.3)(237.6, 569.3)(237.6, 489.3);GATE
Port:(237.6, 501.5)(241.7, 501.5)(241.7, 557.1)(237.6, 557.1);SD
Port:(383.0, 489.3)(383.0, 553.4)(382.7, 553.4)(382.7, 569.3)(243.8, 569.3)(243.8, 489.3);GATE
Port:(373.1, 495.3)(378.0, 495.3)(378.0, 547.4)(373.1, 547.4);SD
Module:M5
Boundary:(127.1, 162.5)(218.9, 162.5)(218.9, 162.9)(233.8, 162.9)(233.8, 367.5)(127.1, 367.5);GATE
Port:(139.5, 362.3)(221.4, 362.3)(221.4, 367.5)(139.5, 367.5);SD
Port:(127.1, 162.5)(218.9, 162.5)(218.9, 162.9)(233.8, 162.9)(233.8, 361.2)(127.1, 361.2);GATE
Port:(133.1, 167.5)(212.9, 167.5)(212.9, 172.9)(133.1, 172.9);SD
Module:M11
Boundary:(10.0, 435.6)(90.9, 435.6)(90.9, 637.0)(10.0, 637.0);GATE
Port:(22.9, 631.8)(78.0, 631.8)(78.0, 637.0)(22.9, 637.0);SD
Port:(10.0, 435.6)(90.9, 435.6)(90.9, 629.4)(10.0, 629.4);GATE
Port:(15.2, 439.8)(85.7, 439.8)(85.7, 445.2)(15.2, 445.2);SD
Module:M1
Boundary:(233.4, 30.0)(233.4, 112.5)(30.0, 112.5)(30.0, 30.0);GATE
Port:(30.0, 43.3)(35.9, 43.3)(35.9, 99.2)(30.0, 99.2);SD
Port:(233.4, 30.0)(233.4, 112.5)(38.1, 112.5)(38.1, 30.0);GATE
Port:(221.9, 35.2)(229.2, 35.2)(229.2, 107.3)(221.9, 107.3);SD
Module:M6
Boundary:(157.4, 797.8)(219.7, 797.8)(219.7, 983.7)(157.4, 983.7);GATE
Port:(170.6, 979.0)(206.5, 979.0)(206.5, 983.7)(170.6, 983.7);SD
Port:(157.4, 797.8)(219.7, 797.8)(219.7, 976.8)(157.4, 976.8);GATE
Port:(162.9, 802.3)(214.2, 802.3)(214.2, 808.9)(162.9, 808.9);SD
Module:M2
Boundary:(273.8, 265.8)(356.7, 265.8)(356.7, 265.9)(373.1, 265.9)(373.1, 459.3)(273.8, 459.3);GATE
Port:(287.6, 454.1)(359.3, 454.1)(359.3, 459.3)(287.6, 459.3);SD
Port:(273.8, 265.8)(356.7, 265.8)(356.7, 265.9)(373.1, 265.9)(373.1, 451.1)(273.8, 451.1);GATE
Port:(280.0, 271.0)(350.5, 271.0)(350.5, 276.5)(280.0, 276.5);SD
Module:M16
Boundary:(10.0, 152.5)(97.1, 152.5)(97.1, 325.2)(10.0, 325.2);GATE
Port:(22.5, 319.5)(84.6, 319.5)(84.6, 325.2)(22.5, 325.2);SD
Port:(10.0, 152.5)(97.1, 152.5)(97.1, 317.1)(10.0, 317.1);GATE
Port:(15.5, 157.0)(91.6, 157.0)(91.6, 163.1)(15.5, 163.1);SD
Module:M13
Boundary:(10.0, 345.2)(83.5, 345.2)(83.5, 415.6)(10.0, 415.6);GATE
Port:(21.9, 409.9)(71.6, 409.9)(71.6, 415.6)(21.9, 415.6);SD
Port:(10.0, 345.2)(83.5, 345.2)(83.5, 408.3)(10.0, 408.3);GATE
Port:(15.5, 349.7)(78.0, 349.7)(78.0, 355.1)(15.5, 355.1);SD
Module:M10
Boundary:(136.0, 572.6)(202.0, 572.6)(202.0, 572.9)(217.6, 572.9)(217.6, 777.8)(136.0, 777.8);GATE
Port:(149.4, 772.2)(204.2, 772.2)(204.2, 777.8)(149.4, 777.8);SD
Port:(136.0, 572.6)(202.0, 572.6)(202.0, 572.9)(217.6, 572.9)(217.6, 771.1)(136.0, 771.1);GATE
Port:(142.9, 578.5)(195.1, 578.5)(195.1, 584.5)(142.9, 584.5);SD
Module:M7
Boundary:(20.0, 667.0)(89.1, 667.0)(89.1, 667.1)(106.0, 667.1)(106.0, 825.4)(20.0, 825.4);GATE
Port:(34.3, 820.4)(91.7, 820.4)(91.7, 825.4)(34.3, 825.4);SD
Port:(20.0, 667.0)(89.1, 667.0)(89.1, 667.1)(106.0, 667.1)(106.0, 818.0)(20.0, 818.0);GATE
Port:(25.7, 671.7)(83.4, 671.7)(83.4, 678.3)(25.7, 678.3);SD
Module:M3
Boundary:(239.7, 764.5)(338.6, 764.5)(338.6, 764.7)(355.1, 764.7)(355.1, 977.8)(239.7, 977.8);GATE
Port:(252.7, 972.0)(342.1, 972.0)(342.1, 977.8)(252.7, 977.8);SD
Port:(239.7, 764.5)(338.6, 764.5)(338.6, 764.7)(355.1, 764.7)(355.1, 969.7)(239.7, 969.7);GATE
Port:(245.6, 769.4)(332.7, 769.4)(332.7, 774.5)(245.6, 774.5);SD
Module:M15
Boundary:(319.4, 589.3)(383.2, 589.3)(383.2, 744.5)(319.4, 744.5);GATE
Port:(331.9, 739.5)(370.7, 739.5)(370.7, 744.5)(331.9, 744.5);SD
Port:(319.4, 589.3)(383.2, 589.3)(383.2, 737.3)(319.4, 737.3);GATE
Port:(325.3, 594.2)(377.3, 594.2)(377.3, 598.9)(325.3, 598.9);SD
Module:M12
Boundary:(239.7, 589.3)(286.1, 589.3)(286.1, 589.4)(299.4, 589.4)(299.4, 702.1)(239.7, 702.1);GATE
Port:(253.2, 697.2)(285.9, 697.2)(285.9, 702.1)(253.2, 702.1);SD
Port:(239.7, 589.3)(286.1, 589.3)(286.1, 589.4)(299.4, 589.4)(299.4, 696.0)(239.7, 696.0);GATE
Port:(246.6, 595.2)(279.2, 595.2)(279.2, 601.3)(246.6, 601.3);SD
Module:M8
Boundary:(283.4, 20.0)(354.0, 20.0)(354.0, 20.1)(371.8, 20.1)(371.8, 225.8)(283.4, 225.8);GATE
Port:(297.0, 220.5)(358.2, 220.5)(358.2, 225.8)(297.0, 225.8);SD
Port:(283.4, 20.0)(354.0, 20.0)(354.0, 20.1)(371.8, 20.1)(371.8, 219.1)(283.4, 219.1);GATE
Port:(290.1, 25.7)(347.3, 25.7)(347.3, 30.5)(290.1, 30.5);SD
Module:M4
Boundary:(127.1, 407.5)(186.7, 407.5)(186.7, 407.5)(200.8, 407.5)(200.8, 542.6)(127.1, 542.6);GATE
Port:(139.8, 537.1)(188.1, 537.1)(188.1, 542.6)(139.8, 542.6);SD
Port:(127.1, 407.5)(186.7, 407.5)(186.7, 407.5)(200.8, 407.5)(200.8, 535.2)(127.1, 535.2);GATE
Port:(132.8, 412.2)(181.0, 412.2)(181.0, 418.6)(132.8, 418.6);SD
