Area:(-30.0, -30.0)(683.1, -30.0)(683.1, 664.3)(-30.0, 664.3)
Rule:GATE(5,5);SD(5,5);GATE_SD(0.5);GATE_ITO(0.5);SD_ITO(0.5)
Module:M14
Boundary:(610.7, 419.0)(610.7, 456.2)(610.5, 456.2)(610.5, 474.2)(409.4, 474.2)(409.4, 419.0);GATE
Port:(409.4, 434.2)(413.6, 434.2)(413.6, 459.0)(409.4, 459.0);SD
Port:(610.7, 419.0)(610.7, 456.2)(610.5, 456.2)(610.5, 474.2)(416.0, 474.2)(416.0, 419.0);GATE
Port:(598.9, 425.0)(605.7, 425.0)(605.7, 450.2)(598.9, 450.2);SD
Module:M9
Boundary:(171.8, 520.8)(171.8, 607.6)(171.5, 607.6)(171.5, 624.3)(10.0, 624.3)(10.0, 520.8);GATE
Port:(10.0, 535.2)(14.9, 535.2)(14.9, 609.9)(10.0, 609.9);SD
Port:(171.8, 520.8)(171.8, 607.6)(171.5, 607.6)(171.5, 624.3)(16.1, 624.3)(16.1, 520.8);GATE
Port:(160.0, 527.6)(166.0, 527.6)(166.0, 600.8)(160.0, 600.8);SD
Module:M5
Boundary:(399.4, 148.0)(507.4, 148.0)(507.4, 148.5)(525.1, 148.5)(525.1, 369.0)(399.4, 369.0);GATE
Port:(414.4, 364.2)(510.1, 364.2)(510.1, 369.0)(414.4, 369.0);SD
Port:(399.4, 148.0)(507.4, 148.0)(507.4, 148.5)(525.1, 148.5)(525.1, 362.0)(399.4, 362.0);GATE
Port:(405.5, 153.1)(501.3, 153.1)(501.3, 160.0)(405.5, 160.0);SD
Module:M11
Boundary:(10.0, 313.2)(118.0, 313.2)(118.0, 500.8)(10.0, 500.8);GATE
Port:(25.2, 496.8)(102.8, 496.8)(102.8, 500.8)(25.2, 500.8);SD
Port:(10.0, 313.2)(118.0, 313.2)(118.0, 494.4)(10.0, 494.4);GATE
Port:(17.0, 319.2)(111.0, 319.2)(111.0, 325.1)(17.0, 325.1);SD
Module:M1
Boundary:(484.6, 30.0)(484.6, 80.7)(484.4, 80.7)(484.4, 98.0)(315.7, 98.0)(315.7, 30.0);GATE
Port:(315.7, 43.6)(320.1, 43.6)(320.1, 84.4)(315.7, 84.4);SD
Port:(484.6, 30.0)(484.6, 80.7)(484.4, 80.7)(484.4, 98.0)(322.0, 98.0)(322.0, 30.0);GATE
Port:(474.2, 35.5)(480.1, 35.5)(480.1, 75.2)(474.2, 75.2);SD
Module:M6
Boundary:(138.0, 320.4)(206.5, 320.4)(206.5, 320.6)(223.1, 320.6)(223.1, 500.3)(138.0, 500.3);GATE
Port:(152.2, 495.3)(208.9, 495.3)(208.9, 500.3)(152.2, 500.3);SD
Port:(138.0, 320.4)(206.5, 320.4)(206.5, 320.6)(223.1, 320.6)(223.1, 493.7)(138.0, 493.7);GATE
Port:(144.1, 325.5)(200.4, 325.5)(200.4, 331.8)(144.1, 331.8);SD
Module:M2
Boundary:(628.6, 20.0)(628.6, 93.0)(534.6, 93.0)(534.6, 20.0);GATE
Port:(534.6, 33.7)(540.3, 33.7)(540.3, 79.3)(534.6, 79.3);SD
Port:(628.6, 20.0)(628.6, 93.0)(541.8, 93.0)(541.8, 20.0);GATE
Port:(618.4, 25.2)(624.4, 25.2)(624.4, 87.8)(618.4, 87.8);SD
Module:M16
Boundary:(555.1, 123.0)(629.1, 123.0)(629.1, 123.2)(643.1, 123.2)(643.1, 349.8)(555.1, 349.8);GATE
Port:(567.9, 345.1)(630.3, 345.1)(630.3, 349.8)(567.9, 349.8);SD
Port:(555.1, 123.0)(629.1, 123.0)(629.1, 123.2)(643.1, 123.2)(643.1, 344.1)(555.1, 344.1);GATE
Port:(561.8, 128.7)(622.4, 128.7)(622.4, 133.5)(561.8, 133.5);SD
Module:M13
Boundary:(633.1, 514.2)(633.1, 603.8)(632.5, 603.8)(632.5, 621.7)(402.4, 621.7)(402.4, 514.2);GATE
Port:(402.4, 528.4)(408.0, 528.4)(408.0, 607.5)(402.4, 607.5);SD
Port:(633.1, 514.2)(633.1, 603.8)(632.5, 603.8)(632.5, 621.7)(410.2, 621.7)(410.2, 514.2);GATE
Port:(622.2, 519.7)(628.6, 519.7)(628.6, 598.3)(622.2, 598.3);SD
Module:M10
Boundary:(382.4, 525.1)(382.4, 606.4)(382.2, 606.4)(382.2, 621.6)(191.8, 621.6)(191.8, 525.1);GATE
Port:(191.8, 539.7)(197.4, 539.7)(197.4, 607.0)(191.8, 607.0);SD
Port:(382.4, 525.1)(382.4, 606.4)(382.2, 606.4)(382.2, 621.6)(199.2, 621.6)(199.2, 525.1);GATE
Port:(369.9, 532.0)(376.5, 532.0)(376.5, 599.5)(369.9, 599.5);SD
Module:M7
Boundary:(359.4, 148.0)(359.4, 274.4)(283.8, 274.4)(283.8, 148.0);GATE
Port:(283.8, 163.4)(289.5, 163.4)(289.5, 259.0)(283.8, 259.0);SD
Port:(359.4, 148.0)(359.4, 274.4)(291.9, 274.4)(291.9, 148.0);GATE
Port:(346.8, 154.3)(354.1, 154.3)(354.1, 268.1)(346.8, 268.1);SD
Module:M3
Boundary:(177.8, 121.8)(239.5, 121.8)(239.5, 121.8)(253.8, 121.8)(253.8, 300.4)(177.8, 300.4);GATE
Port:(191.0, 294.6)(240.6, 294.6)(240.6, 300.4)(191.0, 300.4);SD
Port:(177.8, 121.8)(239.5, 121.8)(239.5, 121.8)(253.8, 121.8)(253.8, 292.9)(177.8, 292.9);GATE
Port:(183.7, 126.7)(233.6, 126.7)(233.6, 132.8)(183.7, 132.8);SD
Module:M15
Boundary:(161.1, 10.0)(161.1, 90.0)(10.0, 90.0)(10.0, 10.0);GATE
Port:(10.0, 21.8)(14.1, 21.8)(14.1, 78.2)(10.0, 78.2);SD
Port:(161.1, 10.0)(161.1, 90.0)(16.0, 90.0)(16.0, 10.0);GATE
Port:(152.3, 15.0)(157.1, 15.0)(157.1, 85.0)(152.3, 85.0);SD
Module:M12
Boundary:(181.1, 10.0)(275.7, 10.0)(275.7, 101.8)(181.1, 101.8);GATE
Port:(194.0, 96.1)(262.8, 96.1)(262.8, 101.8)(194.0, 101.8);SD
Port:(181.1, 10.0)(275.7, 10.0)(275.7, 93.9)(181.1, 93.9);GATE
Port:(187.4, 15.3)(269.4, 15.3)(269.4, 20.8)(187.4, 20.8);SD
Module:M8
Boundary:(20.0, 120.0)(147.8, 120.0)(147.8, 283.2)(20.0, 283.2);GATE
Port:(35.6, 277.5)(132.2, 277.5)(132.2, 283.2)(35.6, 283.2);SD
Port:(20.0, 120.0)(147.8, 120.0)(147.8, 275.8)(20.0, 275.8);GATE
Port:(26.3, 125.3)(141.5, 125.3)(141.5, 132.5)(26.3, 132.5);SD
Module:M4
Boundary:(253.1, 330.4)(342.6, 330.4)(342.6, 330.5)(357.0, 330.5)(357.0, 495.1)(253.1, 495.1);GATE
Port:(265.6, 491.0)(344.5, 491.0)(344.5, 495.1)(265.6, 495.1);SD
Port:(253.1, 330.4)(342.6, 330.4)(342.6, 330.5)(357.0, 330.5)(357.0, 488.8)(253.1, 488.8);GATE
Port:(259.0, 335.3)(336.7, 335.3)(336.7, 340.8)(259.0, 340.8);SD
