Area:(-30.0, -30.0)(522.2, -30.0)(522.2, 674.3)(-30.0, 674.3)
Rule:GATE(5,5);SD(5,5);GATE_SD(0.5);GATE_ITO(0.5);SD_ITO(0.5)
Module:M14
Boundary:(212.7, 343.8)(212.7, 419.8)(142.5, 419.8)(142.5, 343.8);GATE
Port:(142.5, 354.3)(146.7, 354.3)(146.7, 409.3)(142.5, 409.3);SD
Port:(212.7, 343.8)(212.7, 419.8)(148.7, 419.8)(148.7, 343.8);GATE
Port:(203.7, 349.6)(207.9, 349.6)(207.9, 414.0)(203.7, 414.0);SD
Module:M9
Boundary:(408.5, 325.1)(474.3, 325.1)(474.3, 456.8)(408.5, 456.8);GATE
Port:(422.8, 451.1)(460.0, 451.1)(460.0, 456.8)(422.8, 456.8);SD
Port:(408.5, 325.1)(474.3, 325.1)(474.3, 448.8)(408.5, 448.8);GATE
Port:(414.6, 330.2)(468.2, 330.2)(468.2, 336.8)(414.6, 336.8);SD
Module:M5
Boundary:(378.5, 335.1)(378.5, 383.8)(378.3, 383.8)(378.3, 399.6)(262.7, 399.6)(262.7, 335.1);GATE
Port:(262.7, 347.8)(267.6, 347.8)(267.6, 386.9)(262.7, 386.9);SD
Port:(378.5, 335.1)(378.5, 383.8)(378.3, 383.8)(378.3, 399.6)(269.3, 399.6)(269.3, 335.1);GATE
Port:(368.0, 340.6)(374.0, 340.6)(374.0, 378.3)(368.0, 378.3);SD
Module:M11
Boundary:(122.5, 186.5)(171.9, 186.5)(171.9, 186.5)(187.1, 186.5)(187.1, 293.1)(122.5, 293.1);GATE
Port:(136.4, 288.7)(173.2, 288.7)(173.2, 293.1)(136.4, 293.1);SD
Port:(122.5, 186.5)(171.9, 186.5)(171.9, 186.5)(187.1, 186.5)(187.1, 287.5)(122.5, 287.5);GATE
Port:(127.9, 190.9)(166.5, 190.9)(166.5, 198.3)(127.9, 198.3);SD
Module:M1
Boundary:(406.3, 496.8)(464.7, 496.8)(464.7, 605.0)(406.3, 605.0);GATE
Port:(418.7, 599.5)(452.3, 599.5)(452.3, 605.0)(418.7, 605.0);SD
Port:(406.3, 496.8)(464.7, 496.8)(464.7, 597.2)(406.3, 597.2);GATE
Port:(411.6, 501.1)(459.4, 501.1)(459.4, 507.3)(411.6, 507.3);SD
Module:M6
Boundary:(10.0, 10.0)(107.1, 10.0)(107.1, 112.0)(10.0, 112.0);GATE
Port:(23.0, 107.0)(94.1, 107.0)(94.1, 112.0)(23.0, 112.0);SD
Port:(10.0, 10.0)(107.1, 10.0)(107.1, 104.2)(10.0, 104.2);GATE
Port:(15.9, 14.9)(101.2, 14.9)(101.2, 19.6)(15.9, 19.6);SD
Module:M2
Boundary:(137.1, 20.0)(192.5, 20.0)(192.5, 156.5)(137.1, 156.5);GATE
Port:(152.2, 150.7)(177.4, 150.7)(177.4, 156.5)(152.2, 156.5);SD
Port:(137.1, 20.0)(192.5, 20.0)(192.5, 149.3)(137.1, 149.3);GATE
Port:(143.6, 25.5)(186.0, 25.5)(186.0, 31.6)(143.6, 31.6);SD
Module:M16
Boundary:(10.0, 363.7)(81.5, 363.7)(81.5, 364.0)(98.7, 364.0)(98.7, 509.3)(10.0, 509.3);GATE
Port:(24.8, 505.1)(83.9, 505.1)(83.9, 509.3)(24.8, 509.3);SD
Port:(10.0, 363.7)(81.5, 363.7)(81.5, 364.0)(98.7, 364.0)(98.7, 504.0)(10.0, 504.0);GATE
Port:(16.3, 369.0)(75.2, 369.0)(75.2, 375.3)(16.3, 375.3);SD
Module:M13
Boundary:(257.0, 429.6)(366.3, 429.6)(366.3, 634.3)(257.0, 634.3);GATE
Port:(272.2, 629.2)(351.1, 629.2)(351.1, 634.3)(272.2, 634.3);SD
Port:(257.0, 429.6)(366.3, 429.6)(366.3, 626.9)(257.0, 626.9);GATE
Port:(262.9, 434.5)(360.4, 434.5)(360.4, 441.6)(262.9, 441.6);SD
Module:M10
Boundary:(207.1, 186.5)(291.5, 186.5)(291.5, 303.8)(207.1, 303.8);GATE
Port:(221.8, 298.7)(276.8, 298.7)(276.8, 303.8)(221.8, 303.8);SD
Port:(207.1, 186.5)(291.5, 186.5)(291.5, 296.7)(207.1, 296.7);GATE
Port:(213.7, 192.1)(284.9, 192.1)(284.9, 198.8)(213.7, 198.8);SD
Module:M7
Boundary:(210.4, 469.8)(210.4, 514.7)(132.5, 514.7)(132.5, 469.8);GATE
Port:(132.5, 481.2)(136.9, 481.2)(136.9, 503.3)(132.5, 503.3);SD
Port:(210.4, 469.8)(210.4, 514.7)(138.7, 514.7)(138.7, 469.8);GATE
Port:(201.2, 475.4)(205.8, 475.4)(205.8, 509.1)(201.2, 509.1);SD
Module:M3
Boundary:(482.0, 183.6)(482.0, 305.1)(311.5, 305.1)(311.5, 183.6);GATE
Port:(311.5, 198.9)(317.0, 198.9)(317.0, 289.8)(311.5, 289.8);SD
Port:(482.0, 183.6)(482.0, 305.1)(318.6, 305.1)(318.6, 183.6);GATE
Port:(469.2, 190.1)(476.5, 190.1)(476.5, 298.6)(469.2, 298.6);SD
Module:M15
Boundary:(237.0, 544.7)(237.0, 616.6)(236.7, 616.6)(236.7, 634.0)(10.0, 634.0)(10.0, 544.7);GATE
Port:(10.0, 559.7)(15.6, 559.7)(15.6, 619.0)(10.0, 619.0);SD
Port:(237.0, 544.7)(237.0, 616.6)(236.7, 616.6)(236.7, 634.0)(18.6, 634.0)(18.6, 544.7);GATE
Port:(224.9, 551.2)(231.5, 551.2)(231.5, 610.1)(224.9, 610.1);SD
Module:M12
Boundary:(406.9, 10.0)(467.9, 10.0)(467.9, 10.1)(482.2, 10.1)(482.2, 163.6)(406.9, 163.6);GATE
Port:(420.0, 158.3)(469.1, 158.3)(469.1, 163.6)(420.0, 163.6);SD
Port:(406.9, 10.0)(467.9, 10.0)(467.9, 10.1)(482.2, 10.1)(482.2, 156.6)(406.9, 156.6);GATE
Port:(412.5, 14.6)(462.3, 14.6)(462.3, 20.6)(412.5, 20.6);SD
Module:M8
Boundary:(376.9, 20.0)(376.9, 130.1)(376.6, 130.1)(376.6, 148.7)(232.5, 148.7)(232.5, 20.0);GATE
Port:(232.5, 34.2)(237.2, 34.2)(237.2, 134.5)(232.5, 134.5);SD
Port:(376.9, 20.0)(376.9, 130.1)(376.6, 130.1)(376.6, 148.7)(239.1, 148.7)(239.1, 20.0);GATE
Port:(366.0, 26.0)(371.9, 26.0)(371.9, 124.1)(366.0, 124.1);SD
Module:M4
Boundary:(20.0, 142.0)(92.5, 142.0)(92.5, 333.7)(20.0, 333.7);GATE
Port:(34.8, 328.4)(77.7, 328.4)(77.7, 333.7)(34.8, 333.7);SD
Port:(20.0, 142.0)(92.5, 142.0)(92.5, 325.5)(20.0, 325.5);GATE
Port:(26.1, 147.1)(86.4, 147.1)(86.4, 154.4)(26.1, 154.4);SD
