Area:(-30.0, -30.0)(849.4, -30.0)(849.4, 449.5)(-30.0, 449.5)
Rule:GATE(5,5);SD(5,5);GATE_SD(0.5);GATE_ITO(0.5);SD_ITO(0.5)
Module:M14
Boundary:(159.4, 270.2)(232.7, 270.2)(232.7, 394.3)(159.4, 394.3);GATE
Port:(171.8, 388.5)(220.3, 388.5)(220.3, 394.3)(171.8, 394.3);SD
Port:(159.4, 270.2)(232.7, 270.2)(232.7, 385.9)(159.4, 385.9);GATE
Port:(165.4, 275.2)(226.7, 275.2)(226.7, 280.8)(165.4, 280.8);SD
Module:M9
Boundary:(400.0, 155.6)(486.4, 155.6)(486.4, 232.9)(400.0, 232.9);GATE
Port:(412.9, 227.9)(473.5, 227.9)(473.5, 232.9)(412.9, 232.9);SD
Port:(400.0, 155.6)(486.4, 155.6)(486.4, 225.0)(400.0, 225.0);GATE
Port:(405.1, 159.7)(481.3, 159.7)(481.3, 165.7)(405.1, 165.7);SD
Module:M5
Boundary:(20.0, 282.3)(92.3, 282.3)(92.3, 282.7)(109.4, 282.7)(109.4, 396.2)(20.0, 396.2);GATE
Port:(35.7, 391.2)(93.7, 391.2)(93.7, 396.2)(35.7, 396.2);SD
Port:(20.0, 282.3)(92.3, 282.3)(92.3, 282.7)(109.4, 282.7)(109.4, 388.7)(20.0, 388.7);GATE
Port:(26.7, 288.0)(85.6, 288.0)(85.6, 294.6)(26.7, 294.6);SD
Module:M11
Boundary:(10.0, 10.0)(94.0, 10.0)(94.0, 124.9)(10.0, 124.9);GATE
Port:(23.5, 120.0)(80.5, 120.0)(80.5, 124.9)(23.5, 124.9);SD
Port:(10.0, 10.0)(94.0, 10.0)(94.0, 118.5)(10.0, 118.5);GATE
Port:(16.0, 15.0)(88.0, 15.0)(88.0, 21.6)(16.0, 21.6);SD
Module:M1
Boundary:(798.8, 30.0)(798.8, 141.4)(657.2, 141.4)(657.2, 30.0);GATE
Port:(657.2, 43.4)(663.1, 43.4)(663.1, 128.0)(657.2, 128.0);SD
Port:(798.8, 30.0)(798.8, 141.4)(666.0, 141.4)(666.0, 30.0);GATE
Port:(787.3, 36.1)(793.7, 36.1)(793.7, 135.3)(787.3, 135.3);SD
Module:M6
Boundary:(254.3, 10.0)(254.3, 89.4)(114.0, 89.4)(114.0, 10.0);GATE
Port:(114.0, 22.1)(119.1, 22.1)(119.1, 77.3)(114.0, 77.3);SD
Port:(254.3, 10.0)(254.3, 89.4)(122.0, 89.4)(122.0, 10.0);GATE
Port:(244.7, 15.0)(250.3, 15.0)(250.3, 84.4)(244.7, 84.4);SD
Module:M2
Boundary:(284.3, 20.0)(353.4, 20.0)(353.4, 20.3)(370.0, 20.3)(370.0, 223.3)(284.3, 223.3);GATE
Port:(298.6, 218.5)(355.7, 218.5)(355.7, 223.3)(298.6, 223.3);SD
Port:(284.3, 20.0)(353.4, 20.0)(353.4, 20.3)(370.0, 20.3)(370.0, 217.4)(284.3, 217.4);GATE
Port:(291.1, 25.8)(346.6, 25.8)(346.6, 31.2)(291.1, 31.2);SD
Module:M16
Boundary:(10.0, 144.9)(116.7, 144.9)(116.7, 252.3)(10.0, 252.3);GATE
Port:(23.3, 247.5)(103.4, 247.5)(103.4, 252.3)(23.3, 252.3);SD
Port:(10.0, 144.9)(116.7, 144.9)(116.7, 245.9)(10.0, 245.9);GATE
Port:(15.9, 149.8)(110.8, 149.8)(110.8, 156.3)(15.9, 156.3);SD
Module:M13
Boundary:(620.4, 197.5)(620.4, 268.2)(517.3, 268.2)(517.3, 197.5);GATE
Port:(517.3, 208.5)(522.3, 208.5)(522.3, 257.2)(517.3, 257.2);SD
Port:(620.4, 197.5)(620.4, 268.2)(524.4, 268.2)(524.4, 197.5);GATE
Port:(611.0, 203.4)(615.5, 203.4)(615.5, 262.3)(611.0, 262.3);SD
Module:M10
Boundary:(640.4, 181.4)(733.8, 181.4)(733.8, 392.0)(640.4, 392.0);GATE
Port:(653.7, 386.3)(720.5, 386.3)(720.5, 392.0)(653.7, 392.0);SD
Port:(640.4, 181.4)(733.8, 181.4)(733.8, 384.2)(640.4, 384.2);GATE
Port:(647.0, 187.0)(727.2, 187.0)(727.2, 192.0)(647.0, 192.0);SD
Module:M7
Boundary:(284.3, 263.3)(383.9, 263.3)(383.9, 263.5)(400.1, 263.5)(400.1, 409.5)(284.3, 409.5);GATE
Port:(297.7, 404.7)(386.7, 404.7)(386.7, 409.5)(297.7, 409.5);SD
Port:(284.3, 263.3)(383.9, 263.3)(383.9, 263.5)(400.1, 263.5)(400.1, 402.8)(284.3, 402.8);GATE
Port:(290.3, 268.3)(377.9, 268.3)(377.9, 274.5)(290.3, 274.5);SD
Module:M3
Boundary:(614.6, 288.2)(614.6, 365.7)(614.5, 365.7)(614.5, 380.7)(430.1, 380.7)(430.1, 288.2);GATE
Port:(430.1, 301.1)(435.4, 301.1)(435.4, 367.8)(430.1, 367.8);SD
Port:(614.6, 288.2)(614.6, 365.7)(614.5, 365.7)(614.5, 380.7)(436.7, 380.7)(436.7, 288.2);GATE
Port:(604.0, 293.4)(610.4, 293.4)(610.4, 360.5)(604.0, 360.5);SD
Module:M15
Boundary:(517.3, 10.0)(617.2, 10.0)(617.2, 177.5)(517.3, 177.5);GATE
Port:(531.5, 171.9)(603.0, 171.9)(603.0, 177.5)(531.5, 177.5);SD
Port:(517.3, 10.0)(617.2, 10.0)(617.2, 169.6)(517.3, 169.6);GATE
Port:(523.6, 15.3)(610.9, 15.3)(610.9, 22.0)(523.6, 22.0);SD
Module:M12
Boundary:(235.1, 109.4)(235.1, 212.9)(234.8, 212.9)(234.8, 230.2)(136.7, 230.2)(136.7, 109.4);GATE
Port:(136.7, 123.1)(141.7, 123.1)(141.7, 216.5)(136.7, 216.5);SD
Port:(235.1, 109.4)(235.1, 212.9)(234.8, 212.9)(234.8, 230.2)(144.1, 230.2)(144.1, 109.4);GATE
Port:(224.6, 115.4)(230.1, 115.4)(230.1, 206.9)(224.6, 206.9);SD
Module:M8
Boundary:(763.8, 191.4)(809.4, 191.4)(809.4, 394.9)(763.8, 394.9);GATE
Port:(775.2, 389.1)(798.0, 389.1)(798.0, 394.9)(775.2, 394.9);SD
Port:(763.8, 191.4)(809.4, 191.4)(809.4, 386.3)(763.8, 386.3);GATE
Port:(769.4, 196.0)(803.8, 196.0)(803.8, 200.7)(769.4, 200.7);SD
Module:M4
Boundary:(410.0, 20.0)(472.3, 20.0)(472.3, 20.3)(487.3, 20.3)(487.3, 125.6)(410.0, 125.6);GATE
Port:(423.0, 119.9)(474.3, 119.9)(474.3, 125.6)(423.0, 125.6);SD
Port:(410.0, 20.0)(472.3, 20.0)(472.3, 20.3)(487.3, 20.3)(487.3, 117.2)(410.0, 117.2);GATE
Port:(415.6, 24.6)(466.7, 24.6)(466.7, 31.1)(415.6, 31.1);SD
