Area:(-30.0, -20.0)(450.6, -20.0)(450.6, 898.3)(-30.0, 898.3)
Rule:GATE(5,5);SD(5,5);GATE_SD(0.5);GATE_ITO(0.5);SD_ITO(0.5)
Module:M14
Boundary:(390.1, 30.0)(390.1, 134.4)(263.0, 134.4)(263.0, 30.0);GATE
Port:(263.0, 43.7)(267.8, 43.7)(267.8, 120.7)(263.0, 120.7);SD
Port:(390.1, 30.0)(390.1, 134.4)(268.8, 134.4)(268.8, 30.0);GATE
Port:(379.6, 35.0)(386.1, 35.0)(386.1, 129.4)(379.6, 129.4);SD
Module:M9
Boundary:(10.0, 385.0)(132.0, 385.0)(132.0, 523.2)(10.0, 523.2);GATE
Port:(26.1, 517.8)(115.9, 517.8)(115.9, 523.2)(26.1, 523.2);SD
Port:(10.0, 385.0)(132.0, 385.0)(132.0, 515.9)(10.0, 515.9);GATE
Port:(17.0, 391.0)(125.0, 391.0)(125.0, 398.1)(17.0, 398.1);SD
Module:M5
Boundary:(213.0, 20.0)(213.0, 118.4)(213.0, 118.4)(213.0, 138.0)(20.0, 138.0)(20.0, 20.0);GATE
Port:(20.0, 35.8)(24.6, 35.8)(24.6, 122.2)(20.0, 122.2);SD
Port:(213.0, 20.0)(213.0, 118.4)(213.0, 118.4)(213.0, 138.0)(27.0, 138.0)(27.0, 20.0);GATE
Port:(200.5, 26.6)(207.4, 26.6)(207.4, 111.8)(200.5, 111.8);SD
Module:M11
Boundary:(402.0, 797.1)(402.0, 843.8)(402.0, 843.8)(402.0, 858.3)(227.6, 858.3)(227.6, 797.1);GATE
Port:(227.6, 809.5)(233.0, 809.5)(233.0, 845.9)(227.6, 845.9);SD
Port:(402.0, 797.1)(402.0, 843.8)(402.0, 843.8)(402.0, 858.3)(235.1, 858.3)(235.1, 797.1);GATE
Port:(391.3, 802.6)(397.5, 802.6)(397.5, 838.3)(391.3, 838.3);SD
Module:M1
Boundary:(172.0, 405.0)(283.1, 405.0)(283.1, 509.2)(172.0, 509.2);GATE
Port:(186.4, 504.7)(268.7, 504.7)(268.7, 509.2)(186.4, 509.2);SD
Port:(172.0, 405.0)(283.1, 405.0)(283.1, 501.9)(172.0, 501.9);GATE
Port:(177.6, 409.6)(277.5, 409.6)(277.5, 416.0)(177.6, 416.0);SD
Module:M6
Boundary:(232.5, 246.5)(307.0, 246.5)(307.0, 363.8)(232.5, 363.8);GATE
Port:(244.9, 359.3)(294.6, 359.3)(294.6, 363.8)(244.9, 363.8);SD
Port:(232.5, 246.5)(307.0, 246.5)(307.0, 357.0)(232.5, 357.0);GATE
Port:(238.2, 251.2)(301.3, 251.2)(301.3, 256.4)(238.2, 256.4);SD
Module:M2
Boundary:(333.1, 393.8)(385.4, 393.8)(385.4, 393.9)(402.4, 393.9)(402.4, 619.7)(333.1, 619.7);GATE
Port:(347.4, 614.3)(388.1, 614.3)(388.1, 619.7)(347.4, 619.7);SD
Port:(333.1, 393.8)(385.4, 393.8)(385.4, 393.9)(402.4, 393.9)(402.4, 612.0)(333.1, 612.0);GATE
Port:(340.0, 399.7)(378.5, 399.7)(378.5, 405.1)(340.0, 405.1);SD
Module:M16
Boundary:(233.3, 549.2)(285.8, 549.2)(285.8, 549.5)(302.1, 549.5)(302.1, 632.7)(233.3, 632.7);GATE
Port:(248.0, 627.4)(287.4, 627.4)(287.4, 632.7)(248.0, 632.7);SD
Port:(233.3, 549.2)(285.8, 549.2)(285.8, 549.5)(302.1, 549.5)(302.1, 624.5)(233.3, 624.5);GATE
Port:(240.1, 555.0)(279.0, 555.0)(279.0, 561.0)(240.1, 561.0);SD
Module:M13
Boundary:(405.9, 652.7)(405.9, 738.5)(260.2, 738.5)(260.2, 652.7);GATE
Port:(260.2, 664.8)(265.2, 664.8)(265.2, 726.4)(260.2, 726.4);SD
Port:(405.9, 652.7)(405.9, 738.5)(267.1, 738.5)(267.1, 652.7);GATE
Port:(396.1, 658.2)(401.4, 658.2)(401.4, 733.0)(396.1, 733.0);SD
Module:M10
Boundary:(327.0, 174.4)(394.2, 174.4)(394.2, 174.5)(410.6, 174.5)(410.6, 346.1)(327.0, 346.1);GATE
Port:(340.6, 341.7)(397.0, 341.7)(397.0, 346.1)(340.6, 346.1);SD
Port:(327.0, 174.4)(394.2, 174.4)(394.2, 174.5)(410.6, 174.5)(410.6, 339.5)(327.0, 339.5);GATE
Port:(332.8, 179.2)(388.4, 179.2)(388.4, 185.5)(332.8, 185.5);SD
Module:M7
Boundary:(202.5, 259.3)(202.5, 355.0)(20.0, 355.0)(20.0, 259.3);GATE
Port:(20.0, 272.9)(24.7, 272.9)(24.7, 341.4)(20.0, 341.4);SD
Port:(202.5, 259.3)(202.5, 355.0)(26.6, 355.0)(26.6, 259.3);GATE
Port:(191.6, 265.6)(197.2, 265.6)(197.2, 348.7)(191.6, 348.7);SD
Module:M3
Boundary:(299.2, 174.4)(299.2, 209.2)(299.1, 209.2)(299.1, 226.5)(154.8, 226.5)(154.8, 174.4);GATE
Port:(154.8, 188.2)(159.4, 188.2)(159.4, 212.7)(154.8, 212.7);SD
Port:(299.2, 174.4)(299.2, 209.2)(299.1, 209.2)(299.1, 226.5)(160.6, 226.5)(160.6, 174.4);GATE
Port:(288.0, 179.7)(294.9, 179.7)(294.9, 203.9)(288.0, 203.9);SD
Module:M15
Boundary:(207.6, 797.1)(207.6, 853.0)(10.0, 853.0)(10.0, 797.1);GATE
Port:(10.0, 809.2)(15.4, 809.2)(15.4, 840.9)(10.0, 840.9);SD
Port:(207.6, 797.1)(207.6, 853.0)(16.9, 853.0)(16.9, 797.1);GATE
Port:(197.2, 802.5)(203.2, 802.5)(203.2, 847.6)(197.2, 847.6);SD
Module:M12
Boundary:(134.8, 168.0)(134.8, 215.5)(134.6, 215.5)(134.6, 229.3)(10.0, 229.3)(10.0, 168.0);GATE
Port:(10.0, 181.7)(15.3, 181.7)(15.3, 215.6)(10.0, 215.6);SD
Port:(134.8, 168.0)(134.8, 215.5)(134.6, 215.5)(134.6, 229.3)(18.1, 229.3)(18.1, 168.0);GATE
Port:(122.8, 174.0)(129.8, 174.0)(129.8, 209.5)(122.8, 209.5);SD
Module:M8
Boundary:(203.3, 559.2)(203.3, 636.3)(20.0, 636.3)(20.0, 559.2);GATE
Port:(20.0, 571.6)(24.2, 571.6)(24.2, 623.9)(20.0, 623.9);SD
Port:(203.3, 559.2)(203.3, 636.3)(25.3, 636.3)(25.3, 559.2);GATE
Port:(192.9, 564.6)(198.9, 564.6)(198.9, 630.9)(192.9, 630.9);SD
Module:M4
Boundary:(230.2, 676.3)(230.2, 767.1)(20.0, 767.1)(20.0, 676.3);GATE
Port:(20.0, 690.1)(25.7, 690.1)(25.7, 753.3)(20.0, 753.3);SD
Port:(230.2, 676.3)(230.2, 767.1)(28.4, 767.1)(28.4, 676.3);GATE
Port:(219.9, 681.7)(225.8, 681.7)(225.8, 761.7)(219.9, 761.7);SD
