Area:(-30.0, -30.0)(545.1, -30.0)(545.1, 762.3)(-30.0, 762.3)
Rule:GATE(5,5);SD(5,5);GATE_SD(0.5);GATE_ITO(0.5);SD_ITO(0.5)
Module:M14
Boundary:(225.1, 625.6)(225.1, 722.3)(30.0, 722.3)(30.0, 625.6);GATE
Port:(30.0, 636.9)(34.8, 636.9)(34.8, 711.0)(30.0, 711.0);SD
Port:(225.1, 625.6)(225.1, 722.3)(37.8, 722.3)(37.8, 625.6);GATE
Port:(215.4, 631.2)(220.5, 631.2)(220.5, 716.7)(215.4, 716.7);SD
Module:M9
Boundary:(428.4, 10.0)(505.1, 10.0)(505.1, 187.7)(428.4, 187.7);GATE
Port:(439.9, 181.9)(493.6, 181.9)(493.6, 187.7)(439.9, 187.7);SD
Port:(428.4, 10.0)(505.1, 10.0)(505.1, 179.3)(428.4, 179.3);GATE
Port:(433.6, 14.2)(499.9, 14.2)(499.9, 19.3)(433.6, 19.3);SD
Module:M5
Boundary:(376.1, 194.5)(376.1, 245.9)(376.0, 245.9)(376.0, 262.5)(223.3, 262.5)(223.3, 194.5);GATE
Port:(223.3, 208.4)(229.2, 208.4)(229.2, 248.6)(223.3, 248.6);SD
Port:(376.1, 194.5)(376.1, 245.9)(376.0, 245.9)(376.0, 262.5)(231.3, 262.5)(231.3, 194.5);GATE
Port:(365.1, 200.9)(370.7, 200.9)(370.7, 239.5)(365.1, 239.5);SD
Module:M11
Boundary:(10.0, 381.5)(93.5, 381.5)(93.5, 585.6)(10.0, 585.6);GATE
Port:(23.5, 581.0)(80.0, 581.0)(80.0, 585.6)(23.5, 585.6);SD
Port:(10.0, 381.5)(93.5, 381.5)(93.5, 578.1)(10.0, 578.1);GATE
Port:(15.7, 386.2)(87.8, 386.2)(87.8, 392.7)(15.7, 392.7);SD
Module:M1
Boundary:(167.3, 276.7)(167.3, 341.5)(30.0, 341.5)(30.0, 276.7);GATE
Port:(30.0, 290.6)(34.5, 290.6)(34.5, 327.6)(30.0, 327.6);SD
Port:(167.3, 276.7)(167.3, 341.5)(36.8, 341.5)(36.8, 276.7);GATE
Port:(155.3, 283.4)(161.6, 283.4)(161.6, 334.8)(155.3, 334.8);SD
Module:M6
Boundary:(375.7, 399.0)(468.2, 399.0)(468.2, 399.5)(486.4, 399.5)(486.4, 491.3)(375.7, 491.3);GATE
Port:(391.2, 485.8)(470.9, 485.8)(470.9, 491.3)(391.2, 491.3);SD
Port:(375.7, 399.0)(468.2, 399.0)(468.2, 399.5)(486.4, 399.5)(486.4, 484.2)(375.7, 484.2);GATE
Port:(382.0, 404.3)(461.9, 404.3)(461.9, 411.1)(382.0, 411.1);SD
Module:M2
Boundary:(223.3, 20.0)(279.7, 20.0)(279.7, 20.3)(293.6, 20.3)(293.6, 154.5)(223.3, 154.5);GATE
Port:(234.2, 148.6)(282.7, 148.6)(282.7, 154.5)(234.2, 154.5);SD
Port:(223.3, 20.0)(279.7, 20.0)(279.7, 20.3)(293.6, 20.3)(293.6, 146.8)(223.3, 146.8);GATE
Port:(228.9, 24.6)(274.1, 24.6)(274.1, 29.1)(228.9, 29.1);SD
Module:M16
Boundary:(317.8, 487.3)(317.8, 555.9)(317.4, 555.9)(317.4, 572.0)(113.5, 572.0)(113.5, 487.3);GATE
Port:(113.5, 502.3)(118.2, 502.3)(118.2, 557.0)(113.5, 557.0);SD
Port:(317.8, 487.3)(317.8, 555.9)(317.4, 555.9)(317.4, 572.0)(120.8, 572.0)(120.8, 487.3);GATE
Port:(305.5, 493.9)(312.2, 493.9)(312.2, 549.3)(305.5, 549.3);SD
Module:M13
Boundary:(466.8, 596.1)(466.8, 684.6)(466.6, 684.6)(466.6, 699.3)(265.1, 699.3)(265.1, 596.1);GATE
Port:(265.1, 607.1)(269.2, 607.1)(269.2, 688.3)(265.1, 688.3);SD
Port:(466.8, 596.1)(466.8, 684.6)(466.6, 684.6)(466.6, 699.3)(270.4, 699.3)(270.4, 596.1);GATE
Port:(457.3, 601.4)(462.5, 601.4)(462.5, 679.3)(457.3, 679.3);SD
Module:M10
Boundary:(434.3, 207.7)(493.5, 207.7)(493.5, 377.9)(434.3, 377.9);GATE
Port:(446.3, 372.1)(481.5, 372.1)(481.5, 377.9)(446.3, 377.9);SD
Port:(434.3, 207.7)(493.5, 207.7)(493.5, 370.9)(434.3, 370.9);GATE
Port:(440.2, 212.6)(487.6, 212.6)(487.6, 217.4)(440.2, 217.4);SD
Module:M7
Boundary:(116.9, 20.0)(167.0, 20.0)(167.0, 20.2)(183.3, 20.2)(183.3, 226.2)(116.9, 226.2);GATE
Port:(129.8, 222.1)(170.4, 222.1)(170.4, 226.2)(129.8, 226.2);SD
Port:(116.9, 20.0)(167.0, 20.0)(167.0, 20.2)(183.3, 20.2)(183.3, 219.5)(116.9, 219.5);GATE
Port:(122.1, 24.2)(161.8, 24.2)(161.8, 31.0)(122.1, 31.0);SD
Module:M3
Boundary:(499.2, 511.3)(499.2, 561.2)(499.1, 561.2)(499.1, 576.1)(337.8, 576.1)(337.8, 511.3);GATE
Port:(337.8, 525.7)(342.7, 525.7)(342.7, 561.7)(337.8, 561.7);SD
Port:(499.2, 511.3)(499.2, 561.2)(499.1, 561.2)(499.1, 576.1)(345.3, 576.1)(345.3, 511.3);GATE
Port:(486.8, 517.0)(494.5, 517.0)(494.5, 555.5)(486.8, 555.5);SD
Module:M15
Boundary:(414.3, 292.5)(414.3, 361.9)(414.0, 361.9)(414.0, 379.0)(207.3, 379.0)(207.3, 292.5);GATE
Port:(207.3, 306.4)(212.1, 306.4)(212.1, 365.1)(207.3, 365.1);SD
Port:(414.3, 292.5)(414.3, 361.9)(414.0, 361.9)(414.0, 379.0)(213.3, 379.0)(213.3, 292.5);GATE
Port:(403.4, 299.3)(408.5, 299.3)(408.5, 355.1)(403.4, 355.1);SD
Module:M12
Boundary:(10.0, 10.0)(86.9, 10.0)(86.9, 236.7)(10.0, 236.7);GATE
Port:(24.4, 232.4)(72.5, 232.4)(72.5, 236.7)(24.4, 236.7);SD
Port:(10.0, 10.0)(86.9, 10.0)(86.9, 231.1)(10.0, 231.1);GATE
Port:(16.6, 15.6)(80.3, 15.6)(80.3, 22.6)(16.6, 22.6);SD
Module:M8
Boundary:(345.7, 409.0)(345.7, 457.3)(123.5, 457.3)(123.5, 409.0);GATE
Port:(123.5, 420.9)(128.5, 420.9)(128.5, 445.4)(123.5, 445.4);SD
Port:(345.7, 409.0)(345.7, 457.3)(129.6, 457.3)(129.6, 409.0);GATE
Port:(336.6, 414.8)(340.9, 414.8)(340.9, 451.5)(336.6, 451.5);SD
Module:M4
Boundary:(333.6, 20.0)(398.4, 20.0)(398.4, 148.0)(333.6, 148.0);GATE
Port:(346.9, 142.1)(385.1, 142.1)(385.1, 148.0)(346.9, 148.0);SD
Port:(333.6, 20.0)(398.4, 20.0)(398.4, 140.7)(333.6, 140.7);GATE
Port:(339.5, 24.9)(392.5, 24.9)(392.5, 30.8)(339.5, 30.8);SD
