Area:(-30.0, -30.0)(713.6, -30.0)(713.6, 511.9)(-30.0, 511.9)
Rule:GATE(5,5);SD(5,5);GATE_SD(0.5);GATE_ITO(0.5);SD_ITO(0.5)
Module:M14
Boundary:(275.3, 185.8)(275.3, 218.1)(275.1, 218.1)(275.1, 233.4)(158.7, 233.4)(158.7, 185.8);GATE
Port:(158.7, 198.5)(163.9, 198.5)(163.9, 220.7)(158.7, 220.7);SD
Port:(275.3, 185.8)(275.3, 218.1)(275.1, 218.1)(275.1, 233.4)(165.9, 233.4)(165.9, 185.8);GATE
Port:(264.4, 191.5)(270.6, 191.5)(270.6, 212.4)(264.4, 212.4);SD
Module:M9
Boundary:(537.1, 153.3)(537.1, 223.4)(315.3, 223.4)(315.3, 153.3);GATE
Port:(315.3, 167.7)(320.9, 167.7)(320.9, 209.0)(315.3, 209.0);SD
Port:(537.1, 153.3)(537.1, 223.4)(322.2, 223.4)(322.2, 153.3);GATE
Port:(525.6, 160.1)(531.3, 160.1)(531.3, 216.6)(525.6, 216.6);SD
Module:M5
Boundary:(272.3, 20.0)(272.3, 135.8)(157.7, 135.8)(157.7, 20.0);GATE
Port:(157.7, 34.0)(161.7, 34.0)(161.7, 121.8)(157.7, 121.8);SD
Port:(272.3, 20.0)(272.3, 135.8)(163.6, 135.8)(163.6, 20.0);GATE
Port:(260.6, 26.2)(267.1, 26.2)(267.1, 129.6)(260.6, 129.6);SD
Module:M11
Boundary:(673.6, 152.2)(673.6, 222.9)(557.1, 222.9)(557.1, 152.2);GATE
Port:(557.1, 167.8)(562.9, 167.8)(562.9, 207.3)(557.1, 207.3);SD
Port:(673.6, 152.2)(673.6, 222.9)(565.7, 222.9)(565.7, 152.2);GATE
Port:(660.4, 159.1)(667.7, 159.1)(667.7, 216.0)(660.4, 216.0);SD
Module:M1
Boundary:(302.0, 293.4)(302.0, 358.4)(151.3, 358.4)(151.3, 293.4);GATE
Port:(151.3, 307.9)(156.1, 307.9)(156.1, 343.9)(151.3, 343.9);SD
Port:(302.0, 293.4)(302.0, 358.4)(158.2, 358.4)(158.2, 293.4);GATE
Port:(289.2, 300.3)(296.1, 300.3)(296.1, 351.5)(289.2, 351.5);SD
Module:M6
Boundary:(10.0, 124.6)(100.9, 124.6)(100.9, 124.7)(118.7, 124.7)(118.7, 239.9)(10.0, 239.9);GATE
Port:(25.4, 234.8)(103.3, 234.8)(103.3, 239.9)(25.4, 239.9);SD
Port:(10.0, 124.6)(100.9, 124.6)(100.9, 124.7)(118.7, 124.7)(118.7, 233.4)(10.0, 233.4);GATE
Port:(16.5, 130.1)(94.4, 130.1)(94.4, 136.7)(16.5, 136.7);SD
Module:M2
Boundary:(214.6, 409.8)(214.6, 453.6)(214.6, 453.6)(214.6, 467.2)(20.0, 467.2)(20.0, 409.8);GATE
Port:(20.0, 421.3)(24.5, 421.3)(24.5, 455.7)(20.0, 455.7);SD
Port:(214.6, 409.8)(214.6, 453.6)(214.6, 453.6)(214.6, 467.2)(27.5, 467.2)(27.5, 409.8);GATE
Port:(204.7, 416.2)(209.2, 416.2)(209.2, 447.2)(204.7, 447.2);SD
Module:M16
Boundary:(342.0, 243.4)(440.2, 243.4)(440.2, 368.6)(342.0, 368.6);GATE
Port:(356.2, 364.1)(426.0, 364.1)(426.0, 368.6)(356.2, 368.6);SD
Port:(342.0, 243.4)(440.2, 243.4)(440.2, 361.4)(342.0, 361.4);GATE
Port:(348.3, 248.7)(433.9, 248.7)(433.9, 254.9)(348.3, 254.9);SD
Module:M13
Boundary:(446.6, 398.4)(446.6, 471.3)(244.6, 471.3)(244.6, 398.4);GATE
Port:(244.6, 410.7)(249.8, 410.7)(249.8, 459.0)(244.6, 459.0);SD
Port:(446.6, 398.4)(446.6, 471.3)(251.8, 471.3)(251.8, 398.4);GATE
Port:(436.3, 403.8)(442.2, 403.8)(442.2, 465.9)(436.3, 465.9);SD
Module:M10
Boundary:(663.3, 242.9)(663.3, 330.2)(564.5, 330.2)(564.5, 242.9);GATE
Port:(564.5, 256.7)(569.9, 256.7)(569.9, 316.4)(564.5, 316.4);SD
Port:(663.3, 242.9)(663.3, 330.2)(571.9, 330.2)(571.9, 242.9);GATE
Port:(651.6, 249.5)(657.7, 249.5)(657.7, 323.6)(651.6, 323.6);SD
Module:M7
Boundary:(662.2, 360.2)(662.2, 456.2)(661.6, 456.2)(661.6, 471.9)(476.6, 471.9)(476.6, 360.2);GATE
Port:(476.6, 372.8)(481.9, 372.8)(481.9, 459.3)(476.6, 459.3);SD
Port:(662.2, 360.2)(662.2, 456.2)(661.6, 456.2)(661.6, 471.9)(483.5, 471.9)(483.5, 360.2);GATE
Port:(651.9, 367.2)(656.2, 367.2)(656.2, 449.2)(651.9, 449.2);SD
Module:M3
Boundary:(469.5, 10.0)(469.5, 115.8)(469.1, 115.8)(469.1, 133.3)(302.3, 133.3)(302.3, 10.0);GATE
Port:(302.3, 24.7)(307.1, 24.7)(307.1, 118.6)(302.3, 118.6);SD
Port:(469.5, 10.0)(469.5, 115.8)(469.1, 115.8)(469.1, 133.3)(309.2, 133.3)(309.2, 10.0);GATE
Port:(458.0, 15.1)(465.4, 15.1)(465.4, 110.7)(458.0, 110.7);SD
Module:M15
Boundary:(673.4, 10.0)(673.4, 115.0)(672.8, 115.0)(672.8, 132.2)(489.5, 132.2)(489.5, 10.0);GATE
Port:(489.5, 24.6)(494.3, 24.6)(494.3, 117.6)(489.5, 117.6);SD
Port:(673.4, 10.0)(673.4, 115.0)(672.8, 115.0)(672.8, 132.2)(496.2, 132.2)(496.2, 10.0);GATE
Port:(661.8, 15.5)(668.9, 15.5)(668.9, 109.5)(661.8, 109.5);SD
Module:M12
Boundary:(544.5, 243.4)(544.5, 312.7)(544.4, 312.7)(544.4, 329.4)(466.6, 329.4)(466.6, 243.4);GATE
Port:(466.6, 258.0)(472.0, 258.0)(472.0, 314.8)(466.6, 314.8);SD
Port:(544.5, 243.4)(544.5, 312.7)(544.4, 312.7)(544.4, 329.4)(473.2, 329.4)(473.2, 243.4);GATE
Port:(532.4, 250.3)(538.6, 250.3)(538.6, 305.8)(532.4, 305.8);SD
Module:M8
Boundary:(117.7, 20.0)(117.7, 94.6)(20.0, 94.6)(20.0, 20.0);GATE
Port:(20.0, 32.7)(24.9, 32.7)(24.9, 81.9)(20.0, 81.9);SD
Port:(117.7, 20.0)(117.7, 94.6)(26.9, 94.6)(26.9, 20.0);GATE
Port:(107.3, 25.4)(113.3, 25.4)(113.3, 89.2)(107.3, 89.2);SD
Module:M4
Boundary:(20.0, 269.9)(85.6, 269.9)(85.6, 270.2)(101.3, 270.2)(101.3, 369.8)(20.0, 369.8);GATE
Port:(33.7, 365.7)(87.6, 365.7)(87.6, 369.8)(33.7, 369.8);SD
Port:(20.0, 269.9)(85.6, 269.9)(85.6, 270.2)(101.3, 270.2)(101.3, 363.7)(20.0, 363.7);GATE
Port:(25.5, 274.4)(80.1, 274.4)(80.1, 281.1)(25.5, 281.1);SD
