Area:(-30.0, -30.0)(465.7, -30.0)(465.7, 862.4)(-30.0, 862.4)
Rule:GATE(5,5);SD(5,5);GATE_SD(0.5);GATE_ITO(0.5);SD_ITO(0.5)
Module:M14
Boundary:(340.7, 249.8)(389.4, 249.8)(389.4, 250.0)(404.9, 250.0)(404.9, 388.2)(340.7, 388.2);GATE
Port:(353.5, 384.2)(392.1, 384.2)(392.1, 388.2)(353.5, 388.2);SD
Port:(340.7, 249.8)(389.4, 249.8)(389.4, 250.0)(404.9, 250.0)(404.9, 381.6)(340.7, 381.6);GATE
Port:(346.5, 254.6)(383.6, 254.6)(383.6, 260.7)(346.5, 260.7);SD
Module:M9
Boundary:(10.0, 232.8)(93.9, 232.8)(93.9, 233.2)(109.6, 233.2)(109.6, 315.8)(10.0, 315.8);GATE
Port:(25.4, 311.2)(94.2, 311.2)(94.2, 315.8)(25.4, 315.8);SD
Port:(10.0, 232.8)(93.9, 232.8)(93.9, 233.2)(109.6, 233.2)(109.6, 308.5)(10.0, 308.5);GATE
Port:(16.8, 238.6)(87.1, 238.6)(87.1, 245.2)(16.8, 245.2);SD
Module:M5
Boundary:(290.7, 20.0)(290.7, 85.7)(290.4, 85.7)(290.4, 101.9)(158.4, 101.9)(158.4, 20.0);GATE
Port:(158.4, 33.0)(163.8, 33.0)(163.8, 88.9)(158.4, 88.9);SD
Port:(290.7, 20.0)(290.7, 85.7)(290.4, 85.7)(290.4, 101.9)(166.1, 101.9)(166.1, 20.0);GATE
Port:(280.6, 26.3)(285.4, 26.3)(285.4, 79.4)(280.6, 79.4);SD
Module:M11
Boundary:(146.2, 271.0)(240.0, 271.0)(240.0, 453.5)(146.2, 453.5);GATE
Port:(161.8, 448.0)(224.4, 448.0)(224.4, 453.5)(161.8, 453.5);SD
Port:(146.2, 271.0)(240.0, 271.0)(240.0, 446.2)(146.2, 446.2);GATE
Port:(152.9, 276.7)(233.3, 276.7)(233.3, 283.5)(152.9, 283.5);SD
Module:M1
Boundary:(159.0, 750.1)(159.0, 783.8)(159.0, 783.8)(159.0, 799.3)(30.0, 799.3)(30.0, 750.1);GATE
Port:(30.0, 763.8)(35.6, 763.8)(35.6, 785.6)(30.0, 785.6);SD
Port:(159.0, 750.1)(159.0, 783.8)(159.0, 783.8)(159.0, 799.3)(38.4, 799.3)(38.4, 750.1);GATE
Port:(148.0, 756.3)(153.8, 756.3)(153.8, 777.6)(148.0, 777.6);SD
Module:M6
Boundary:(399.4, 758.4)(399.4, 808.6)(347.0, 808.6)(347.0, 822.4)(199.0, 822.4)(199.0, 758.4);GATE
Port:(199.0, 772.0)(203.7, 772.0)(203.7, 808.8)(199.0, 808.8);SD
Port:(399.4, 758.4)(399.4, 808.6)(347.0, 808.6)(347.0, 822.4)(206.6, 822.4)(206.6, 758.4);GATE
Port:(388.0, 764.9)(393.9, 764.9)(393.9, 801.1)(388.0, 801.1);SD
Module:M2
Boundary:(214.8, 574.8)(214.8, 700.1)(20.0, 700.1)(20.0, 574.8);GATE
Port:(20.0, 588.2)(25.8, 588.2)(25.8, 686.7)(20.0, 686.7);SD
Port:(214.8, 574.8)(214.8, 700.1)(27.9, 700.1)(27.9, 574.8);GATE
Port:(204.8, 581.2)(209.4, 581.2)(209.4, 693.7)(204.8, 693.7);SD
Module:M16
Boundary:(337.5, 557.8)(425.7, 557.8)(425.7, 649.8)(337.5, 649.8);GATE
Port:(349.2, 644.7)(414.0, 644.7)(414.0, 649.8)(349.2, 649.8);SD
Port:(337.5, 557.8)(425.7, 557.8)(425.7, 642.2)(337.5, 642.2);GATE
Port:(342.8, 562.1)(420.4, 562.1)(420.4, 567.6)(342.8, 567.6);SD
Module:M13
Boundary:(10.0, 10.0)(111.3, 10.0)(111.3, 10.3)(128.4, 10.3)(128.4, 212.8)(10.0, 212.8);GATE
Port:(22.6, 208.5)(115.8, 208.5)(115.8, 212.8)(22.6, 212.8);SD
Port:(10.0, 10.0)(111.3, 10.0)(111.3, 10.3)(128.4, 10.3)(128.4, 206.6)(10.0, 206.6);GATE
Port:(15.2, 14.2)(106.1, 14.2)(106.1, 19.8)(15.2, 19.8);SD
Module:M10
Boundary:(244.8, 564.8)(303.3, 564.8)(303.3, 564.8)(317.5, 564.8)(317.5, 732.0)(244.8, 732.0);GATE
Port:(255.9, 726.9)(306.4, 726.9)(306.4, 732.0)(255.9, 732.0);SD
Port:(244.8, 564.8)(303.3, 564.8)(303.3, 564.8)(317.5, 564.8)(317.5, 725.8)(244.8, 725.8);GATE
Port:(251.0, 570.0)(297.1, 570.0)(297.1, 574.3)(251.0, 574.3);SD
Module:M7
Boundary:(20.0, 345.8)(116.2, 345.8)(116.2, 530.9)(20.0, 530.9);GATE
Port:(33.1, 525.1)(103.1, 525.1)(103.1, 530.9)(33.1, 530.9);SD
Port:(20.0, 345.8)(116.2, 345.8)(116.2, 523.4)(20.0, 523.4);GATE
Port:(25.8, 350.6)(110.4, 350.6)(110.4, 356.6)(25.8, 356.6);SD
Module:M3
Boundary:(425.1, 669.8)(425.1, 721.5)(425.0, 721.5)(425.0, 738.4)(337.5, 738.4)(337.5, 669.8);GATE
Port:(337.5, 684.0)(341.7, 684.0)(341.7, 724.2)(337.5, 724.2);SD
Port:(425.1, 669.8)(425.1, 721.5)(425.0, 721.5)(425.0, 738.4)(343.1, 738.4)(343.1, 669.8);GATE
Port:(413.9, 676.1)(419.8, 676.1)(419.8, 715.2)(413.9, 715.2);SD
Module:M15
Boundary:(296.3, 131.9)(296.3, 233.8)(296.1, 233.8)(296.1, 251.0)(148.4, 251.0)(148.4, 131.9);GATE
Port:(148.4, 144.6)(154.4, 144.6)(154.4, 238.3)(148.4, 238.3);SD
Port:(296.3, 131.9)(296.3, 233.8)(296.1, 233.8)(296.1, 251.0)(155.7, 251.0)(155.7, 131.9);GATE
Port:(286.2, 137.1)(292.1, 137.1)(292.1, 228.6)(286.2, 228.6);SD
Module:M12
Boundary:(273.1, 473.5)(273.1, 544.8)(146.2, 544.8)(146.2, 473.5);GATE
Port:(146.2, 486.1)(152.2, 486.1)(152.2, 532.2)(146.2, 532.2);SD
Port:(273.1, 473.5)(273.1, 544.8)(154.4, 544.8)(154.4, 473.5);GATE
Port:(262.1, 480.1)(267.5, 480.1)(267.5, 538.2)(262.1, 538.2);SD
Module:M8
Boundary:(409.5, 438.2)(409.5, 527.8)(303.1, 527.8)(303.1, 438.2);GATE
Port:(303.1, 453.7)(309.1, 453.7)(309.1, 512.3)(303.1, 512.3);SD
Port:(409.5, 438.2)(409.5, 527.8)(310.7, 527.8)(310.7, 438.2);GATE
Port:(397.3, 445.0)(403.7, 445.0)(403.7, 521.0)(397.3, 521.0);SD
Module:M4
Boundary:(330.7, 20.0)(400.9, 20.0)(400.9, 20.2)(414.4, 20.2)(414.4, 199.8)(330.7, 199.8);GATE
Port:(342.4, 195.1)(402.7, 195.1)(402.7, 199.8)(342.4, 199.8);SD
Port:(330.7, 20.0)(400.9, 20.0)(400.9, 20.2)(414.4, 20.2)(414.4, 193.8)(330.7, 193.8);GATE
Port:(335.7, 24.0)(395.9, 24.0)(395.9, 29.9)(335.7, 29.9);SD
