Area:(-30.0, -30.0)(374.1, -30.0)(374.1, 1064.4)(-30.0, 1064.4)
Rule:GATE(5,5);SD(5,5);GATE_SD(0.5);GATE_ITO(0.5);SD_ITO(0.5)
Module:M14
Boundary:(300.3, 342.5)(300.3, 448.7)(150.0, 448.7)(150.0, 342.5);GATE
Port:(150.0, 357.6)(154.4, 357.6)(154.4, 433.6)(150.0, 433.6);SD
Port:(300.3, 342.5)(300.3, 448.7)(156.8, 448.7)(156.8, 342.5);GATE
Port:(287.0, 349.4)(294.4, 349.4)(294.4, 441.8)(287.0, 441.8);SD
Module:M9
Boundary:(246.6, 141.0)(311.7, 141.0)(311.7, 141.1)(326.9, 141.1)(326.9, 302.5)(246.6, 302.5);GATE
Port:(260.3, 298.4)(313.2, 298.4)(313.2, 302.5)(260.3, 302.5);SD
Port:(246.6, 141.0)(311.7, 141.0)(311.7, 141.1)(326.9, 141.1)(326.9, 296.7)(246.6, 296.7);GATE
Port:(252.5, 145.9)(305.8, 145.9)(305.8, 153.0)(252.5, 153.0);SD
Module:M5
Boundary:(320.7, 498.7)(320.7, 600.0)(156.9, 600.0)(156.9, 498.7);GATE
Port:(156.9, 512.7)(161.8, 512.7)(161.8, 586.0)(156.9, 586.0);SD
Port:(320.7, 498.7)(320.7, 600.0)(163.2, 600.0)(163.2, 498.7);GATE
Port:(308.7, 505.4)(315.0, 505.4)(315.0, 593.3)(308.7, 593.3);SD
Module:M11
Boundary:(333.1, 789.4)(333.1, 883.2)(200.9, 883.2)(200.9, 789.4);GATE
Port:(200.9, 805.5)(206.1, 805.5)(206.1, 867.1)(200.9, 867.1);SD
Port:(333.1, 789.4)(333.1, 883.2)(207.4, 883.2)(207.4, 789.4);GATE
Port:(320.4, 796.0)(327.5, 796.0)(327.5, 876.6)(320.4, 876.6);SD
Module:M1
Boundary:(30.0, 262.3)(75.6, 262.3)(75.6, 262.3)(90.0, 262.3)(90.0, 411.6)(30.0, 411.6);GATE
Port:(42.6, 406.1)(77.4, 406.1)(77.4, 411.6)(42.6, 411.6);SD
Port:(30.0, 262.3)(75.6, 262.3)(75.6, 262.3)(90.0, 262.3)(90.0, 403.4)(30.0, 403.4);GATE
Port:(36.6, 267.9)(69.0, 267.9)(69.0, 272.3)(36.6, 272.3);SD
Module:M6
Boundary:(180.3, 841.3)(180.3, 918.7)(10.0, 918.7)(10.0, 841.3);GATE
Port:(10.0, 853.8)(14.5, 853.8)(14.5, 906.2)(10.0, 906.2);SD
Port:(180.3, 841.3)(180.3, 918.7)(16.4, 918.7)(16.4, 841.3);GATE
Port:(169.4, 846.7)(175.9, 846.7)(175.9, 913.3)(169.4, 913.3);SD
Module:M2
Boundary:(116.9, 498.7)(116.9, 574.8)(20.0, 574.8)(20.0, 498.7);GATE
Port:(20.0, 511.6)(25.8, 511.6)(25.8, 561.9)(20.0, 561.9);SD
Port:(116.9, 498.7)(116.9, 574.8)(27.0, 574.8)(27.0, 498.7);GATE
Port:(106.0, 503.9)(112.7, 503.9)(112.7, 569.6)(106.0, 569.6);SD
Module:M16
Boundary:(269.6, 630.0)(334.1, 630.0)(334.1, 710.2)(269.6, 710.2);GATE
Port:(281.8, 704.5)(321.9, 704.5)(321.9, 710.2)(281.8, 710.2);SD
Port:(269.6, 630.0)(334.1, 630.0)(334.1, 702.9)(269.6, 702.9);GATE
Port:(274.6, 634.0)(329.1, 634.0)(329.1, 639.6)(274.6, 639.6);SD
Module:M13
Boundary:(172.9, 938.7)(172.9, 1011.0)(172.6, 1011.0)(172.6, 1024.4)(10.0, 1024.4)(10.0, 938.7);GATE
Port:(10.0, 951.2)(15.6, 951.2)(15.6, 1011.9)(10.0, 1011.9);SD
Port:(172.9, 938.7)(172.9, 1011.0)(172.6, 1011.0)(172.6, 1024.4)(18.3, 1024.4)(18.3, 938.7);GATE
Port:(161.9, 944.8)(167.8, 944.8)(167.8, 1004.9)(161.9, 1004.9);SD
Module:M10
Boundary:(200.9, 630.0)(234.2, 630.0)(234.2, 630.2)(249.6, 630.2)(249.6, 769.4)(200.9, 769.4);GATE
Port:(214.5, 765.1)(236.0, 765.1)(236.0, 769.4)(214.5, 769.4);SD
Port:(200.9, 630.0)(234.2, 630.0)(234.2, 630.2)(249.6, 630.2)(249.6, 763.7)(200.9, 763.7);GATE
Port:(205.9, 634.0)(229.2, 634.0)(229.2, 641.2)(205.9, 641.2);SD
Module:M7
Boundary:(140.0, 151.0)(216.6, 151.0)(216.6, 268.6)(140.0, 268.6);GATE
Port:(152.1, 264.2)(204.5, 264.2)(204.5, 268.6)(152.1, 268.6);SD
Port:(140.0, 151.0)(216.6, 151.0)(216.6, 263.1)(140.0, 263.1);GATE
Port:(146.2, 156.2)(210.4, 156.2)(210.4, 161.3)(146.2, 161.3);SD
Module:M3
Boundary:(332.9, 10.0)(332.9, 102.5)(332.8, 102.5)(332.8, 121.0)(114.1, 121.0)(114.1, 10.0);GATE
Port:(114.1, 25.2)(118.4, 25.2)(118.4, 105.8)(114.1, 105.8);SD
Port:(332.9, 10.0)(332.9, 102.5)(332.8, 102.5)(332.8, 121.0)(121.3, 121.0)(121.3, 10.0);GATE
Port:(321.2, 16.6)(327.3, 16.6)(327.3, 95.9)(321.2, 95.9);SD
Module:M15
Boundary:(326.0, 903.2)(326.0, 988.5)(325.7, 988.5)(325.7, 1005.5)(200.3, 1005.5)(200.3, 903.2);GATE
Port:(200.3, 917.2)(205.0, 917.2)(205.0, 991.5)(200.3, 991.5);SD
Port:(326.0, 903.2)(326.0, 988.5)(325.7, 988.5)(325.7, 1005.5)(206.9, 1005.5)(206.9, 903.2);GATE
Port:(315.1, 908.6)(321.6, 908.6)(321.6, 983.1)(315.1, 983.1);SD
Module:M12
Boundary:(107.4, 630.0)(180.9, 630.0)(180.9, 821.3)(107.4, 821.3);GATE
Port:(122.3, 816.8)(166.0, 816.8)(166.0, 821.3)(122.3, 821.3);SD
Port:(107.4, 630.0)(180.9, 630.0)(180.9, 813.8)(107.4, 813.8);GATE
Port:(113.6, 635.2)(174.7, 635.2)(174.7, 641.5)(113.6, 641.5);SD
Module:M8
Boundary:(20.0, 20.0)(84.1, 20.0)(84.1, 212.3)(20.0, 212.3);GATE
Port:(33.9, 207.9)(70.2, 207.9)(70.2, 212.3)(33.9, 212.3);SD
Port:(20.0, 20.0)(84.1, 20.0)(84.1, 206.3)(20.0, 206.3);GATE
Port:(26.6, 25.6)(77.5, 25.6)(77.5, 31.2)(26.6, 31.2);SD
Module:M4
Boundary:(20.0, 614.8)(77.4, 614.8)(77.4, 794.2)(20.0, 794.2);GATE
Port:(31.8, 789.0)(65.6, 789.0)(65.6, 794.2)(31.8, 794.2);SD
Port:(20.0, 614.8)(77.4, 614.8)(77.4, 786.1)(20.0, 786.1);GATE
Port:(26.3, 620.1)(71.1, 620.1)(71.1, 625.0)(26.3, 625.0);SD
