Area:(-30.0, -30.0)(777.9, -30.0)(777.9, 539.9)(-30.0, 539.9)
Rule:GATE(5,5);SD(5,5);GATE_SD(0.5);GATE_ITO(0.5);SD_ITO(0.5)
Module:M14
Boundary:(487.3, 30.0)(487.3, 136.9)(331.0, 136.9)(331.0, 30.0);GATE
Port:(331.0, 43.7)(336.0, 43.7)(336.0, 123.2)(331.0, 123.2);SD
Port:(487.3, 30.0)(487.3, 136.9)(337.9, 136.9)(337.9, 30.0);GATE
Port:(477.0, 36.2)(482.1, 36.2)(482.1, 130.7)(477.0, 130.7);SD
Module:M9
Boundary:(10.0, 10.0)(83.6, 10.0)(83.6, 198.5)(10.0, 198.5);GATE
Port:(24.2, 193.0)(69.4, 193.0)(69.4, 198.5)(24.2, 198.5);SD
Port:(10.0, 10.0)(83.6, 10.0)(83.6, 190.7)(10.0, 190.7);GATE
Port:(15.3, 14.3)(78.3, 14.3)(78.3, 21.1)(15.3, 21.1);SD
Module:M5
Boundary:(113.6, 20.0)(195.2, 20.0)(195.2, 208.2)(113.6, 208.2);GATE
Port:(126.8, 203.6)(182.0, 203.6)(182.0, 208.2)(126.8, 208.2);SD
Port:(113.6, 20.0)(195.2, 20.0)(195.2, 201.6)(113.6, 201.6);GATE
Port:(118.7, 24.1)(190.1, 24.1)(190.1, 30.1)(118.7, 30.1);SD
Module:M11
Boundary:(225.5, 214.8)(314.9, 214.8)(314.9, 215.1)(329.6, 215.1)(329.6, 360.3)(225.5, 360.3);GATE
Port:(237.2, 355.8)(317.9, 355.8)(317.9, 360.3)(237.2, 360.3);SD
Port:(225.5, 214.8)(314.9, 214.8)(314.9, 215.1)(329.6, 215.1)(329.6, 354.0)(225.5, 354.0);GATE
Port:(231.2, 219.5)(309.2, 219.5)(309.2, 224.4)(231.2, 224.4);SD
Module:M1
Boundary:(499.2, 196.9)(547.9, 196.9)(547.9, 197.1)(564.2, 197.1)(564.2, 341.9)(499.2, 341.9);GATE
Port:(511.9, 336.2)(551.5, 336.2)(551.5, 341.9)(511.9, 341.9);SD
Port:(499.2, 196.9)(547.9, 196.9)(547.9, 197.1)(564.2, 197.1)(564.2, 334.4)(499.2, 334.4);GATE
Port:(505.0, 201.7)(542.1, 201.7)(542.1, 207.1)(505.0, 207.1);SD
Module:M6
Boundary:(205.5, 238.2)(205.5, 326.2)(10.0, 326.2)(10.0, 238.2);GATE
Port:(10.0, 252.7)(15.4, 252.7)(15.4, 311.7)(10.0, 311.7);SD
Port:(205.5, 238.2)(205.5, 326.2)(16.9, 326.2)(16.9, 238.2);GATE
Port:(193.5, 244.4)(200.3, 244.4)(200.3, 320.0)(193.5, 320.0);SD
Module:M2
Boundary:(235.2, 20.0)(281.0, 20.0)(281.0, 184.8)(235.2, 184.8);GATE
Port:(247.6, 179.3)(268.6, 179.3)(268.6, 184.8)(247.6, 184.8);SD
Port:(235.2, 20.0)(281.0, 20.0)(281.0, 178.2)(235.2, 178.2);GATE
Port:(241.5, 25.3)(274.7, 25.3)(274.7, 30.1)(241.5, 30.1);SD
Module:M16
Boundary:(644.2, 325.6)(722.9, 325.6)(722.9, 325.8)(737.9, 325.8)(737.9, 491.3)(644.2, 491.3);GATE
Port:(657.4, 485.9)(724.7, 485.9)(724.7, 491.3)(657.4, 491.3);SD
Port:(644.2, 325.6)(722.9, 325.6)(722.9, 325.8)(737.9, 325.8)(737.9, 484.3)(644.2, 484.3);GATE
Port:(651.1, 331.5)(716.0, 331.5)(716.0, 336.6)(651.1, 336.6);SD
Module:M13
Boundary:(349.6, 176.9)(441.0, 176.9)(441.0, 177.3)(459.2, 177.3)(459.2, 360.1)(349.6, 360.1);GATE
Port:(364.2, 354.1)(444.6, 354.1)(444.6, 360.1)(364.2, 360.1);SD
Port:(349.6, 176.9)(441.0, 176.9)(441.0, 177.3)(459.2, 177.3)(459.2, 352.1)(349.6, 352.1);GATE
Port:(356.3, 182.6)(434.3, 182.6)(434.3, 188.6)(356.3, 188.6);SD
Module:M10
Boundary:(199.1, 447.7)(199.1, 483.7)(199.0, 483.7)(199.0, 499.9)(10.0, 499.9)(10.0, 447.7);GATE
Port:(10.0, 461.9)(15.7, 461.9)(15.7, 485.7)(10.0, 485.7);SD
Port:(199.1, 447.7)(199.1, 483.7)(199.0, 483.7)(199.0, 499.9)(18.5, 499.9)(18.5, 447.7);GATE
Port:(187.4, 454.0)(193.8, 454.0)(193.8, 477.4)(187.4, 477.4);SD
Module:M7
Boundary:(616.1, 20.0)(616.1, 105.1)(615.6, 105.1)(615.6, 122.1)(537.3, 122.1)(537.3, 20.0);GATE
Port:(537.3, 33.8)(541.6, 33.8)(541.6, 108.3)(537.3, 108.3);SD
Port:(616.1, 20.0)(616.1, 105.1)(615.6, 105.1)(615.6, 122.1)(543.0, 122.1)(543.0, 20.0);GATE
Port:(605.1, 25.4)(611.7, 25.4)(611.7, 99.7)(605.1, 99.7);SD
Module:M3
Boundary:(624.2, 381.9)(624.2, 497.3)(459.8, 497.3)(459.8, 381.9);GATE
Port:(459.8, 394.1)(465.5, 394.1)(465.5, 485.1)(459.8, 485.1);SD
Port:(624.2, 381.9)(624.2, 497.3)(467.7, 497.3)(467.7, 381.9);GATE
Port:(614.9, 387.6)(619.5, 387.6)(619.5, 491.6)(614.9, 491.6);SD
Module:M15
Boundary:(137.9, 346.2)(137.9, 411.7)(137.6, 411.7)(137.6, 427.7)(10.0, 427.7)(10.0, 346.2);GATE
Port:(10.0, 359.3)(15.9, 359.3)(15.9, 414.6)(10.0, 414.6);SD
Port:(137.9, 346.2)(137.9, 411.7)(137.6, 411.7)(137.6, 427.7)(17.7, 427.7)(17.7, 346.2);GATE
Port:(126.8, 351.2)(133.9, 351.2)(133.9, 406.7)(126.8, 406.7);SD
Module:M12
Boundary:(646.1, 10.0)(715.5, 10.0)(715.5, 10.4)(732.4, 10.4)(732.4, 138.6)(646.1, 138.6);GATE
Port:(660.4, 134.0)(718.1, 134.0)(718.1, 138.6)(660.4, 138.6);SD
Port:(646.1, 10.0)(715.5, 10.0)(715.5, 10.4)(732.4, 10.4)(732.4, 131.4)(646.1, 131.4);GATE
Port:(652.5, 15.4)(709.1, 15.4)(709.1, 21.6)(652.5, 21.6);SD
Module:M8
Boundary:(614.2, 168.6)(695.8, 168.6)(695.8, 169.0)(711.8, 169.0)(711.8, 295.6)(614.2, 295.6);GATE
Port:(627.3, 289.7)(698.7, 289.7)(698.7, 295.6)(627.3, 295.6);SD
Port:(614.2, 168.6)(695.8, 168.6)(695.8, 169.0)(711.8, 169.0)(711.8, 286.7)(614.2, 286.7);GATE
Port:(620.5, 173.9)(689.5, 173.9)(689.5, 179.4)(620.5, 179.4);SD
Module:M4
Boundary:(429.8, 390.3)(429.8, 475.1)(429.4, 475.1)(429.4, 491.8)(229.1, 491.8)(229.1, 390.3);GATE
Port:(229.1, 403.9)(233.4, 403.9)(233.4, 478.2)(229.1, 478.2);SD
Port:(429.8, 390.3)(429.8, 475.1)(429.4, 475.1)(429.4, 491.8)(235.6, 491.8)(235.6, 390.3);GATE
Port:(419.2, 397.3)(423.8, 397.3)(423.8, 468.1)(419.2, 468.1);SD
