Area:(-30.0, -30.0)(509.0, -30.0)(509.0, 759.2)(-30.0, 759.2)
Rule:GATE(5,5);SD(5,5);GATE_SD(0.5);GATE_ITO(0.5);SD_ITO(0.5)
Module:M14
Boundary:(30.0, 361.7)(93.8, 361.7)(93.8, 362.0)(108.3, 362.0)(108.3, 557.8)(30.0, 557.8);GATE
Port:(43.9, 552.2)(94.4, 552.2)(94.4, 557.8)(43.9, 557.8);SD
Port:(30.0, 361.7)(93.8, 361.7)(93.8, 362.0)(108.3, 362.0)(108.3, 549.3)(30.0, 549.3);GATE
Port:(36.9, 367.6)(86.9, 367.6)(86.9, 373.8)(36.9, 373.8);SD
Module:M9
Boundary:(258.3, 596.4)(293.9, 596.4)(293.9, 596.5)(310.0, 596.5)(310.0, 679.3)(258.3, 679.3);GATE
Port:(272.9, 675.2)(295.4, 675.2)(295.4, 679.3)(272.9, 679.3);SD
Port:(258.3, 596.4)(293.9, 596.4)(293.9, 596.5)(310.0, 596.5)(310.0, 673.3)(258.3, 673.3);GATE
Port:(264.3, 601.4)(287.9, 601.4)(287.9, 608.5)(264.3, 608.5);SD
Module:M5
Boundary:(158.4, 236.6)(209.7, 236.6)(209.7, 461.2)(158.4, 461.2);GATE
Port:(172.6, 457.1)(195.5, 457.1)(195.5, 461.2)(172.6, 461.2);SD
Port:(158.4, 236.6)(209.7, 236.6)(209.7, 455.4)(158.4, 455.4);GATE
Port:(165.4, 242.6)(202.7, 242.6)(202.7, 248.4)(165.4, 248.4);SD
Module:M11
Boundary:(385.8, 360.2)(444.7, 360.2)(444.7, 360.4)(458.2, 360.4)(458.2, 454.9)(385.8, 454.9);GATE
Port:(398.4, 449.3)(445.6, 449.3)(445.6, 454.9)(398.4, 454.9);SD
Port:(385.8, 360.2)(444.7, 360.2)(444.7, 360.4)(458.2, 360.4)(458.2, 447.9)(385.8, 447.9);GATE
Port:(391.8, 365.2)(438.7, 365.2)(438.7, 371.1)(391.8, 371.1);SD
Module:M1
Boundary:(201.1, 30.0)(201.1, 62.9)(201.1, 62.9)(201.1, 77.2)(30.0, 77.2)(30.0, 30.0);GATE
Port:(30.0, 43.3)(35.1, 43.3)(35.1, 63.9)(30.0, 63.9);SD
Port:(201.1, 30.0)(201.1, 62.9)(201.1, 62.9)(201.1, 77.2)(37.3, 77.2)(37.3, 30.0);GATE
Port:(189.8, 36.9)(195.2, 36.9)(195.2, 56.0)(189.8, 56.0);SD
Module:M6
Boundary:(293.8, 491.2)(293.8, 559.7)(293.6, 559.7)(293.6, 576.4)(148.3, 576.4)(148.3, 491.2);GATE
Port:(148.3, 505.2)(153.8, 505.2)(153.8, 562.4)(148.3, 562.4);SD
Port:(293.8, 491.2)(293.8, 559.7)(293.6, 559.7)(293.6, 576.4)(156.5, 576.4)(156.5, 491.2);GATE
Port:(282.2, 497.9)(288.1, 497.9)(288.1, 553.0)(282.2, 553.0);SD
Module:M2
Boundary:(460.3, 577.8)(460.3, 702.4)(340.0, 702.4)(340.0, 577.8);GATE
Port:(340.0, 592.2)(344.6, 592.2)(344.6, 688.0)(340.0, 688.0);SD
Port:(460.3, 577.8)(460.3, 702.4)(347.4, 702.4)(347.4, 577.8);GATE
Port:(449.2, 583.2)(455.9, 583.2)(455.9, 697.0)(449.2, 697.0);SD
Module:M16
Boundary:(376.4, 10.0)(453.9, 10.0)(453.9, 10.3)(469.0, 10.3)(469.0, 226.8)(376.4, 226.8);GATE
Port:(388.8, 222.5)(456.6, 222.5)(456.6, 226.8)(388.8, 226.8);SD
Port:(376.4, 10.0)(453.9, 10.0)(453.9, 10.3)(469.0, 10.3)(469.0, 220.6)(376.4, 220.6);GATE
Port:(382.8, 15.4)(447.5, 15.4)(447.5, 20.2)(382.8, 20.2);SD
Module:M13
Boundary:(238.3, 597.8)(238.3, 719.2)(10.0, 719.2)(10.0, 597.8);GATE
Port:(10.0, 610.6)(15.2, 610.6)(15.2, 706.4)(10.0, 706.4);SD
Port:(238.3, 597.8)(238.3, 719.2)(17.2, 719.2)(17.2, 597.8);GATE
Port:(228.4, 603.0)(234.1, 603.0)(234.1, 714.0)(228.4, 714.0);SD
Module:M10
Boundary:(241.1, 10.0)(356.4, 10.0)(356.4, 168.6)(241.1, 168.6);GATE
Port:(254.4, 163.8)(343.1, 163.8)(343.1, 168.6)(254.4, 168.6);SD
Port:(241.1, 10.0)(356.4, 10.0)(356.4, 161.0)(241.1, 161.0);GATE
Port:(246.4, 14.3)(351.1, 14.3)(351.1, 20.6)(246.4, 20.6);SD
Module:M7
Boundary:(355.8, 370.2)(355.8, 449.9)(251.1, 449.9)(251.1, 370.2);GATE
Port:(251.1, 382.9)(256.6, 382.9)(256.6, 437.2)(251.1, 437.2);SD
Port:(355.8, 370.2)(355.8, 449.9)(258.1, 449.9)(258.1, 370.2);GATE
Port:(345.1, 376.6)(350.4, 376.6)(350.4, 443.5)(345.1, 443.5);SD
Module:M3
Boundary:(375.8, 246.8)(458.2, 246.8)(458.2, 340.2)(375.8, 340.2);GATE
Port:(388.2, 335.5)(445.8, 335.5)(445.8, 340.2)(388.2, 340.2);SD
Port:(375.8, 246.8)(458.2, 246.8)(458.2, 334.5)(375.8, 334.5);GATE
Port:(381.3, 251.3)(452.7, 251.3)(452.7, 256.0)(381.3, 256.0);SD
Module:M15
Boundary:(467.0, 479.9)(467.0, 532.1)(466.8, 532.1)(466.8, 547.8)(313.8, 547.8)(313.8, 479.9);GATE
Port:(313.8, 494.4)(319.3, 494.4)(319.3, 533.3)(313.8, 533.3);SD
Port:(467.0, 479.9)(467.0, 532.1)(466.8, 532.1)(466.8, 547.8)(320.6, 547.8)(320.6, 479.9);GATE
Port:(454.8, 486.7)(461.2, 486.7)(461.2, 525.3)(454.8, 525.3);SD
Module:M12
Boundary:(192.4, 117.2)(192.4, 206.6)(10.0, 206.6)(10.0, 117.2);GATE
Port:(10.0, 129.8)(16.0, 129.8)(16.0, 194.0)(10.0, 194.0);SD
Port:(192.4, 117.2)(192.4, 206.6)(18.9, 206.6)(18.9, 117.2);GATE
Port:(181.6, 122.7)(187.9, 122.7)(187.9, 201.1)(181.6, 201.1);SD
Module:M8
Boundary:(20.0, 236.6)(118.4, 236.6)(118.4, 311.7)(20.0, 311.7);GATE
Port:(32.3, 306.0)(106.1, 306.0)(106.1, 311.7)(32.3, 311.7);SD
Port:(20.0, 236.6)(118.4, 236.6)(118.4, 303.1)(20.0, 303.1);GATE
Port:(25.9, 241.5)(112.5, 241.5)(112.5, 246.1)(25.9, 246.1);SD
Module:M4
Boundary:(251.1, 198.6)(345.8, 198.6)(345.8, 322.2)(251.1, 322.2);GATE
Port:(264.3, 317.6)(332.6, 317.6)(332.6, 322.2)(264.3, 322.2);SD
Port:(251.1, 198.6)(345.8, 198.6)(345.8, 314.9)(251.1, 314.9);GATE
Port:(256.8, 203.3)(340.1, 203.3)(340.1, 210.2)(256.8, 210.2);SD
