Area:(-30.0, -30.0)(505.3, -30.0)(505.3, 725.1)(-30.0, 725.1)
Rule:GATE(5,5);SD(5,5);GATE_SD(0.5);GATE_ITO(0.5);SD_ITO(0.5)
Module:M14
Boundary:(355.3, 454.1)(355.3, 515.5)(355.3, 515.5)(355.3, 531.1)(153.1, 531.1)(153.1, 454.1);GATE
Port:(153.1, 466.0)(157.6, 466.0)(157.6, 519.2)(153.1, 519.2);SD
Port:(355.3, 454.1)(355.3, 515.5)(355.3, 515.5)(355.3, 531.1)(160.3, 531.1)(160.3, 454.1);GATE
Port:(346.4, 459.5)(350.9, 459.5)(350.9, 510.1)(346.4, 510.1);SD
Module:M9
Boundary:(463.6, 571.1)(463.6, 685.1)(235.1, 685.1)(235.1, 571.1);GATE
Port:(235.1, 585.1)(240.4, 585.1)(240.4, 671.1)(235.1, 671.1);SD
Port:(463.6, 571.1)(463.6, 685.1)(242.7, 685.1)(242.7, 571.1);GATE
Port:(451.8, 577.0)(458.7, 577.0)(458.7, 679.2)(451.8, 679.2);SD
Module:M5
Boundary:(376.6, 20.0)(455.4, 20.0)(455.4, 180.3)(376.6, 180.3);GATE
Port:(389.8, 176.3)(442.2, 176.3)(442.2, 180.3)(389.8, 180.3);SD
Port:(376.6, 20.0)(455.4, 20.0)(455.4, 175.0)(376.6, 175.0);GATE
Port:(383.5, 25.9)(448.5, 25.9)(448.5, 31.1)(383.5, 31.1);SD
Module:M11
Boundary:(113.9, 156.9)(113.9, 218.9)(10.0, 218.9)(10.0, 156.9);GATE
Port:(10.0, 169.4)(14.9, 169.4)(14.9, 206.4)(10.0, 206.4);SD
Port:(113.9, 156.9)(113.9, 218.9)(16.1, 218.9)(16.1, 156.9);GATE
Port:(103.2, 163.4)(108.4, 163.4)(108.4, 212.4)(103.2, 212.4);SD
Module:M1
Boundary:(156.6, 30.0)(224.1, 30.0)(224.1, 30.1)(241.3, 30.1)(241.3, 148.9)(156.6, 148.9);GATE
Port:(169.5, 144.2)(228.4, 144.2)(228.4, 148.9)(169.5, 148.9);SD
Port:(156.6, 30.0)(224.1, 30.0)(224.1, 30.1)(241.3, 30.1)(241.3, 142.7)(156.6, 142.7);GATE
Port:(161.8, 34.2)(218.9, 34.2)(218.9, 39.5)(161.8, 39.5);SD
Module:M6
Boundary:(395.3, 356.3)(465.3, 356.3)(465.3, 512.2)(395.3, 512.2);GATE
Port:(409.5, 507.3)(451.1, 507.3)(451.1, 512.2)(409.5, 512.2);SD
Port:(395.3, 356.3)(465.3, 356.3)(465.3, 505.1)(395.3, 505.1);GATE
Port:(401.1, 361.1)(459.5, 361.1)(459.5, 368.0)(401.1, 368.0);SD
Module:M2
Boundary:(20.0, 394.5)(103.1, 394.5)(103.1, 554.0)(20.0, 554.0);GATE
Port:(32.6, 549.7)(90.5, 549.7)(90.5, 554.0)(32.6, 554.0);SD
Port:(20.0, 394.5)(103.1, 394.5)(103.1, 546.8)(20.0, 546.8);GATE
Port:(25.6, 399.1)(97.5, 399.1)(97.5, 404.5)(25.6, 404.5);SD
Module:M16
Boundary:(391.9, 210.3)(445.1, 210.3)(445.1, 210.3)(463.4, 210.3)(463.4, 336.3)(391.9, 336.3);GATE
Port:(406.0, 331.4)(449.3, 331.4)(449.3, 336.3)(406.0, 336.3);SD
Port:(391.9, 210.3)(445.1, 210.3)(445.1, 210.3)(463.4, 210.3)(463.4, 329.7)(391.9, 329.7);GATE
Port:(397.2, 214.6)(439.8, 214.6)(439.8, 221.0)(397.2, 221.0);SD
Module:M13
Boundary:(286.4, 349.3)(286.4, 414.0)(145.7, 414.0)(145.7, 349.3);GATE
Port:(145.7, 362.6)(150.3, 362.6)(150.3, 400.7)(145.7, 400.7);SD
Port:(286.4, 349.3)(286.4, 414.0)(152.7, 414.0)(152.7, 349.3);GATE
Port:(275.0, 354.5)(282.2, 354.5)(282.2, 408.8)(275.0, 408.8);SD
Module:M10
Boundary:(281.3, 10.0)(346.6, 10.0)(346.6, 127.4)(281.3, 127.4);GATE
Port:(294.1, 121.7)(333.8, 121.7)(333.8, 127.4)(294.1, 127.4);SD
Port:(281.3, 10.0)(346.6, 10.0)(346.6, 119.8)(281.3, 119.8);GATE
Port:(286.6, 14.3)(341.3, 14.3)(341.3, 19.7)(286.6, 19.7);SD
Module:M7
Boundary:(316.5, 220.3)(347.9, 220.3)(347.9, 220.5)(361.9, 220.5)(361.9, 404.1)(316.5, 404.1);GATE
Port:(328.3, 398.1)(350.1, 398.1)(350.1, 404.1)(328.3, 404.1);SD
Port:(316.5, 220.3)(347.9, 220.3)(347.9, 220.5)(361.9, 220.5)(361.9, 396.1)(316.5, 396.1);GATE
Port:(323.2, 226.0)(341.2, 226.0)(341.2, 230.5)(323.2, 230.5);SD
Module:M3
Boundary:(10.0, 584.0)(124.1, 584.0)(124.1, 672.4)(10.0, 672.4);GATE
Port:(22.5, 667.0)(111.6, 667.0)(111.6, 672.4)(22.5, 672.4);SD
Port:(10.0, 584.0)(124.1, 584.0)(124.1, 664.4)(10.0, 664.4);GATE
Port:(15.6, 588.6)(118.5, 588.6)(118.5, 594.2)(15.6, 594.2);SD
Module:M15
Boundary:(125.7, 238.9)(125.7, 346.2)(125.3, 346.2)(125.3, 364.5)(10.0, 364.5)(10.0, 238.9);GATE
Port:(10.0, 252.1)(14.4, 252.1)(14.4, 351.3)(10.0, 351.3);SD
Port:(125.7, 238.9)(125.7, 346.2)(125.3, 346.2)(125.3, 364.5)(16.4, 364.5)(16.4, 238.9);GATE
Port:(115.8, 244.0)(121.6, 244.0)(121.6, 341.1)(115.8, 341.1);SD
Module:M12
Boundary:(215.1, 571.1)(215.1, 664.3)(144.1, 664.3)(144.1, 571.1);GATE
Port:(144.1, 584.4)(148.2, 584.4)(148.2, 651.0)(144.1, 651.0);SD
Port:(215.1, 571.1)(215.1, 664.3)(149.3, 664.3)(149.3, 571.1);GATE
Port:(203.7, 576.5)(210.7, 576.5)(210.7, 658.9)(203.7, 658.9);SD
Module:M8
Boundary:(20.0, 20.0)(106.6, 20.0)(106.6, 126.9)(20.0, 126.9);GATE
Port:(31.6, 121.1)(95.0, 121.1)(95.0, 126.9)(31.6, 126.9);SD
Port:(20.0, 20.0)(106.6, 20.0)(106.6, 118.4)(20.0, 118.4);GATE
Port:(25.6, 24.6)(101.0, 24.6)(101.0, 29.4)(25.6, 29.4);SD
Module:M4
Boundary:(155.7, 198.9)(276.5, 198.9)(276.5, 319.3)(155.7, 319.3);GATE
Port:(169.9, 315.1)(262.3, 315.1)(262.3, 319.3)(169.9, 319.3);SD
Port:(155.7, 198.9)(276.5, 198.9)(276.5, 313.7)(155.7, 313.7);GATE
Port:(160.9, 203.1)(271.3, 203.1)(271.3, 209.7)(160.9, 209.7);SD
