Area:(-30.0, -30.0)(695.7, -30.0)(695.7, 533.3)(-30.0, 533.3)
Rule:GATE(5,5);SD(5,5);GATE_SD(0.5);GATE_ITO(0.5);SD_ITO(0.5)
Module:M14
Boundary:(514.5, 351.9)(624.4, 351.9)(624.4, 352.3)(642.7, 352.3)(642.7, 471.5)(514.5, 471.5);GATE
Port:(529.2, 467.0)(628.0, 467.0)(628.0, 471.5)(529.2, 471.5);SD
Port:(514.5, 351.9)(624.4, 351.9)(624.4, 352.3)(642.7, 352.3)(642.7, 465.0)(514.5, 465.0);GATE
Port:(520.6, 357.0)(618.3, 357.0)(618.3, 363.6)(520.6, 363.6);SD
Module:M9
Boundary:(131.3, 267.2)(193.0, 267.2)(193.0, 414.5)(131.3, 414.5);GATE
Port:(144.3, 410.1)(180.0, 410.1)(180.0, 414.5)(144.3, 414.5);SD
Port:(131.3, 267.2)(193.0, 267.2)(193.0, 408.0)(131.3, 408.0);GATE
Port:(137.4, 272.3)(186.9, 272.3)(186.9, 277.5)(137.4, 277.5);SD
Module:M5
Boundary:(189.6, 20.0)(189.6, 130.7)(20.0, 130.7)(20.0, 20.0);GATE
Port:(20.0, 33.1)(24.1, 33.1)(24.1, 117.6)(20.0, 117.6);SD
Port:(189.6, 20.0)(189.6, 130.7)(26.6, 130.7)(26.6, 20.0);GATE
Port:(179.0, 25.8)(184.8, 25.8)(184.8, 124.9)(179.0, 124.9);SD
Module:M11
Boundary:(196.6, 160.7)(196.6, 230.5)(196.2, 230.5)(196.2, 247.2)(10.0, 247.2)(10.0, 160.7);GATE
Port:(10.0, 175.0)(15.6, 175.0)(15.6, 232.9)(10.0, 232.9);SD
Port:(196.6, 160.7)(196.6, 230.5)(196.2, 230.5)(196.2, 247.2)(17.0, 247.2)(17.0, 160.7);GATE
Port:(185.2, 167.0)(191.3, 167.0)(191.3, 224.2)(185.2, 224.2);SD
Module:M1
Boundary:(370.3, 30.0)(421.0, 30.0)(421.0, 203.2)(370.3, 203.2);GATE
Port:(383.8, 199.0)(407.5, 199.0)(407.5, 203.2)(383.8, 203.2);SD
Port:(370.3, 30.0)(421.0, 30.0)(421.0, 196.4)(370.3, 196.4);GATE
Port:(376.2, 34.9)(415.1, 34.9)(415.1, 40.9)(376.2, 40.9);SD
Module:M6
Boundary:(474.5, 308.2)(474.5, 390.5)(350.3, 390.5)(350.3, 308.2);GATE
Port:(350.3, 321.4)(355.3, 321.4)(355.3, 377.3)(350.3, 377.3);SD
Port:(474.5, 308.2)(474.5, 390.5)(356.7, 390.5)(356.7, 308.2);GATE
Port:(464.1, 314.0)(469.7, 314.0)(469.7, 384.7)(464.1, 384.7);SD
Module:M2
Boundary:(320.3, 172.6)(320.3, 262.3)(320.3, 262.3)(320.3, 276.9)(226.6, 276.9)(226.6, 172.6);GATE
Port:(226.6, 184.9)(232.3, 184.9)(232.3, 264.6)(226.6, 264.6);SD
Port:(320.3, 172.6)(320.3, 262.3)(320.3, 262.3)(320.3, 276.9)(234.7, 276.9)(234.7, 172.6);GATE
Port:(309.9, 178.8)(315.1, 178.8)(315.1, 256.1)(309.9, 256.1);SD
Module:M16
Boundary:(556.3, 243.2)(556.3, 288.2)(350.3, 288.2)(350.3, 243.2);GATE
Port:(350.3, 255.2)(356.0, 255.2)(356.0, 276.2)(350.3, 276.2);SD
Port:(556.3, 243.2)(556.3, 288.2)(357.1, 288.2)(357.1, 243.2);GATE
Port:(546.5, 248.7)(551.8, 248.7)(551.8, 282.7)(546.5, 282.7);SD
Module:M13
Boundary:(440.5, 410.5)(440.5, 474.2)(440.4, 474.2)(440.4, 490.3)(349.0, 490.3)(349.0, 410.5);GATE
Port:(349.0, 422.5)(354.8, 422.5)(354.8, 478.3)(349.0, 478.3);SD
Port:(440.5, 410.5)(440.5, 474.2)(440.4, 474.2)(440.4, 490.3)(356.9, 490.3)(356.9, 410.5);GATE
Port:(430.9, 416.2)(435.8, 416.2)(435.8, 468.5)(430.9, 468.5);SD
Module:M10
Boundary:(10.0, 374.6)(111.3, 374.6)(111.3, 493.3)(10.0, 493.3);GATE
Port:(22.9, 487.5)(98.4, 487.5)(98.4, 493.3)(22.9, 493.3);SD
Port:(10.0, 374.6)(111.3, 374.6)(111.3, 485.8)(10.0, 485.8);GATE
Port:(16.5, 380.1)(104.8, 380.1)(104.8, 385.4)(16.5, 385.4);SD
Module:M7
Boundary:(223.0, 316.9)(303.4, 316.9)(303.4, 317.3)(319.0, 317.3)(319.0, 487.7)(223.0, 487.7);GATE
Port:(236.1, 483.0)(305.9, 483.0)(305.9, 487.7)(236.1, 487.7);SD
Port:(223.0, 316.9)(303.4, 316.9)(303.4, 317.3)(319.0, 317.3)(319.0, 480.5)(223.0, 480.5);GATE
Port:(228.5, 321.4)(297.9, 321.4)(297.9, 327.9)(228.5, 327.9);SD
Module:M3
Boundary:(10.0, 267.2)(103.4, 267.2)(103.4, 354.6)(10.0, 354.6);GATE
Port:(23.3, 349.7)(90.1, 349.7)(90.1, 354.6)(23.3, 354.6);SD
Port:(10.0, 267.2)(103.4, 267.2)(103.4, 348.1)(10.0, 348.1);GATE
Port:(16.5, 272.7)(96.9, 272.7)(96.9, 279.0)(16.5, 279.0);SD
Module:M15
Boundary:(651.1, 242.2)(651.1, 295.5)(650.9, 295.5)(650.9, 311.9)(576.3, 311.9)(576.3, 242.2);GATE
Port:(576.3, 257.4)(581.6, 257.4)(581.6, 296.7)(576.3, 296.7);SD
Port:(651.1, 242.2)(651.1, 295.5)(650.9, 295.5)(650.9, 311.9)(583.3, 311.9)(583.3, 242.2);GATE
Port:(638.4, 248.1)(646.2, 248.1)(646.2, 289.6)(638.4, 289.6);SD
Module:M12
Boundary:(461.0, 10.0)(574.5, 10.0)(574.5, 222.2)(461.0, 222.2);GATE
Port:(473.5, 217.7)(562.0, 217.7)(562.0, 222.2)(473.5, 222.2);SD
Port:(461.0, 10.0)(574.5, 10.0)(574.5, 214.8)(461.0, 214.8);GATE
Port:(467.0, 15.0)(568.5, 15.0)(568.5, 19.5)(467.0, 19.5);SD
Module:M8
Boundary:(604.5, 20.0)(655.7, 20.0)(655.7, 159.2)(604.5, 159.2);GATE
Port:(617.9, 154.8)(642.3, 154.8)(642.3, 159.2)(617.9, 159.2);SD
Port:(604.5, 20.0)(655.7, 20.0)(655.7, 152.1)(604.5, 152.1);GATE
Port:(610.4, 24.9)(649.8, 24.9)(649.8, 30.7)(610.4, 30.7);SD
Module:M4
Boundary:(229.6, 20.0)(302.7, 20.0)(302.7, 20.3)(320.3, 20.3)(320.3, 132.6)(229.6, 132.6);GATE
Port:(244.9, 127.6)(305.0, 127.6)(305.0, 132.6)(244.9, 132.6);SD
Port:(229.6, 20.0)(302.7, 20.0)(302.7, 20.3)(320.3, 20.3)(320.3, 124.8)(229.6, 124.8);GATE
Port:(236.0, 25.4)(296.3, 25.4)(296.3, 32.2)(236.0, 32.2);SD
