Area:(-30.0, -30.0)(942.6, -30.0)(942.6, 402.8)(-30.0, 402.8)
Rule:GATE(5,5);SD(5,5);GATE_SD(0.5);GATE_ITO(0.5);SD_ITO(0.5)
Module:M14
Boundary:(30.0, 137.9)(115.0, 137.9)(115.0, 138.3)(131.3, 138.3)(131.3, 267.1)(30.0, 267.1);GATE
Port:(44.1, 261.4)(117.2, 261.4)(117.2, 267.1)(44.1, 267.1);SD
Port:(30.0, 137.9)(115.0, 137.9)(115.0, 138.3)(131.3, 138.3)(131.3, 259.6)(30.0, 259.6);GATE
Port:(36.6, 143.5)(108.4, 143.5)(108.4, 150.0)(36.6, 150.0);SD
Module:M9
Boundary:(619.5, 226.2)(742.8, 226.2)(742.8, 360.8)(619.5, 360.8);GATE
Port:(633.9, 355.6)(728.4, 355.6)(728.4, 360.8)(633.9, 360.8);SD
Port:(619.5, 226.2)(742.8, 226.2)(742.8, 353.4)(619.5, 353.4);GATE
Port:(626.1, 231.8)(736.2, 231.8)(736.2, 237.6)(626.1, 237.6);SD
Module:M5
Boundary:(284.2, 240.5)(284.2, 322.7)(190.2, 322.7)(190.2, 240.5);GATE
Port:(190.2, 252.8)(196.0, 252.8)(196.0, 310.4)(190.2, 310.4);SD
Port:(284.2, 240.5)(284.2, 322.7)(198.0, 322.7)(198.0, 240.5);GATE
Port:(275.1, 245.6)(280.1, 245.6)(280.1, 317.6)(275.1, 317.6);SD
Module:M11
Boundary:(489.7, 266.4)(599.5, 266.4)(599.5, 362.1)(489.7, 362.1);GATE
Port:(505.6, 357.2)(583.6, 357.2)(583.6, 362.1)(505.6, 362.1);SD
Port:(489.7, 266.4)(599.5, 266.4)(599.5, 354.4)(489.7, 354.4);GATE
Port:(496.4, 272.1)(592.8, 272.1)(592.8, 278.9)(496.4, 278.9);SD
Module:M1
Boundary:(620.3, 30.0)(682.8, 30.0)(682.8, 151.9)(620.3, 151.9);GATE
Port:(634.1, 147.4)(669.0, 147.4)(669.0, 151.9)(634.1, 151.9);SD
Port:(620.3, 30.0)(682.8, 30.0)(682.8, 145.1)(620.3, 145.1);GATE
Port:(626.4, 35.1)(676.7, 35.1)(676.7, 42.1)(626.4, 42.1);SD
Module:M6
Boundary:(819.9, 10.0)(886.1, 10.0)(886.1, 10.1)(902.6, 10.1)(902.6, 235.5)(819.9, 235.5);GATE
Port:(833.3, 231.1)(889.2, 231.1)(889.2, 235.5)(833.3, 235.5);SD
Port:(819.9, 10.0)(886.1, 10.0)(886.1, 10.1)(902.6, 10.1)(902.6, 228.4)(819.9, 228.4);GATE
Port:(825.5, 14.6)(880.5, 14.6)(880.5, 20.4)(825.5, 20.4);SD
Module:M2
Boundary:(499.7, 20.0)(570.3, 20.0)(570.3, 236.4)(499.7, 236.4);GATE
Port:(515.0, 231.1)(555.0, 231.1)(555.0, 236.4)(515.0, 236.4);SD
Port:(499.7, 20.0)(570.3, 20.0)(570.3, 229.7)(499.7, 229.7);GATE
Port:(506.4, 25.7)(563.6, 25.7)(563.6, 32.4)(506.4, 32.4);SD
Module:M16
Boundary:(160.2, 307.1)(160.2, 344.9)(160.0, 344.9)(160.0, 362.8)(10.0, 362.8)(10.0, 307.1);GATE
Port:(10.0, 322.9)(15.6, 322.9)(15.6, 347.0)(10.0, 347.0);SD
Port:(160.2, 307.1)(160.2, 344.9)(160.0, 344.9)(160.0, 362.8)(17.8, 362.8)(17.8, 307.1);GATE
Port:(147.9, 313.6)(154.7, 313.6)(154.7, 338.4)(147.9, 338.4);SD
Module:M13
Boundary:(306.9, 163.0)(306.9, 210.5)(171.3, 210.5)(171.3, 163.0);GATE
Port:(171.3, 175.5)(177.2, 175.5)(177.2, 198.0)(171.3, 198.0);SD
Port:(306.9, 163.0)(306.9, 210.5)(179.0, 210.5)(179.0, 163.0);GATE
Port:(296.4, 169.4)(301.5, 169.4)(301.5, 204.1)(296.4, 204.1);SD
Module:M10
Boundary:(469.7, 10.0)(469.7, 106.4)(393.4, 106.4)(393.4, 10.0);GATE
Port:(393.4, 23.3)(398.9, 23.3)(398.9, 93.1)(393.4, 93.1);SD
Port:(469.7, 10.0)(469.7, 106.4)(399.9, 106.4)(399.9, 10.0);GATE
Port:(458.4, 16.6)(464.1, 16.6)(464.1, 99.8)(458.4, 99.8);SD
Module:M7
Boundary:(896.5, 265.5)(896.5, 333.2)(896.4, 333.2)(896.4, 349.6)(772.8, 349.6)(772.8, 265.5);GATE
Port:(772.8, 279.8)(777.6, 279.8)(777.6, 335.3)(772.8, 335.3);SD
Port:(896.5, 265.5)(896.5, 333.2)(896.4, 333.2)(896.4, 349.6)(779.8, 349.6)(779.8, 265.5);GATE
Port:(885.0, 270.7)(892.3, 270.7)(892.3, 328.0)(885.0, 328.0);SD
Module:M3
Boundary:(202.6, 10.0)(269.9, 10.0)(269.9, 10.3)(285.4, 10.3)(285.4, 143.0)(202.6, 143.0);GATE
Port:(217.3, 137.3)(270.7, 137.3)(270.7, 143.0)(217.3, 143.0);SD
Port:(202.6, 10.0)(269.9, 10.0)(269.9, 10.3)(285.4, 10.3)(285.4, 135.6)(202.6, 135.6);GATE
Port:(209.4, 15.8)(263.1, 15.8)(263.1, 22.7)(209.4, 22.7);SD
Module:M15
Boundary:(305.4, 10.0)(357.7, 10.0)(357.7, 10.0)(373.4, 10.0)(373.4, 116.1)(305.4, 116.1);GATE
Port:(319.8, 110.8)(359.0, 110.8)(359.0, 116.1)(319.8, 116.1);SD
Port:(305.4, 10.0)(357.7, 10.0)(357.7, 10.0)(373.4, 10.0)(373.4, 109.4)(305.4, 109.4);GATE
Port:(312.3, 15.9)(350.8, 15.9)(350.8, 22.2)(312.3, 22.2);SD
Module:M12
Boundary:(722.8, 10.0)(799.9, 10.0)(799.9, 206.2)(722.8, 206.2);GATE
Port:(735.6, 201.5)(787.1, 201.5)(787.1, 206.2)(735.6, 206.2);SD
Port:(722.8, 10.0)(799.9, 10.0)(799.9, 199.5)(722.8, 199.5);GATE
Port:(728.0, 14.2)(794.7, 14.2)(794.7, 20.5)(728.0, 20.5);SD
Module:M8
Boundary:(172.6, 20.0)(172.6, 87.9)(20.0, 87.9)(20.0, 20.0);GATE
Port:(20.0, 34.3)(24.3, 34.3)(24.3, 73.6)(20.0, 73.6);SD
Port:(172.6, 20.0)(172.6, 87.9)(27.2, 87.9)(27.2, 20.0);GATE
Port:(160.7, 26.5)(167.1, 26.5)(167.1, 81.4)(160.7, 81.4);SD
Module:M4
Boundary:(336.9, 146.1)(454.3, 146.1)(454.3, 345.3)(336.9, 345.3);GATE
Port:(350.3, 340.3)(440.9, 340.3)(440.9, 345.3)(350.3, 345.3);SD
Port:(336.9, 146.1)(454.3, 146.1)(454.3, 338.6)(336.9, 338.6);GATE
Port:(342.1, 150.3)(449.1, 150.3)(449.1, 156.5)(342.1, 156.5);SD
