Area:(-30.0, -30.0)(379.9, -30.0)(379.9, 1081.0)(-30.0, 1081.0)
Rule:GATE(5,5);SD(5,5);GATE_SD(0.5);GATE_ITO(0.5);SD_ITO(0.5)
Module:M14
Boundary:(316.9, 405.0)(316.9, 514.0)(316.7, 514.0)(316.7, 532.0)(146.3, 532.0)(146.3, 405.0);GATE
Port:(146.3, 419.6)(150.3, 419.6)(150.3, 517.4)(146.3, 517.4);SD
Port:(316.9, 405.0)(316.9, 514.0)(316.7, 514.0)(316.7, 532.0)(152.8, 532.0)(152.8, 405.0);GATE
Port:(304.9, 411.0)(311.9, 411.0)(311.9, 508.0)(304.9, 508.0);SD
Module:M9
Boundary:(10.0, 693.4)(90.7, 693.4)(90.7, 814.0)(10.0, 814.0);GATE
Port:(22.5, 809.7)(78.2, 809.7)(78.2, 814.0)(22.5, 814.0);SD
Port:(10.0, 693.4)(90.7, 693.4)(90.7, 807.5)(10.0, 807.5);GATE
Port:(15.6, 698.0)(85.1, 698.0)(85.1, 703.2)(15.6, 703.2);SD
Module:M5
Boundary:(125.7, 812.0)(179.3, 812.0)(179.3, 929.8)(125.7, 929.8);GATE
Port:(140.4, 924.7)(164.6, 924.7)(164.6, 929.8)(140.4, 929.8);SD
Port:(125.7, 812.0)(179.3, 812.0)(179.3, 923.6)(125.7, 923.6);GATE
Port:(131.8, 817.1)(173.2, 817.1)(173.2, 823.8)(131.8, 823.8);SD
Module:M11
Boundary:(10.0, 834.0)(91.5, 834.0)(91.5, 1021.7)(10.0, 1021.7);GATE
Port:(23.4, 1016.5)(78.1, 1016.5)(78.1, 1021.7)(23.4, 1021.7);SD
Port:(10.0, 834.0)(91.5, 834.0)(91.5, 1013.6)(10.0, 1013.6);GATE
Port:(15.7, 838.7)(85.8, 838.7)(85.8, 845.2)(15.7, 845.2);SD
Module:M1
Boundary:(303.4, 260.6)(303.4, 327.9)(303.1, 327.9)(303.1, 345.0)(146.3, 345.0)(146.3, 260.6);GATE
Port:(146.3, 273.4)(151.4, 273.4)(151.4, 332.2)(146.3, 332.2);SD
Port:(303.4, 260.6)(303.4, 327.9)(303.1, 327.9)(303.1, 345.0)(153.8, 345.0)(153.8, 260.6);GATE
Port:(293.6, 265.8)(299.2, 265.8)(299.2, 322.7)(293.6, 322.7);SD
Module:M6
Boundary:(10.0, 550.9)(95.7, 550.9)(95.7, 673.4)(10.0, 673.4);GATE
Port:(22.4, 669.3)(83.3, 669.3)(83.3, 673.4)(22.4, 673.4);SD
Port:(10.0, 550.9)(95.7, 550.9)(95.7, 666.4)(10.0, 666.4);GATE
Port:(15.3, 555.2)(90.4, 555.2)(90.4, 561.6)(15.3, 561.6);SD
Module:M2
Boundary:(156.3, 20.0)(210.2, 20.0)(210.2, 156.8)(156.3, 156.8);GATE
Port:(166.7, 152.0)(199.8, 152.0)(199.8, 156.8)(166.7, 156.8);SD
Port:(156.3, 20.0)(210.2, 20.0)(210.2, 150.3)(156.3, 150.3);GATE
Port:(161.3, 24.0)(205.2, 24.0)(205.2, 28.9)(161.3, 28.9);SD
Module:M16
Boundary:(337.2, 975.4)(337.2, 1025.2)(336.9, 1025.2)(336.9, 1041.0)(111.5, 1041.0)(111.5, 975.4);GATE
Port:(111.5, 988.9)(115.9, 988.9)(115.9, 1027.5)(111.5, 1027.5);SD
Port:(337.2, 975.4)(337.2, 1025.2)(336.9, 1025.2)(336.9, 1041.0)(117.4, 1041.0)(117.4, 975.4);GATE
Port:(326.6, 981.5)(332.1, 981.5)(332.1, 1019.1)(326.6, 1019.1);SD
Module:M13
Boundary:(240.2, 10.0)(323.8, 10.0)(323.8, 112.3)(240.2, 112.3);GATE
Port:(254.4, 108.0)(309.6, 108.0)(309.6, 112.3)(254.4, 112.3);SD
Port:(240.2, 10.0)(323.8, 10.0)(323.8, 106.3)(240.2, 106.3);GATE
Port:(246.8, 15.6)(317.2, 15.6)(317.2, 21.6)(246.8, 21.6);SD
Module:M10
Boundary:(221.8, 572.0)(317.3, 572.0)(317.3, 572.1)(333.3, 572.1)(333.3, 733.5)(221.8, 733.5);GATE
Port:(234.3, 728.9)(320.8, 728.9)(320.8, 733.5)(234.3, 733.5);SD
Port:(221.8, 572.0)(317.3, 572.0)(317.3, 572.1)(333.3, 572.1)(333.3, 726.9)(221.8, 726.9);GATE
Port:(226.9, 576.1)(312.2, 576.1)(312.2, 582.0)(226.9, 582.0);SD
Module:M7
Boundary:(125.7, 582.0)(191.8, 582.0)(191.8, 772.0)(125.7, 772.0);GATE
Port:(139.1, 766.8)(178.4, 766.8)(178.4, 772.0)(139.1, 772.0);SD
Port:(125.7, 582.0)(191.8, 582.0)(191.8, 765.8)(125.7, 765.8);GATE
Port:(132.5, 587.8)(185.0, 587.8)(185.0, 593.0)(132.5, 593.0);SD
Module:M3
Boundary:(339.9, 132.3)(339.9, 216.0)(240.2, 216.0)(240.2, 132.3);GATE
Port:(240.2, 144.2)(245.3, 144.2)(245.3, 204.1)(240.2, 204.1);SD
Port:(339.9, 132.3)(339.9, 216.0)(247.0, 216.0)(247.0, 132.3);GATE
Port:(330.0, 138.1)(335.1, 138.1)(335.1, 210.2)(330.0, 210.2);SD
Module:M15
Boundary:(10.0, 10.0)(109.7, 10.0)(109.7, 10.1)(126.3, 10.1)(126.3, 220.6)(10.0, 220.6);GATE
Port:(22.7, 215.6)(113.6, 215.6)(113.6, 220.6)(22.7, 220.6);SD
Port:(10.0, 10.0)(109.7, 10.0)(109.7, 10.1)(126.3, 10.1)(126.3, 212.7)(10.0, 212.7);GATE
Port:(15.6, 14.6)(104.1, 14.6)(104.1, 20.2)(15.6, 20.2);SD
Module:M12
Boundary:(105.1, 421.5)(105.1, 530.9)(10.0, 530.9)(10.0, 421.5);GATE
Port:(10.0, 434.7)(15.6, 434.7)(15.6, 517.7)(10.0, 517.7);SD
Port:(105.1, 421.5)(105.1, 530.9)(16.7, 530.9)(16.7, 421.5);GATE
Port:(94.5, 427.4)(100.2, 427.4)(100.2, 525.0)(94.5, 525.0);SD
Module:M8
Boundary:(20.0, 250.6)(96.3, 250.6)(96.3, 391.5)(20.0, 391.5);GATE
Port:(35.8, 387.2)(80.5, 387.2)(80.5, 391.5)(35.8, 391.5);SD
Port:(20.0, 250.6)(96.3, 250.6)(96.3, 386.1)(20.0, 386.1);GATE
Port:(26.8, 256.4)(89.5, 256.4)(89.5, 262.9)(26.8, 262.9);SD
Module:M4
Boundary:(231.8, 763.5)(299.2, 763.5)(299.2, 763.7)(316.3, 763.7)(316.3, 945.4)(231.8, 945.4);GATE
Port:(244.7, 941.2)(303.4, 941.2)(303.4, 945.4)(244.7, 945.4);SD
Port:(231.8, 763.5)(299.2, 763.5)(299.2, 763.7)(316.3, 763.7)(316.3, 938.8)(231.8, 938.8);GATE
Port:(237.1, 767.8)(293.9, 767.8)(293.9, 773.5)(237.1, 773.5);SD
