Area:(-20.0, -30.0)(589.7, -30.0)(589.7, 612.0)(-20.0, 612.0)
Rule:GATE(5,5);SD(5,5);GATE_SD(0.5);GATE_ITO(0.5);SD_ITO(0.5)
Module:M14
Boundary:(108.0, 310.6)(108.0, 397.7)(107.9, 397.7)(107.9, 415.5)(30.0, 415.5)(30.0, 310.6);GATE
Port:(30.0, 324.2)(35.2, 324.2)(35.2, 401.9)(30.0, 401.9);SD
Port:(108.0, 310.6)(108.0, 397.7)(107.9, 397.7)(107.9, 415.5)(38.1, 415.5)(38.1, 310.6);GATE
Port:(97.9, 316.4)(103.2, 316.4)(103.2, 391.9)(97.9, 391.9);SD
Module:M9
Boundary:(162.5, 359.6)(213.6, 359.6)(213.6, 569.1)(162.5, 569.1);GATE
Port:(176.2, 563.4)(199.9, 563.4)(199.9, 569.1)(176.2, 569.1);SD
Port:(162.5, 359.6)(213.6, 359.6)(213.6, 562.1)(162.5, 562.1);GATE
Port:(167.5, 363.6)(208.6, 363.6)(208.6, 369.8)(167.5, 369.8);SD
Module:M5
Boundary:(450.5, 184.4)(533.5, 184.4)(533.5, 311.6)(450.5, 311.6);GATE
Port:(463.3, 306.6)(520.7, 306.6)(520.7, 311.6)(463.3, 311.6);SD
Port:(450.5, 184.4)(533.5, 184.4)(533.5, 304.9)(450.5, 304.9);GATE
Port:(455.5, 188.4)(528.5, 188.4)(528.5, 194.6)(455.5, 194.6);SD
Module:M11
Boundary:(161.3, 143.0)(217.6, 143.0)(217.6, 143.3)(236.1, 143.3)(236.1, 339.6)(161.3, 339.6);GATE
Port:(176.4, 333.8)(221.0, 333.8)(221.0, 339.6)(176.4, 339.6);SD
Port:(161.3, 143.0)(217.6, 143.0)(217.6, 143.3)(236.1, 143.3)(236.1, 332.1)(161.3, 332.1);GATE
Port:(167.9, 148.6)(211.0, 148.6)(211.0, 154.8)(167.9, 154.8);SD
Module:M1
Boundary:(476.9, 502.5)(476.9, 556.7)(253.6, 556.7)(253.6, 502.5);GATE
Port:(253.6, 518.3)(258.3, 518.3)(258.3, 540.9)(253.6, 540.9);SD
Port:(476.9, 502.5)(476.9, 556.7)(259.7, 556.7)(259.7, 502.5);GATE
Port:(464.2, 509.5)(470.9, 509.5)(470.9, 549.7)(464.2, 549.7);SD
Module:M6
Boundary:(348.8, 224.2)(413.8, 224.2)(413.8, 323.6)(348.8, 323.6);GATE
Port:(361.8, 318.2)(400.8, 318.2)(400.8, 323.6)(361.8, 323.6);SD
Port:(348.8, 224.2)(413.8, 224.2)(413.8, 316.8)(348.8, 316.8);GATE
Port:(354.5, 228.9)(408.1, 228.9)(408.1, 234.9)(354.5, 234.9);SD
Module:M2
Boundary:(227.0, 20.0)(227.0, 97.5)(226.9, 97.5)(226.9, 113.0)(20.0, 113.0)(20.0, 20.0);GATE
Port:(20.0, 32.0)(24.3, 32.0)(24.3, 101.0)(20.0, 101.0);SD
Port:(227.0, 20.0)(227.0, 97.5)(226.9, 97.5)(226.9, 113.0)(26.0, 113.0)(26.0, 20.0);GATE
Port:(217.1, 25.6)(222.4, 25.6)(222.4, 91.9)(217.1, 91.9);SD
Module:M16
Boundary:(504.3, 10.0)(535.2, 10.0)(535.2, 10.0)(549.7, 10.0)(549.7, 154.4)(504.3, 154.4);GATE
Port:(516.2, 150.0)(537.8, 150.0)(537.8, 154.4)(516.2, 154.4);SD
Port:(504.3, 10.0)(535.2, 10.0)(535.2, 10.0)(549.7, 10.0)(549.7, 147.9)(504.3, 147.9);GATE
Port:(510.5, 15.2)(529.0, 15.2)(529.0, 20.0)(510.5, 20.0);SD
Module:M13
Boundary:(257.0, 10.0)(334.2, 10.0)(334.2, 10.1)(349.2, 10.1)(349.2, 157.0)(257.0, 157.0);GATE
Port:(269.5, 152.4)(336.7, 152.4)(336.7, 157.0)(269.5, 157.0);SD
Port:(257.0, 10.0)(334.2, 10.0)(334.2, 10.1)(349.2, 10.1)(349.2, 151.4)(257.0, 151.4);GATE
Port:(263.4, 15.4)(327.8, 15.4)(327.8, 20.2)(263.4, 20.2);SD
Module:M10
Boundary:(440.5, 10.0)(484.3, 10.0)(484.3, 139.1)(440.5, 139.1);GATE
Port:(452.0, 134.5)(472.8, 134.5)(472.8, 139.1)(452.0, 139.1);SD
Port:(440.5, 10.0)(484.3, 10.0)(484.3, 132.5)(440.5, 132.5);GATE
Port:(445.9, 14.4)(478.9, 14.4)(478.9, 19.5)(445.9, 19.5);SD
Module:M7
Boundary:(131.3, 153.0)(131.3, 260.6)(20.0, 260.6)(20.0, 153.0);GATE
Port:(20.0, 167.5)(24.3, 167.5)(24.3, 246.1)(20.0, 246.1);SD
Port:(131.3, 153.0)(131.3, 260.6)(25.8, 260.6)(25.8, 153.0);GATE
Port:(119.7, 159.3)(126.0, 159.3)(126.0, 254.3)(119.7, 254.3);SD
Module:M3
Boundary:(333.9, 367.3)(333.9, 430.1)(333.8, 430.1)(333.8, 445.2)(257.0, 445.2)(257.0, 367.3);GATE
Port:(257.0, 379.7)(261.9, 379.7)(261.9, 432.8)(257.0, 432.8);SD
Port:(333.9, 367.3)(333.9, 430.1)(333.8, 430.1)(333.8, 445.2)(263.5, 445.2)(263.5, 367.3);GATE
Port:(323.6, 372.9)(329.3, 372.9)(329.3, 424.5)(323.6, 424.5);SD
Module:M15
Boundary:(257.0, 177.0)(311.6, 177.0)(311.6, 177.2)(328.8, 177.2)(328.8, 347.3)(257.0, 347.3);GATE
Port:(272.0, 342.7)(313.8, 342.7)(313.8, 347.3)(272.0, 347.3);SD
Port:(257.0, 177.0)(311.6, 177.0)(311.6, 177.2)(328.8, 177.2)(328.8, 340.6)(257.0, 340.6);GATE
Port:(263.3, 182.3)(305.3, 182.3)(305.3, 189.6)(263.3, 189.6);SD
Module:M12
Boundary:(369.2, 10.0)(404.3, 10.0)(404.3, 10.1)(420.5, 10.1)(420.5, 204.2)(369.2, 204.2);GATE
Port:(383.7, 199.3)(406.0, 199.3)(406.0, 204.2)(383.7, 204.2);SD
Port:(369.2, 10.0)(404.3, 10.0)(404.3, 10.1)(420.5, 10.1)(420.5, 198.2)(369.2, 198.2);GATE
Port:(376.2, 16.0)(397.3, 16.0)(397.3, 21.5)(376.2, 21.5);SD
Module:M8
Boundary:(20.0, 465.5)(132.5, 465.5)(132.5, 572.0)(20.0, 572.0);GATE
Port:(32.9, 567.8)(119.6, 567.8)(119.6, 572.0)(32.9, 572.0);SD
Port:(20.0, 465.5)(132.5, 465.5)(132.5, 565.6)(20.0, 565.6);GATE
Port:(25.8, 470.3)(126.7, 470.3)(126.7, 475.8)(25.8, 475.8);SD
Module:M4
Boundary:(523.7, 353.6)(523.7, 436.0)(523.3, 436.0)(523.3, 452.5)(363.9, 452.5)(363.9, 353.6);GATE
Port:(363.9, 366.1)(369.6, 366.1)(369.6, 440.0)(363.9, 440.0);SD
Port:(523.7, 353.6)(523.7, 436.0)(523.3, 436.0)(523.3, 452.5)(371.1, 452.5)(371.1, 353.6);GATE
Port:(513.2, 359.3)(519.0, 359.3)(519.0, 430.3)(513.2, 430.3);SD
