Area:(-30.0, -30.0)(439.6, -30.0)(439.6, 853.7)(-30.0, 853.7)
Rule:GATE(5,5);SD(5,5);GATE_SD(0.5);GATE_ITO(0.5);SD_ITO(0.5)
Module:M14
Boundary:(354.7, 436.5)(354.7, 483.6)(354.6, 483.6)(354.6, 497.5)(244.6, 497.5)(244.6, 436.5);GATE
Port:(244.6, 449.8)(248.9, 449.8)(248.9, 484.2)(244.6, 484.2);SD
Port:(354.7, 436.5)(354.7, 483.6)(354.6, 483.6)(354.6, 497.5)(251.6, 497.5)(251.6, 436.5);GATE
Port:(343.3, 443.2)(349.0, 443.2)(349.0, 476.9)(343.3, 476.9);SD
Module:M9
Boundary:(10.0, 10.0)(97.3, 10.0)(97.3, 183.9)(10.0, 183.9);GATE
Port:(24.2, 179.9)(83.1, 179.9)(83.1, 183.9)(24.2, 183.9);SD
Port:(10.0, 10.0)(97.3, 10.0)(97.3, 177.0)(10.0, 177.0);GATE
Port:(16.5, 15.5)(90.8, 15.5)(90.8, 20.8)(16.5, 20.8);SD
Module:M5
Boundary:(271.3, 568.9)(271.3, 696.7)(161.7, 696.7)(161.7, 568.9);GATE
Port:(161.7, 583.5)(165.9, 583.5)(165.9, 682.1)(161.7, 682.1);SD
Port:(271.3, 568.9)(271.3, 696.7)(168.0, 696.7)(168.0, 568.9);GATE
Port:(260.0, 574.9)(266.3, 574.9)(266.3, 690.7)(260.0, 690.7);SD
Module:M11
Boundary:(131.7, 572.3)(131.7, 667.7)(10.0, 667.7)(10.0, 572.3);GATE
Port:(10.0, 587.7)(14.3, 587.7)(14.3, 652.3)(10.0, 652.3);SD
Port:(131.7, 572.3)(131.7, 667.7)(16.9, 667.7)(16.9, 572.3);GATE
Port:(119.8, 578.9)(126.1, 578.9)(126.1, 661.1)(119.8, 661.1);SD
Module:M1
Boundary:(288.3, 30.0)(288.3, 111.1)(288.2, 111.1)(288.2, 127.1)(137.3, 127.1)(137.3, 30.0);GATE
Port:(137.3, 43.0)(143.2, 43.0)(143.2, 114.1)(137.3, 114.1);SD
Port:(288.3, 30.0)(288.3, 111.1)(288.2, 111.1)(288.2, 127.1)(145.0, 127.1)(145.0, 30.0);GATE
Port:(278.1, 35.7)(283.6, 35.7)(283.6, 105.4)(278.1, 105.4);SD
Module:M6
Boundary:(125.3, 399.4)(204.6, 399.4)(204.6, 538.9)(125.3, 538.9);GATE
Port:(138.4, 534.4)(191.5, 534.4)(191.5, 538.9)(138.4, 538.9);SD
Port:(125.3, 399.4)(204.6, 399.4)(204.6, 532.2)(125.3, 532.2);GATE
Port:(130.9, 404.0)(199.0, 404.0)(199.0, 410.1)(130.9, 410.1);SD
Module:M2
Boundary:(20.0, 213.9)(95.3, 213.9)(95.3, 316.6)(20.0, 316.6);GATE
Port:(33.1, 311.7)(82.2, 311.7)(82.2, 316.6)(33.1, 316.6);SD
Port:(20.0, 213.9)(95.3, 213.9)(95.3, 309.2)(20.0, 309.2);GATE
Port:(26.5, 219.4)(88.8, 219.4)(88.8, 225.5)(26.5, 225.5);SD
Module:M16
Boundary:(145.4, 726.7)(227.4, 726.7)(227.4, 727.0)(244.2, 727.0)(244.2, 805.2)(145.4, 805.2);GATE
Port:(157.7, 800.6)(231.9, 800.6)(231.9, 805.2)(157.7, 805.2);SD
Port:(145.4, 726.7)(227.4, 726.7)(227.4, 727.0)(244.2, 727.0)(244.2, 799.1)(145.4, 799.1);GATE
Port:(150.5, 730.8)(222.3, 730.8)(222.3, 736.0)(150.5, 736.0);SD
Module:M13
Boundary:(328.3, 10.0)(382.1, 10.0)(382.1, 10.1)(399.6, 10.1)(399.6, 196.1)(328.3, 196.1);GATE
Port:(342.6, 191.9)(385.3, 191.9)(385.3, 196.1)(342.6, 196.1);SD
Port:(328.3, 10.0)(382.1, 10.0)(382.1, 10.1)(399.6, 10.1)(399.6, 189.2)(328.3, 189.2);GATE
Port:(335.1, 15.8)(375.3, 15.8)(375.3, 21.7)(335.1, 21.7);SD
Module:M10
Boundary:(336.6, 216.1)(370.1, 216.1)(370.1, 216.3)(385.3, 216.3)(385.3, 396.5)(336.6, 396.5);GATE
Port:(349.4, 391.2)(372.5, 391.2)(372.5, 396.5)(349.4, 396.5);SD
Port:(336.6, 216.1)(370.1, 216.1)(370.1, 216.3)(385.3, 216.3)(385.3, 388.9)(336.6, 388.9);GATE
Port:(342.6, 221.1)(364.1, 221.1)(364.1, 227.0)(342.6, 227.0);SD
Module:M7
Boundary:(279.2, 177.1)(279.2, 247.3)(279.0, 247.3)(279.0, 264.7)(135.3, 264.7)(135.3, 177.1);GATE
Port:(135.3, 190.8)(140.4, 190.8)(140.4, 251.0)(135.3, 251.0);SD
Port:(279.2, 177.1)(279.2, 247.3)(279.0, 247.3)(279.0, 264.7)(141.5, 264.7)(141.5, 177.1);GATE
Port:(267.8, 183.0)(274.3, 183.0)(274.3, 241.4)(267.8, 241.4);SD
Module:M3
Boundary:(301.3, 537.5)(379.1, 537.5)(379.1, 537.8)(394.1, 537.8)(394.1, 715.6)(301.3, 715.6);GATE
Port:(313.8, 710.9)(381.6, 710.9)(381.6, 715.6)(313.8, 715.6);SD
Port:(301.3, 537.5)(379.1, 537.5)(379.1, 537.8)(394.1, 537.8)(394.1, 709.0)(301.3, 709.0);GATE
Port:(308.1, 543.3)(372.3, 543.3)(372.3, 548.4)(308.1, 548.4);SD
Module:M15
Boundary:(125.4, 687.7)(125.4, 813.7)(10.0, 813.7)(10.0, 687.7);GATE
Port:(10.0, 701.7)(15.0, 701.7)(15.0, 799.7)(10.0, 799.7);SD
Port:(125.4, 687.7)(125.4, 813.7)(16.6, 813.7)(16.6, 687.7);GATE
Port:(114.9, 693.7)(120.4, 693.7)(120.4, 807.7)(114.9, 807.7);SD
Module:M12
Boundary:(394.3, 735.6)(394.3, 791.3)(394.1, 791.3)(394.1, 810.0)(264.2, 810.0)(264.2, 735.6);GATE
Port:(264.2, 750.4)(269.1, 750.4)(269.1, 795.2)(264.2, 795.2);SD
Port:(394.3, 735.6)(394.3, 791.3)(394.1, 791.3)(394.1, 810.0)(271.3, 810.0)(271.3, 735.6);GATE
Port:(382.9, 742.4)(388.5, 742.4)(388.5, 784.5)(382.9, 784.5);SD
Module:M8
Boundary:(306.6, 304.7)(306.6, 353.8)(306.4, 353.8)(306.4, 369.4)(135.3, 369.4)(135.3, 304.7);GATE
Port:(135.3, 317.6)(139.7, 317.6)(139.7, 356.5)(135.3, 356.5);SD
Port:(306.6, 304.7)(306.6, 353.8)(306.4, 353.8)(306.4, 369.4)(141.4, 369.4)(141.4, 304.7);GATE
Port:(295.3, 311.1)(301.2, 311.1)(301.2, 347.4)(295.3, 347.4);SD
Module:M4
Boundary:(20.0, 356.6)(73.2, 356.6)(73.2, 356.9)(90.4, 356.9)(90.4, 542.3)(20.0, 542.3);GATE
Port:(34.8, 536.9)(75.6, 536.9)(75.6, 542.3)(34.8, 542.3);SD
Port:(20.0, 356.6)(73.2, 356.6)(73.2, 356.9)(90.4, 356.9)(90.4, 535.8)(20.0, 535.8);GATE
Port:(26.9, 362.5)(66.3, 362.5)(66.3, 368.3)(26.9, 368.3);SD
