Area:(-20.0, -30.0)(569.8, -30.0)(569.8, 694.3)(-20.0, 694.3)
Rule:GATE(5,5);SD(5,5);GATE_SD(0.5);GATE_ITO(0.5);SD_ITO(0.5)
Module:M14
Boundary:(135.2, 313.4)(213.6, 313.4)(213.6, 313.7)(228.9, 313.7)(228.9, 410.0)(135.2, 410.0);GATE
Port:(148.2, 404.2)(215.9, 404.2)(215.9, 410.0)(148.2, 410.0);SD
Port:(135.2, 313.4)(213.6, 313.4)(213.6, 313.7)(228.9, 313.7)(228.9, 402.7)(135.2, 402.7);GATE
Port:(141.9, 319.1)(206.9, 319.1)(206.9, 323.6)(141.9, 323.6);SD
Module:M9
Boundary:(444.0, 10.0)(522.6, 10.0)(522.6, 207.6)(444.0, 207.6);GATE
Port:(456.5, 202.2)(510.1, 202.2)(510.1, 207.6)(456.5, 207.6);SD
Port:(444.0, 10.0)(522.6, 10.0)(522.6, 199.2)(444.0, 199.2);GATE
Port:(449.3, 14.3)(517.3, 14.3)(517.3, 19.6)(449.3, 19.6);SD
Module:M5
Boundary:(20.0, 20.0)(79.0, 20.0)(79.0, 208.7)(20.0, 208.7);GATE
Port:(32.5, 204.0)(66.5, 204.0)(66.5, 208.7)(32.5, 208.7);SD
Port:(20.0, 20.0)(79.0, 20.0)(79.0, 202.8)(20.0, 202.8);GATE
Port:(26.9, 25.9)(72.1, 25.9)(72.1, 30.6)(26.9, 30.6);SD
Module:M11
Boundary:(291.5, 10.0)(291.5, 110.0)(291.3, 110.0)(291.3, 125.8)(109.0, 125.8)(109.0, 10.0);GATE
Port:(109.0, 25.2)(113.6, 25.2)(113.6, 110.6)(109.0, 110.6);SD
Port:(291.5, 10.0)(291.5, 110.0)(291.3, 110.0)(291.3, 125.8)(116.4, 125.8)(116.4, 10.0);GATE
Port:(278.6, 16.8)(285.7, 16.8)(285.7, 103.2)(278.6, 103.2);SD
Module:M1
Boundary:(30.0, 258.7)(75.2, 258.7)(75.2, 353.0)(30.0, 353.0);GATE
Port:(42.4, 349.0)(62.8, 349.0)(62.8, 353.0)(42.4, 353.0);SD
Port:(30.0, 258.7)(75.2, 258.7)(75.2, 346.8)(30.0, 346.8);GATE
Port:(35.1, 262.8)(70.1, 262.8)(70.1, 268.6)(35.1, 268.6);SD
Module:M6
Boundary:(268.9, 307.5)(374.0, 307.5)(374.0, 504.5)(268.9, 504.5);GATE
Port:(282.6, 499.9)(360.3, 499.9)(360.3, 504.5)(282.6, 504.5);SD
Port:(268.9, 307.5)(374.0, 307.5)(374.0, 497.9)(268.9, 497.9);GATE
Port:(274.3, 311.9)(368.6, 311.9)(368.6, 317.8)(274.3, 317.8);SD
Module:M2
Boundary:(20.0, 403.0)(67.5, 403.0)(67.5, 403.1)(83.4, 403.1)(83.4, 508.2)(20.0, 508.2);GATE
Port:(32.5, 503.4)(70.9, 503.4)(70.9, 508.2)(32.5, 508.2);SD
Port:(20.0, 403.0)(67.5, 403.0)(67.5, 403.1)(83.4, 403.1)(83.4, 501.5)(20.0, 501.5);GATE
Port:(25.0, 407.0)(62.5, 407.0)(62.5, 412.4)(25.0, 412.4);SD
Module:M16
Boundary:(507.5, 595.1)(507.5, 654.3)(383.6, 654.3)(383.6, 595.1);GATE
Port:(383.6, 608.0)(387.8, 608.0)(387.8, 641.4)(383.6, 641.4);SD
Port:(507.5, 595.1)(507.5, 654.3)(390.2, 654.3)(390.2, 595.1);GATE
Port:(496.9, 601.4)(502.2, 601.4)(502.2, 648.0)(496.9, 648.0);SD
Module:M13
Boundary:(529.8, 227.6)(529.8, 309.4)(529.5, 309.4)(529.5, 325.0)(410.3, 325.0)(410.3, 227.6);GATE
Port:(410.3, 241.4)(414.8, 241.4)(414.8, 311.2)(410.3, 311.2);SD
Port:(529.8, 227.6)(529.8, 309.4)(529.5, 309.4)(529.5, 325.0)(417.1, 325.0)(417.1, 227.6);GATE
Port:(518.0, 233.6)(524.8, 233.6)(524.8, 303.4)(518.0, 303.4);SD
Module:M10
Boundary:(320.4, 145.8)(320.4, 255.2)(320.2, 255.2)(320.2, 273.4)(115.2, 273.4)(115.2, 145.8);GATE
Port:(115.2, 160.8)(120.3, 160.8)(120.3, 258.4)(115.2, 258.4);SD
Port:(320.4, 145.8)(320.4, 255.2)(320.2, 255.2)(320.2, 273.4)(122.3, 273.4)(122.3, 145.8);GATE
Port:(308.9, 152.5)(314.7, 152.5)(314.7, 248.5)(308.9, 248.5);SD
Module:M7
Boundary:(414.0, 20.0)(414.0, 89.5)(321.5, 89.5)(321.5, 20.0);GATE
Port:(321.5, 34.1)(325.5, 34.1)(325.5, 75.4)(321.5, 75.4);SD
Port:(414.0, 20.0)(414.0, 89.5)(327.0, 89.5)(327.0, 20.0);GATE
Port:(402.4, 25.6)(409.4, 25.6)(409.4, 83.9)(402.4, 83.9);SD
Module:M3
Boundary:(115.2, 450.0)(233.9, 450.0)(233.9, 521.4)(115.2, 521.4);GATE
Port:(130.8, 516.5)(218.3, 516.5)(218.3, 521.4)(130.8, 521.4);SD
Port:(115.2, 450.0)(233.9, 450.0)(233.9, 515.1)(115.2, 515.1);GATE
Port:(122.0, 455.8)(227.1, 455.8)(227.1, 463.0)(122.0, 463.0);SD
Module:M15
Boundary:(277.0, 524.5)(363.6, 524.5)(363.6, 644.3)(277.0, 644.3);GATE
Port:(291.3, 638.6)(349.3, 638.6)(349.3, 644.3)(291.3, 644.3);SD
Port:(277.0, 524.5)(363.6, 524.5)(363.6, 636.3)(277.0, 636.3);GATE
Port:(283.4, 529.9)(357.2, 529.9)(357.2, 535.7)(283.4, 535.7);SD
Module:M12
Boundary:(340.4, 119.5)(390.3, 119.5)(390.3, 287.5)(340.4, 287.5);GATE
Port:(354.4, 283.1)(376.3, 283.1)(376.3, 287.5)(354.4, 287.5);SD
Port:(340.4, 119.5)(390.3, 119.5)(390.3, 282.1)(340.4, 282.1);GATE
Port:(346.5, 124.6)(384.2, 124.6)(384.2, 130.6)(346.5, 130.6);SD
Module:M8
Boundary:(404.0, 355.0)(503.8, 355.0)(503.8, 355.4)(519.8, 355.4)(519.8, 565.1)(404.0, 565.1);GATE
Port:(418.4, 560.5)(505.4, 560.5)(505.4, 565.1)(418.4, 565.1);SD
Port:(404.0, 355.0)(503.8, 355.0)(503.8, 355.4)(519.8, 355.4)(519.8, 558.1)(404.0, 558.1);GATE
Port:(410.9, 360.9)(496.9, 360.9)(496.9, 366.8)(410.9, 366.8);SD
Module:M4
Boundary:(247.0, 551.4)(247.0, 623.9)(246.9, 623.9)(246.9, 642.0)(20.0, 642.0)(20.0, 551.4);GATE
Port:(20.0, 565.8)(25.7, 565.8)(25.7, 627.6)(20.0, 627.6);SD
Port:(247.0, 551.4)(247.0, 623.9)(246.9, 623.9)(246.9, 642.0)(28.4, 642.0)(28.4, 551.4);GATE
Port:(235.5, 558.0)(241.4, 558.0)(241.4, 617.3)(235.5, 617.3);SD
