Area:(-30.0, -30.0)(466.7, -30.0)(466.7, 820.2)(-30.0, 820.2)
Rule:GATE(5,5);SD(5,5);GATE_SD(0.5);GATE_ITO(0.5);SD_ITO(0.5)
Module:M14
Boundary:(145.6, 343.1)(145.6, 416.7)(145.5, 416.7)(145.5, 435.1)(30.0, 435.1)(30.0, 343.1);GATE
Port:(30.0, 357.7)(34.6, 357.7)(34.6, 420.5)(30.0, 420.5);SD
Port:(145.6, 343.1)(145.6, 416.7)(145.5, 416.7)(145.5, 435.1)(36.2, 435.1)(36.2, 343.1);GATE
Port:(134.5, 349.3)(140.4, 349.3)(140.4, 410.5)(134.5, 410.5);SD
Module:M9
Boundary:(117.5, 10.0)(149.4, 10.0)(149.4, 10.1)(165.1, 10.1)(165.1, 103.9)(117.5, 103.9);GATE
Port:(130.1, 99.5)(152.5, 99.5)(152.5, 103.9)(130.1, 103.9);SD
Port:(117.5, 10.0)(149.4, 10.0)(149.4, 10.1)(165.1, 10.1)(165.1, 98.4)(117.5, 98.4);GATE
Port:(123.4, 14.9)(143.5, 14.9)(143.5, 19.8)(123.4, 19.8);SD
Module:M5
Boundary:(20.0, 20.0)(71.4, 20.0)(71.4, 20.1)(87.5, 20.1)(87.5, 203.0)(20.0, 203.0);GATE
Port:(34.0, 198.6)(73.5, 198.6)(73.5, 203.0)(34.0, 203.0);SD
Port:(20.0, 20.0)(71.4, 20.0)(71.4, 20.1)(87.5, 20.1)(87.5, 196.4)(20.0, 196.4);GATE
Port:(26.4, 25.4)(65.0, 25.4)(65.0, 31.5)(26.4, 31.5);SD
Module:M11
Boundary:(302.1, 361.4)(404.5, 361.4)(404.5, 361.9)(421.2, 361.9)(421.2, 494.8)(302.1, 494.8);GATE
Port:(316.3, 489.7)(407.0, 489.7)(407.0, 494.8)(316.3, 494.8);SD
Port:(302.1, 361.4)(404.5, 361.4)(404.5, 361.9)(421.2, 361.9)(421.2, 487.3)(302.1, 487.3);GATE
Port:(308.7, 367.0)(397.9, 367.0)(397.9, 372.5)(308.7, 372.5);SD
Module:M1
Boundary:(204.4, 645.8)(204.4, 780.2)(30.0, 780.2)(30.0, 645.8);GATE
Port:(30.0, 662.0)(35.4, 662.0)(35.4, 764.0)(30.0, 764.0);SD
Port:(204.4, 645.8)(204.4, 780.2)(38.3, 780.2)(38.3, 645.8);GATE
Port:(191.4, 652.5)(198.7, 652.5)(198.7, 773.5)(191.4, 773.5);SD
Module:M6
Boundary:(307.5, 10.0)(307.5, 111.9)(307.2, 111.9)(307.2, 128.3)(185.1, 128.3)(185.1, 10.0);GATE
Port:(185.1, 24.7)(189.3, 24.7)(189.3, 113.6)(185.1, 113.6);SD
Port:(307.5, 10.0)(307.5, 111.9)(307.2, 111.9)(307.2, 128.3)(191.5, 128.3)(191.5, 10.0);GATE
Port:(295.5, 16.6)(301.9, 16.6)(301.9, 105.3)(295.5, 105.3);SD
Module:M2
Boundary:(304.7, 243.0)(304.7, 293.0)(114.4, 293.0)(114.4, 243.0);GATE
Port:(114.4, 256.8)(119.0, 256.8)(119.0, 279.2)(114.4, 279.2);SD
Port:(304.7, 243.0)(304.7, 293.0)(121.6, 293.0)(121.6, 243.0);GATE
Port:(293.1, 249.6)(299.1, 249.6)(299.1, 286.4)(293.1, 286.4);SD
Module:M16
Boundary:(299.9, 148.3)(299.9, 211.4)(117.5, 211.4)(117.5, 148.3);GATE
Port:(117.5, 159.8)(123.0, 159.8)(123.0, 199.9)(117.5, 199.9);SD
Port:(299.9, 148.3)(299.9, 211.4)(125.5, 211.4)(125.5, 148.3);GATE
Port:(290.8, 153.6)(295.6, 153.6)(295.6, 206.1)(290.8, 206.1);SD
Module:M13
Boundary:(362.9, 514.8)(411.1, 514.8)(411.1, 514.9)(426.7, 514.9)(426.7, 651.8)(362.9, 651.8);GATE
Port:(376.1, 647.3)(413.5, 647.3)(413.5, 651.8)(376.1, 651.8);SD
Port:(362.9, 514.8)(411.1, 514.8)(411.1, 514.9)(426.7, 514.9)(426.7, 644.9)(362.9, 644.9);GATE
Port:(369.1, 520.0)(404.9, 520.0)(404.9, 525.4)(369.1, 525.4);SD
Module:M10
Boundary:(84.4, 233.0)(84.4, 303.1)(10.0, 303.1)(10.0, 233.0);GATE
Port:(10.0, 248.2)(14.4, 248.2)(14.4, 287.9)(10.0, 287.9);SD
Port:(84.4, 233.0)(84.4, 303.1)(17.3, 303.1)(17.3, 233.0);GATE
Port:(71.9, 239.0)(79.4, 239.0)(79.4, 297.1)(71.9, 297.1);SD
Module:M7
Boundary:(332.9, 532.1)(332.9, 577.7)(332.8, 577.7)(332.8, 591.9)(165.3, 591.9)(165.3, 532.1);GATE
Port:(165.3, 544.7)(171.1, 544.7)(171.1, 579.3)(165.3, 579.3);SD
Port:(332.9, 532.1)(332.9, 577.7)(332.8, 577.7)(332.8, 591.9)(172.5, 591.9)(172.5, 532.1);GATE
Port:(322.3, 538.0)(328.0, 538.0)(328.0, 571.8)(322.3, 571.8);SD
Module:M3
Boundary:(10.0, 475.1)(135.3, 475.1)(135.3, 605.8)(10.0, 605.8);GATE
Port:(25.5, 600.8)(119.8, 600.8)(119.8, 605.8)(25.5, 605.8);SD
Port:(10.0, 475.1)(135.3, 475.1)(135.3, 598.6)(10.0, 598.6);GATE
Port:(16.4, 480.5)(128.9, 480.5)(128.9, 487.2)(16.4, 487.2);SD
Module:M15
Boundary:(327.5, 10.0)(425.1, 10.0)(425.1, 189.1)(327.5, 189.1);GATE
Port:(338.9, 184.8)(413.7, 184.8)(413.7, 189.1)(338.9, 189.1);SD
Port:(327.5, 10.0)(425.1, 10.0)(425.1, 181.9)(327.5, 181.9);GATE
Port:(332.5, 14.0)(420.1, 14.0)(420.1, 19.7)(332.5, 19.7);SD
Module:M12
Boundary:(185.6, 323.0)(266.1, 323.0)(266.1, 323.1)(282.1, 323.1)(282.1, 502.1)(185.6, 502.1);GATE
Port:(198.5, 498.0)(269.2, 498.0)(269.2, 502.1)(198.5, 502.1);SD
Port:(185.6, 323.0)(266.1, 323.0)(266.1, 323.1)(282.1, 323.1)(282.1, 496.0)(185.6, 496.0);GATE
Port:(191.5, 327.9)(260.2, 327.9)(260.2, 332.9)(191.5, 332.9);SD
Module:M8
Boundary:(366.6, 681.8)(366.6, 762.6)(366.3, 762.6)(366.3, 778.2)(254.4, 778.2)(254.4, 681.8);GATE
Port:(254.4, 695.1)(259.4, 695.1)(259.4, 764.9)(254.4, 764.9);SD
Port:(366.6, 681.8)(366.6, 762.6)(366.3, 762.6)(366.3, 778.2)(261.1, 778.2)(261.1, 681.8);GATE
Port:(355.3, 687.8)(361.6, 687.8)(361.6, 756.6)(355.3, 756.6);SD
Module:M4
Boundary:(344.7, 219.1)(401.4, 219.1)(401.4, 219.3)(414.6, 219.3)(414.6, 331.4)(344.7, 331.4);GATE
Port:(356.6, 326.3)(402.7, 326.3)(402.7, 331.4)(356.6, 331.4);SD
Port:(344.7, 219.1)(401.4, 219.1)(401.4, 219.3)(414.6, 219.3)(414.6, 324.1)(344.7, 324.1);GATE
Port:(350.7, 224.1)(395.4, 224.1)(395.4, 229.4)(350.7, 229.4);SD
