Area:(-30.0, -30.0)(370.0, -30.0)(370.0, 1013.5)(-30.0, 1013.5)
Rule:GATE(5,5);SD(5,5);GATE_SD(0.5);GATE_ITO(0.5);SD_ITO(0.5)
Module:M14
Boundary:(310.2, 592.1)(310.2, 656.2)(310.0, 656.2)(310.0, 671.1)(132.6, 671.1)(132.6, 592.1);GATE
Port:(132.6, 605.9)(138.0, 605.9)(138.0, 657.3)(132.6, 657.3);SD
Port:(310.2, 592.1)(310.2, 656.2)(310.0, 656.2)(310.0, 671.1)(139.3, 671.1)(139.3, 592.1);GATE
Port:(298.4, 598.7)(304.6, 598.7)(304.6, 649.6)(298.4, 649.6);SD
Module:M9
Boundary:(297.6, 495.4)(297.6, 552.1)(124.1, 552.1)(124.1, 495.4);GATE
Port:(124.1, 507.3)(129.5, 507.3)(129.5, 540.2)(124.1, 540.2);SD
Port:(297.6, 495.4)(297.6, 552.1)(132.0, 552.1)(132.0, 495.4);GATE
Port:(287.3, 502.0)(292.0, 502.0)(292.0, 545.5)(287.3, 545.5);SD
Module:M5
Boundary:(134.1, 278.4)(180.0, 278.4)(180.0, 278.5)(195.2, 278.5)(195.2, 448.6)(134.1, 448.6);GATE
Port:(145.6, 443.6)(183.7, 443.6)(183.7, 448.6)(145.6, 448.6);SD
Port:(134.1, 278.4)(180.0, 278.4)(180.0, 278.5)(195.2, 278.5)(195.2, 441.0)(134.1, 441.0);GATE
Port:(139.8, 283.1)(174.3, 283.1)(174.3, 287.9)(139.8, 287.9);SD
Module:M11
Boundary:(139.9, 775.4)(139.9, 838.9)(139.6, 838.9)(139.6, 853.4)(10.0, 853.4)(10.0, 775.4);GATE
Port:(10.0, 788.9)(15.0, 788.9)(15.0, 839.9)(10.0, 839.9);SD
Port:(139.9, 775.4)(139.9, 838.9)(139.6, 838.9)(139.6, 853.4)(17.5, 853.4)(17.5, 775.4);GATE
Port:(128.2, 781.8)(134.5, 781.8)(134.5, 832.5)(128.2, 832.5);SD
Module:M1
Boundary:(287.8, 731.1)(287.8, 819.7)(179.9, 819.7)(179.9, 731.1);GATE
Port:(179.9, 746.7)(184.2, 746.7)(184.2, 804.1)(179.9, 804.1);SD
Port:(287.8, 731.1)(287.8, 819.7)(187.1, 819.7)(187.1, 731.1);GATE
Port:(275.2, 737.9)(282.0, 737.9)(282.0, 812.9)(275.2, 812.9);SD
Module:M6
Boundary:(322.4, 859.7)(322.4, 957.3)(322.0, 957.3)(322.0, 973.4)(159.9, 973.4)(159.9, 859.7);GATE
Port:(159.9, 872.3)(165.3, 872.3)(165.3, 960.8)(159.9, 960.8);SD
Port:(322.4, 859.7)(322.4, 957.3)(322.0, 957.3)(322.0, 973.4)(168.2, 973.4)(168.2, 859.7);GATE
Port:(311.5, 865.5)(317.6, 865.5)(317.6, 951.5)(311.5, 951.5);SD
Module:M2
Boundary:(20.0, 366.4)(66.9, 366.4)(66.9, 366.7)(82.6, 366.7)(82.6, 575.0)(20.0, 575.0);GATE
Port:(32.5, 570.8)(70.1, 570.8)(70.1, 575.0)(32.5, 575.0);SD
Port:(20.0, 366.4)(66.9, 366.4)(66.9, 366.7)(82.6, 366.7)(82.6, 568.2)(20.0, 568.2);GATE
Port:(25.6, 371.0)(61.3, 371.0)(61.3, 375.8)(25.6, 375.8);SD
Module:M16
Boundary:(271.2, 10.0)(316.3, 10.0)(316.3, 10.1)(330.0, 10.1)(330.0, 226.7)(271.2, 226.7);GATE
Port:(283.3, 221.0)(317.9, 221.0)(317.9, 226.7)(283.3, 226.7);SD
Port:(271.2, 10.0)(316.3, 10.0)(316.3, 10.1)(330.0, 10.1)(330.0, 218.5)(271.2, 218.5);GATE
Port:(277.2, 15.0)(310.3, 15.0)(310.3, 20.5)(277.2, 20.5);SD
Module:M13
Boundary:(104.1, 268.4)(104.1, 320.1)(103.9, 320.1)(103.9, 336.4)(10.0, 336.4)(10.0, 268.4);GATE
Port:(10.0, 282.7)(14.2, 282.7)(14.2, 322.1)(10.0, 322.1);SD
Port:(104.1, 268.4)(104.1, 320.1)(103.9, 320.1)(103.9, 336.4)(16.2, 336.4)(16.2, 268.4);GATE
Port:(92.9, 275.4)(98.1, 275.4)(98.1, 313.1)(92.9, 313.1);SD
Module:M10
Boundary:(96.1, 10.0)(152.7, 10.0)(152.7, 130.8)(96.1, 130.8);GATE
Port:(111.4, 125.2)(137.4, 125.2)(137.4, 130.8)(111.4, 130.8);SD
Port:(96.1, 10.0)(152.7, 10.0)(152.7, 123.9)(96.1, 123.9);GATE
Port:(102.8, 15.7)(146.0, 15.7)(146.0, 22.7)(102.8, 22.7);SD
Module:M7
Boundary:(182.7, 20.0)(222.7, 20.0)(222.7, 20.2)(241.2, 20.2)(241.2, 197.5)(182.7, 197.5);GATE
Port:(198.8, 191.7)(225.1, 191.7)(225.1, 197.5)(198.8, 197.5);SD
Port:(182.7, 20.0)(222.7, 20.0)(222.7, 20.2)(241.2, 20.2)(241.2, 190.2)(182.7, 190.2);GATE
Port:(189.3, 25.6)(216.1, 25.6)(216.1, 33.0)(189.3, 33.0);SD
Module:M3
Boundary:(151.8, 167.1)(151.8, 231.5)(151.4, 231.5)(151.4, 248.4)(10.0, 248.4)(10.0, 167.1);GATE
Port:(10.0, 178.4)(15.9, 178.4)(15.9, 237.1)(10.0, 237.1);SD
Port:(151.8, 167.1)(151.8, 231.5)(151.4, 231.5)(151.4, 248.4)(17.4, 248.4)(17.4, 167.1);GATE
Port:(143.4, 172.2)(147.7, 172.2)(147.7, 226.4)(143.4, 226.4);SD
Module:M15
Boundary:(10.0, 10.0)(76.1, 10.0)(76.1, 147.1)(10.0, 147.1);GATE
Port:(23.6, 142.6)(62.5, 142.6)(62.5, 147.1)(23.6, 147.1);SD
Port:(10.0, 10.0)(76.1, 10.0)(76.1, 139.7)(10.0, 139.7);GATE
Port:(16.2, 15.2)(69.9, 15.2)(69.9, 21.8)(16.2, 21.8);SD
Module:M12
Boundary:(121.6, 873.4)(121.6, 973.5)(10.0, 973.5)(10.0, 873.4);GATE
Port:(10.0, 886.9)(14.7, 886.9)(14.7, 960.0)(10.0, 960.0);SD
Port:(121.6, 873.4)(121.6, 973.5)(16.0, 973.5)(16.0, 873.4);GATE
Port:(111.0, 879.5)(116.5, 879.5)(116.5, 967.4)(111.0, 967.4);SD
Module:M8
Boundary:(235.2, 256.7)(313.4, 256.7)(313.4, 465.4)(235.2, 465.4);GATE
Port:(249.0, 460.0)(299.6, 460.0)(299.6, 465.4)(249.0, 465.4);SD
Port:(235.2, 256.7)(313.4, 256.7)(313.4, 458.0)(235.2, 458.0);GATE
Port:(241.7, 262.2)(306.9, 262.2)(306.9, 268.8)(241.7, 268.8);SD
Module:M4
Boundary:(20.0, 615.0)(80.6, 615.0)(80.6, 745.4)(20.0, 745.4);GATE
Port:(31.9, 739.7)(68.7, 739.7)(68.7, 745.4)(31.9, 745.4);SD
Port:(20.0, 615.0)(80.6, 615.0)(80.6, 736.9)(20.0, 736.9);GATE
Port:(25.5, 619.5)(75.1, 619.5)(75.1, 625.4)(25.5, 625.4);SD
