Area:(-30.0, -30.0)(398.0, -30.0)(398.0, 953.9)(-30.0, 953.9)
Rule:GATE(5,5);SD(5,5);GATE_SD(0.5);GATE_ITO(0.5);SD_ITO(0.5)
Module:M14
Boundary:(299.2, 266.6)(299.2, 297.1)(299.2, 297.1)(299.2, 312.4)(192.4, 312.4)(192.4, 266.6);GATE
Port:(192.4, 278.8)(197.3, 278.8)(197.3, 300.2)(192.4, 300.2);SD
Port:(299.2, 266.6)(299.2, 297.1)(299.2, 297.1)(299.2, 312.4)(199.5, 312.4)(199.5, 266.6);GATE
Port:(290.0, 272.3)(294.5, 272.3)(294.5, 291.4)(290.0, 291.4);SD
Module:M9
Boundary:(110.9, 441.4)(110.9, 512.1)(10.0, 512.1)(10.0, 441.4);GATE
Port:(10.0, 452.5)(15.8, 452.5)(15.8, 501.0)(10.0, 501.0);SD
Port:(110.9, 441.4)(110.9, 512.1)(17.4, 512.1)(17.4, 441.4);GATE
Port:(101.5, 447.0)(106.3, 447.0)(106.3, 506.5)(101.5, 506.5);SD
Module:M5
Boundary:(96.4, 542.1)(96.4, 591.5)(20.0, 591.5)(20.0, 542.1);GATE
Port:(20.0, 555.3)(24.6, 555.3)(24.6, 578.3)(20.0, 578.3);SD
Port:(96.4, 542.1)(96.4, 591.5)(26.2, 591.5)(26.2, 542.1);GATE
Port:(84.8, 547.7)(91.8, 547.7)(91.8, 585.9)(84.8, 585.9);SD
Module:M11
Boundary:(275.5, 742.1)(355.1, 742.1)(355.1, 913.9)(275.5, 913.9);GATE
Port:(287.6, 909.3)(343.0, 909.3)(343.0, 913.9)(287.6, 913.9);SD
Port:(275.5, 742.1)(355.1, 742.1)(355.1, 906.9)(275.5, 906.9);GATE
Port:(280.9, 746.5)(349.7, 746.5)(349.7, 752.2)(280.9, 752.2);SD
Module:M1
Boundary:(30.0, 245.9)(118.1, 245.9)(118.1, 246.3)(132.4, 246.3)(132.4, 401.4)(30.0, 401.4);GATE
Port:(42.4, 396.6)(120.0, 396.6)(120.0, 401.4)(42.4, 401.4);SD
Port:(30.0, 245.9)(118.1, 245.9)(118.1, 246.3)(132.4, 246.3)(132.4, 395.5)(30.0, 395.5);GATE
Port:(35.1, 250.0)(113.0, 250.0)(113.0, 256.3)(35.1, 256.3);SD
Module:M6
Boundary:(163.4, 108.8)(163.4, 189.7)(163.0, 189.7)(163.0, 205.9)(10.0, 205.9)(10.0, 108.8);GATE
Port:(10.0, 121.2)(15.8, 121.2)(15.8, 193.5)(10.0, 193.5);SD
Port:(163.4, 108.8)(163.4, 189.7)(163.0, 189.7)(163.0, 205.9)(17.4, 205.9)(17.4, 108.8);GATE
Port:(153.8, 113.9)(159.3, 113.9)(159.3, 184.6)(153.8, 184.6);SD
Module:M2
Boundary:(248.7, 577.5)(248.7, 685.3)(153.1, 685.3)(153.1, 577.5);GATE
Port:(153.1, 593.4)(157.5, 593.4)(157.5, 669.4)(153.1, 669.4);SD
Port:(248.7, 577.5)(248.7, 685.3)(160.0, 685.3)(160.0, 577.5);GATE
Port:(236.1, 583.7)(243.5, 583.7)(243.5, 679.1)(236.1, 679.1);SD
Module:M16
Boundary:(321.1, 10.0)(321.1, 77.2)(321.0, 77.2)(321.0, 92.8)(221.3, 92.8)(221.3, 10.0);GATE
Port:(221.3, 24.5)(227.2, 24.5)(227.2, 78.3)(221.3, 78.3);SD
Port:(321.1, 10.0)(321.1, 77.2)(321.0, 77.2)(321.0, 92.8)(229.8, 92.8)(229.8, 10.0);GATE
Port:(309.1, 16.7)(315.4, 16.7)(315.4, 70.5)(309.1, 70.5);SD
Module:M13
Boundary:(355.6, 352.4)(355.6, 428.0)(172.4, 428.0)(172.4, 352.4);GATE
Port:(172.4, 364.7)(178.1, 364.7)(178.1, 415.7)(172.4, 415.7);SD
Port:(355.6, 352.4)(355.6, 428.0)(179.8, 428.0)(179.8, 352.4);GATE
Port:(345.0, 358.4)(350.6, 358.4)(350.6, 422.0)(345.0, 422.0);SD
Module:M10
Boundary:(201.3, 10.0)(201.3, 73.4)(201.1, 73.4)(201.1, 88.8)(10.0, 88.8)(10.0, 10.0);GATE
Port:(10.0, 23.0)(14.1, 23.0)(14.1, 75.8)(10.0, 75.8);SD
Port:(201.3, 10.0)(201.3, 73.4)(201.1, 73.4)(201.1, 88.8)(16.0, 88.8)(16.0, 10.0);GATE
Port:(190.6, 15.5)(196.8, 15.5)(196.8, 67.9)(190.6, 67.9);SD
Module:M7
Boundary:(193.4, 122.8)(295.1, 122.8)(295.1, 216.6)(193.4, 216.6);GATE
Port:(208.2, 210.8)(280.3, 210.8)(280.3, 216.6)(208.2, 216.6);SD
Port:(193.4, 122.8)(295.1, 122.8)(295.1, 209.5)(193.4, 209.5);GATE
Port:(199.6, 128.0)(288.9, 128.0)(288.9, 134.2)(199.6, 134.2);SD
Module:M3
Boundary:(123.1, 621.5)(123.1, 706.5)(122.6, 706.5)(122.6, 723.7)(10.0, 723.7)(10.0, 621.5);GATE
Port:(10.0, 634.3)(15.0, 634.3)(15.0, 710.9)(10.0, 710.9);SD
Port:(123.1, 621.5)(123.1, 706.5)(122.6, 706.5)(122.6, 723.7)(16.6, 723.7)(16.6, 621.5);GATE
Port:(112.9, 627.0)(118.6, 627.0)(118.6, 701.0)(112.9, 701.0);SD
Module:M15
Boundary:(278.7, 567.5)(342.7, 567.5)(342.7, 567.6)(358.0, 567.6)(358.0, 722.1)(278.7, 722.1);GATE
Port:(291.9, 717.9)(344.8, 717.9)(344.8, 722.1)(291.9, 722.1);SD
Port:(278.7, 567.5)(342.7, 567.5)(342.7, 567.6)(358.0, 567.6)(358.0, 715.5)(278.7, 715.5);GATE
Port:(284.3, 572.1)(337.1, 572.1)(337.1, 579.0)(284.3, 579.0);SD
Module:M12
Boundary:(155.7, 715.3)(255.5, 715.3)(255.5, 910.4)(155.7, 910.4);GATE
Port:(169.6, 906.0)(241.6, 906.0)(241.6, 910.4)(169.6, 910.4);SD
Port:(155.7, 715.3)(255.5, 715.3)(255.5, 903.4)(155.7, 903.4);GATE
Port:(161.3, 719.9)(249.9, 719.9)(249.9, 727.2)(161.3, 727.2);SD
Module:M8
Boundary:(356.9, 458.0)(356.9, 537.5)(140.9, 537.5)(140.9, 458.0);GATE
Port:(140.9, 470.7)(145.1, 470.7)(145.1, 524.8)(140.9, 524.8);SD
Port:(356.9, 458.0)(356.9, 537.5)(146.5, 537.5)(146.5, 458.0);GATE
Port:(346.3, 464.5)(351.4, 464.5)(351.4, 531.0)(346.3, 531.0);SD
Module:M4
Boundary:(20.0, 753.7)(107.9, 753.7)(107.9, 754.1)(125.7, 754.1)(125.7, 901.4)(20.0, 901.4);GATE
Port:(33.9, 896.9)(111.8, 896.9)(111.8, 901.4)(33.9, 901.4);SD
Port:(20.0, 753.7)(107.9, 753.7)(107.9, 754.1)(125.7, 754.1)(125.7, 894.4)(20.0, 894.4);GATE
Port:(25.1, 757.8)(102.8, 757.8)(102.8, 764.5)(25.1, 764.5);SD
