Area:(-30.0, -30.0)(701.6, -30.0)(701.6, 542.5)(-30.0, 542.5)
Rule:GATE(5,5);SD(5,5);GATE_SD(0.5);GATE_ITO(0.5);SD_ITO(0.5)
Module:M14
Boundary:(342.9, 290.7)(342.9, 344.0)(244.1, 344.0)(244.1, 290.7);GATE
Port:(244.1, 305.4)(250.0, 305.4)(250.0, 329.3)(244.1, 329.3);SD
Port:(342.9, 290.7)(342.9, 344.0)(251.1, 344.0)(251.1, 290.7);GATE
Port:(331.3, 296.5)(338.1, 296.5)(338.1, 338.2)(331.3, 338.2);SD
Module:M9
Boundary:(595.0, 10.0)(658.5, 10.0)(658.5, 186.6)(595.0, 186.6);GATE
Port:(606.8, 180.7)(646.7, 180.7)(646.7, 186.6)(606.8, 186.6);SD
Port:(595.0, 10.0)(658.5, 10.0)(658.5, 179.1)(595.0, 179.1);GATE
Port:(600.3, 14.3)(653.2, 14.3)(653.2, 19.2)(600.3, 19.2);SD
Module:M5
Boundary:(167.4, 20.0)(208.6, 20.0)(208.6, 217.8)(167.4, 217.8);GATE
Port:(177.4, 212.0)(198.6, 212.0)(198.6, 217.8)(177.4, 217.8);SD
Port:(167.4, 20.0)(208.6, 20.0)(208.6, 210.3)(167.4, 210.3);GATE
Port:(172.5, 24.1)(203.5, 24.1)(203.5, 28.3)(172.5, 28.3);SD
Module:M11
Boundary:(569.0, 206.6)(634.7, 206.6)(634.7, 310.1)(569.0, 310.1);GATE
Port:(582.9, 305.2)(620.8, 305.2)(620.8, 310.1)(582.9, 310.1);SD
Port:(569.0, 206.6)(634.7, 206.6)(634.7, 303.8)(569.0, 303.8);GATE
Port:(574.9, 211.5)(628.8, 211.5)(628.8, 218.7)(574.9, 218.7);SD
Module:M1
Boundary:(427.2, 312.2)(522.2, 312.2)(522.2, 480.6)(427.2, 480.6);GATE
Port:(440.4, 474.8)(509.0, 474.8)(509.0, 480.6)(440.4, 480.6);SD
Port:(427.2, 312.2)(522.2, 312.2)(522.2, 472.9)(427.2, 472.9);GATE
Port:(432.3, 316.3)(517.1, 316.3)(517.1, 322.3)(432.3, 322.3);SD
Module:M6
Boundary:(189.4, 321.0)(189.4, 402.2)(10.0, 402.2)(10.0, 321.0);GATE
Port:(10.0, 334.6)(14.3, 334.6)(14.3, 388.6)(10.0, 388.6);SD
Port:(189.4, 321.0)(189.4, 402.2)(16.2, 402.2)(16.2, 321.0);GATE
Port:(178.4, 326.5)(184.9, 326.5)(184.9, 396.7)(178.4, 396.7);SD
Module:M2
Boundary:(572.2, 340.1)(647.4, 340.1)(647.4, 340.1)(661.6, 340.1)(661.6, 465.9)(572.2, 465.9);GATE
Port:(585.1, 460.3)(648.7, 460.3)(648.7, 465.9)(585.1, 465.9);SD
Port:(572.2, 340.1)(647.4, 340.1)(647.4, 340.1)(661.6, 340.1)(661.6, 459.0)(572.2, 459.0);GATE
Port:(578.3, 345.2)(641.3, 345.2)(641.3, 350.8)(578.3, 350.8);SD
Module:M16
Boundary:(384.1, 384.0)(384.1, 416.5)(383.9, 416.5)(383.9, 431.7)(209.4, 431.7)(209.4, 384.0);GATE
Port:(209.4, 396.6)(214.6, 396.6)(214.6, 419.1)(209.4, 419.1);SD
Port:(384.1, 384.0)(384.1, 416.5)(383.9, 416.5)(383.9, 431.7)(216.4, 431.7)(216.4, 384.0);GATE
Port:(373.4, 389.8)(379.3, 389.8)(379.3, 410.7)(373.4, 410.7);SD
Module:M13
Boundary:(434.8, 135.9)(434.8, 250.7)(238.6, 250.7)(238.6, 135.9);GATE
Port:(238.6, 149.6)(243.1, 149.6)(243.1, 237.0)(238.6, 237.0);SD
Port:(434.8, 135.9)(434.8, 250.7)(244.6, 250.7)(244.6, 135.9);GATE
Port:(423.1, 142.4)(429.3, 142.4)(429.3, 244.2)(423.1, 244.2);SD
Module:M10
Boundary:(454.8, 177.6)(549.0, 177.6)(549.0, 272.2)(454.8, 272.2);GATE
Port:(468.1, 268.1)(535.7, 268.1)(535.7, 272.2)(468.1, 272.2);SD
Port:(454.8, 177.6)(549.0, 177.6)(549.0, 265.1)(454.8, 265.1);GATE
Port:(460.8, 182.6)(543.0, 182.6)(543.0, 188.8)(460.8, 188.8);SD
Module:M7
Boundary:(20.0, 20.0)(127.4, 20.0)(127.4, 228.4)(20.0, 228.4);GATE
Port:(33.9, 224.1)(113.5, 224.1)(113.5, 228.4)(33.9, 228.4);SD
Port:(20.0, 20.0)(127.4, 20.0)(127.4, 223.1)(20.0, 223.1);GATE
Port:(26.8, 25.8)(120.6, 25.8)(120.6, 31.9)(26.8, 31.9);SD
Module:M3
Boundary:(387.2, 451.7)(387.2, 502.5)(204.4, 502.5)(204.4, 451.7);GATE
Port:(204.4, 464.7)(208.4, 464.7)(208.4, 489.5)(204.4, 489.5);SD
Port:(387.2, 451.7)(387.2, 502.5)(209.9, 502.5)(209.9, 451.7);GATE
Port:(377.6, 457.6)(382.3, 457.6)(382.3, 496.6)(377.6, 496.6);SD
Module:M15
Boundary:(438.3, 10.0)(438.3, 115.9)(238.6, 115.9)(238.6, 10.0);GATE
Port:(238.6, 24.2)(244.4, 24.2)(244.4, 101.7)(238.6, 101.7);SD
Port:(438.3, 10.0)(438.3, 115.9)(246.9, 115.9)(246.9, 10.0);GATE
Port:(426.7, 15.6)(433.7, 15.6)(433.7, 110.3)(426.7, 110.3);SD
Module:M12
Boundary:(204.1, 258.4)(204.1, 301.0)(10.0, 301.0)(10.0, 258.4);GATE
Port:(10.0, 269.9)(15.0, 269.9)(15.0, 289.5)(10.0, 289.5);SD
Port:(204.1, 258.4)(204.1, 301.0)(17.1, 301.0)(17.1, 258.4);GATE
Port:(194.4, 265.1)(198.4, 265.1)(198.4, 294.3)(194.4, 294.3);SD
Module:M8
Boundary:(174.4, 432.2)(174.4, 495.7)(20.0, 495.7)(20.0, 432.2);GATE
Port:(20.0, 445.2)(25.7, 445.2)(25.7, 482.7)(20.0, 482.7);SD
Port:(174.4, 432.2)(174.4, 495.7)(28.1, 495.7)(28.1, 432.2);GATE
Port:(163.6, 438.4)(169.2, 438.4)(169.2, 489.5)(163.6, 489.5);SD
Module:M4
Boundary:(468.3, 20.0)(565.0, 20.0)(565.0, 147.6)(468.3, 147.6);GATE
Port:(482.1, 143.3)(551.2, 143.3)(551.2, 147.6)(482.1, 147.6);SD
Port:(468.3, 20.0)(565.0, 20.0)(565.0, 141.8)(468.3, 141.8);GATE
Port:(474.7, 25.4)(558.6, 25.4)(558.6, 32.0)(474.7, 32.0);SD
