Area:(-30.0, -30.0)(778.3, -30.0)(778.3, 459.6)(-30.0, 459.6)
Rule:GATE(5,5);SD(5,5);GATE_SD(0.5);GATE_ITO(0.5);SD_ITO(0.5)
Module:M14
Boundary:(637.3, 369.2)(637.3, 413.6)(482.5, 413.6)(482.5, 369.2);GATE
Port:(482.5, 380.5)(488.0, 380.5)(488.0, 402.3)(482.5, 402.3);SD
Port:(637.3, 369.2)(637.3, 413.6)(490.9, 413.6)(490.9, 369.2);GATE
Port:(628.3, 374.7)(632.8, 374.7)(632.8, 408.1)(628.3, 408.1);SD
Module:M9
Boundary:(645.5, 10.0)(698.1, 10.0)(698.1, 10.1)(716.5, 10.1)(716.5, 106.0)(645.5, 106.0);GATE
Port:(658.9, 100.1)(703.1, 100.1)(703.1, 106.0)(658.9, 106.0);SD
Port:(645.5, 10.0)(698.1, 10.0)(698.1, 10.1)(716.5, 10.1)(716.5, 97.4)(645.5, 97.4);GATE
Port:(650.7, 14.2)(692.9, 14.2)(692.9, 20.3)(650.7, 20.3);SD
Module:M5
Boundary:(447.0, 20.0)(447.0, 99.9)(251.8, 99.9)(251.8, 20.0);GATE
Port:(251.8, 33.4)(256.9, 33.4)(256.9, 86.5)(251.8, 86.5);SD
Port:(447.0, 20.0)(447.0, 99.9)(258.9, 99.9)(258.9, 20.0);GATE
Port:(435.7, 25.3)(442.7, 25.3)(442.7, 94.6)(435.7, 94.6);SD
Module:M11
Boundary:(423.4, 129.9)(423.4, 179.1)(423.4, 179.1)(423.4, 194.5)(224.0, 194.5)(224.0, 129.9);GATE
Port:(224.0, 143.4)(229.5, 143.4)(229.5, 181.0)(224.0, 181.0);SD
Port:(423.4, 129.9)(423.4, 179.1)(423.4, 179.1)(423.4, 194.5)(232.2, 194.5)(232.2, 129.9);GATE
Port:(412.0, 136.3)(418.0, 136.3)(418.0, 172.7)(412.0, 172.7);SD
Module:M1
Boundary:(121.6, 328.0)(121.6, 410.5)(30.0, 410.5)(30.0, 328.0);GATE
Port:(30.0, 342.7)(35.1, 342.7)(35.1, 395.8)(30.0, 395.8);SD
Port:(121.6, 328.0)(121.6, 410.5)(37.1, 410.5)(37.1, 328.0);GATE
Port:(109.1, 334.4)(116.2, 334.4)(116.2, 404.1)(109.1, 404.1);SD
Module:M6
Boundary:(157.3, 218.2)(157.3, 288.0)(10.0, 288.0)(10.0, 218.2);GATE
Port:(10.0, 230.2)(14.5, 230.2)(14.5, 276.0)(10.0, 276.0);SD
Port:(157.3, 218.2)(157.3, 288.0)(17.0, 288.0)(17.0, 218.2);GATE
Port:(147.0, 224.5)(152.0, 224.5)(152.0, 281.7)(147.0, 281.7);SD
Module:M2
Boundary:(615.5, 20.0)(615.5, 85.9)(615.4, 85.9)(615.4, 101.9)(487.0, 101.9)(487.0, 20.0);GATE
Port:(487.0, 33.3)(491.4, 33.3)(491.4, 88.6)(487.0, 88.6);SD
Port:(615.5, 20.0)(615.5, 85.9)(615.4, 85.9)(615.4, 101.9)(492.8, 101.9)(492.8, 20.0);GATE
Port:(604.7, 26.5)(610.0, 26.5)(610.0, 79.4)(604.7, 79.4);SD
Module:M16
Boundary:(677.3, 339.0)(710.7, 339.0)(710.7, 339.0)(729.1, 339.0)(729.1, 419.6)(677.3, 419.6);GATE
Port:(690.2, 415.0)(716.2, 415.0)(716.2, 419.6)(690.2, 419.6);SD
Port:(677.3, 339.0)(710.7, 339.0)(710.7, 339.0)(729.1, 339.0)(729.1, 412.9)(677.3, 412.9);GATE
Port:(682.5, 343.2)(705.5, 343.2)(705.5, 348.6)(682.5, 348.6);SD
Module:M13
Boundary:(177.3, 218.2)(285.5, 218.2)(285.5, 409.4)(177.3, 409.4);GATE
Port:(192.1, 405.0)(270.7, 405.0)(270.7, 409.4)(192.1, 409.4);SD
Port:(177.3, 218.2)(285.5, 218.2)(285.5, 403.3)(177.3, 403.3);GATE
Port:(183.8, 223.7)(279.0, 223.7)(279.0, 229.8)(183.8, 229.8);SD
Module:M10
Boundary:(674.1, 126.0)(738.3, 126.0)(738.3, 319.0)(674.1, 319.0);GATE
Port:(686.3, 314.0)(726.1, 314.0)(726.1, 319.0)(686.3, 319.0);SD
Port:(674.1, 126.0)(738.3, 126.0)(738.3, 312.6)(674.1, 312.6);GATE
Port:(680.0, 130.9)(732.4, 130.9)(732.4, 135.8)(680.0, 135.8);SD
Module:M7
Boundary:(412.9, 224.5)(412.9, 307.7)(412.7, 307.7)(412.7, 324.3)(315.5, 324.3)(315.5, 224.5);GATE
Port:(315.5, 237.5)(320.5, 237.5)(320.5, 311.3)(315.5, 311.3);SD
Port:(412.9, 224.5)(412.9, 307.7)(412.7, 307.7)(412.7, 324.3)(323.5, 324.3)(323.5, 224.5);GATE
Port:(402.9, 230.7)(407.7, 230.7)(407.7, 301.5)(402.9, 301.5);SD
Module:M3
Boundary:(654.1, 240.0)(654.1, 329.2)(442.9, 329.2)(442.9, 240.0);GATE
Port:(442.9, 251.8)(448.2, 251.8)(448.2, 317.4)(442.9, 317.4);SD
Port:(654.1, 240.0)(654.1, 329.2)(449.8, 329.2)(449.8, 240.0);GATE
Port:(644.4, 245.8)(649.3, 245.8)(649.3, 323.4)(644.4, 323.4);SD
Module:M15
Boundary:(221.8, 10.0)(221.8, 62.0)(10.0, 62.0)(10.0, 10.0);GATE
Port:(10.0, 24.5)(14.8, 24.5)(14.8, 47.5)(10.0, 47.5);SD
Port:(221.8, 10.0)(221.8, 62.0)(15.9, 62.0)(15.9, 10.0);GATE
Port:(209.3, 16.3)(216.5, 16.3)(216.5, 55.7)(209.3, 55.7);SD
Module:M12
Boundary:(204.0, 82.0)(204.0, 198.2)(10.0, 198.2)(10.0, 82.0);GATE
Port:(10.0, 95.9)(15.5, 95.9)(15.5, 184.3)(10.0, 184.3);SD
Port:(204.0, 82.0)(204.0, 198.2)(17.3, 198.2)(17.3, 82.0);GATE
Port:(192.8, 88.3)(198.7, 88.3)(198.7, 191.9)(192.8, 191.9);SD
Module:M8
Boundary:(643.5, 141.9)(643.5, 192.9)(643.5, 192.9)(643.5, 210.0)(453.4, 210.0)(453.4, 141.9);GATE
Port:(453.4, 155.3)(459.2, 155.3)(459.2, 196.6)(453.4, 196.6);SD
Port:(643.5, 141.9)(643.5, 192.9)(643.5, 192.9)(643.5, 210.0)(461.9, 210.0)(461.9, 141.9);GATE
Port:(633.6, 147.7)(638.7, 147.7)(638.7, 187.1)(633.6, 187.1);SD
Module:M4
Boundary:(432.5, 364.3)(432.5, 395.5)(432.4, 395.5)(432.4, 410.2)(315.5, 410.2)(315.5, 364.3);GATE
Port:(315.5, 376.8)(321.0, 376.8)(321.0, 397.7)(315.5, 397.7);SD
Port:(432.5, 364.3)(432.5, 395.5)(432.4, 395.5)(432.4, 410.2)(323.0, 410.2)(323.0, 364.3);GATE
Port:(421.9, 370.0)(427.8, 370.0)(427.8, 389.8)(421.9, 389.8);SD
