Area:(-30.0, -30.0)(673.3, -30.0)(673.3, 496.0)(-30.0, 496.0)
Rule:GATE(5,5);SD(5,5);GATE_SD(0.5);GATE_ITO(0.5);SD_ITO(0.5)
Module:M14
Boundary:(343.7, 30.0)(343.7, 123.8)(250.8, 123.8)(250.8, 30.0);GATE
Port:(250.8, 43.1)(254.8, 43.1)(254.8, 110.7)(250.8, 110.7);SD
Port:(343.7, 30.0)(343.7, 123.8)(255.9, 123.8)(255.9, 30.0);GATE
Port:(333.4, 35.1)(339.6, 35.1)(339.6, 118.7)(333.4, 118.7);SD
Module:M9
Boundary:(330.5, 266.1)(330.5, 316.1)(330.3, 316.1)(330.3, 333.3)(182.8, 333.3)(182.8, 266.1);GATE
Port:(182.8, 278.8)(187.4, 278.8)(187.4, 320.6)(182.8, 320.6);SD
Port:(330.5, 266.1)(330.5, 316.1)(330.3, 316.1)(330.3, 333.3)(188.9, 333.3)(188.9, 266.1);GATE
Port:(321.1, 271.8)(325.8, 271.8)(325.8, 310.4)(321.1, 310.4);SD
Module:M5
Boundary:(413.9, 363.3)(413.9, 428.5)(413.6, 428.5)(413.6, 444.0)(234.6, 444.0)(234.6, 363.3);GATE
Port:(234.6, 377.3)(239.3, 377.3)(239.3, 430.0)(234.6, 430.0);SD
Port:(413.9, 363.3)(413.9, 428.5)(413.6, 428.5)(413.6, 444.0)(242.0, 444.0)(242.0, 363.3);GATE
Port:(402.7, 370.2)(408.0, 370.2)(408.0, 421.6)(402.7, 421.6);SD
Module:M11
Boundary:(543.9, 256.6)(633.3, 256.6)(633.3, 456.0)(543.9, 456.0);GATE
Port:(558.1, 451.1)(619.1, 451.1)(619.1, 456.0)(558.1, 456.0);SD
Port:(543.9, 256.6)(633.3, 256.6)(633.3, 448.5)(543.9, 448.5);GATE
Port:(550.2, 261.9)(627.0, 261.9)(627.0, 267.3)(550.2, 267.3);SD
Module:M1
Boundary:(560.8, 30.0)(614.2, 30.0)(614.2, 30.3)(630.9, 30.3)(630.9, 106.4)(560.8, 106.4);GATE
Port:(575.7, 100.7)(616.0, 100.7)(616.0, 106.4)(575.7, 106.4);SD
Port:(560.8, 30.0)(614.2, 30.0)(614.2, 30.3)(630.9, 30.3)(630.9, 99.0)(560.8, 99.0);GATE
Port:(567.2, 35.4)(607.8, 35.4)(607.8, 42.4)(567.2, 42.4);SD
Module:M6
Boundary:(326.4, 163.8)(326.4, 246.1)(230.0, 246.1)(230.0, 163.8);GATE
Port:(230.0, 177.7)(234.9, 177.7)(234.9, 232.2)(230.0, 232.2);SD
Port:(326.4, 163.8)(326.4, 246.1)(237.8, 246.1)(237.8, 163.8);GATE
Port:(315.4, 170.5)(320.7, 170.5)(320.7, 239.4)(315.4, 239.4);SD
Module:M2
Boundary:(200.0, 154.8)(200.0, 220.4)(199.6, 220.4)(199.6, 236.0)(20.0, 236.0)(20.0, 154.8);GATE
Port:(20.0, 168.8)(24.2, 168.8)(24.2, 222.0)(20.0, 222.0);SD
Port:(200.0, 154.8)(200.0, 220.4)(199.6, 220.4)(199.6, 236.0)(26.0, 236.0)(26.0, 154.8);GATE
Port:(188.5, 160.4)(195.4, 160.4)(195.4, 214.8)(188.5, 214.8);SD
Module:M16
Boundary:(10.0, 10.0)(61.9, 10.0)(61.9, 71.1)(75.8, 71.1)(75.8, 123.4)(10.0, 123.4);GATE
Port:(24.9, 119.2)(60.9, 119.2)(60.9, 123.4)(24.9, 123.4);SD
Port:(10.0, 10.0)(61.9, 10.0)(61.9, 71.1)(75.8, 71.1)(75.8, 116.9)(10.0, 116.9);GATE
Port:(16.8, 15.8)(54.1, 15.8)(54.1, 22.3)(16.8, 22.3);SD
Module:M13
Boundary:(624.8, 146.4)(624.8, 218.7)(624.4, 218.7)(624.4, 236.6)(534.1, 236.6)(534.1, 146.4);GATE
Port:(534.1, 161.3)(539.9, 161.3)(539.9, 221.7)(534.1, 221.7);SD
Port:(624.8, 146.4)(624.8, 218.7)(624.4, 218.7)(624.4, 236.6)(541.1, 236.6)(541.1, 146.4);GATE
Port:(613.3, 152.7)(619.5, 152.7)(619.5, 212.4)(613.3, 212.4);SD
Module:M10
Boundary:(443.9, 337.0)(523.9, 337.0)(523.9, 448.2)(443.9, 448.2);GATE
Port:(457.4, 444.1)(510.4, 444.1)(510.4, 448.2)(457.4, 448.2);SD
Port:(443.9, 337.0)(523.9, 337.0)(523.9, 442.2)(443.9, 442.2);GATE
Port:(450.5, 342.6)(517.3, 342.6)(517.3, 347.8)(450.5, 347.8);SD
Module:M7
Boundary:(194.6, 364.4)(194.6, 445.3)(20.0, 445.3)(20.0, 364.4);GATE
Port:(20.0, 376.9)(24.5, 376.9)(24.5, 432.8)(20.0, 432.8);SD
Port:(194.6, 364.4)(194.6, 445.3)(27.2, 445.3)(27.2, 364.4);GATE
Port:(184.2, 370.5)(189.5, 370.5)(189.5, 439.2)(184.2, 439.2);SD
Module:M3
Boundary:(210.8, 10.0)(210.8, 108.5)(210.6, 108.5)(210.6, 124.8)(95.8, 124.8)(95.8, 10.0);GATE
Port:(95.8, 23.0)(100.5, 23.0)(100.5, 111.8)(95.8, 111.8);SD
Port:(210.8, 10.0)(210.8, 108.5)(210.6, 108.5)(210.6, 124.8)(102.6, 124.8)(102.6, 10.0);GATE
Port:(200.3, 15.4)(206.4, 15.4)(206.4, 103.1)(200.3, 103.1);SD
Module:M15
Boundary:(517.1, 256.6)(517.1, 317.0)(350.5, 317.0)(350.5, 256.6);GATE
Port:(350.5, 268.6)(355.3, 268.6)(355.3, 305.0)(350.5, 305.0);SD
Port:(517.1, 256.6)(517.1, 317.0)(357.5, 317.0)(357.5, 256.6);GATE
Port:(507.2, 261.9)(512.8, 261.9)(512.8, 311.7)(507.2, 311.7);SD
Module:M12
Boundary:(162.8, 266.0)(162.8, 334.4)(10.0, 334.4)(10.0, 266.0);GATE
Port:(10.0, 280.7)(16.0, 280.7)(16.0, 319.7)(10.0, 319.7);SD
Port:(162.8, 266.0)(162.8, 334.4)(17.9, 334.4)(17.9, 266.0);GATE
Port:(150.7, 272.6)(157.2, 272.6)(157.2, 327.8)(150.7, 327.8);SD
Module:M8
Boundary:(510.8, 20.0)(510.8, 102.2)(393.7, 102.2)(393.7, 20.0);GATE
Port:(393.7, 32.7)(399.3, 32.7)(399.3, 89.5)(393.7, 89.5);SD
Port:(510.8, 20.0)(510.8, 102.2)(401.5, 102.2)(401.5, 20.0);GATE
Port:(500.5, 26.1)(505.7, 26.1)(505.7, 96.1)(500.5, 96.1);SD
Module:M4
Boundary:(504.1, 142.2)(504.1, 209.7)(503.7, 209.7)(503.7, 225.7)(393.7, 225.7)(393.7, 142.2);GATE
Port:(393.7, 156.2)(398.6, 156.2)(398.6, 211.7)(393.7, 211.7);SD
Port:(504.1, 142.2)(504.1, 209.7)(503.7, 209.7)(503.7, 225.7)(401.4, 225.7)(401.4, 142.2);GATE
Port:(492.7, 149.1)(498.2, 149.1)(498.2, 202.8)(492.7, 202.8);SD
