Area:(-30.0, -30.0)(486.7, -30.0)(486.7, 883.4)(-30.0, 883.4)
Rule:GATE(5,5);SD(5,5);GATE_SD(0.5);GATE_ITO(0.5);SD_ITO(0.5)
Module:M14
Boundary:(248.9, 467.6)(248.9, 535.2)(171.8, 535.2)(171.8, 550.8)(30.0, 550.8)(30.0, 467.6);GATE
Port:(30.0, 480.9)(34.6, 480.9)(34.6, 537.5)(30.0, 537.5);SD
Port:(248.9, 467.6)(248.9, 535.2)(171.8, 535.2)(171.8, 550.8)(37.6, 550.8)(37.6, 467.6);GATE
Port:(238.3, 473.4)(244.1, 473.4)(244.1, 528.4)(238.3, 528.4);SD
Module:M9
Boundary:(234.9, 590.8)(234.9, 710.8)(10.0, 710.8)(10.0, 590.8);GATE
Port:(10.0, 605.5)(14.4, 605.5)(14.4, 696.1)(10.0, 696.1);SD
Port:(234.9, 590.8)(234.9, 710.8)(15.8, 710.8)(15.8, 590.8);GATE
Port:(222.5, 597.4)(229.3, 597.4)(229.3, 704.2)(222.5, 704.2);SD
Module:M5
Boundary:(175.6, 740.8)(175.6, 826.4)(175.1, 826.4)(175.1, 843.4)(20.0, 843.4)(20.0, 740.8);GATE
Port:(20.0, 754.6)(24.1, 754.6)(24.1, 829.6)(20.0, 829.6);SD
Port:(175.6, 740.8)(175.6, 826.4)(175.1, 826.4)(175.1, 843.4)(25.5, 843.4)(25.5, 740.8);GATE
Port:(164.9, 747.6)(169.8, 747.6)(169.8, 819.6)(164.9, 819.6);SD
Module:M11
Boundary:(301.9, 10.0)(301.9, 55.1)(301.7, 55.1)(301.7, 70.0)(141.7, 70.0)(141.7, 10.0);GATE
Port:(141.7, 21.6)(147.0, 21.6)(147.0, 58.4)(141.7, 58.4);SD
Port:(301.9, 10.0)(301.9, 55.1)(301.7, 55.1)(301.7, 70.0)(148.8, 70.0)(148.8, 10.0);GATE
Port:(292.5, 15.9)(297.0, 15.9)(297.0, 49.2)(292.5, 49.2);SD
Module:M1
Boundary:(190.5, 110.0)(281.4, 110.0)(281.4, 110.1)(296.0, 110.1)(296.0, 204.6)(190.5, 204.6);GATE
Port:(202.9, 200.0)(283.6, 200.0)(283.6, 204.6)(202.9, 204.6);SD
Port:(190.5, 110.0)(281.4, 110.0)(281.4, 110.1)(296.0, 110.1)(296.0, 198.0)(190.5, 198.0);GATE
Port:(197.2, 115.7)(274.7, 115.7)(274.7, 120.9)(197.2, 120.9);SD
Module:M6
Boundary:(10.0, 10.0)(121.7, 10.0)(121.7, 83.6)(10.0, 83.6);GATE
Port:(25.6, 77.6)(106.1, 77.6)(106.1, 83.6)(25.6, 83.6);SD
Port:(10.0, 10.0)(121.7, 10.0)(121.7, 76.5)(10.0, 76.5);GATE
Port:(16.9, 15.9)(114.8, 15.9)(114.8, 22.1)(16.9, 22.1);SD
Module:M2
Boundary:(334.8, 351.7)(334.8, 400.9)(334.7, 400.9)(334.7, 417.6)(139.2, 417.6)(139.2, 351.7);GATE
Port:(139.2, 364.2)(144.6, 364.2)(144.6, 405.1)(139.2, 405.1);SD
Port:(334.8, 351.7)(334.8, 400.9)(334.7, 400.9)(334.7, 417.6)(147.5, 417.6)(147.5, 351.7);GATE
Port:(325.1, 356.9)(330.6, 356.9)(330.6, 395.7)(325.1, 395.7);SD
Module:M16
Boundary:(336.0, 10.0)(435.9, 10.0)(435.9, 205.2)(336.0, 205.2);GATE
Port:(349.2, 199.4)(422.7, 199.4)(422.7, 205.2)(349.2, 205.2);SD
Port:(336.0, 10.0)(435.9, 10.0)(435.9, 197.7)(336.0, 197.7);GATE
Port:(341.1, 14.1)(430.8, 14.1)(430.8, 20.0)(341.1, 20.0);SD
Module:M13
Boundary:(305.3, 244.6)(305.3, 321.7)(129.2, 321.7)(129.2, 244.6);GATE
Port:(129.2, 257.2)(134.2, 257.2)(134.2, 309.1)(129.2, 309.1);SD
Port:(305.3, 244.6)(305.3, 321.7)(135.7, 321.7)(135.7, 244.6);GATE
Port:(294.3, 250.7)(300.2, 250.7)(300.2, 315.6)(294.3, 315.6);SD
Module:M10
Boundary:(446.7, 510.9)(446.7, 585.4)(446.6, 585.4)(446.6, 603.4)(288.9, 603.4)(288.9, 510.9);GATE
Port:(288.9, 526.3)(294.0, 526.3)(294.0, 588.0)(288.9, 588.0);SD
Port:(446.7, 510.9)(446.7, 585.4)(446.6, 585.4)(446.6, 603.4)(296.8, 603.4)(296.8, 510.9);GATE
Port:(434.0, 517.5)(441.1, 517.5)(441.1, 578.8)(434.0, 578.8);SD
Module:M7
Boundary:(140.5, 113.6)(140.5, 162.7)(140.3, 162.7)(140.3, 178.3)(20.0, 178.3)(20.0, 113.6);GATE
Port:(20.0, 126.8)(24.5, 126.8)(24.5, 165.1)(20.0, 165.1);SD
Port:(140.5, 113.6)(140.5, 162.7)(140.3, 162.7)(140.3, 178.3)(26.6, 178.3)(26.6, 113.6);GATE
Port:(129.8, 120.6)(134.5, 120.6)(134.5, 155.7)(129.8, 155.7);SD
Module:M3
Boundary:(364.8, 315.7)(420.5, 315.7)(420.5, 315.7)(438.5, 315.7)(438.5, 490.9)(364.8, 490.9);GATE
Port:(380.1, 485.4)(423.2, 485.4)(423.2, 490.9)(380.1, 490.9);SD
Port:(364.8, 315.7)(420.5, 315.7)(420.5, 315.7)(438.5, 315.7)(438.5, 484.2)(364.8, 484.2);GATE
Port:(371.2, 321.1)(414.1, 321.1)(414.1, 328.0)(371.2, 328.0);SD
Module:M15
Boundary:(438.0, 623.4)(438.0, 709.8)(437.5, 709.8)(437.5, 726.7)(254.9, 726.7)(254.9, 623.4);GATE
Port:(254.9, 638.2)(260.9, 638.2)(260.9, 711.9)(254.9, 711.9);SD
Port:(438.0, 623.4)(438.0, 709.8)(437.5, 709.8)(437.5, 726.7)(262.2, 726.7)(262.2, 623.4);GATE
Port:(426.2, 629.1)(433.3, 629.1)(433.3, 704.1)(426.2, 704.1);SD
Module:M12
Boundary:(10.0, 208.3)(109.2, 208.3)(109.2, 426.1)(10.0, 426.1);GATE
Port:(24.0, 422.0)(95.2, 422.0)(95.2, 426.1)(24.0, 426.1);SD
Port:(10.0, 208.3)(109.2, 208.3)(109.2, 419.9)(10.0, 419.9);GATE
Port:(17.0, 214.3)(102.2, 214.3)(102.2, 218.9)(17.0, 218.9);SD
Module:M8
Boundary:(433.2, 756.7)(433.2, 837.6)(215.6, 837.6)(215.6, 756.7);GATE
Port:(215.6, 771.5)(220.3, 771.5)(220.3, 822.8)(215.6, 822.8);SD
Port:(433.2, 756.7)(433.2, 837.6)(221.3, 837.6)(221.3, 756.7);GATE
Port:(420.6, 763.4)(427.5, 763.4)(427.5, 830.9)(420.6, 830.9);SD
Module:M4
Boundary:(432.3, 235.2)(432.3, 269.4)(432.2, 269.4)(432.2, 285.7)(346.0, 285.7)(346.0, 235.2);GATE
Port:(346.0, 248.4)(351.4, 248.4)(351.4, 272.5)(346.0, 272.5);SD
Port:(432.3, 235.2)(432.3, 269.4)(432.2, 269.4)(432.2, 285.7)(353.5, 285.7)(353.5, 235.2);GATE
Port:(421.6, 240.9)(427.6, 240.9)(427.6, 263.7)(421.6, 263.7);SD
