Area:(-30.0, -30.0)(626.6, -30.0)(626.6, 707.8)(-30.0, 707.8)
Rule:GATE(5,5);SD(5,5);GATE_SD(0.5);GATE_ITO(0.5);SD_ITO(0.5)
Module:M14
Boundary:(254.7, 547.1)(360.3, 547.1)(360.3, 646.5)(254.7, 646.5);GATE
Port:(268.5, 640.5)(346.5, 640.5)(346.5, 646.5)(268.5, 646.5);SD
Port:(254.7, 547.1)(360.3, 547.1)(360.3, 638.4)(254.7, 638.4);GATE
Port:(260.8, 552.2)(354.2, 552.2)(354.2, 557.9)(260.8, 557.9);SD
Module:M9
Boundary:(586.6, 246.2)(586.6, 345.2)(586.5, 345.2)(586.5, 361.8)(448.9, 361.8)(448.9, 246.2);GATE
Port:(448.9, 259.2)(453.2, 259.2)(453.2, 348.8)(448.9, 348.8);SD
Port:(586.6, 246.2)(586.6, 345.2)(586.5, 345.2)(586.5, 361.8)(455.7, 361.8)(455.7, 246.2);GATE
Port:(576.2, 251.2)(582.6, 251.2)(582.6, 340.2)(576.2, 340.2);SD
Module:M5
Boundary:(188.8, 591.7)(188.8, 644.5)(188.7, 644.5)(188.7, 662.3)(20.0, 662.3)(20.0, 591.7);GATE
Port:(20.0, 605.3)(25.5, 605.3)(25.5, 648.7)(20.0, 648.7);SD
Port:(188.8, 591.7)(188.8, 644.5)(188.7, 644.5)(188.7, 662.3)(27.4, 662.3)(27.4, 591.7);GATE
Port:(177.8, 597.0)(184.5, 597.0)(184.5, 639.2)(177.8, 639.2);SD
Module:M11
Boundary:(186.7, 10.0)(303.6, 10.0)(303.6, 10.7)(323.1, 10.7)(323.1, 171.6)(186.7, 171.6);GATE
Port:(202.4, 166.5)(307.4, 166.5)(307.4, 171.6)(202.4, 171.6);SD
Port:(186.7, 10.0)(303.6, 10.0)(303.6, 10.7)(323.1, 10.7)(323.1, 164.5)(186.7, 164.5);GATE
Port:(192.2, 14.5)(298.1, 14.5)(298.1, 22.2)(192.2, 22.2);SD
Module:M1
Boundary:(194.7, 478.8)(194.7, 541.7)(30.0, 541.7)(30.0, 478.8);GATE
Port:(30.0, 492.6)(35.3, 492.6)(35.3, 527.9)(30.0, 527.9);SD
Port:(194.7, 478.8)(194.7, 541.7)(37.8, 541.7)(37.8, 478.8);GATE
Port:(182.9, 484.3)(190.2, 484.3)(190.2, 536.2)(182.9, 536.2);SD
Module:M6
Boundary:(166.7, 10.0)(166.7, 106.2)(166.3, 106.2)(166.3, 121.7)(10.0, 121.7)(10.0, 10.0);GATE
Port:(10.0, 23.2)(14.4, 23.2)(14.4, 108.5)(10.0, 108.5);SD
Port:(166.7, 10.0)(166.7, 106.2)(166.3, 106.2)(166.3, 121.7)(15.6, 121.7)(15.6, 10.0);GATE
Port:(155.2, 16.2)(161.5, 16.2)(161.5, 100.0)(155.2, 100.0);SD
Module:M2
Boundary:(20.0, 151.7)(85.1, 151.7)(85.1, 331.6)(20.0, 331.6);GATE
Port:(31.9, 326.6)(73.2, 326.6)(73.2, 331.6)(31.9, 331.6);SD
Port:(20.0, 151.7)(85.1, 151.7)(85.1, 325.0)(20.0, 325.0);GATE
Port:(25.5, 156.2)(79.6, 156.2)(79.6, 161.0)(25.5, 161.0);SD
Module:M16
Boundary:(481.9, 381.8)(566.1, 381.8)(566.1, 546.8)(481.9, 546.8);GATE
Port:(495.0, 541.9)(553.0, 541.9)(553.0, 546.8)(495.0, 546.8);SD
Port:(481.9, 381.8)(566.1, 381.8)(566.1, 539.7)(481.9, 539.7);GATE
Port:(487.2, 386.1)(560.8, 386.1)(560.8, 391.4)(487.2, 391.4);SD
Module:M13
Boundary:(279.6, 341.2)(279.6, 438.8)(115.1, 438.8)(115.1, 341.2);GATE
Port:(115.1, 354.8)(120.5, 354.8)(120.5, 425.2)(115.1, 425.2);SD
Port:(279.6, 341.2)(279.6, 438.8)(121.5, 438.8)(121.5, 341.2);GATE
Port:(268.7, 347.5)(274.3, 347.5)(274.3, 432.5)(268.7, 432.5);SD
Module:M10
Boundary:(302.1, 219.2)(428.9, 219.2)(428.9, 401.8)(302.1, 401.8);GATE
Port:(316.5, 396.2)(414.5, 396.2)(414.5, 401.8)(316.5, 401.8);SD
Port:(302.1, 219.2)(428.9, 219.2)(428.9, 393.9)(302.1, 393.9);GATE
Port:(308.7, 224.8)(422.3, 224.8)(422.3, 230.2)(308.7, 230.2);SD
Module:M7
Boundary:(501.5, 20.0)(555.2, 20.0)(555.2, 20.2)(574.2, 20.2)(574.2, 216.2)(501.5, 216.2);GATE
Port:(515.2, 211.0)(560.5, 211.0)(560.5, 216.2)(515.2, 216.2);SD
Port:(501.5, 20.0)(555.2, 20.0)(555.2, 20.2)(574.2, 20.2)(574.2, 209.1)(501.5, 209.1);GATE
Port:(506.7, 24.2)(550.0, 24.2)(550.0, 30.3)(506.7, 30.3);SD
Module:M3
Boundary:(115.1, 141.7)(159.9, 141.7)(159.9, 294.0)(115.1, 294.0);GATE
Port:(127.3, 289.1)(147.7, 289.1)(147.7, 294.0)(127.3, 294.0);SD
Port:(115.1, 141.7)(159.9, 141.7)(159.9, 286.9)(115.1, 286.9);GATE
Port:(121.3, 146.9)(153.7, 146.9)(153.7, 151.5)(121.3, 151.5);SD
Module:M15
Boundary:(179.9, 191.6)(282.1, 191.6)(282.1, 321.2)(179.9, 321.2);GATE
Port:(193.4, 316.7)(268.6, 316.7)(268.6, 321.2)(193.4, 321.2);SD
Port:(179.9, 191.6)(282.1, 191.6)(282.1, 314.9)(179.9, 314.9);GATE
Port:(185.4, 196.1)(276.6, 196.1)(276.6, 201.7)(185.4, 201.7);SD
Module:M12
Boundary:(584.0, 566.8)(584.0, 651.4)(583.8, 651.4)(583.8, 667.8)(400.3, 667.8)(400.3, 566.8);GATE
Port:(400.3, 581.2)(406.0, 581.2)(406.0, 653.4)(400.3, 653.4);SD
Port:(584.0, 566.8)(584.0, 651.4)(583.8, 651.4)(583.8, 667.8)(408.1, 667.8)(408.1, 566.8);GATE
Port:(572.4, 573.2)(578.6, 573.2)(578.6, 645.0)(572.4, 645.0);SD
Module:M8
Boundary:(353.1, 20.0)(461.5, 20.0)(461.5, 189.2)(353.1, 189.2);GATE
Port:(366.5, 184.0)(448.1, 184.0)(448.1, 189.2)(366.5, 189.2);SD
Port:(353.1, 20.0)(461.5, 20.0)(461.5, 181.6)(353.1, 181.6);GATE
Port:(358.8, 24.7)(455.8, 24.7)(455.8, 31.4)(358.8, 31.4);SD
Module:M4
Boundary:(451.9, 431.8)(451.9, 497.1)(312.1, 497.1)(312.1, 431.8);GATE
Port:(312.1, 444.1)(316.4, 444.1)(316.4, 484.8)(312.1, 484.8);SD
Port:(451.9, 431.8)(451.9, 497.1)(318.2, 497.1)(318.2, 431.8);GATE
Port:(443.1, 437.4)(447.3, 437.4)(447.3, 491.5)(443.1, 491.5);SD
