Area:(-30.0, -30.0)(631.5, -30.0)(631.5, 518.6)(-30.0, 518.6)
Rule:GATE(5,5);SD(5,5);GATE_SD(0.5);GATE_ITO(0.5);SD_ITO(0.5)
Module:M14
Boundary:(509.9, 298.7)(563.4, 298.7)(563.4, 335.0)(578.8, 335.0)(578.8, 444.9)(509.9, 444.9);GATE
Port:(524.0, 440.4)(564.7, 440.4)(564.7, 444.9)(524.0, 444.9);SD
Port:(509.9, 298.7)(563.4, 298.7)(563.4, 335.0)(578.8, 335.0)(578.8, 437.7)(509.9, 437.7);GATE
Port:(516.2, 304.0)(556.1, 304.0)(556.1, 310.2)(516.2, 310.2);SD
Module:M9
Boundary:(375.2, 215.7)(375.2, 245.0)(375.1, 245.0)(375.1, 259.1)(254.1, 259.1)(254.1, 215.7);GATE
Port:(254.1, 227.3)(259.9, 227.3)(259.9, 247.5)(254.1, 247.5);SD
Port:(375.2, 215.7)(375.2, 245.0)(375.1, 245.0)(375.1, 259.1)(261.1, 259.1)(261.1, 215.7);GATE
Port:(365.8, 220.9)(371.0, 220.9)(371.0, 239.8)(365.8, 239.8);SD
Module:M5
Boundary:(144.0, 230.4)(189.4, 230.4)(189.4, 230.5)(204.5, 230.5)(204.5, 359.7)(144.0, 359.7);GATE
Port:(155.7, 355.2)(192.8, 355.2)(192.8, 359.7)(155.7, 359.7);SD
Port:(144.0, 230.4)(189.4, 230.4)(189.4, 230.5)(204.5, 230.5)(204.5, 352.4)(144.0, 352.4);GATE
Port:(149.2, 234.6)(184.2, 234.6)(184.2, 240.3)(149.2, 240.3);SD
Module:M11
Boundary:(287.2, 389.7)(287.2, 477.5)(166.8, 477.5)(166.8, 389.7);GATE
Port:(166.8, 403.2)(171.5, 403.2)(171.5, 464.0)(166.8, 464.0);SD
Port:(287.2, 389.7)(287.2, 477.5)(173.6, 477.5)(173.6, 389.7);GATE
Port:(276.9, 394.8)(283.1, 394.8)(283.1, 472.4)(276.9, 472.4);SD
Module:M1
Boundary:(481.9, 30.0)(568.8, 30.0)(568.8, 30.0)(582.7, 30.0)(582.7, 133.4)(481.9, 133.4);GATE
Port:(494.4, 129.0)(570.2, 129.0)(570.2, 133.4)(494.4, 133.4);SD
Port:(481.9, 30.0)(568.8, 30.0)(568.8, 30.0)(582.7, 30.0)(582.7, 126.4)(481.9, 126.4);GATE
Port:(487.3, 34.4)(563.4, 34.4)(563.4, 40.7)(487.3, 40.7);SD
Module:M6
Boundary:(106.0, 111.8)(215.5, 111.8)(215.5, 137.3)(232.5, 137.3)(232.5, 200.4)(106.0, 200.4);GATE
Port:(120.7, 196.3)(217.8, 196.3)(217.8, 200.4)(120.7, 200.4);SD
Port:(106.0, 111.8)(215.5, 111.8)(215.5, 137.3)(232.5, 137.3)(232.5, 194.9)(106.0, 194.9);GATE
Port:(111.7, 116.5)(208.8, 116.5)(208.8, 123.5)(111.7, 123.5);SD
Module:M2
Boundary:(224.1, 20.0)(224.1, 68.1)(165.7, 68.1)(165.7, 81.8)(116.0, 81.8)(116.0, 20.0);GATE
Port:(116.0, 32.9)(121.2, 32.9)(121.2, 68.9)(116.0, 68.9);SD
Port:(224.1, 20.0)(224.1, 68.1)(165.7, 68.1)(165.7, 81.8)(123.5, 81.8)(123.5, 20.0);GATE
Port:(213.2, 25.8)(219.3, 25.8)(219.3, 61.3)(213.2, 61.3);SD
Module:M16
Boundary:(591.5, 173.4)(591.5, 245.5)(488.2, 245.5)(488.2, 258.7)(395.2, 258.7)(395.2, 173.4);GATE
Port:(395.2, 184.6)(399.7, 184.6)(399.7, 247.5)(395.2, 247.5);SD
Port:(591.5, 173.4)(591.5, 245.5)(488.2, 245.5)(488.2, 258.7)(402.4, 258.7)(402.4, 173.4);GATE
Port:(582.8, 178.5)(587.4, 178.5)(587.4, 239.4)(582.8, 239.4);SD
Module:M13
Boundary:(469.9, 372.2)(469.9, 476.0)(307.2, 476.0)(307.2, 372.2);GATE
Port:(307.2, 385.6)(312.7, 385.6)(312.7, 462.6)(307.2, 462.6);SD
Port:(469.9, 372.2)(469.9, 476.0)(314.7, 476.0)(314.7, 372.2);GATE
Port:(459.1, 377.7)(465.4, 377.7)(465.4, 470.5)(459.1, 470.5);SD
Module:M10
Boundary:(10.0, 10.0)(72.3, 10.0)(72.3, 83.6)(86.0, 83.6)(86.0, 220.0)(10.0, 220.0);GATE
Port:(22.2, 214.5)(73.8, 214.5)(73.8, 220.0)(22.2, 220.0);SD
Port:(10.0, 10.0)(72.3, 10.0)(72.3, 83.6)(86.0, 83.6)(86.0, 212.7)(10.0, 212.7);GATE
Port:(16.3, 15.3)(65.0, 15.3)(65.0, 20.6)(16.3, 20.6);SD
Module:M7
Boundary:(20.0, 250.0)(88.1, 250.0)(88.1, 250.2)(104.0, 250.2)(104.0, 376.9)(20.0, 376.9);GATE
Port:(34.8, 372.1)(89.2, 372.1)(89.2, 376.9)(34.8, 376.9);SD
Port:(20.0, 250.0)(88.1, 250.0)(88.1, 250.2)(104.0, 250.2)(104.0, 371.1)(20.0, 371.1);GATE
Port:(25.8, 254.8)(82.3, 254.8)(82.3, 262.7)(25.8, 262.7);SD
Module:M3
Boundary:(380.5, 279.1)(380.5, 352.2)(234.5, 352.2)(234.5, 279.1);GATE
Port:(234.5, 292.1)(239.7, 292.1)(239.7, 339.2)(234.5, 339.2);SD
Port:(380.5, 279.1)(380.5, 352.2)(241.2, 352.2)(241.2, 279.1);GATE
Port:(369.1, 285.9)(374.7, 285.9)(374.7, 345.4)(369.1, 345.4);SD
Module:M15
Boundary:(254.1, 10.0)(314.7, 10.0)(314.7, 195.7)(254.1, 195.7);GATE
Port:(266.4, 191.0)(302.4, 191.0)(302.4, 195.7)(266.4, 195.7);SD
Port:(254.1, 10.0)(314.7, 10.0)(314.7, 188.7)(254.1, 188.7);GATE
Port:(260.1, 15.0)(308.7, 15.0)(308.7, 19.5)(260.1, 19.5);SD
Module:M12
Boundary:(467.2, 278.7)(467.2, 334.3)(449.2, 334.3)(449.2, 346.3)(400.5, 346.3)(400.5, 278.7);GATE
Port:(400.5, 289.7)(406.0, 289.7)(406.0, 335.3)(400.5, 335.3);SD
Port:(467.2, 278.7)(467.2, 334.3)(449.2, 334.3)(449.2, 346.3)(407.4, 346.3)(407.4, 278.7);GATE
Port:(457.8, 283.9)(463.0, 283.9)(463.0, 328.1)(457.8, 328.1);SD
Module:M8
Boundary:(431.9, 20.0)(431.9, 123.4)(401.7, 123.4)(401.7, 138.8)(344.7, 138.8)(344.7, 20.0);GATE
Port:(344.7, 35.3)(350.3, 35.3)(350.3, 123.5)(344.7, 123.5);SD
Port:(431.9, 20.0)(431.9, 123.4)(401.7, 123.4)(401.7, 138.8)(351.5, 138.8)(351.5, 20.0);GATE
Port:(419.5, 26.9)(426.0, 26.9)(426.0, 115.5)(419.5, 115.5);SD
Module:M4
Boundary:(136.8, 416.9)(136.8, 464.7)(81.8, 464.7)(81.8, 478.6)(20.0, 478.6)(20.0, 416.9);GATE
Port:(20.0, 429.2)(25.5, 429.2)(25.5, 466.3)(20.0, 466.3);SD
Port:(136.8, 416.9)(136.8, 464.7)(81.8, 464.7)(81.8, 478.6)(27.5, 478.6)(27.5, 416.9);GATE
Port:(126.8, 423.4)(131.3, 423.4)(131.3, 457.2)(126.8, 457.2);SD
