Area:(-30.0, -30.0)(576.6, -30.0)(576.6, 616.9)(-30.0, 616.9)
Rule:GATE(5,5);SD(5,5);GATE_SD(0.5);GATE_ITO(0.5);SD_ITO(0.5)
Module:M14
Boundary:(424.6, 258.5)(424.6, 322.4)(424.5, 322.4)(424.5, 336.8)(351.7, 336.8)(351.7, 258.5);GATE
Port:(351.7, 272.9)(356.2, 272.9)(356.2, 322.4)(351.7, 322.4);SD
Port:(424.6, 258.5)(424.6, 322.4)(424.5, 322.4)(424.5, 336.8)(358.2, 336.8)(358.2, 258.5);GATE
Port:(411.8, 265.2)(418.9, 265.2)(418.9, 315.7)(411.8, 315.7);SD
Module:M9
Boundary:(417.1, 523.9)(417.1, 576.3)(193.2, 576.3)(193.2, 523.9);GATE
Port:(193.2, 537.2)(197.8, 537.2)(197.8, 563.0)(193.2, 563.0);SD
Port:(417.1, 523.9)(417.1, 576.3)(200.6, 576.3)(200.6, 523.9);GATE
Port:(407.0, 529.0)(413.0, 529.0)(413.0, 571.2)(407.0, 571.2);SD
Module:M5
Boundary:(20.0, 244.4)(52.3, 244.4)(52.3, 244.5)(67.2, 244.5)(67.2, 373.4)(20.0, 373.4);GATE
Port:(32.6, 368.0)(54.6, 368.0)(54.6, 373.4)(32.6, 373.4);SD
Port:(20.0, 244.4)(52.3, 244.4)(52.3, 244.5)(67.2, 244.5)(67.2, 365.4)(20.0, 365.4);GATE
Port:(25.8, 249.2)(46.5, 249.2)(46.5, 254.7)(25.8, 254.7);SD
Module:M11
Boundary:(154.2, 10.0)(154.2, 94.9)(10.0, 94.9)(10.0, 10.0);GATE
Port:(10.0, 24.6)(15.9, 24.6)(15.9, 80.3)(10.0, 80.3);SD
Port:(154.2, 10.0)(154.2, 94.9)(17.4, 94.9)(17.4, 10.0);GATE
Port:(142.2, 16.2)(149.0, 16.2)(149.0, 88.7)(142.2, 88.7);SD
Module:M1
Boundary:(323.4, 30.0)(405.4, 30.0)(405.4, 198.5)(323.4, 198.5);GATE
Port:(337.2, 194.2)(391.6, 194.2)(391.6, 198.5)(337.2, 198.5);SD
Port:(323.4, 30.0)(405.4, 30.0)(405.4, 192.3)(323.4, 192.3);GATE
Port:(329.5, 35.1)(399.3, 35.1)(399.3, 41.1)(329.5, 41.1);SD
Module:M6
Boundary:(135.3, 114.9)(135.3, 214.4)(10.0, 214.4)(10.0, 114.9);GATE
Port:(10.0, 128.8)(15.1, 128.8)(15.1, 200.5)(10.0, 200.5);SD
Port:(135.3, 114.9)(135.3, 214.4)(18.0, 214.4)(18.0, 114.9);GATE
Port:(123.5, 121.6)(129.6, 121.6)(129.6, 207.7)(123.5, 207.7);SD
Module:M2
Boundary:(230.2, 250.6)(284.4, 250.6)(284.4, 250.8)(301.7, 250.8)(301.7, 380.7)(230.2, 380.7);GATE
Port:(245.4, 376.2)(286.5, 376.2)(286.5, 380.7)(245.4, 380.7);SD
Port:(230.2, 250.6)(284.4, 250.6)(284.4, 250.8)(301.7, 250.8)(301.7, 373.2)(230.2, 373.2);GATE
Port:(236.3, 255.7)(278.3, 255.7)(278.3, 262.8)(236.3, 262.8);SD
Module:M16
Boundary:(464.6, 196.1)(536.6, 196.1)(536.6, 361.4)(464.6, 361.4);GATE
Port:(478.9, 355.8)(522.3, 355.8)(522.3, 361.4)(478.9, 361.4);SD
Port:(464.6, 196.1)(536.6, 196.1)(536.6, 353.4)(464.6, 353.4);GATE
Port:(470.9, 201.4)(530.3, 201.4)(530.3, 207.1)(470.9, 207.1);SD
Module:M13
Boundary:(187.7, 403.4)(187.7, 454.4)(10.0, 454.4)(10.0, 403.4);GATE
Port:(10.0, 416.2)(14.2, 416.2)(14.2, 441.6)(10.0, 441.6);SD
Port:(187.7, 403.4)(187.7, 454.4)(15.3, 454.4)(15.3, 403.4);GATE
Port:(178.3, 409.5)(182.6, 409.5)(182.6, 448.3)(178.3, 448.3);SD
Module:M10
Boundary:(331.7, 376.8)(411.1, 376.8)(411.1, 376.9)(426.6, 376.9)(426.6, 503.9)(331.7, 503.9);GATE
Port:(344.7, 499.6)(413.6, 499.6)(413.6, 503.9)(344.7, 503.9);SD
Port:(331.7, 376.8)(411.1, 376.8)(411.1, 376.9)(426.6, 376.9)(426.6, 497.9)(331.7, 497.9);GATE
Port:(336.8, 380.9)(406.0, 380.9)(406.0, 387.3)(336.8, 387.3);SD
Module:M7
Boundary:(184.2, 20.0)(273.4, 20.0)(273.4, 210.6)(184.2, 210.6);GATE
Port:(198.3, 206.1)(259.3, 206.1)(259.3, 210.6)(198.3, 210.6);SD
Port:(184.2, 20.0)(273.4, 20.0)(273.4, 205.0)(184.2, 205.0);GATE
Port:(190.4, 25.2)(267.2, 25.2)(267.2, 31.1)(190.4, 31.1);SD
Module:M3
Boundary:(445.4, 10.0)(535.3, 10.0)(535.3, 176.1)(445.4, 176.1);GATE
Port:(460.0, 172.1)(520.7, 172.1)(520.7, 176.1)(460.0, 176.1);SD
Port:(445.4, 10.0)(535.3, 10.0)(535.3, 169.7)(445.4, 169.7);GATE
Port:(452.3, 15.9)(528.4, 15.9)(528.4, 21.3)(452.3, 21.3);SD
Module:M15
Boundary:(446.6, 381.4)(533.3, 381.4)(533.3, 576.9)(446.6, 576.9);GATE
Port:(460.2, 572.3)(519.7, 572.3)(519.7, 576.9)(460.2, 576.9);SD
Port:(446.6, 381.4)(533.3, 381.4)(533.3, 570.6)(446.6, 570.6);GATE
Port:(451.7, 385.5)(528.2, 385.5)(528.2, 391.8)(451.7, 391.8);SD
Module:M12
Boundary:(301.7, 410.7)(301.7, 498.7)(207.7, 498.7)(207.7, 410.7);GATE
Port:(207.7, 424.2)(212.5, 424.2)(212.5, 485.2)(207.7, 485.2);SD
Port:(301.7, 410.7)(301.7, 498.7)(214.5, 498.7)(214.5, 410.7);GATE
Port:(290.7, 416.0)(297.4, 416.0)(297.4, 493.4)(290.7, 493.4);SD
Module:M8
Boundary:(163.2, 484.4)(163.2, 565.8)(20.0, 565.8)(20.0, 484.4);GATE
Port:(20.0, 498.0)(25.4, 498.0)(25.4, 552.2)(20.0, 552.2);SD
Port:(163.2, 484.4)(163.2, 565.8)(27.7, 565.8)(27.7, 484.4);GATE
Port:(151.5, 491.3)(157.3, 491.3)(157.3, 558.9)(151.5, 558.9);SD
Module:M4
Boundary:(107.2, 250.6)(174.4, 250.6)(174.4, 250.8)(190.2, 250.8)(190.2, 369.4)(107.2, 369.4);GATE
Port:(121.9, 363.5)(175.5, 363.5)(175.5, 369.4)(121.9, 369.4);SD
Port:(107.2, 250.6)(174.4, 250.6)(174.4, 250.8)(190.2, 250.8)(190.2, 361.8)(107.2, 361.8);GATE
Port:(113.8, 256.2)(167.8, 256.2)(167.8, 262.5)(113.8, 262.5);SD
