Area:(-30.0, -30.0)(1010.4, -30.0)(1010.4, 383.8)(-30.0, 383.8)
Rule:GATE(5,5);SD(5,5);GATE_SD(0.5);GATE_ITO(0.5);SD_ITO(0.5)
Module:M14
Boundary:(836.4, 30.0)(836.4, 132.0)(626.2, 132.0)(626.2, 30.0);GATE
Port:(626.2, 43.4)(630.6, 43.4)(630.6, 118.6)(626.2, 118.6);SD
Port:(836.4, 30.0)(836.4, 132.0)(632.2, 132.0)(632.2, 30.0);GATE
Port:(825.9, 36.4)(831.0, 36.4)(831.0, 125.6)(825.9, 125.6);SD
Module:M9
Boundary:(586.2, 10.0)(586.2, 83.6)(434.3, 83.6)(434.3, 10.0);GATE
Port:(434.3, 22.4)(440.1, 22.4)(440.1, 71.2)(434.3, 71.2);SD
Port:(586.2, 10.0)(586.2, 83.6)(443.0, 83.6)(443.0, 10.0);GATE
Port:(575.8, 15.3)(581.9, 15.3)(581.9, 78.3)(575.8, 78.3);SD
Module:M5
Boundary:(868.1, 220.9)(970.4, 220.9)(970.4, 336.1)(868.1, 336.1);GATE
Port:(882.5, 330.6)(956.0, 330.6)(956.0, 336.1)(882.5, 336.1);SD
Port:(868.1, 220.9)(970.4, 220.9)(970.4, 329.1)(868.1, 329.1);GATE
Port:(873.8, 225.6)(964.7, 225.6)(964.7, 233.2)(873.8, 233.2);SD
Module:M11
Boundary:(243.6, 194.8)(312.1, 194.8)(312.1, 194.9)(328.4, 194.9)(328.4, 343.8)(243.6, 343.8);GATE
Port:(258.5, 339.0)(313.5, 339.0)(313.5, 343.8)(258.5, 343.8);SD
Port:(243.6, 194.8)(312.1, 194.8)(312.1, 194.9)(328.4, 194.9)(328.4, 337.7)(243.6, 337.7);GATE
Port:(250.5, 200.7)(305.2, 200.7)(305.2, 206.9)(250.5, 206.9);SD
Module:M1
Boundary:(239.8, 30.0)(239.8, 76.6)(239.6, 76.6)(239.6, 91.9)(30.0, 91.9)(30.0, 30.0);GATE
Port:(30.0, 42.1)(35.5, 42.1)(35.5, 79.8)(30.0, 79.8);SD
Port:(239.8, 30.0)(239.8, 76.6)(239.6, 76.6)(239.6, 91.9)(38.4, 91.9)(38.4, 30.0);GATE
Port:(230.1, 35.7)(235.1, 35.7)(235.1, 70.9)(230.1, 70.9);SD
Module:M6
Boundary:(815.0, 278.2)(815.0, 340.6)(694.8, 340.6)(694.8, 278.2);GATE
Port:(694.8, 290.9)(699.7, 290.9)(699.7, 327.9)(694.8, 327.9);SD
Port:(815.0, 278.2)(815.0, 340.6)(701.9, 340.6)(701.9, 278.2);GATE
Port:(804.6, 284.0)(810.2, 284.0)(810.2, 334.8)(804.6, 334.8);SD
Module:M2
Boundary:(539.7, 240.5)(539.7, 319.0)(539.5, 319.0)(539.5, 334.6)(358.4, 334.6)(358.4, 240.5);GATE
Port:(358.4, 253.2)(364.2, 253.2)(364.2, 321.9)(358.4, 321.9);SD
Port:(539.7, 240.5)(539.7, 319.0)(539.5, 319.0)(539.5, 334.6)(366.2, 334.6)(366.2, 240.5);GATE
Port:(529.9, 245.9)(535.3, 245.9)(535.3, 313.6)(529.9, 313.6);SD
Module:M16
Boundary:(838.1, 172.0)(838.1, 258.2)(734.9, 258.2)(734.9, 172.0);GATE
Port:(734.9, 185.3)(740.0, 185.3)(740.0, 244.9)(734.9, 244.9);SD
Port:(838.1, 172.0)(838.1, 258.2)(741.6, 258.2)(741.6, 172.0);GATE
Port:(828.0, 177.8)(833.3, 177.8)(833.3, 252.4)(828.0, 252.4);SD
Module:M13
Boundary:(876.4, 10.0)(960.5, 10.0)(960.5, 190.9)(876.4, 190.9);GATE
Port:(888.4, 185.9)(948.5, 185.9)(948.5, 190.9)(888.4, 190.9);SD
Port:(876.4, 10.0)(960.5, 10.0)(960.5, 184.9)(876.4, 184.9);GATE
Port:(883.0, 15.6)(953.9, 15.6)(953.9, 20.0)(883.0, 20.0);SD
Module:M10
Boundary:(223.6, 131.9)(223.6, 248.8)(10.0, 248.8)(10.0, 131.9);GATE
Port:(10.0, 145.2)(15.8, 145.2)(15.8, 235.5)(10.0, 235.5);SD
Port:(223.6, 131.9)(223.6, 248.8)(17.9, 248.8)(17.9, 131.9);GATE
Port:(212.3, 138.2)(218.3, 138.2)(218.3, 242.5)(212.3, 242.5);SD
Module:M7
Boundary:(664.8, 261.4)(664.8, 324.4)(664.6, 324.4)(664.6, 339.4)(583.9, 339.4)(583.9, 261.4);GATE
Port:(583.9, 274.0)(589.1, 274.0)(589.1, 326.8)(583.9, 326.8);SD
Port:(664.8, 261.4)(664.8, 324.4)(664.6, 324.4)(664.6, 339.4)(591.8, 339.4)(591.8, 261.4);GATE
Port:(653.9, 267.6)(659.6, 267.6)(659.6, 318.2)(653.9, 318.2);SD
Module:M3
Boundary:(366.4, 10.0)(399.8, 10.0)(399.8, 10.1)(414.3, 10.1)(414.3, 210.5)(366.4, 210.5);GATE
Port:(379.5, 205.6)(401.2, 205.6)(401.2, 210.5)(379.5, 210.5);SD
Port:(366.4, 10.0)(399.8, 10.0)(399.8, 10.1)(414.3, 10.1)(414.3, 204.2)(366.4, 204.2);GATE
Port:(373.2, 15.8)(393.0, 15.8)(393.0, 21.0)(373.2, 21.0);SD
Module:M15
Boundary:(714.9, 172.0)(714.9, 217.2)(714.7, 217.2)(714.7, 231.4)(573.9, 231.4)(573.9, 172.0);GATE
Port:(573.9, 184.3)(578.2, 184.3)(578.2, 219.1)(573.9, 219.1);SD
Port:(714.9, 172.0)(714.9, 217.2)(714.7, 217.2)(714.7, 231.4)(579.2, 231.4)(579.2, 172.0);GATE
Port:(704.3, 177.0)(710.9, 177.0)(710.9, 212.2)(704.3, 212.2);SD
Module:M12
Boundary:(279.8, 10.0)(330.2, 10.0)(330.2, 10.3)(346.4, 10.3)(346.4, 174.8)(279.8, 174.8);GATE
Port:(293.8, 169.7)(332.4, 169.7)(332.4, 174.8)(293.8, 174.8);SD
Port:(279.8, 10.0)(330.2, 10.0)(330.2, 10.3)(346.4, 10.3)(346.4, 166.9)(279.8, 166.9);GATE
Port:(286.5, 15.7)(323.5, 15.7)(323.5, 21.2)(286.5, 21.2);SD
Module:M8
Boundary:(543.9, 113.6)(543.9, 184.8)(543.8, 184.8)(543.8, 198.2)(444.3, 198.2)(444.3, 113.6);GATE
Port:(444.3, 125.9)(449.4, 125.9)(449.4, 185.9)(444.3, 185.9);SD
Port:(543.9, 113.6)(543.9, 184.8)(543.8, 184.8)(543.8, 198.2)(451.2, 198.2)(451.2, 113.6);GATE
Port:(533.5, 118.8)(539.7, 118.8)(539.7, 179.6)(533.5, 179.6);SD
Module:M4
Boundary:(206.5, 278.8)(206.5, 337.8)(20.0, 337.8)(20.0, 278.8);GATE
Port:(20.0, 291.7)(24.0, 291.7)(24.0, 324.9)(20.0, 324.9);SD
Port:(206.5, 278.8)(206.5, 337.8)(26.5, 337.8)(26.5, 278.8);GATE
Port:(195.5, 285.6)(200.7, 285.6)(200.7, 331.0)(195.5, 331.0);SD
