Area:(-30.0, -30.0)(934.9, -30.0)(934.9, 390.3)(-30.0, 390.3)
Rule:GATE(5,5);SD(5,5);GATE_SD(0.5);GATE_ITO(0.5);SD_ITO(0.5)
Module:M14
Boundary:(885.4, 241.5)(885.4, 326.1)(789.0, 326.1)(789.0, 241.5);GATE
Port:(789.0, 256.9)(794.5, 256.9)(794.5, 310.7)(789.0, 310.7);SD
Port:(885.4, 241.5)(885.4, 326.1)(796.0, 326.1)(796.0, 241.5);GATE
Port:(872.4, 248.1)(879.8, 248.1)(879.8, 319.5)(872.4, 319.5);SD
Module:M9
Boundary:(652.0, 10.0)(652.0, 94.4)(651.9, 94.4)(651.9, 111.7)(568.6, 111.7)(568.6, 10.0);GATE
Port:(568.6, 22.9)(574.6, 22.9)(574.6, 98.8)(568.6, 98.8);SD
Port:(652.0, 10.0)(652.0, 94.4)(651.9, 94.4)(651.9, 111.7)(577.3, 111.7)(577.3, 10.0);GATE
Port:(642.2, 15.3)(647.7, 15.3)(647.7, 89.1)(642.2, 89.1);SD
Module:M5
Boundary:(538.6, 20.0)(538.6, 70.8)(538.5, 70.8)(538.5, 87.4)(330.6, 87.4)(330.6, 20.0);GATE
Port:(330.6, 33.7)(335.5, 33.7)(335.5, 73.7)(330.6, 73.7);SD
Port:(538.6, 20.0)(538.6, 70.8)(538.5, 70.8)(538.5, 87.4)(336.9, 87.4)(336.9, 20.0);GATE
Port:(527.8, 26.0)(533.6, 26.0)(533.6, 64.8)(527.8, 64.8);SD
Module:M11
Boundary:(102.9, 175.8)(102.9, 245.0)(10.0, 245.0)(10.0, 175.8);GATE
Port:(10.0, 190.6)(14.5, 190.6)(14.5, 230.2)(10.0, 230.2);SD
Port:(102.9, 175.8)(102.9, 245.0)(15.7, 245.0)(15.7, 175.8);GATE
Port:(90.8, 182.5)(97.2, 182.5)(97.2, 238.3)(90.8, 238.3);SD
Module:M1
Boundary:(420.8, 244.3)(420.8, 326.9)(340.6, 326.9)(340.6, 244.3);GATE
Port:(340.6, 257.5)(345.1, 257.5)(345.1, 313.7)(340.6, 313.7);SD
Port:(420.8, 244.3)(420.8, 326.9)(347.0, 326.9)(347.0, 244.3);GATE
Port:(410.7, 250.7)(415.4, 250.7)(415.4, 320.5)(410.7, 320.5);SD
Module:M6
Boundary:(704.0, 134.9)(704.0, 211.3)(506.6, 211.3)(506.6, 134.9);GATE
Port:(506.6, 151.7)(510.9, 151.7)(510.9, 194.5)(506.6, 194.5);SD
Port:(704.0, 134.9)(704.0, 211.3)(513.6, 211.3)(513.6, 134.9);GATE
Port:(690.6, 141.6)(698.3, 141.6)(698.3, 204.6)(690.6, 204.6);SD
Module:M2
Boundary:(687.9, 241.3)(739.0, 241.3)(739.0, 332.8)(687.9, 332.8);GATE
Port:(700.9, 328.2)(726.0, 328.2)(726.0, 332.8)(700.9, 332.8);SD
Port:(687.9, 241.3)(739.0, 241.3)(739.0, 325.9)(687.9, 325.9);GATE
Port:(693.7, 246.1)(733.2, 246.1)(733.2, 251.5)(693.7, 251.5);SD
Module:M16
Boundary:(486.6, 117.4)(486.6, 190.3)(486.4, 190.3)(486.4, 204.3)(320.6, 204.3)(320.6, 117.4);GATE
Port:(320.6, 129.6)(325.3, 129.6)(325.3, 192.1)(320.6, 192.1);SD
Port:(486.6, 117.4)(486.6, 190.3)(486.4, 190.3)(486.4, 204.3)(328.0, 204.3)(328.0, 117.4);GATE
Port:(476.2, 123.8)(481.2, 123.8)(481.2, 183.9)(476.2, 183.9);SD
Module:M13
Boundary:(173.3, 244.1)(282.9, 244.1)(282.9, 350.3)(173.3, 350.3);GATE
Port:(188.0, 345.0)(268.2, 345.0)(268.2, 350.3)(188.0, 350.3);SD
Port:(173.3, 244.1)(282.9, 244.1)(282.9, 342.7)(173.3, 342.7);GATE
Port:(180.2, 250.0)(276.0, 250.0)(276.0, 256.6)(180.2, 256.6);SD
Module:M10
Boundary:(191.3, 10.0)(282.6, 10.0)(282.6, 10.2)(300.6, 10.2)(300.6, 224.1)(191.3, 224.1);GATE
Port:(206.0, 218.6)(285.9, 218.6)(285.9, 224.1)(206.0, 224.1);SD
Port:(191.3, 10.0)(282.6, 10.0)(282.6, 10.2)(300.6, 10.2)(300.6, 215.7)(191.3, 215.7);GATE
Port:(196.7, 14.4)(277.2, 14.4)(277.2, 22.0)(196.7, 22.0);SD
Module:M7
Boundary:(143.3, 275.0)(143.3, 337.6)(20.0, 337.6)(20.0, 275.0);GATE
Port:(20.0, 288.1)(25.2, 288.1)(25.2, 324.5)(20.0, 324.5);SD
Port:(143.3, 275.0)(143.3, 337.6)(26.5, 337.6)(26.5, 275.0);GATE
Port:(132.6, 281.0)(138.3, 281.0)(138.3, 331.6)(132.6, 331.6);SD
Module:M3
Boundary:(116.8, 10.0)(171.3, 10.0)(171.3, 153.7)(116.8, 153.7);GATE
Port:(132.3, 148.9)(155.8, 148.9)(155.8, 153.7)(132.3, 153.7);SD
Port:(116.8, 10.0)(171.3, 10.0)(171.3, 147.6)(116.8, 147.6);GATE
Port:(123.1, 15.3)(165.0, 15.3)(165.0, 23.1)(123.1, 23.1);SD
Module:M15
Boundary:(672.0, 10.0)(765.8, 10.0)(765.8, 114.9)(672.0, 114.9);GATE
Port:(687.1, 109.1)(750.7, 109.1)(750.7, 114.9)(687.1, 114.9);SD
Port:(672.0, 10.0)(765.8, 10.0)(765.8, 107.6)(672.0, 107.6);GATE
Port:(677.8, 14.8)(760.0, 14.8)(760.0, 21.8)(677.8, 21.8);SD
Module:M12
Boundary:(10.0, 10.0)(96.8, 10.0)(96.8, 155.8)(10.0, 155.8);GATE
Port:(23.9, 151.0)(82.9, 151.0)(82.9, 155.8)(23.9, 155.8);SD
Port:(10.0, 10.0)(96.8, 10.0)(96.8, 148.6)(10.0, 148.6);GATE
Port:(15.7, 14.7)(91.1, 14.7)(91.1, 20.6)(15.7, 20.6);SD
Module:M8
Boundary:(647.9, 241.3)(647.9, 318.7)(647.8, 318.7)(647.8, 333.1)(470.8, 333.1)(470.8, 241.3);GATE
Port:(470.8, 255.2)(475.6, 255.2)(475.6, 319.2)(470.8, 319.2);SD
Port:(647.9, 241.3)(647.9, 318.7)(647.8, 318.7)(647.8, 333.1)(478.3, 333.1)(478.3, 241.3);GATE
Port:(636.1, 247.6)(642.6, 247.6)(642.6, 312.4)(636.1, 312.4);SD
Module:M4
Boundary:(795.8, 20.0)(894.9, 20.0)(894.9, 191.5)(795.8, 191.5);GATE
Port:(809.7, 187.3)(881.0, 187.3)(881.0, 191.5)(809.7, 191.5);SD
Port:(795.8, 20.0)(894.9, 20.0)(894.9, 185.1)(795.8, 185.1);GATE
Port:(801.5, 24.7)(889.2, 24.7)(889.2, 31.1)(801.5, 31.1);SD
