Area:(-30.0, -30.0)(676.8, -30.0)(676.8, 657.9)(-30.0, 657.9)
Rule:GATE(5,5);SD(5,5);GATE_SD(0.5);GATE_ITO(0.5);SD_ITO(0.5)
Module:M14
Boundary:(524.5, 343.0)(622.9, 343.0)(622.9, 509.3)(524.5, 509.3);GATE
Port:(538.0, 504.3)(609.4, 504.3)(609.4, 509.3)(538.0, 509.3);SD
Port:(524.5, 343.0)(622.9, 343.0)(622.9, 501.8)(524.5, 501.8);GATE
Port:(529.9, 347.4)(617.5, 347.4)(617.5, 353.6)(529.9, 353.6);SD
Module:M9
Boundary:(601.5, 237.7)(601.5, 287.4)(601.4, 287.4)(601.4, 303.0)(461.4, 303.0)(461.4, 237.7);GATE
Port:(461.4, 251.2)(465.8, 251.2)(465.8, 289.5)(461.4, 289.5);SD
Port:(601.5, 237.7)(601.5, 287.4)(601.4, 287.4)(601.4, 303.0)(468.1, 303.0)(468.1, 237.7);GATE
Port:(590.7, 244.6)(595.6, 244.6)(595.6, 280.5)(590.7, 280.5);SD
Module:M5
Boundary:(405.2, 541.5)(405.2, 589.9)(405.1, 589.9)(405.1, 605.2)(198.9, 605.2)(198.9, 541.5);GATE
Port:(198.9, 554.6)(204.5, 554.6)(204.5, 592.1)(198.9, 592.1);SD
Port:(405.2, 541.5)(405.2, 589.9)(405.1, 589.9)(405.1, 605.2)(206.4, 605.2)(206.4, 541.5);GATE
Port:(394.5, 548.2)(399.5, 548.2)(399.5, 583.2)(394.5, 583.2);SD
Module:M11
Boundary:(636.8, 549.3)(636.8, 617.3)(435.2, 617.3)(435.2, 549.3);GATE
Port:(435.2, 562.2)(440.5, 562.2)(440.5, 604.4)(435.2, 604.4);SD
Port:(636.8, 549.3)(636.8, 617.3)(443.0, 617.3)(443.0, 549.3);GATE
Port:(626.9, 555.8)(631.3, 555.8)(631.3, 610.8)(626.9, 610.8);SD
Module:M1
Boundary:(503.1, 30.0)(607.2, 30.0)(607.2, 30.6)(624.8, 30.6)(624.8, 197.7)(503.1, 197.7);GATE
Port:(516.3, 193.1)(611.6, 193.1)(611.6, 197.7)(516.3, 197.7);SD
Port:(503.1, 30.0)(607.2, 30.0)(607.2, 30.6)(624.8, 30.6)(624.8, 190.4)(503.1, 190.4);GATE
Port:(508.8, 34.7)(601.5, 34.7)(601.5, 39.9)(508.8, 39.9);SD
Module:M6
Boundary:(344.0, 188.2)(344.0, 287.6)(212.1, 287.6)(212.1, 188.2);GATE
Port:(212.1, 202.4)(217.8, 202.4)(217.8, 273.4)(212.1, 273.4);SD
Port:(344.0, 188.2)(344.0, 287.6)(219.4, 287.6)(219.4, 188.2);GATE
Port:(331.9, 194.9)(338.3, 194.9)(338.3, 280.9)(331.9, 280.9);SD
Module:M2
Boundary:(369.6, 345.4)(457.3, 345.4)(457.3, 345.9)(474.5, 345.9)(474.5, 494.7)(369.6, 494.7);GATE
Port:(384.6, 488.7)(459.5, 488.7)(459.5, 494.7)(384.6, 494.7);SD
Port:(369.6, 345.4)(457.3, 345.4)(457.3, 345.9)(474.5, 345.9)(474.5, 487.2)(369.6, 487.2);GATE
Port:(375.5, 350.3)(451.4, 350.3)(451.4, 357.1)(375.5, 357.1);SD
Module:M16
Boundary:(441.4, 199.4)(441.4, 315.4)(370.6, 315.4)(370.6, 199.4);GATE
Port:(370.6, 211.7)(376.0, 211.7)(376.0, 303.1)(370.6, 303.1);SD
Port:(441.4, 199.4)(441.4, 315.4)(377.4, 315.4)(377.4, 199.4);GATE
Port:(431.0, 204.5)(437.3, 204.5)(437.3, 310.3)(431.0, 310.3);SD
Module:M13
Boundary:(228.8, 10.0)(333.2, 10.0)(333.2, 10.6)(350.6, 10.6)(350.6, 168.2)(228.8, 168.2);GATE
Port:(242.5, 162.4)(336.9, 162.4)(336.9, 168.2)(242.5, 168.2);SD
Port:(228.8, 10.0)(333.2, 10.0)(333.2, 10.6)(350.6, 10.6)(350.6, 160.9)(228.8, 160.9);GATE
Port:(234.4, 14.6)(327.6, 14.6)(327.6, 21.0)(234.4, 21.0);SD
Module:M10
Boundary:(192.1, 117.7)(192.1, 197.1)(191.9, 197.1)(191.9, 212.9)(10.0, 212.9)(10.0, 117.7);GATE
Port:(10.0, 130.0)(14.8, 130.0)(14.8, 200.6)(10.0, 200.6);SD
Port:(192.1, 117.7)(192.1, 197.1)(191.9, 197.1)(191.9, 212.9)(17.6, 212.9)(17.6, 117.7);GATE
Port:(181.7, 122.7)(188.1, 122.7)(188.1, 192.1)(181.7, 192.1);SD
Module:M7
Boundary:(239.1, 364.8)(239.1, 453.3)(238.9, 453.3)(238.9, 471.1)(20.0, 471.1)(20.0, 364.8);GATE
Port:(20.0, 378.4)(25.2, 378.4)(25.2, 457.5)(20.0, 457.5);SD
Port:(239.1, 364.8)(239.1, 453.3)(238.9, 453.3)(238.9, 471.1)(26.4, 471.1)(26.4, 364.8);GATE
Port:(228.7, 370.0)(234.9, 370.0)(234.9, 448.1)(228.7, 448.1);SD
Module:M3
Boundary:(181.7, 232.9)(181.7, 334.8)(10.0, 334.8)(10.0, 232.9);GATE
Port:(10.0, 245.2)(14.2, 245.2)(14.2, 322.5)(10.0, 322.5);SD
Port:(181.7, 232.9)(181.7, 334.8)(15.9, 334.8)(15.9, 232.9);GATE
Port:(171.6, 238.5)(177.1, 238.5)(177.1, 329.2)(171.6, 329.2);SD
Module:M15
Boundary:(269.1, 307.6)(339.6, 307.6)(339.6, 511.5)(269.1, 511.5);GATE
Port:(283.5, 507.1)(325.2, 507.1)(325.2, 511.5)(283.5, 511.5);SD
Port:(269.1, 307.6)(339.6, 307.6)(339.6, 505.7)(269.1, 505.7);GATE
Port:(275.2, 312.7)(333.5, 312.7)(333.5, 319.6)(275.2, 319.6);SD
Module:M12
Boundary:(208.8, 10.0)(208.8, 83.5)(208.4, 83.5)(208.4, 97.7)(10.0, 97.7)(10.0, 10.0);GATE
Port:(10.0, 22.3)(15.5, 22.3)(15.5, 85.4)(10.0, 85.4);SD
Port:(208.8, 10.0)(208.8, 83.5)(208.4, 83.5)(208.4, 97.7)(18.2, 97.7)(18.2, 10.0);GATE
Port:(198.9, 16.8)(203.0, 16.8)(203.0, 76.7)(198.9, 76.7);SD
Module:M8
Boundary:(158.9, 511.1)(158.9, 600.5)(158.3, 600.5)(158.3, 617.9)(20.0, 617.9)(20.0, 511.1);GATE
Port:(20.0, 526.3)(24.2, 526.3)(24.2, 602.7)(20.0, 602.7);SD
Port:(158.9, 511.1)(158.9, 600.5)(158.3, 600.5)(158.3, 617.9)(27.1, 617.9)(27.1, 511.1);GATE
Port:(147.0, 517.4)(153.6, 517.4)(153.6, 594.2)(147.0, 594.2);SD
Module:M4
Boundary:(380.6, 20.0)(434.5, 20.0)(434.5, 20.0)(453.1, 20.0)(453.1, 169.4)(380.6, 169.4);GATE
Port:(394.6, 164.0)(439.1, 164.0)(439.1, 169.4)(394.6, 169.4);SD
Port:(380.6, 20.0)(434.5, 20.0)(434.5, 20.0)(453.1, 20.0)(453.1, 162.5)(380.6, 162.5);GATE
Port:(386.5, 24.9)(428.6, 24.9)(428.6, 30.5)(386.5, 30.5);SD
