Area:(-30.0, -30.0)(410.3, -30.0)(410.3, 938.1)(-30.0, 938.1)
Rule:GATE(5,5);SD(5,5);GATE_SD(0.5);GATE_ITO(0.5);SD_ITO(0.5)
Module:M14
Boundary:(103.7, 180.0)(103.7, 219.6)(103.6, 219.6)(103.6, 238.6)(30.0, 238.6)(30.0, 180.0);GATE
Port:(30.0, 196.0)(35.6, 196.0)(35.6, 222.6)(30.0, 222.6);SD
Port:(103.7, 180.0)(103.7, 219.6)(103.6, 219.6)(103.6, 238.6)(37.8, 238.6)(37.8, 180.0);GATE
Port:(91.0, 186.4)(98.3, 186.4)(98.3, 213.2)(91.0, 213.2);SD
Module:M9
Boundary:(187.0, 421.3)(187.0, 474.0)(187.0, 474.0)(187.0, 489.8)(10.0, 489.8)(10.0, 421.3);GATE
Port:(10.0, 436.0)(15.2, 436.0)(15.2, 475.1)(10.0, 475.1);SD
Port:(187.0, 421.3)(187.0, 474.0)(187.0, 474.0)(187.0, 489.8)(17.3, 489.8)(17.3, 421.3);GATE
Port:(174.0, 427.6)(181.7, 427.6)(181.7, 467.7)(174.0, 467.7);SD
Module:M5
Boundary:(217.0, 262.6)(331.6, 262.6)(331.6, 419.7)(217.0, 419.7);GATE
Port:(230.3, 414.9)(318.3, 414.9)(318.3, 419.7)(230.3, 419.7);SD
Port:(217.0, 262.6)(331.6, 262.6)(331.6, 413.8)(217.0, 413.8);GATE
Port:(222.5, 267.1)(326.1, 267.1)(326.1, 273.5)(222.5, 273.5);SD
Module:M11
Boundary:(145.4, 787.9)(145.4, 867.1)(145.0, 867.1)(145.0, 882.6)(10.0, 882.6)(10.0, 787.9);GATE
Port:(10.0, 800.3)(14.5, 800.3)(14.5, 870.2)(10.0, 870.2);SD
Port:(145.4, 787.9)(145.4, 867.1)(145.0, 867.1)(145.0, 882.6)(17.4, 882.6)(17.4, 787.9);GATE
Port:(135.0, 793.4)(140.9, 793.4)(140.9, 861.6)(135.0, 861.6);SD
Module:M1
Boundary:(251.6, 30.0)(344.7, 30.0)(344.7, 120.8)(251.6, 120.8);GATE
Port:(264.7, 115.4)(331.6, 115.4)(331.6, 120.8)(264.7, 120.8);SD
Port:(251.6, 30.0)(344.7, 30.0)(344.7, 114.2)(251.6, 114.2);GATE
Port:(257.0, 34.4)(339.3, 34.4)(339.3, 40.9)(257.0, 40.9);SD
Module:M6
Boundary:(229.2, 509.8)(229.2, 577.6)(10.0, 577.6)(10.0, 509.8);GATE
Port:(10.0, 524.1)(14.9, 524.1)(14.9, 563.3)(10.0, 563.3);SD
Port:(229.2, 509.8)(229.2, 577.6)(16.0, 577.6)(16.0, 509.8);GATE
Port:(216.6, 516.7)(223.3, 516.7)(223.3, 570.7)(216.6, 570.7);SD
Module:M2
Boundary:(20.0, 607.6)(136.7, 607.6)(136.7, 757.9)(20.0, 757.9);GATE
Port:(33.0, 753.6)(123.7, 753.6)(123.7, 757.9)(33.0, 757.9);SD
Port:(20.0, 607.6)(136.7, 607.6)(136.7, 751.3)(20.0, 751.3);GATE
Port:(26.4, 613.0)(130.3, 613.0)(130.3, 617.9)(26.4, 617.9);SD
Module:M16
Boundary:(81.8, 10.0)(81.8, 63.5)(10.0, 63.5)(10.0, 10.0);GATE
Port:(10.0, 24.7)(15.1, 24.7)(15.1, 48.8)(10.0, 48.8);SD
Port:(81.8, 10.0)(81.8, 63.5)(17.3, 63.5)(17.3, 10.0);GATE
Port:(69.7, 16.3)(76.5, 16.3)(76.5, 57.2)(69.7, 57.2);SD
Module:M13
Boundary:(101.8, 10.0)(193.3, 10.0)(193.3, 10.5)(211.6, 10.5)(211.6, 135.8)(101.8, 135.8);GATE
Port:(116.6, 131.4)(196.8, 131.4)(196.8, 135.8)(116.6, 135.8);SD
Port:(101.8, 10.0)(193.3, 10.0)(193.3, 10.5)(211.6, 10.5)(211.6, 128.7)(101.8, 128.7);GATE
Port:(107.2, 14.4)(187.9, 14.4)(187.9, 21.5)(107.2, 21.5);SD
Module:M10
Boundary:(359.1, 160.8)(359.1, 219.4)(358.8, 219.4)(358.8, 232.6)(143.7, 232.6)(143.7, 160.8);GATE
Port:(143.7, 173.7)(148.9, 173.7)(148.9, 219.7)(143.7, 219.7);SD
Port:(359.1, 160.8)(359.1, 219.4)(358.8, 219.4)(358.8, 232.6)(150.5, 232.6)(150.5, 160.8);GATE
Port:(348.0, 167.8)(353.1, 167.8)(353.1, 212.4)(348.0, 212.4);SD
Module:M7
Boundary:(175.1, 288.6)(175.1, 391.3)(20.0, 391.3)(20.0, 288.6);GATE
Port:(20.0, 302.1)(25.5, 302.1)(25.5, 377.8)(20.0, 377.8);SD
Port:(175.1, 288.6)(175.1, 391.3)(26.9, 391.3)(26.9, 288.6);GATE
Port:(164.1, 294.0)(170.7, 294.0)(170.7, 385.9)(164.1, 385.9);SD
Module:M3
Boundary:(81.4, 83.5)(81.4, 140.0)(10.0, 140.0)(10.0, 83.5);GATE
Port:(10.0, 94.7)(15.2, 94.7)(15.2, 128.8)(10.0, 128.8);SD
Port:(81.4, 83.5)(81.4, 140.0)(18.2, 140.0)(18.2, 83.5);GATE
Port:(71.9, 89.2)(76.7, 89.2)(76.7, 134.3)(71.9, 134.3);SD
Module:M15
Boundary:(331.0, 830.7)(331.0, 881.3)(330.7, 881.3)(330.7, 898.1)(165.4, 898.1)(165.4, 830.7);GATE
Port:(165.4, 844.3)(169.8, 844.3)(169.8, 884.5)(165.4, 884.5);SD
Port:(331.0, 830.7)(331.0, 881.3)(330.7, 881.3)(330.7, 898.1)(170.8, 898.1)(170.8, 830.7);GATE
Port:(320.6, 836.9)(325.8, 836.9)(325.8, 875.1)(320.6, 875.1);SD
Module:M12
Boundary:(289.7, 577.6)(355.0, 577.6)(355.0, 577.7)(370.3, 577.7)(370.3, 806.2)(289.7, 806.2);GATE
Port:(303.4, 801.0)(356.6, 801.0)(356.6, 806.2)(303.4, 806.2);SD
Port:(289.7, 577.6)(355.0, 577.6)(355.0, 577.7)(370.3, 577.7)(370.3, 798.7)(289.7, 798.7);GATE
Port:(295.3, 582.2)(349.4, 582.2)(349.4, 589.5)(295.3, 589.5);SD
Module:M8
Boundary:(355.5, 459.7)(355.5, 530.5)(355.4, 530.5)(355.4, 547.6)(259.2, 547.6)(259.2, 459.7);GATE
Port:(259.2, 474.4)(264.1, 474.4)(264.1, 532.9)(259.2, 532.9);SD
Port:(355.5, 459.7)(355.5, 530.5)(355.4, 530.5)(355.4, 547.6)(265.1, 547.6)(265.1, 459.7);GATE
Port:(343.6, 466.6)(349.6, 466.6)(349.6, 523.6)(343.6, 523.6);SD
Module:M4
Boundary:(176.7, 607.6)(259.7, 607.6)(259.7, 800.7)(176.7, 800.7);GATE
Port:(190.8, 795.6)(245.6, 795.6)(245.6, 800.7)(190.8, 800.7);SD
Port:(176.7, 607.6)(259.7, 607.6)(259.7, 793.6)(176.7, 793.6);GATE
Port:(182.6, 612.5)(253.8, 612.5)(253.8, 619.6)(182.6, 619.6);SD
