Area:(-30.0, -20.0)(412.3, -20.0)(412.3, 993.1)(-30.0, 993.1)
Rule:GATE(5,5);SD(5,5);GATE_SD(0.5);GATE_ITO(0.5);SD_ITO(0.5)
Module:M14
Boundary:(275.4, 30.0)(335.7, 30.0)(335.7, 214.6)(275.4, 214.6);GATE
Port:(287.8, 209.0)(323.3, 209.0)(323.3, 214.6)(287.8, 214.6);SD
Port:(275.4, 30.0)(335.7, 30.0)(335.7, 206.8)(275.4, 206.8);GATE
Port:(281.8, 35.4)(329.3, 35.4)(329.3, 40.7)(281.8, 40.7);SD
Module:M9
Boundary:(255.4, 254.6)(336.1, 254.6)(336.1, 332.8)(255.4, 332.8);GATE
Port:(268.1, 328.2)(323.4, 328.2)(323.4, 332.8)(268.1, 332.8);SD
Port:(255.4, 254.6)(336.1, 254.6)(336.1, 325.7)(255.4, 325.7);GATE
Port:(260.5, 258.7)(331.0, 258.7)(331.0, 265.3)(260.5, 265.3);SD
Module:M5
Boundary:(358.6, 362.8)(358.6, 471.7)(286.7, 471.7)(286.7, 362.8);GATE
Port:(286.7, 377.3)(292.1, 377.3)(292.1, 457.2)(286.7, 457.2);SD
Port:(358.6, 362.8)(358.6, 471.7)(293.9, 471.7)(293.9, 362.8);GATE
Port:(347.1, 368.2)(354.2, 368.2)(354.2, 466.3)(347.1, 466.3);SD
Module:M11
Boundary:(281.8, 501.7)(338.9, 501.7)(338.9, 501.7)(356.9, 501.7)(356.9, 726.0)(281.8, 726.0);GATE
Port:(297.6, 721.1)(341.1, 721.1)(341.1, 726.0)(297.6, 726.0);SD
Port:(281.8, 501.7)(338.9, 501.7)(338.9, 501.7)(356.9, 501.7)(356.9, 718.2)(281.8, 718.2);GATE
Port:(288.5, 507.4)(332.2, 507.4)(332.2, 514.4)(288.5, 514.4);SD
Module:M1
Boundary:(207.5, 265.3)(207.5, 365.3)(207.2, 365.3)(207.2, 381.8)(30.0, 381.8)(30.0, 265.3);GATE
Port:(30.0, 278.7)(35.9, 278.7)(35.9, 368.4)(30.0, 368.4);SD
Port:(207.5, 265.3)(207.5, 365.3)(207.2, 365.3)(207.2, 381.8)(37.4, 381.8)(37.4, 265.3);GATE
Port:(196.5, 271.4)(202.4, 271.4)(202.4, 359.2)(196.5, 359.2);SD
Module:M6
Boundary:(10.0, 739.7)(73.4, 739.7)(73.4, 863.2)(10.0, 863.2);GATE
Port:(24.0, 859.0)(59.4, 859.0)(59.4, 863.2)(24.0, 863.2);SD
Port:(10.0, 739.7)(73.4, 739.7)(73.4, 856.1)(10.0, 856.1);GATE
Port:(16.4, 745.1)(67.0, 745.1)(67.0, 751.8)(16.4, 751.8);SD
Module:M2
Boundary:(276.1, 756.0)(276.1, 807.6)(276.0, 807.6)(276.0, 824.1)(103.4, 824.1)(103.4, 756.0);GATE
Port:(103.4, 769.7)(108.5, 769.7)(108.5, 810.4)(103.4, 810.4);SD
Port:(276.1, 756.0)(276.1, 807.6)(276.0, 807.6)(276.0, 824.1)(109.8, 824.1)(109.8, 756.0);GATE
Port:(265.1, 762.6)(270.5, 762.6)(270.5, 801.0)(265.1, 801.0);SD
Module:M16
Boundary:(306.1, 746.0)(357.1, 746.0)(357.1, 746.1)(372.3, 746.1)(372.3, 953.1)(306.1, 953.1);GATE
Port:(320.5, 947.7)(357.9, 947.7)(357.9, 953.1)(320.5, 953.1);SD
Port:(306.1, 746.0)(357.1, 746.0)(357.1, 746.1)(372.3, 746.1)(372.3, 946.5)(306.1, 946.5);GATE
Port:(312.8, 751.7)(350.4, 751.7)(350.4, 758.6)(312.8, 758.6);SD
Module:M13
Boundary:(236.6, 883.2)(236.6, 952.5)(10.0, 952.5)(10.0, 883.2);GATE
Port:(10.0, 897.2)(14.0, 897.2)(14.0, 938.5)(10.0, 938.5);SD
Port:(236.6, 883.2)(236.6, 952.5)(15.6, 952.5)(15.6, 883.2);GATE
Port:(225.4, 889.6)(231.2, 889.6)(231.2, 946.1)(225.4, 946.1);SD
Module:M10
Boundary:(147.4, 519.5)(147.4, 613.0)(10.0, 613.0)(10.0, 519.5);GATE
Port:(10.0, 530.4)(14.8, 530.4)(14.8, 602.1)(10.0, 602.1);SD
Port:(147.4, 519.5)(147.4, 613.0)(17.6, 613.0)(17.6, 519.5);GATE
Port:(138.1, 525.1)(142.8, 525.1)(142.8, 607.4)(138.1, 607.4);SD
Module:M7
Boundary:(149.2, 20.0)(211.0, 20.0)(211.0, 20.3)(225.4, 20.3)(225.4, 214.1)(149.2, 214.1);GATE
Port:(161.9, 208.9)(212.7, 208.9)(212.7, 214.1)(161.9, 214.1);SD
Port:(149.2, 20.0)(211.0, 20.0)(211.0, 20.3)(225.4, 20.3)(225.4, 206.3)(149.2, 206.3);GATE
Port:(155.5, 25.3)(204.7, 25.3)(204.7, 31.1)(155.5, 31.1);SD
Module:M3
Boundary:(195.4, 586.3)(245.2, 586.3)(245.2, 586.5)(261.8, 586.5)(261.8, 716.6)(195.4, 716.6);GATE
Port:(208.6, 710.9)(248.6, 710.9)(248.6, 716.6)(208.6, 716.6);SD
Port:(195.4, 586.3)(245.2, 586.3)(245.2, 586.5)(261.8, 586.5)(261.8, 708.1)(195.4, 708.1);GATE
Port:(200.6, 590.5)(240.0, 590.5)(240.0, 596.9)(200.6, 596.9);SD
Module:M15
Boundary:(175.4, 633.0)(175.4, 702.5)(175.1, 702.5)(175.1, 719.7)(10.0, 719.7)(10.0, 633.0);GATE
Port:(10.0, 647.3)(15.8, 647.3)(15.8, 705.4)(10.0, 705.4);SD
Port:(175.4, 633.0)(175.4, 702.5)(175.1, 702.5)(175.1, 719.7)(17.2, 719.7)(17.2, 633.0);GATE
Port:(164.0, 638.5)(170.9, 638.5)(170.9, 697.0)(164.0, 697.0);SD
Module:M12
Boundary:(171.3, 421.8)(256.7, 421.8)(256.7, 566.3)(171.3, 566.3);GATE
Port:(187.1, 561.4)(240.9, 561.4)(240.9, 566.3)(187.1, 566.3);SD
Port:(171.3, 421.8)(256.7, 421.8)(256.7, 558.5)(171.3, 558.5);GATE
Port:(177.7, 427.2)(250.3, 427.2)(250.3, 435.2)(177.7, 435.2);SD
Module:M8
Boundary:(20.0, 20.0)(109.2, 20.0)(109.2, 215.3)(20.0, 215.3);GATE
Port:(31.4, 210.7)(97.8, 210.7)(97.8, 215.3)(31.4, 215.3);SD
Port:(20.0, 20.0)(109.2, 20.0)(109.2, 209.1)(20.0, 209.1);GATE
Port:(25.7, 24.7)(103.5, 24.7)(103.5, 29.4)(25.7, 29.4);SD
Module:M4
Boundary:(141.3, 431.8)(141.3, 489.5)(20.0, 489.5)(20.0, 431.8);GATE
Port:(20.0, 443.6)(25.4, 443.6)(25.4, 477.7)(20.0, 477.7);SD
Port:(141.3, 431.8)(141.3, 489.5)(28.2, 489.5)(28.2, 431.8);GATE
Port:(131.9, 437.3)(136.8, 437.3)(136.8, 484.0)(131.9, 484.0);SD
