Area:(-30.0, -30.0)(532.2, -30.0)(532.2, 642.2)(-30.0, 642.2)
Rule:GATE(5,5);SD(5,5);GATE_SD(0.5);GATE_ITO(0.5);SD_ITO(0.5)
Module:M14
Boundary:(282.3, 285.6)(357.4, 285.6)(357.4, 285.6)(375.1, 285.6)(375.1, 432.5)(282.3, 432.5);GATE
Port:(298.7, 427.8)(358.7, 427.8)(358.7, 432.5)(298.7, 432.5);SD
Port:(282.3, 285.6)(357.4, 285.6)(357.4, 285.6)(375.1, 285.6)(375.1, 424.9)(282.3, 424.9);GATE
Port:(289.3, 291.6)(350.4, 291.6)(350.4, 299.0)(289.3, 299.0);SD
Module:M9
Boundary:(390.2, 158.9)(390.2, 227.6)(389.9, 227.6)(389.9, 245.6)(275.2, 245.6)(275.2, 158.9);GATE
Port:(275.2, 171.4)(279.8, 171.4)(279.8, 233.1)(275.2, 233.1);SD
Port:(390.2, 158.9)(390.2, 227.6)(389.9, 227.6)(389.9, 245.6)(282.6, 245.6)(282.6, 158.9);GATE
Port:(380.9, 164.1)(386.0, 164.1)(386.0, 222.4)(380.9, 222.4);SD
Module:M5
Boundary:(422.8, 20.0)(468.2, 20.0)(468.2, 20.2)(482.9, 20.2)(482.9, 218.4)(422.8, 218.4);GATE
Port:(434.6, 213.4)(471.1, 213.4)(471.1, 218.4)(434.6, 218.4);SD
Port:(422.8, 20.0)(468.2, 20.0)(468.2, 20.2)(482.9, 20.2)(482.9, 212.2)(422.8, 212.2);GATE
Port:(428.7, 24.9)(462.3, 24.9)(462.3, 30.0)(428.7, 30.0);SD
Module:M11
Boundary:(10.0, 192.4)(70.3, 192.4)(70.3, 192.7)(84.0, 192.7)(84.0, 293.9)(10.0, 293.9);GATE
Port:(23.0, 288.8)(71.0, 288.8)(71.0, 293.9)(23.0, 293.9);SD
Port:(10.0, 192.4)(70.3, 192.4)(70.3, 192.7)(84.0, 192.7)(84.0, 285.9)(10.0, 285.9);GATE
Port:(17.0, 198.4)(63.3, 198.4)(63.3, 203.7)(17.0, 203.7);SD
Module:M1
Boundary:(138.0, 333.9)(138.0, 384.7)(138.0, 384.7)(138.0, 401.6)(30.0, 401.6)(30.0, 333.9);GATE
Port:(30.0, 346.9)(34.8, 346.9)(34.8, 388.6)(30.0, 388.6);SD
Port:(138.0, 333.9)(138.0, 384.7)(138.0, 384.7)(138.0, 401.6)(37.6, 401.6)(37.6, 333.9);GATE
Port:(127.9, 340.2)(132.7, 340.2)(132.7, 378.4)(127.9, 378.4);SD
Module:M6
Boundary:(279.4, 10.0)(377.3, 10.0)(377.3, 10.4)(392.8, 10.4)(392.8, 138.9)(279.4, 138.9);GATE
Port:(293.9, 133.6)(378.3, 133.6)(378.3, 138.9)(293.9, 138.9);SD
Port:(279.4, 10.0)(377.3, 10.0)(377.3, 10.4)(392.8, 10.4)(392.8, 130.9)(279.4, 130.9);GATE
Port:(285.9, 15.5)(370.8, 15.5)(370.8, 22.6)(285.9, 22.6);SD
Module:M2
Boundary:(425.1, 258.4)(457.4, 258.4)(457.4, 258.4)(471.6, 258.4)(471.6, 350.8)(425.1, 350.8);GATE
Port:(437.6, 344.9)(459.1, 344.9)(459.1, 350.8)(437.6, 350.8);SD
Port:(425.1, 258.4)(457.4, 258.4)(457.4, 258.4)(471.6, 258.4)(471.6, 343.7)(425.1, 343.7);GATE
Port:(431.4, 263.7)(451.1, 263.7)(451.1, 269.1)(431.4, 269.1);SD
Module:M16
Boundary:(413.8, 472.5)(413.8, 585.2)(301.2, 585.2)(301.2, 472.5);GATE
Port:(301.2, 485.7)(306.5, 485.7)(306.5, 572.0)(301.2, 572.0);SD
Port:(413.8, 472.5)(413.8, 585.2)(308.4, 585.2)(308.4, 472.5);GATE
Port:(402.2, 478.2)(409.1, 478.2)(409.1, 579.5)(402.2, 579.5);SD
Module:M13
Boundary:(178.0, 313.3)(226.5, 313.3)(226.5, 313.5)(242.3, 313.5)(242.3, 485.7)(178.0, 485.7);GATE
Port:(190.9, 480.7)(229.4, 480.7)(229.4, 485.7)(190.9, 485.7);SD
Port:(178.0, 313.3)(226.5, 313.3)(226.5, 313.5)(242.3, 313.5)(242.3, 479.1)(178.0, 479.1);GATE
Port:(183.3, 317.6)(221.2, 317.6)(221.2, 324.1)(183.3, 324.1);SD
Module:M10
Boundary:(255.2, 104.9)(255.2, 156.9)(255.1, 156.9)(255.1, 172.4)(92.2, 172.4)(92.2, 104.9);GATE
Port:(92.2, 119.8)(96.3, 119.8)(96.3, 157.5)(92.2, 157.5);SD
Port:(255.2, 104.9)(255.2, 156.9)(255.1, 156.9)(255.1, 172.4)(97.8, 172.4)(97.8, 104.9);GATE
Port:(242.2, 111.5)(249.6, 111.5)(249.6, 150.3)(242.2, 150.3);SD
Module:M7
Boundary:(20.0, 451.6)(109.5, 451.6)(109.5, 602.2)(20.0, 602.2);GATE
Port:(33.7, 596.3)(95.8, 596.3)(95.8, 602.2)(33.7, 602.2);SD
Port:(20.0, 451.6)(109.5, 451.6)(109.5, 595.1)(20.0, 595.1);GATE
Port:(26.2, 456.8)(103.3, 456.8)(103.3, 463.5)(26.2, 463.5);SD
Module:M3
Boundary:(259.4, 10.0)(259.4, 66.4)(259.1, 66.4)(259.1, 84.9)(92.2, 84.9)(92.2, 10.0);GATE
Port:(92.2, 25.3)(98.1, 25.3)(98.1, 69.6)(92.2, 69.6);SD
Port:(259.4, 10.0)(259.4, 66.4)(259.1, 66.4)(259.1, 84.9)(100.3, 84.9)(100.3, 10.0);GATE
Port:(247.4, 16.8)(253.6, 16.8)(253.6, 59.6)(247.4, 59.6);SD
Module:M15
Boundary:(10.0, 10.0)(72.2, 10.0)(72.2, 159.9)(10.0, 159.9);GATE
Port:(22.2, 155.2)(60.0, 155.2)(60.0, 159.9)(22.2, 159.9);SD
Port:(10.0, 10.0)(72.2, 10.0)(72.2, 152.9)(10.0, 152.9);GATE
Port:(16.0, 15.0)(66.2, 15.0)(66.2, 20.0)(16.0, 20.0);SD
Module:M12
Boundary:(433.8, 380.8)(492.2, 380.8)(492.2, 579.3)(433.8, 579.3);GATE
Port:(445.2, 573.5)(480.8, 573.5)(480.8, 579.3)(445.2, 579.3);SD
Port:(433.8, 380.8)(492.2, 380.8)(492.2, 570.9)(433.8, 570.9);GATE
Port:(439.3, 385.3)(486.7, 385.3)(486.7, 390.4)(439.3, 390.4);SD
Module:M8
Boundary:(271.2, 515.7)(271.2, 586.7)(271.2, 586.7)(271.2, 599.8)(149.5, 599.8)(149.5, 515.7);GATE
Port:(149.5, 528.5)(153.7, 528.5)(153.7, 587.0)(149.5, 587.0);SD
Port:(271.2, 515.7)(271.2, 586.7)(271.2, 586.7)(271.2, 599.8)(155.0, 599.8)(155.0, 515.7);GATE
Port:(260.3, 521.6)(266.3, 521.6)(266.3, 580.8)(260.3, 580.8);SD
Module:M4
Boundary:(114.0, 202.4)(216.5, 202.4)(216.5, 236.1)(232.1, 236.1)(232.1, 283.3)(114.0, 283.3);GATE
Port:(128.0, 278.3)(218.1, 278.3)(218.1, 283.3)(128.0, 283.3);SD
Port:(114.0, 202.4)(216.5, 202.4)(216.5, 236.1)(232.1, 236.1)(232.1, 276.3)(114.0, 276.3);GATE
Port:(120.2, 207.6)(209.3, 207.6)(209.3, 214.1)(120.2, 214.1);SD
