Area:(-20.0, -30.0)(684.5, -30.0)(684.5, 586.2)(-20.0, 586.2)
Rule:GATE(5,5);SD(5,5);GATE_SD(0.5);GATE_ITO(0.5);SD_ITO(0.5)
Module:M14
Boundary:(30.0, 30.0)(83.0, 30.0)(83.0, 30.1)(99.5, 30.1)(99.5, 222.7)(30.0, 222.7);GATE
Port:(44.6, 218.3)(84.9, 218.3)(84.9, 222.7)(44.6, 222.7);SD
Port:(30.0, 30.0)(83.0, 30.0)(83.0, 30.1)(99.5, 30.1)(99.5, 215.8)(30.0, 215.8);GATE
Port:(36.7, 35.7)(76.3, 35.7)(76.3, 42.0)(36.7, 42.0);SD
Module:M9
Boundary:(440.1, 463.1)(440.1, 532.8)(439.9, 532.8)(439.9, 546.2)(239.4, 546.2)(239.4, 463.1);GATE
Port:(239.4, 474.4)(245.3, 474.4)(245.3, 534.9)(239.4, 534.9);SD
Port:(440.1, 463.1)(440.1, 532.8)(439.9, 532.8)(439.9, 546.2)(248.0, 546.2)(248.0, 463.1);GATE
Port:(430.4, 468.7)(435.5, 468.7)(435.5, 527.2)(430.4, 527.2);SD
Module:M5
Boundary:(209.4, 387.7)(209.4, 503.3)(20.0, 503.3)(20.0, 387.7);GATE
Port:(20.0, 403.9)(24.6, 403.9)(24.6, 487.1)(20.0, 487.1);SD
Port:(209.4, 387.7)(209.4, 503.3)(25.8, 503.3)(25.8, 387.7);GATE
Port:(196.4, 394.3)(203.8, 394.3)(203.8, 496.7)(196.4, 496.7);SD
Module:M11
Boundary:(139.5, 10.0)(237.6, 10.0)(237.6, 143.6)(139.5, 143.6);GATE
Port:(153.0, 139.1)(224.1, 139.1)(224.1, 143.6)(153.0, 143.6);SD
Port:(139.5, 10.0)(237.6, 10.0)(237.6, 136.1)(139.5, 136.1);GATE
Port:(146.5, 16.0)(230.6, 16.0)(230.6, 21.3)(146.5, 21.3);SD
Module:M1
Boundary:(606.0, 439.0)(606.0, 522.2)(480.1, 522.2)(480.1, 439.0);GATE
Port:(480.1, 452.9)(484.2, 452.9)(484.2, 508.3)(480.1, 508.3);SD
Port:(606.0, 439.0)(606.0, 522.2)(485.5, 522.2)(485.5, 439.0);GATE
Port:(594.6, 444.4)(601.6, 444.4)(601.6, 516.8)(594.6, 516.8);SD
Module:M6
Boundary:(637.8, 147.3)(637.8, 254.6)(539.5, 254.6)(539.5, 147.3);GATE
Port:(539.5, 160.8)(544.1, 160.8)(544.1, 241.1)(539.5, 241.1);SD
Port:(637.8, 147.3)(637.8, 254.6)(546.8, 254.6)(546.8, 147.3);GATE
Port:(626.4, 154.0)(632.1, 154.0)(632.1, 247.9)(626.4, 247.9);SD
Module:M2
Boundary:(136.9, 272.7)(136.9, 329.3)(136.9, 329.3)(136.9, 347.7)(20.0, 347.7)(20.0, 272.7);GATE
Port:(20.0, 288.3)(24.8, 288.3)(24.8, 332.1)(20.0, 332.1);SD
Port:(136.9, 272.7)(136.9, 329.3)(136.9, 329.3)(136.9, 347.7)(27.5, 347.7)(27.5, 272.7);GATE
Port:(124.8, 279.7)(130.9, 279.7)(130.9, 322.3)(124.8, 322.3);SD
Module:M16
Boundary:(550.5, 10.0)(629.6, 10.0)(629.6, 10.1)(644.5, 10.1)(644.5, 126.8)(550.5, 126.8);GATE
Port:(564.6, 121.3)(630.4, 121.3)(630.4, 126.8)(564.6, 126.8);SD
Port:(550.5, 10.0)(629.6, 10.0)(629.6, 10.1)(644.5, 10.1)(644.5, 118.3)(550.5, 118.3);GATE
Port:(557.4, 15.9)(622.7, 15.9)(622.7, 21.5)(557.4, 21.5);SD
Module:M13
Boundary:(421.3, 147.3)(519.5, 147.3)(519.5, 253.6)(421.3, 253.6);GATE
Port:(432.6, 248.1)(508.2, 248.1)(508.2, 253.6)(432.6, 253.6);SD
Port:(421.3, 147.3)(519.5, 147.3)(519.5, 245.2)(421.3, 245.2);GATE
Port:(426.4, 151.4)(514.4, 151.4)(514.4, 157.0)(426.4, 157.0);SD
Module:M10
Boundary:(399.9, 139.5)(399.9, 175.4)(399.9, 175.4)(399.9, 191.1)(257.6, 191.1)(257.6, 139.5);GATE
Port:(257.6, 153.8)(262.9, 153.8)(262.9, 176.8)(257.6, 176.8);SD
Port:(399.9, 139.5)(399.9, 175.4)(399.9, 175.4)(399.9, 191.1)(264.6, 191.1)(264.6, 139.5);GATE
Port:(388.3, 146.4)(394.0, 146.4)(394.0, 168.5)(388.3, 168.5);SD
Module:M7
Boundary:(520.5, 20.0)(520.5, 117.3)(442.9, 117.3)(442.9, 20.0);GATE
Port:(442.9, 34.2)(447.2, 34.2)(447.2, 103.1)(442.9, 103.1);SD
Port:(520.5, 20.0)(520.5, 117.3)(449.7, 117.3)(449.7, 20.0);GATE
Port:(507.9, 26.9)(514.6, 26.9)(514.6, 110.4)(507.9, 110.4);SD
Module:M3
Boundary:(412.9, 10.0)(412.9, 119.5)(257.6, 119.5)(257.6, 10.0);GATE
Port:(257.6, 23.6)(262.1, 23.6)(262.1, 105.9)(257.6, 105.9);SD
Port:(412.9, 10.0)(412.9, 119.5)(264.6, 119.5)(264.6, 10.0);GATE
Port:(401.6, 15.6)(408.3, 15.6)(408.3, 113.9)(401.6, 113.9);SD
Module:M15
Boundary:(166.9, 163.6)(231.1, 163.6)(231.1, 349.5)(166.9, 349.5);GATE
Port:(180.1, 343.9)(217.9, 343.9)(217.9, 349.5)(180.1, 349.5);SD
Port:(166.9, 163.6)(231.1, 163.6)(231.1, 341.5)(166.9, 341.5);GATE
Port:(173.0, 168.7)(225.0, 168.7)(225.0, 174.4)(173.0, 174.4);SD
Module:M12
Boundary:(416.4, 352.0)(416.4, 443.1)(257.6, 443.1)(257.6, 352.0);GATE
Port:(257.6, 364.9)(262.9, 364.9)(262.9, 430.2)(257.6, 430.2);SD
Port:(416.4, 352.0)(416.4, 443.1)(264.9, 443.1)(264.9, 352.0);GATE
Port:(405.9, 358.2)(411.2, 358.2)(411.2, 436.9)(405.9, 436.9);SD
Module:M8
Boundary:(391.3, 221.1)(391.3, 305.6)(391.1, 305.6)(391.1, 322.0)(267.6, 322.0)(267.6, 221.1);GATE
Port:(267.6, 235.2)(272.4, 235.2)(272.4, 307.9)(267.6, 307.9);SD
Port:(391.3, 221.1)(391.3, 305.6)(391.1, 305.6)(391.1, 322.0)(273.6, 322.0)(273.6, 221.1);GATE
Port:(379.8, 228.0)(385.4, 228.0)(385.4, 298.7)(379.8, 298.7);SD
Module:M4
Boundary:(621.4, 284.6)(621.4, 374.9)(621.2, 374.9)(621.2, 389.0)(446.4, 389.0)(446.4, 284.6);GATE
Port:(446.4, 298.1)(452.0, 298.1)(452.0, 375.5)(446.4, 375.5);SD
Port:(621.4, 284.6)(621.4, 374.9)(621.2, 374.9)(621.2, 389.0)(453.3, 389.0)(453.3, 284.6);GATE
Port:(609.5, 291.3)(615.7, 291.3)(615.7, 368.2)(609.5, 368.2);SD
