Area:(-30.0, -30.0)(543.0, -30.0)(543.0, 762.8)(-30.0, 762.8)
Rule:GATE(5,5);SD(5,5);GATE_SD(0.5);GATE_ITO(0.5);SD_ITO(0.5)
Module:M14
Boundary:(167.6, 446.8)(167.6, 562.2)(30.0, 562.2)(30.0, 446.8);GATE
Port:(30.0, 460.9)(34.1, 460.9)(34.1, 548.1)(30.0, 548.1);SD
Port:(167.6, 446.8)(167.6, 562.2)(36.2, 562.2)(36.2, 446.8);GATE
Port:(155.8, 452.6)(162.8, 452.6)(162.8, 556.4)(155.8, 556.4);SD
Module:M9
Boundary:(356.9, 516.7)(356.9, 591.5)(356.8, 591.5)(356.8, 606.0)(209.6, 606.0)(209.6, 516.7);GATE
Port:(209.6, 528.9)(214.0, 528.9)(214.0, 593.8)(209.6, 593.8);SD
Port:(356.9, 516.7)(356.9, 591.5)(356.8, 591.5)(356.8, 606.0)(216.8, 606.0)(216.8, 516.7);GATE
Port:(346.4, 522.3)(352.3, 522.3)(352.3, 585.9)(346.4, 585.9);SD
Module:M5
Boundary:(490.4, 246.9)(490.4, 356.9)(269.7, 356.9)(269.7, 246.9);GATE
Port:(269.7, 260.5)(275.0, 260.5)(275.0, 343.3)(269.7, 343.3);SD
Port:(490.4, 246.9)(490.4, 356.9)(277.5, 356.9)(277.5, 246.9);GATE
Port:(479.4, 253.0)(485.3, 253.0)(485.3, 350.8)(479.4, 350.8);SD
Module:M11
Boundary:(10.0, 106.6)(73.3, 106.6)(73.3, 106.7)(88.6, 106.7)(88.6, 302.8)(10.0, 302.8);GATE
Port:(22.6, 297.3)(76.0, 297.3)(76.0, 302.8)(22.6, 302.8);SD
Port:(10.0, 106.6)(73.3, 106.6)(73.3, 106.7)(88.6, 106.7)(88.6, 295.8)(10.0, 295.8);GATE
Port:(15.4, 111.0)(67.9, 111.0)(67.9, 117.2)(15.4, 117.2);SD
Module:M1
Boundary:(396.9, 406.9)(484.5, 406.9)(484.5, 608.0)(396.9, 608.0);GATE
Port:(409.7, 602.5)(471.7, 602.5)(471.7, 608.0)(409.7, 608.0);SD
Port:(396.9, 406.9)(484.5, 406.9)(484.5, 599.7)(396.9, 599.7);GATE
Port:(403.2, 412.2)(478.2, 412.2)(478.2, 418.1)(403.2, 418.1);SD
Module:M6
Boundary:(244.9, 10.0)(244.9, 112.3)(244.7, 112.3)(244.7, 129.1)(113.6, 129.1)(113.6, 10.0);GATE
Port:(113.6, 24.2)(117.8, 24.2)(117.8, 114.9)(113.6, 114.9);SD
Port:(244.9, 10.0)(244.9, 112.3)(244.7, 112.3)(244.7, 129.1)(120.4, 129.1)(120.4, 10.0);GATE
Port:(233.7, 16.4)(239.5, 16.4)(239.5, 105.9)(233.7, 105.9);SD
Module:M2
Boundary:(274.9, 20.0)(330.3, 20.0)(330.3, 206.9)(274.9, 206.9);GATE
Port:(290.3, 202.5)(314.9, 202.5)(314.9, 206.9)(290.3, 206.9);SD
Port:(274.9, 20.0)(330.3, 20.0)(330.3, 200.6)(274.9, 200.6);GATE
Port:(280.6, 24.7)(324.6, 24.7)(324.6, 32.0)(280.6, 32.0);SD
Module:M16
Boundary:(109.5, 322.8)(109.5, 406.8)(10.0, 406.8)(10.0, 322.8);GATE
Port:(10.0, 337.1)(15.4, 337.1)(15.4, 392.5)(10.0, 392.5);SD
Port:(109.5, 322.8)(109.5, 406.8)(17.8, 406.8)(17.8, 322.8);GATE
Port:(97.4, 329.2)(104.1, 329.2)(104.1, 400.4)(97.4, 400.4);SD
Module:M13
Boundary:(189.6, 602.2)(189.6, 716.2)(10.0, 716.2)(10.0, 602.2);GATE
Port:(10.0, 616.1)(14.3, 616.1)(14.3, 702.3)(10.0, 702.3);SD
Port:(189.6, 602.2)(189.6, 716.2)(16.1, 716.2)(16.1, 602.2);GATE
Port:(177.9, 609.2)(183.6, 609.2)(183.6, 709.2)(177.9, 709.2);SD
Module:M10
Boundary:(209.6, 626.0)(306.7, 626.0)(306.7, 722.8)(209.6, 722.8);GATE
Port:(222.9, 717.0)(293.4, 717.0)(293.4, 722.8)(222.9, 722.8);SD
Port:(209.6, 626.0)(306.7, 626.0)(306.7, 715.6)(209.6, 715.6);GATE
Port:(214.9, 630.3)(301.4, 630.3)(301.4, 637.0)(214.9, 637.0);SD
Module:M7
Boundary:(345.3, 415.3)(345.3, 468.9)(345.1, 468.9)(345.1, 486.7)(217.6, 486.7)(217.6, 415.3);GATE
Port:(217.6, 429.2)(223.1, 429.2)(223.1, 472.8)(217.6, 472.8);SD
Port:(345.3, 415.3)(345.3, 468.9)(345.1, 468.9)(345.1, 486.7)(224.4, 486.7)(224.4, 415.3);GATE
Port:(334.8, 421.5)(340.1, 421.5)(340.1, 462.7)(334.8, 462.7);SD
Module:M3
Boundary:(239.7, 149.1)(239.7, 262.9)(108.6, 262.9)(108.6, 149.1);GATE
Port:(108.6, 163.7)(112.9, 163.7)(112.9, 248.3)(108.6, 248.3);SD
Port:(239.7, 149.1)(239.7, 262.9)(115.0, 262.9)(115.0, 149.1);GATE
Port:(228.3, 154.8)(235.0, 154.8)(235.0, 257.2)(228.3, 257.2);SD
Module:M15
Boundary:(10.0, 10.0)(76.7, 10.0)(76.7, 10.1)(93.6, 10.1)(93.6, 86.6)(10.0, 86.6);GATE
Port:(22.7, 81.4)(80.9, 81.4)(80.9, 86.6)(22.7, 86.6);SD
Port:(10.0, 10.0)(76.7, 10.0)(76.7, 10.1)(93.6, 10.1)(93.6, 79.5)(10.0, 79.5);GATE
Port:(15.7, 14.7)(71.0, 14.7)(71.0, 20.0)(15.7, 20.0);SD
Module:M12
Boundary:(503.0, 648.0)(503.0, 722.8)(326.7, 722.8)(326.7, 648.0);GATE
Port:(326.7, 660.3)(330.9, 660.3)(330.9, 710.5)(326.7, 710.5);SD
Port:(503.0, 648.0)(503.0, 722.8)(333.2, 722.8)(333.2, 648.0);GATE
Port:(493.0, 653.2)(498.8, 653.2)(498.8, 717.6)(493.0, 717.6);SD
Module:M8
Boundary:(139.5, 292.9)(223.8, 292.9)(223.8, 375.3)(139.5, 375.3);GATE
Port:(153.2, 370.0)(210.1, 370.0)(210.1, 375.3)(153.2, 375.3);SD
Port:(139.5, 292.9)(223.8, 292.9)(223.8, 368.3)(139.5, 368.3);GATE
Port:(146.1, 298.5)(217.2, 298.5)(217.2, 303.7)(146.1, 303.7);SD
Module:M4
Boundary:(370.3, 20.0)(468.0, 20.0)(468.0, 20.0)(483.7, 20.0)(483.7, 195.8)(370.3, 195.8);GATE
Port:(384.4, 191.5)(469.6, 191.5)(469.6, 195.8)(384.4, 195.8);SD
Port:(370.3, 20.0)(468.0, 20.0)(468.0, 20.0)(483.7, 20.0)(483.7, 189.8)(370.3, 189.8);GATE
Port:(376.1, 24.8)(462.2, 24.8)(462.2, 31.9)(376.1, 31.9);SD
