Area:(-30.0, -30.0)(712.3, -30.0)(712.3, 525.6)(-30.0, 525.6)
Rule:GATE(5,5);SD(5,5);GATE_SD(0.5);GATE_ITO(0.5);SD_ITO(0.5)
Module:M14
Boundary:(326.0, 138.2)(411.9, 138.2)(411.9, 249.5)(326.0, 249.5);GATE
Port:(337.0, 245.3)(400.9, 245.3)(400.9, 249.5)(337.0, 249.5);SD
Port:(326.0, 138.2)(411.9, 138.2)(411.9, 243.1)(326.0, 243.1);GATE
Port:(331.3, 142.5)(406.6, 142.5)(406.6, 147.6)(331.3, 147.6);SD
Module:M9
Boundary:(401.7, 399.0)(401.7, 485.6)(281.3, 485.6)(281.3, 399.0);GATE
Port:(281.3, 412.5)(285.9, 412.5)(285.9, 472.1)(281.3, 472.1);SD
Port:(401.7, 399.0)(401.7, 485.6)(288.0, 485.6)(288.0, 399.0);GATE
Port:(391.7, 404.4)(397.3, 404.4)(397.3, 480.2)(391.7, 480.2);SD
Module:M5
Boundary:(228.8, 128.2)(261.1, 128.2)(261.1, 128.3)(276.0, 128.3)(276.0, 257.2)(228.8, 257.2);GATE
Port:(241.4, 251.8)(263.4, 251.8)(263.4, 257.2)(241.4, 257.2);SD
Port:(228.8, 128.2)(261.1, 128.2)(261.1, 128.3)(276.0, 128.3)(276.0, 249.2)(228.8, 249.2);GATE
Port:(234.6, 133.0)(255.3, 133.0)(255.3, 138.5)(234.6, 138.5);SD
Module:M11
Boundary:(189.9, 146.8)(189.9, 222.1)(189.5, 222.1)(189.5, 236.6)(10.0, 236.6)(10.0, 146.8);GATE
Port:(10.0, 159.2)(14.7, 159.2)(14.7, 224.2)(10.0, 224.2);SD
Port:(189.9, 146.8)(189.9, 222.1)(189.5, 222.1)(189.5, 236.6)(16.9, 236.6)(16.9, 146.8);GATE
Port:(179.5, 152.4)(185.3, 152.4)(185.3, 216.5)(179.5, 216.5);SD
Module:M1
Boundary:(241.3, 389.1)(241.3, 450.5)(241.0, 450.5)(241.0, 465.3)(30.0, 465.3)(30.0, 389.1);GATE
Port:(30.0, 401.6)(35.2, 401.6)(35.2, 452.8)(30.0, 452.8);SD
Port:(241.3, 389.1)(241.3, 450.5)(241.0, 450.5)(241.0, 465.3)(38.0, 465.3)(38.0, 389.1);GATE
Port:(230.4, 394.5)(236.9, 394.5)(236.9, 445.1)(230.4, 445.1);SD
Module:M6
Boundary:(585.1, 10.0)(655.3, 10.0)(655.3, 10.1)(672.3, 10.1)(672.3, 100.2)(585.1, 100.2);GATE
Port:(600.0, 96.1)(657.4, 96.1)(657.4, 100.2)(600.0, 100.2);SD
Port:(585.1, 10.0)(655.3, 10.0)(655.3, 10.1)(672.3, 10.1)(672.3, 94.4)(585.1, 94.4);GATE
Port:(590.6, 14.5)(649.8, 14.5)(649.8, 21.8)(590.6, 21.8);SD
Module:M2
Boundary:(461.9, 128.2)(541.7, 128.2)(541.7, 278.0)(461.9, 278.0);GATE
Port:(475.6, 273.5)(528.0, 273.5)(528.0, 278.0)(475.6, 278.0);SD
Port:(461.9, 128.2)(541.7, 128.2)(541.7, 270.8)(461.9, 270.8);GATE
Port:(468.3, 133.6)(535.3, 133.6)(535.3, 139.8)(468.3, 139.8);SD
Module:M16
Boundary:(10.0, 256.6)(137.3, 256.6)(137.3, 349.1)(10.0, 349.1);GATE
Port:(25.1, 345.0)(122.2, 345.0)(122.2, 349.1)(25.1, 349.1);SD
Port:(10.0, 256.6)(137.3, 256.6)(137.3, 342.5)(10.0, 342.5);GATE
Port:(16.5, 262.1)(130.8, 262.1)(130.8, 268.3)(16.5, 268.3);SD
Module:M13
Boundary:(565.1, 10.0)(565.1, 95.3)(480.5, 95.3)(480.5, 10.0);GATE
Port:(480.5, 21.9)(486.2, 21.9)(486.2, 83.4)(480.5, 83.4);SD
Port:(565.1, 10.0)(565.1, 95.3)(488.2, 95.3)(488.2, 10.0);GATE
Port:(554.8, 15.3)(560.8, 15.3)(560.8, 90.0)(554.8, 90.0);SD
Module:M10
Boundary:(571.7, 120.2)(667.7, 120.2)(667.7, 285.5)(571.7, 285.5);GATE
Port:(584.5, 279.9)(654.9, 279.9)(654.9, 285.5)(584.5, 285.5);SD
Port:(571.7, 120.2)(667.7, 120.2)(667.7, 277.6)(571.7, 277.6);GATE
Port:(577.6, 125.1)(661.8, 125.1)(661.8, 131.1)(577.6, 131.1);SD
Module:M7
Boundary:(656.5, 412.6)(656.5, 462.7)(656.3, 462.7)(656.3, 478.4)(431.7, 478.4)(431.7, 412.6);GATE
Port:(431.7, 425.9)(437.2, 425.9)(437.2, 465.1)(431.7, 465.1);SD
Port:(656.5, 412.6)(656.5, 462.7)(656.3, 462.7)(656.3, 478.4)(438.5, 478.4)(438.5, 412.6);GATE
Port:(644.9, 418.3)(651.8, 418.3)(651.8, 457.0)(644.9, 457.0);SD
Module:M3
Boundary:(314.5, 289.5)(399.2, 289.5)(399.2, 290.0)(415.8, 290.0)(415.8, 379.0)(314.5, 379.0);GATE
Port:(328.9, 374.6)(401.4, 374.6)(401.4, 379.0)(328.9, 379.0);SD
Port:(314.5, 289.5)(399.2, 289.5)(399.2, 290.0)(415.8, 290.0)(415.8, 373.2)(314.5, 373.2);GATE
Port:(320.4, 294.4)(393.3, 294.4)(393.3, 300.7)(320.4, 300.7);SD
Module:M15
Boundary:(294.5, 289.5)(294.5, 336.7)(157.3, 336.7)(157.3, 289.5);GATE
Port:(157.3, 302.5)(163.1, 302.5)(163.1, 323.7)(157.3, 323.7);SD
Port:(294.5, 289.5)(294.5, 336.7)(165.7, 336.7)(165.7, 289.5);GATE
Port:(283.8, 295.4)(289.6, 295.4)(289.6, 330.8)(283.8, 330.8);SD
Module:M12
Boundary:(635.2, 308.0)(635.2, 382.6)(435.8, 382.6)(435.8, 308.0);GATE
Port:(435.8, 319.4)(439.8, 319.4)(439.8, 371.2)(435.8, 371.2);SD
Port:(635.2, 308.0)(635.2, 382.6)(442.7, 382.6)(442.7, 308.0);GATE
Port:(625.8, 313.1)(631.1, 313.1)(631.1, 377.5)(625.8, 377.5);SD
Module:M8
Boundary:(188.8, 20.0)(188.8, 101.4)(188.5, 101.4)(188.5, 116.8)(20.0, 116.8)(20.0, 20.0);GATE
Port:(20.0, 34.1)(24.3, 34.1)(24.3, 102.7)(20.0, 102.7);SD
Port:(188.8, 20.0)(188.8, 101.4)(188.5, 101.4)(188.5, 116.8)(26.9, 116.8)(26.9, 20.0);GATE
Port:(176.8, 26.6)(183.2, 26.6)(183.2, 94.8)(176.8, 94.8);SD
Module:M4
Boundary:(450.5, 20.0)(450.5, 88.2)(228.8, 88.2)(228.8, 20.0);GATE
Port:(228.8, 33.7)(233.3, 33.7)(233.3, 74.5)(228.8, 74.5);SD
Port:(450.5, 20.0)(450.5, 88.2)(235.5, 88.2)(235.5, 20.0);GATE
Port:(439.7, 26.7)(444.8, 26.7)(444.8, 81.5)(439.7, 81.5);SD
