Area:(-30.0, -30.0)(720.4, -30.0)(720.4, 580.7)(-30.0, 580.7)
Rule:GATE(5,5);SD(5,5);GATE_SD(0.5);GATE_ITO(0.5);SD_ITO(0.5)
Module:M14
Boundary:(294.7, 30.0)(294.7, 119.1)(143.6, 119.1)(143.6, 30.0);GATE
Port:(143.6, 41.5)(149.0, 41.5)(149.0, 107.6)(143.6, 107.6);SD
Port:(294.7, 30.0)(294.7, 119.1)(151.6, 119.1)(151.6, 30.0);GATE
Port:(285.5, 35.0)(290.7, 35.0)(290.7, 114.1)(285.5, 114.1);SD
Module:M9
Boundary:(126.2, 431.0)(126.2, 525.9)(126.0, 525.9)(126.0, 540.7)(10.0, 540.7)(10.0, 431.0);GATE
Port:(10.0, 445.2)(14.3, 445.2)(14.3, 526.5)(10.0, 526.5);SD
Port:(126.2, 431.0)(126.2, 525.9)(126.0, 525.9)(126.0, 540.7)(15.6, 540.7)(15.6, 431.0);GATE
Port:(113.8, 437.6)(120.6, 437.6)(120.6, 519.3)(113.8, 519.3);SD
Module:M5
Boundary:(645.7, 426.2)(645.7, 527.7)(445.3, 527.7)(445.3, 426.2);GATE
Port:(445.3, 440.5)(450.8, 440.5)(450.8, 513.4)(445.3, 513.4);SD
Port:(645.7, 426.2)(645.7, 527.7)(453.5, 527.7)(453.5, 426.2);GATE
Port:(634.0, 432.6)(640.3, 432.6)(640.3, 521.3)(634.0, 521.3);SD
Module:M11
Boundary:(10.0, 10.0)(90.7, 10.0)(90.7, 10.4)(103.6, 10.4)(103.6, 174.1)(10.0, 174.1);GATE
Port:(21.4, 169.0)(92.2, 169.0)(92.2, 174.1)(21.4, 174.1);SD
Port:(10.0, 10.0)(90.7, 10.0)(90.7, 10.4)(103.6, 10.4)(103.6, 167.0)(10.0, 167.0);GATE
Port:(16.0, 15.0)(84.7, 15.0)(84.7, 19.8)(16.0, 19.8);SD
Module:M1
Boundary:(372.2, 315.6)(372.2, 420.4)(166.7, 420.4)(166.7, 315.6);GATE
Port:(166.7, 330.4)(171.0, 330.4)(171.0, 405.6)(166.7, 405.6);SD
Port:(372.2, 315.6)(372.2, 420.4)(172.5, 420.4)(172.5, 315.6);GATE
Port:(360.8, 321.6)(367.2, 321.6)(367.2, 414.4)(360.8, 414.4);SD
Module:M6
Boundary:(258.0, 460.4)(258.0, 536.6)(146.2, 536.6)(146.2, 460.4);GATE
Port:(146.2, 474.1)(151.2, 474.1)(151.2, 522.9)(146.2, 522.9);SD
Port:(258.0, 460.4)(258.0, 536.6)(152.6, 536.6)(152.6, 460.4);GATE
Port:(246.0, 466.4)(253.0, 466.4)(253.0, 530.6)(246.0, 530.6);SD
Module:M2
Boundary:(457.9, 20.0)(510.8, 20.0)(510.8, 20.1)(528.7, 20.1)(528.7, 212.7)(457.9, 212.7);GATE
Port:(471.6, 207.9)(515.0, 207.9)(515.0, 212.7)(471.6, 212.7);SD
Port:(457.9, 20.0)(510.8, 20.0)(510.8, 20.1)(528.7, 20.1)(528.7, 205.0)(457.9, 205.0);GATE
Port:(463.4, 24.5)(505.3, 24.5)(505.3, 30.6)(463.4, 30.6);SD
Module:M16
Boundary:(558.7, 174.1)(676.0, 174.1)(676.0, 289.5)(558.7, 289.5);GATE
Port:(574.4, 283.5)(660.3, 283.5)(660.3, 289.5)(574.4, 289.5);SD
Port:(558.7, 174.1)(676.0, 174.1)(676.0, 281.6)(558.7, 281.6);GATE
Port:(564.7, 179.1)(670.0, 179.1)(670.0, 186.4)(564.7, 186.4);SD
Module:M13
Boundary:(558.7, 10.0)(662.9, 10.0)(662.9, 10.0)(680.4, 10.0)(680.4, 154.1)(558.7, 154.1);GATE
Port:(572.5, 149.4)(666.6, 149.4)(666.6, 154.1)(572.5, 154.1);SD
Port:(558.7, 10.0)(662.9, 10.0)(662.9, 10.0)(680.4, 10.0)(680.4, 147.6)(558.7, 147.6);GATE
Port:(564.2, 14.5)(657.4, 14.5)(657.4, 20.8)(564.2, 20.8);SD
Module:M10
Boundary:(415.3, 460.4)(415.3, 511.4)(415.1, 511.4)(415.1, 528.9)(278.0, 528.9)(278.0, 460.4);GATE
Port:(278.0, 473.4)(282.2, 473.4)(282.2, 515.9)(278.0, 515.9);SD
Port:(415.3, 460.4)(415.3, 511.4)(415.1, 511.4)(415.1, 528.9)(283.4, 528.9)(283.4, 460.4);GATE
Port:(405.3, 466.2)(410.5, 466.2)(410.5, 505.6)(405.3, 505.6);SD
Module:M7
Boundary:(20.0, 204.1)(100.8, 204.1)(100.8, 204.4)(116.7, 204.4)(116.7, 401.0)(20.0, 401.0);GATE
Port:(33.2, 396.9)(103.5, 396.9)(103.5, 401.0)(33.2, 401.0);SD
Port:(20.0, 204.1)(100.8, 204.1)(100.8, 204.4)(116.7, 204.4)(116.7, 394.6)(20.0, 394.6);GATE
Port:(25.3, 208.4)(95.5, 208.4)(95.5, 214.5)(25.3, 214.5);SD
Module:M3
Boundary:(522.7, 242.7)(522.7, 313.9)(420.0, 313.9)(420.0, 242.7);GATE
Port:(420.0, 258.0)(425.4, 258.0)(425.4, 298.6)(420.0, 298.6);SD
Port:(522.7, 242.7)(522.7, 313.9)(427.7, 313.9)(427.7, 242.7);GATE
Port:(510.4, 249.3)(517.1, 249.3)(517.1, 307.3)(510.4, 307.3);SD
Module:M15
Boundary:(400.0, 227.4)(400.0, 259.9)(399.9, 259.9)(399.9, 275.6)(281.5, 275.6)(281.5, 227.4);GATE
Port:(281.5, 240.2)(286.8, 240.2)(286.8, 262.8)(281.5, 262.8);SD
Port:(400.0, 227.4)(400.0, 259.9)(399.9, 259.9)(399.9, 275.6)(289.6, 275.6)(289.6, 227.4);GATE
Port:(389.6, 233.1)(395.3, 233.1)(395.3, 254.2)(389.6, 254.2);SD
Module:M12
Boundary:(334.7, 10.0)(427.9, 10.0)(427.9, 207.4)(334.7, 207.4);GATE
Port:(347.5, 203.3)(415.1, 203.3)(415.1, 207.4)(347.5, 207.4);SD
Port:(334.7, 10.0)(427.9, 10.0)(427.9, 200.3)(334.7, 200.3);GATE
Port:(340.2, 14.5)(422.4, 14.5)(422.4, 20.2)(340.2, 20.2);SD
Module:M8
Boundary:(156.7, 169.1)(235.9, 169.1)(235.9, 169.1)(251.5, 169.1)(251.5, 263.2)(156.7, 263.2);GATE
Port:(169.8, 257.6)(238.4, 257.6)(238.4, 263.2)(169.8, 263.2);SD
Port:(156.7, 169.1)(235.9, 169.1)(235.9, 169.1)(251.5, 169.1)(251.5, 254.7)(156.7, 254.7);GATE
Port:(162.9, 174.3)(229.7, 174.3)(229.7, 179.6)(162.9, 179.6);SD
Module:M4
Boundary:(643.1, 343.9)(643.1, 372.2)(643.0, 372.2)(643.0, 386.2)(422.2, 386.2)(422.2, 343.9);GATE
Port:(422.2, 354.7)(427.2, 354.7)(427.2, 375.4)(422.2, 375.4);SD
Port:(643.1, 343.9)(643.1, 372.2)(643.0, 372.2)(643.0, 386.2)(429.4, 386.2)(429.4, 343.9);GATE
Port:(634.4, 349.0)(639.0, 349.0)(639.0, 367.1)(634.4, 367.1);SD
