Area:(-30.0, -30.0)(381.8, -30.0)(381.8, 1052.8)(-30.0, 1052.8)
Rule:GATE(5,5);SD(5,5);GATE_SD(0.5);GATE_ITO(0.5);SD_ITO(0.5)
Module:M14
Boundary:(255.1, 676.1)(315.6, 676.1)(315.6, 880.6)(255.1, 880.6);GATE
Port:(267.4, 875.1)(303.3, 875.1)(303.3, 880.6)(267.4, 880.6);SD
Port:(255.1, 676.1)(315.6, 676.1)(315.6, 873.6)(255.1, 873.6);GATE
Port:(260.4, 680.4)(310.3, 680.4)(310.3, 686.0)(260.4, 686.0);SD
Module:M9
Boundary:(114.4, 723.5)(198.6, 723.5)(198.6, 723.7)(215.1, 723.7)(215.1, 899.1)(114.4, 899.1);GATE
Port:(128.3, 893.9)(201.2, 893.9)(201.2, 899.1)(128.3, 899.1);SD
Port:(114.4, 723.5)(198.6, 723.5)(198.6, 723.7)(215.1, 723.7)(215.1, 891.1)(114.4, 891.1);GATE
Port:(119.9, 728.0)(193.1, 728.0)(193.1, 734.4)(119.9, 734.4);SD
Module:M5
Boundary:(164.0, 188.5)(238.3, 188.5)(238.3, 335.2)(164.0, 335.2);GATE
Port:(175.4, 330.9)(226.9, 330.9)(226.9, 335.2)(175.4, 335.2);SD
Port:(164.0, 188.5)(238.3, 188.5)(238.3, 328.0)(164.0, 328.0);GATE
Port:(169.6, 193.1)(232.7, 193.1)(232.7, 198.4)(169.6, 198.4);SD
Module:M11
Boundary:(147.4, 365.2)(209.5, 365.2)(209.5, 572.7)(147.4, 572.7);GATE
Port:(161.0, 567.5)(195.9, 567.5)(195.9, 572.7)(161.0, 572.7);SD
Port:(147.4, 365.2)(209.5, 365.2)(209.5, 564.6)(147.4, 564.6);GATE
Port:(153.9, 370.7)(203.0, 370.7)(203.0, 376.7)(153.9, 376.7);SD
Module:M1
Boundary:(253.0, 395.0)(306.2, 395.0)(306.2, 395.3)(322.8, 395.3)(322.8, 616.1)(253.0, 616.1);GATE
Port:(267.8, 611.7)(308.0, 611.7)(308.0, 616.1)(267.8, 616.1);SD
Port:(253.0, 395.0)(306.2, 395.0)(306.2, 395.3)(322.8, 395.3)(322.8, 609.7)(253.0, 609.7);GATE
Port:(259.0, 400.0)(300.2, 400.0)(300.2, 407.0)(259.0, 407.0);SD
Module:M6
Boundary:(191.1, 10.0)(241.9, 10.0)(241.9, 10.1)(257.9, 10.1)(257.9, 158.5)(191.1, 158.5);GATE
Port:(205.2, 154.1)(243.8, 154.1)(243.8, 158.5)(205.2, 158.5);SD
Port:(191.1, 10.0)(241.9, 10.0)(241.9, 10.1)(257.9, 10.1)(257.9, 151.6)(191.1, 151.6);GATE
Port:(197.1, 15.0)(235.9, 15.0)(235.9, 21.4)(197.1, 21.4);SD
Module:M2
Boundary:(278.3, 202.3)(312.4, 202.3)(312.4, 202.3)(328.9, 202.3)(328.9, 345.0)(278.3, 345.0);GATE
Port:(291.5, 340.5)(315.7, 340.5)(315.7, 345.0)(291.5, 345.0);SD
Port:(278.3, 202.3)(312.4, 202.3)(312.4, 202.3)(328.9, 202.3)(328.9, 337.5)(278.3, 337.5);GATE
Port:(283.7, 206.7)(307.0, 206.7)(307.0, 213.2)(283.7, 213.2);SD
Module:M16
Boundary:(171.1, 10.0)(171.1, 102.9)(10.0, 102.9)(10.0, 10.0);GATE
Port:(10.0, 25.2)(15.7, 25.2)(15.7, 87.7)(10.0, 87.7);SD
Port:(171.1, 10.0)(171.1, 102.9)(18.5, 102.9)(18.5, 10.0);GATE
Port:(159.2, 16.1)(166.0, 16.1)(166.0, 96.8)(159.2, 96.8);SD
Module:M13
Boundary:(112.7, 263.3)(112.7, 347.8)(112.3, 347.8)(112.3, 364.1)(10.0, 364.1)(10.0, 263.3);GATE
Port:(10.0, 277.9)(15.5, 277.9)(15.5, 349.5)(10.0, 349.5);SD
Port:(112.7, 263.3)(112.7, 347.8)(112.3, 347.8)(112.3, 364.1)(17.5, 364.1)(17.5, 263.3);GATE
Port:(101.0, 269.3)(107.7, 269.3)(107.7, 341.8)(101.0, 341.8);SD
Module:M10
Boundary:(134.0, 122.9)(134.0, 243.3)(10.0, 243.3)(10.0, 122.9);GATE
Port:(10.0, 137.3)(15.7, 137.3)(15.7, 228.9)(10.0, 228.9);SD
Port:(134.0, 122.9)(134.0, 243.3)(17.1, 243.3)(17.1, 122.9);GATE
Port:(121.9, 129.4)(128.5, 129.4)(128.5, 236.8)(121.9, 236.8);SD
Module:M7
Boundary:(20.0, 394.1)(117.4, 394.1)(117.4, 567.8)(20.0, 567.8);GATE
Port:(31.8, 563.4)(105.6, 563.4)(105.6, 567.8)(31.8, 567.8);SD
Port:(20.0, 394.1)(117.4, 394.1)(117.4, 560.8)(20.0, 560.8);GATE
Port:(25.3, 398.4)(112.1, 398.4)(112.1, 402.9)(25.3, 402.9);SD
Module:M3
Boundary:(10.0, 597.8)(94.4, 597.8)(94.4, 783.0)(10.0, 783.0);GATE
Port:(23.4, 778.2)(81.0, 778.2)(81.0, 783.0)(23.4, 783.0);SD
Port:(10.0, 597.8)(94.4, 597.8)(94.4, 776.8)(10.0, 776.8);GATE
Port:(15.1, 601.9)(89.3, 601.9)(89.3, 608.8)(15.1, 608.8);SD
Module:M15
Boundary:(114.4, 597.8)(197.3, 597.8)(197.3, 598.0)(213.0, 598.0)(213.0, 703.5)(114.4, 703.5);GATE
Port:(128.3, 699.0)(199.1, 699.0)(199.1, 703.5)(128.3, 703.5);SD
Port:(114.4, 597.8)(197.3, 597.8)(197.3, 598.0)(213.0, 598.0)(213.0, 698.0)(114.4, 698.0);GATE
Port:(120.8, 603.2)(190.9, 603.2)(190.9, 609.7)(120.8, 609.7);SD
Module:M12
Boundary:(277.9, 10.0)(325.9, 10.0)(325.9, 10.0)(341.8, 10.0)(341.8, 172.3)(277.9, 172.3);GATE
Port:(290.1, 167.3)(329.6, 167.3)(329.6, 172.3)(290.1, 172.3);SD
Port:(277.9, 10.0)(325.9, 10.0)(325.9, 10.0)(341.8, 10.0)(341.8, 165.2)(277.9, 165.2);GATE
Port:(283.4, 14.5)(320.4, 14.5)(320.4, 20.6)(283.4, 20.6);SD
Module:M8
Boundary:(325.2, 930.6)(325.2, 1012.8)(113.5, 1012.8)(113.5, 930.6);GATE
Port:(113.5, 944.1)(119.3, 944.1)(119.3, 999.3)(113.5, 999.3);SD
Port:(325.2, 930.6)(325.2, 1012.8)(120.5, 1012.8)(120.5, 930.6);GATE
Port:(314.3, 936.0)(320.8, 936.0)(320.8, 1007.4)(314.3, 1007.4);SD
Module:M4
Boundary:(20.0, 813.0)(73.5, 813.0)(73.5, 1010.0)(20.0, 1010.0);GATE
Port:(30.8, 1005.2)(62.7, 1005.2)(62.7, 1010.0)(30.8, 1010.0);SD
Port:(20.0, 813.0)(73.5, 813.0)(73.5, 1004.1)(20.0, 1004.1);GATE
Port:(25.5, 817.5)(68.0, 817.5)(68.0, 822.2)(25.5, 822.2);SD
