Area:(-30.0, -30.0)(391.7, -30.0)(391.7, 932.2)(-30.0, 932.2)
Rule:GATE(5,5);SD(5,5);GATE_SD(0.5);GATE_ITO(0.5);SD_ITO(0.5)
Module:M14
Boundary:(136.7, 30.0)(136.7, 101.0)(30.0, 101.0)(30.0, 30.0);GATE
Port:(30.0, 43.8)(34.5, 43.8)(34.5, 87.2)(30.0, 87.2);SD
Port:(136.7, 30.0)(136.7, 101.0)(35.6, 101.0)(35.6, 30.0);GATE
Port:(125.9, 35.5)(132.2, 35.5)(132.2, 95.5)(125.9, 95.5);SD
Module:M9
Boundary:(190.8, 96.1)(256.0, 96.1)(256.0, 227.1)(190.8, 227.1);GATE
Port:(203.2, 221.6)(243.6, 221.6)(243.6, 227.1)(203.2, 227.1);SD
Port:(190.8, 96.1)(256.0, 96.1)(256.0, 220.5)(190.8, 220.5);GATE
Port:(196.1, 100.4)(250.7, 100.4)(250.7, 105.4)(196.1, 105.4);SD
Module:M5
Boundary:(232.3, 264.7)(232.3, 348.4)(114.2, 348.4)(114.2, 264.7);GATE
Port:(114.2, 278.3)(119.5, 278.3)(119.5, 334.8)(114.2, 334.8);SD
Port:(232.3, 264.7)(232.3, 348.4)(122.1, 348.4)(122.1, 264.7);GATE
Port:(222.2, 271.4)(226.6, 271.4)(226.6, 341.7)(222.2, 341.7);SD
Module:M11
Boundary:(106.0, 526.8)(106.0, 580.0)(105.7, 580.0)(105.7, 597.1)(10.0, 597.1)(10.0, 526.8);GATE
Port:(10.0, 541.4)(14.9, 541.4)(14.9, 582.5)(10.0, 582.5);SD
Port:(106.0, 526.8)(106.0, 580.0)(105.7, 580.0)(105.7, 597.1)(17.3, 597.1)(17.3, 526.8);GATE
Port:(94.6, 533.4)(100.4, 533.4)(100.4, 573.4)(94.6, 573.4);SD
Module:M1
Boundary:(193.5, 637.1)(193.5, 708.6)(193.1, 708.6)(193.1, 722.4)(30.0, 722.4)(30.0, 637.1);GATE
Port:(30.0, 648.9)(34.8, 648.9)(34.8, 710.6)(30.0, 710.6);SD
Port:(193.5, 637.1)(193.5, 708.6)(193.1, 708.6)(193.1, 722.4)(37.7, 722.4)(37.7, 637.1);GATE
Port:(183.8, 642.5)(189.1, 642.5)(189.1, 703.2)(183.8, 703.2);SD
Module:M6
Boundary:(351.2, 820.2)(351.2, 892.2)(211.1, 892.2)(211.1, 820.2);GATE
Port:(211.1, 835.6)(217.0, 835.6)(217.0, 876.8)(211.1, 876.8);SD
Port:(351.2, 820.2)(351.2, 892.2)(218.9, 892.2)(218.9, 820.2);GATE
Port:(338.4, 827.1)(345.3, 827.1)(345.3, 885.3)(338.4, 885.3);SD
Module:M2
Boundary:(160.8, 151.0)(160.8, 224.7)(20.0, 224.7)(20.0, 151.0);GATE
Port:(20.0, 163.1)(24.0, 163.1)(24.0, 212.6)(20.0, 212.6);SD
Port:(160.8, 151.0)(160.8, 224.7)(26.9, 224.7)(26.9, 151.0);GATE
Port:(150.4, 156.1)(156.7, 156.1)(156.7, 219.6)(150.4, 219.6);SD
Module:M16
Boundary:(255.6, 477.5)(346.7, 477.5)(346.7, 582.4)(255.6, 582.4);GATE
Port:(269.3, 578.4)(333.0, 578.4)(333.0, 582.4)(269.3, 582.4);SD
Port:(255.6, 477.5)(346.7, 477.5)(346.7, 576.7)(255.6, 576.7);GATE
Port:(262.0, 482.9)(340.3, 482.9)(340.3, 489.2)(262.0, 489.2);SD
Module:M13
Boundary:(276.0, 96.1)(329.1, 96.1)(329.1, 96.2)(345.7, 96.2)(345.7, 297.5)(276.0, 297.5);GATE
Port:(290.9, 292.2)(330.8, 292.2)(330.8, 297.5)(290.9, 297.5);SD
Port:(276.0, 96.1)(329.1, 96.1)(329.1, 96.2)(345.7, 96.2)(345.7, 289.5)(276.0, 289.5);GATE
Port:(281.9, 101.0)(323.2, 101.0)(323.2, 108.4)(281.9, 108.4);SD
Module:M10
Boundary:(344.0, 10.0)(344.0, 61.0)(343.8, 61.0)(343.8, 76.1)(176.7, 76.1)(176.7, 10.0);GATE
Port:(176.7, 24.3)(181.0, 24.3)(181.0, 61.8)(176.7, 61.8);SD
Port:(344.0, 10.0)(344.0, 61.0)(343.8, 61.0)(343.8, 76.1)(183.5, 76.1)(183.5, 10.0);GATE
Port:(331.8, 16.8)(338.2, 16.8)(338.2, 54.2)(331.8, 54.2);SD
Module:M7
Boundary:(20.0, 388.4)(99.0, 388.4)(99.0, 496.8)(20.0, 496.8);GATE
Port:(36.2, 492.4)(82.8, 492.4)(82.8, 496.8)(36.2, 496.8);SD
Port:(20.0, 388.4)(99.0, 388.4)(99.0, 489.9)(20.0, 489.9);GATE
Port:(26.5, 393.9)(92.5, 393.9)(92.5, 401.3)(26.5, 401.3);SD
Module:M3
Boundary:(262.3, 317.5)(351.1, 317.5)(351.1, 457.5)(262.3, 457.5);GATE
Port:(276.2, 452.7)(337.2, 452.7)(337.2, 457.5)(276.2, 457.5);SD
Port:(262.3, 317.5)(351.1, 317.5)(351.1, 451.2)(262.3, 451.2);GATE
Port:(267.6, 321.8)(345.8, 321.8)(345.8, 328.1)(267.6, 328.1);SD
Module:M15
Boundary:(10.0, 254.7)(69.4, 254.7)(69.4, 255.0)(84.2, 255.0)(84.2, 345.6)(10.0, 345.6);GATE
Port:(21.3, 339.9)(72.9, 339.9)(72.9, 345.6)(21.3, 345.6);SD
Port:(10.0, 254.7)(69.4, 254.7)(69.4, 255.0)(84.2, 255.0)(84.2, 338.6)(10.0, 338.6);GATE
Port:(15.2, 258.9)(64.2, 258.9)(64.2, 264.0)(15.2, 264.0);SD
Module:M12
Boundary:(233.5, 608.1)(351.7, 608.1)(351.7, 800.2)(233.5, 800.2);GATE
Port:(247.5, 794.4)(337.7, 794.4)(337.7, 800.2)(247.5, 800.2);SD
Port:(233.5, 608.1)(351.7, 608.1)(351.7, 793.1)(233.5, 793.1);GATE
Port:(238.9, 612.5)(346.3, 612.5)(346.3, 619.2)(238.9, 619.2);SD
Module:M8
Boundary:(181.1, 772.4)(181.1, 856.5)(20.0, 856.5)(20.0, 772.4);GATE
Port:(20.0, 786.6)(24.4, 786.6)(24.4, 842.3)(20.0, 842.3);SD
Port:(181.1, 772.4)(181.1, 856.5)(25.5, 856.5)(25.5, 772.4);GATE
Port:(169.0, 779.1)(175.4, 779.1)(175.4, 849.8)(169.0, 849.8);SD
Module:M4
Boundary:(139.0, 388.4)(225.6, 388.4)(225.6, 578.1)(139.0, 578.1);GATE
Port:(152.6, 572.8)(212.0, 572.8)(212.0, 578.1)(152.6, 578.1);SD
Port:(139.0, 388.4)(225.6, 388.4)(225.6, 570.7)(139.0, 570.7);GATE
Port:(144.1, 392.5)(220.5, 392.5)(220.5, 398.7)(144.1, 398.7);SD
