Area:(-30.0, -30.0)(1072.2, -30.0)(1072.2, 379.2)(-30.0, 379.2)
Rule:GATE(5,5);SD(5,5);GATE_SD(0.5);GATE_ITO(0.5);SD_ITO(0.5)
Module:M14
Boundary:(797.7, 30.0)(874.2, 30.0)(874.2, 30.2)(889.0, 30.2)(889.0, 172.4)(797.7, 172.4);GATE
Port:(810.0, 168.0)(876.7, 168.0)(876.7, 172.4)(810.0, 172.4);SD
Port:(797.7, 30.0)(874.2, 30.0)(874.2, 30.2)(889.0, 30.2)(889.0, 166.4)(797.7, 166.4);GATE
Port:(804.5, 35.8)(867.4, 35.8)(867.4, 40.3)(804.5, 40.3);SD
Module:M9
Boundary:(157.7, 10.0)(157.7, 107.3)(157.5, 107.3)(157.5, 123.6)(10.0, 123.6)(10.0, 10.0);GATE
Port:(10.0, 22.4)(15.0, 22.4)(15.0, 111.2)(10.0, 111.2);SD
Port:(157.7, 10.0)(157.7, 107.3)(157.5, 107.3)(157.5, 123.6)(17.6, 123.6)(17.6, 10.0);GATE
Port:(147.7, 15.8)(152.9, 15.8)(152.9, 101.5)(147.7, 101.5);SD
Module:M5
Boundary:(363.6, 229.0)(464.9, 229.0)(464.9, 327.5)(363.6, 327.5);GATE
Port:(377.9, 323.2)(450.6, 323.2)(450.6, 327.5)(377.9, 327.5);SD
Port:(363.6, 229.0)(464.9, 229.0)(464.9, 320.3)(363.6, 320.3);GATE
Port:(369.8, 234.2)(458.7, 234.2)(458.7, 240.9)(369.8, 240.9);SD
Module:M11
Boundary:(756.4, 110.7)(756.4, 201.6)(755.9, 201.6)(755.9, 216.2)(569.4, 216.2)(569.4, 110.7);GATE
Port:(569.4, 123.9)(575.3, 123.9)(575.3, 203.0)(569.4, 203.0);SD
Port:(756.4, 110.7)(756.4, 201.6)(755.9, 201.6)(755.9, 216.2)(577.2, 216.2)(577.2, 110.7);GATE
Port:(745.0, 116.5)(751.6, 116.5)(751.6, 195.8)(745.0, 195.8);SD
Module:M1
Boundary:(231.4, 213.7)(297.5, 213.7)(297.5, 213.7)(313.6, 213.7)(313.6, 307.2)(231.4, 307.2);GATE
Port:(245.0, 302.0)(300.0, 302.0)(300.0, 307.2)(245.0, 307.2);SD
Port:(231.4, 213.7)(297.5, 213.7)(297.5, 213.7)(313.6, 213.7)(313.6, 300.6)(231.4, 300.6);GATE
Port:(236.9, 218.2)(292.0, 218.2)(292.0, 224.6)(236.9, 224.6);SD
Module:M6
Boundary:(845.9, 236.2)(845.9, 336.3)(690.5, 336.3)(690.5, 236.2);GATE
Port:(690.5, 250.5)(696.3, 250.5)(696.3, 322.0)(690.5, 322.0);SD
Port:(845.9, 236.2)(845.9, 336.3)(698.1, 336.3)(698.1, 236.2);GATE
Port:(834.4, 241.6)(841.5, 241.6)(841.5, 330.9)(834.4, 330.9);SD
Module:M2
Boundary:(404.0, 20.0)(404.0, 83.3)(187.7, 83.3)(187.7, 20.0);GATE
Port:(187.7, 32.2)(192.1, 32.2)(192.1, 71.1)(187.7, 71.1);SD
Port:(404.0, 20.0)(404.0, 83.3)(194.4, 83.3)(194.4, 20.0);GATE
Port:(393.7, 25.1)(399.9, 25.1)(399.9, 78.2)(393.7, 78.2);SD
Module:M16
Boundary:(670.5, 236.2)(670.5, 339.2)(494.9, 339.2)(494.9, 236.2);GATE
Port:(494.9, 251.6)(499.6, 251.6)(499.6, 323.8)(494.9, 323.8);SD
Port:(670.5, 236.2)(670.5, 339.2)(501.2, 339.2)(501.2, 236.2);GATE
Port:(658.4, 242.6)(665.1, 242.6)(665.1, 332.8)(658.4, 332.8);SD
Module:M13
Boundary:(428.2, 113.3)(428.2, 173.7)(211.4, 173.7)(211.4, 113.3);GATE
Port:(211.4, 125.0)(217.0, 125.0)(217.0, 162.0)(211.4, 162.0);SD
Port:(428.2, 113.3)(428.2, 173.7)(218.9, 173.7)(218.9, 113.3);GATE
Port:(418.6, 119.0)(423.5, 119.0)(423.5, 168.0)(418.6, 168.0);SD
Module:M10
Boundary:(1032.2, 10.0)(1032.2, 114.7)(929.0, 114.7)(929.0, 10.0);GATE
Port:(929.0, 23.6)(933.0, 23.6)(933.0, 101.1)(929.0, 101.1);SD
Port:(1032.2, 10.0)(1032.2, 114.7)(934.7, 114.7)(934.7, 10.0);GATE
Port:(1021.5, 16.3)(1026.9, 16.3)(1026.9, 108.4)(1021.5, 108.4);SD
Module:M7
Boundary:(747.7, 20.0)(747.7, 76.5)(629.6, 76.5)(629.6, 20.0);GATE
Port:(629.6, 31.4)(634.8, 31.4)(634.8, 65.1)(629.6, 65.1);SD
Port:(747.7, 20.0)(747.7, 76.5)(637.0, 76.5)(637.0, 20.0);GATE
Port:(738.0, 25.8)(742.9, 25.8)(742.9, 70.7)(738.0, 70.7);SD
Module:M3
Boundary:(599.6, 10.0)(599.6, 90.7)(434.0, 90.7)(434.0, 10.0);GATE
Port:(434.0, 23.8)(439.0, 23.8)(439.0, 76.9)(434.0, 76.9);SD
Port:(599.6, 10.0)(599.6, 90.7)(441.6, 90.7)(441.6, 10.0);GATE
Port:(587.4, 16.5)(594.1, 16.5)(594.1, 84.2)(587.4, 84.2);SD
Module:M15
Boundary:(191.4, 143.6)(191.4, 241.5)(10.0, 241.5)(10.0, 143.6);GATE
Port:(10.0, 156.5)(15.6, 156.5)(15.6, 228.6)(10.0, 228.6);SD
Port:(191.4, 143.6)(191.4, 241.5)(18.6, 241.5)(18.6, 143.6);GATE
Port:(181.4, 148.8)(187.2, 148.8)(187.2, 236.3)(181.4, 236.3);SD
Module:M12
Boundary:(176.8, 261.5)(176.8, 338.1)(10.0, 338.1)(10.0, 261.5);GATE
Port:(10.0, 273.6)(14.5, 273.6)(14.5, 326.0)(10.0, 326.0);SD
Port:(176.8, 261.5)(176.8, 338.1)(15.7, 338.1)(15.7, 261.5);GATE
Port:(167.0, 267.1)(172.2, 267.1)(172.2, 332.5)(167.0, 332.5);SD
Module:M8
Boundary:(1015.6, 222.4)(1015.6, 329.1)(875.9, 329.1)(875.9, 222.4);GATE
Port:(875.9, 237.3)(881.6, 237.3)(881.6, 314.2)(875.9, 314.2);SD
Port:(1015.6, 222.4)(1015.6, 329.1)(882.8, 329.1)(882.8, 222.4);GATE
Port:(1003.7, 228.6)(1010.4, 228.6)(1010.4, 322.9)(1003.7, 322.9);SD
Module:M4
Boundary:(458.2, 120.7)(526.4, 120.7)(526.4, 121.0)(539.4, 121.0)(539.4, 189.0)(458.2, 189.0);GATE
Port:(469.7, 183.8)(527.9, 183.8)(527.9, 189.0)(469.7, 189.0);SD
Port:(458.2, 120.7)(526.4, 120.7)(526.4, 121.0)(539.4, 121.0)(539.4, 182.5)(458.2, 182.5);GATE
Port:(463.4, 124.9)(521.2, 124.9)(521.2, 130.6)(463.4, 130.6);SD
