Area:(-30.0, -30.0)(766.2, -30.0)(766.2, 439.4)(-30.0, 439.4)
Rule:GATE(5,5);SD(5,5);GATE_SD(0.5);GATE_ITO(0.5);SD_ITO(0.5)
Module:M14
Boundary:(616.3, 30.0)(723.8, 30.0)(723.8, 208.4)(616.3, 208.4);GATE
Port:(631.0, 202.5)(709.1, 202.5)(709.1, 208.4)(631.0, 208.4);SD
Port:(616.3, 30.0)(723.8, 30.0)(723.8, 200.4)(616.3, 200.4);GATE
Port:(622.6, 35.3)(717.5, 35.3)(717.5, 41.6)(622.6, 41.6);SD
Module:M9
Boundary:(115.8, 316.1)(115.8, 399.4)(10.0, 399.4)(10.0, 316.1);GATE
Port:(10.0, 327.5)(14.2, 327.5)(14.2, 388.0)(10.0, 388.0);SD
Port:(115.8, 316.1)(115.8, 399.4)(15.2, 399.4)(15.2, 316.1);GATE
Port:(106.0, 322.0)(110.9, 322.0)(110.9, 393.5)(106.0, 393.5);SD
Module:M5
Boundary:(294.7, 195.8)(294.7, 258.4)(203.4, 258.4)(203.4, 195.8);GATE
Port:(203.4, 209.4)(209.4, 209.4)(209.4, 244.8)(203.4, 244.8);SD
Port:(294.7, 195.8)(294.7, 258.4)(211.9, 258.4)(211.9, 195.8);GATE
Port:(283.2, 202.5)(289.0, 202.5)(289.0, 251.7)(283.2, 251.7);SD
Module:M11
Boundary:(193.4, 10.0)(288.7, 10.0)(288.7, 10.1)(304.5, 10.1)(304.5, 165.8)(193.4, 165.8);GATE
Port:(205.6, 161.7)(292.3, 161.7)(292.3, 165.8)(205.6, 165.8);SD
Port:(193.4, 10.0)(288.7, 10.0)(288.7, 10.1)(304.5, 10.1)(304.5, 159.3)(193.4, 159.3);GATE
Port:(198.7, 14.3)(283.4, 14.3)(283.4, 20.5)(198.7, 20.5);SD
Module:M1
Boundary:(595.4, 296.9)(595.4, 372.2)(595.2, 372.2)(595.2, 386.7)(381.4, 386.7)(381.4, 296.9);GATE
Port:(381.4, 309.5)(386.5, 309.5)(386.5, 374.1)(381.4, 374.1);SD
Port:(595.4, 296.9)(595.4, 372.2)(595.2, 372.2)(595.2, 386.7)(389.4, 386.7)(389.4, 296.9);GATE
Port:(584.5, 302.5)(590.8, 302.5)(590.8, 366.6)(584.5, 366.6);SD
Module:M6
Boundary:(10.0, 10.0)(92.3, 10.0)(92.3, 203.8)(10.0, 203.8);GATE
Port:(23.4, 197.9)(78.9, 197.9)(78.9, 203.8)(23.4, 203.8);SD
Port:(10.0, 10.0)(92.3, 10.0)(92.3, 196.5)(10.0, 196.5);GATE
Port:(16.6, 15.6)(85.7, 15.6)(85.7, 20.6)(16.6, 20.6);SD
Module:M2
Boundary:(445.4, 186.2)(445.4, 246.9)(334.7, 246.9)(334.7, 186.2);GATE
Port:(334.7, 198.6)(339.8, 198.6)(339.8, 234.5)(334.7, 234.5);SD
Port:(445.4, 186.2)(445.4, 246.9)(342.2, 246.9)(342.2, 186.2);GATE
Port:(434.9, 191.7)(440.9, 191.7)(440.9, 241.4)(434.9, 241.4);SD
Module:M16
Boundary:(488.0, 10.0)(558.9, 10.0)(558.9, 10.4)(576.3, 10.4)(576.3, 228.9)(488.0, 228.9);GATE
Port:(502.6, 224.3)(561.7, 224.3)(561.7, 228.9)(502.6, 228.9);SD
Port:(488.0, 10.0)(558.9, 10.0)(558.9, 10.4)(576.3, 10.4)(576.3, 223.0)(488.0, 223.0);GATE
Port:(494.8, 15.8)(552.1, 15.8)(552.1, 21.4)(494.8, 21.4);SD
Module:M13
Boundary:(92.4, 223.8)(92.4, 296.1)(10.0, 296.1)(10.0, 223.8);GATE
Port:(10.0, 237.7)(15.0, 237.7)(15.0, 282.2)(10.0, 282.2);SD
Port:(92.4, 223.8)(92.4, 296.1)(17.4, 296.1)(17.4, 223.8);GATE
Port:(81.5, 229.2)(88.0, 229.2)(88.0, 290.7)(81.5, 290.7);SD
Module:M10
Boundary:(468.0, 10.0)(468.0, 84.9)(324.5, 84.9)(324.5, 10.0);GATE
Port:(324.5, 26.1)(329.2, 26.1)(329.2, 68.8)(324.5, 68.8);SD
Port:(468.0, 10.0)(468.0, 84.9)(331.2, 84.9)(331.2, 10.0);GATE
Port:(455.3, 16.4)(462.6, 16.4)(462.6, 78.5)(455.3, 78.5);SD
Module:M7
Boundary:(268.7, 298.4)(331.4, 298.4)(331.4, 390.4)(268.7, 390.4);GATE
Port:(281.9, 386.1)(318.2, 386.1)(318.2, 390.4)(281.9, 390.4);SD
Port:(268.7, 298.4)(331.4, 298.4)(331.4, 384.4)(268.7, 384.4);GATE
Port:(274.7, 303.4)(325.4, 303.4)(325.4, 309.2)(274.7, 309.2);SD
Module:M3
Boundary:(112.3, 10.0)(158.5, 10.0)(158.5, 10.1)(173.4, 10.1)(173.4, 186.3)(112.3, 186.3);GATE
Port:(124.8, 180.9)(160.9, 180.9)(160.9, 186.3)(124.8, 186.3);SD
Port:(112.3, 10.0)(158.5, 10.0)(158.5, 10.1)(173.4, 10.1)(173.4, 178.7)(112.3, 178.7);GATE
Port:(118.1, 14.8)(152.7, 14.8)(152.7, 20.5)(118.1, 20.5);SD
Module:M15
Boundary:(112.4, 206.3)(173.0, 206.3)(173.0, 288.4)(112.4, 288.4);GATE
Port:(125.0, 282.5)(160.4, 282.5)(160.4, 288.4)(125.0, 288.4);SD
Port:(112.4, 206.3)(173.0, 206.3)(173.0, 280.8)(112.4, 280.8);GATE
Port:(118.2, 211.1)(167.2, 211.1)(167.2, 216.7)(118.2, 216.7);SD
Module:M12
Boundary:(460.7, 104.9)(460.7, 139.3)(460.6, 139.3)(460.6, 156.2)(324.5, 156.2)(324.5, 104.9);GATE
Port:(324.5, 118.5)(329.5, 118.5)(329.5, 142.6)(324.5, 142.6);SD
Port:(460.7, 104.9)(460.7, 139.3)(460.6, 139.3)(460.6, 156.2)(330.6, 156.2)(330.6, 104.9);GATE
Port:(450.0, 111.2)(455.4, 111.2)(455.4, 133.0)(450.0, 133.0);SD
Module:M8
Boundary:(228.7, 318.4)(228.7, 366.3)(228.4, 366.3)(228.4, 381.5)(145.8, 381.5)(145.8, 318.4);GATE
Port:(145.8, 331.7)(150.7, 331.7)(150.7, 368.2)(145.8, 368.2);SD
Port:(228.7, 318.4)(228.7, 366.3)(228.4, 366.3)(228.4, 381.5)(152.8, 381.5)(152.8, 318.4);GATE
Port:(217.5, 324.5)(223.6, 324.5)(223.6, 360.2)(217.5, 360.2);SD
Module:M4
Boundary:(645.4, 258.4)(710.7, 258.4)(710.7, 258.8)(726.2, 258.8)(726.2, 397.7)(645.4, 397.7);GATE
Port:(659.4, 392.8)(712.2, 392.8)(712.2, 397.7)(659.4, 397.7);SD
Port:(645.4, 258.4)(710.7, 258.4)(710.7, 258.8)(726.2, 258.8)(726.2, 390.1)(645.4, 390.1);GATE
Port:(651.1, 263.1)(705.0, 263.1)(705.0, 270.0)(651.1, 270.0);SD
