Area:(-30.0, -30.0)(697.2, -30.0)(697.2, 564.7)(-30.0, 564.7)
Rule:GATE(5,5);SD(5,5);GATE_SD(0.5);GATE_ITO(0.5);SD_ITO(0.5)
Module:M14
Boundary:(114.3, 353.1)(197.6, 353.1)(197.6, 503.3)(114.3, 503.3);GATE
Port:(128.7, 498.2)(183.2, 498.2)(183.2, 503.3)(128.7, 503.3);SD
Port:(114.3, 353.1)(197.6, 353.1)(197.6, 495.4)(114.3, 495.4);GATE
Port:(121.3, 359.1)(190.6, 359.1)(190.6, 364.5)(121.3, 364.5);SD
Module:M9
Boundary:(352.9, 10.0)(416.8, 10.0)(416.8, 157.1)(352.9, 157.1);GATE
Port:(366.4, 152.5)(403.3, 152.5)(403.3, 157.1)(366.4, 157.1);SD
Port:(352.9, 10.0)(416.8, 10.0)(416.8, 149.8)(352.9, 149.8);GATE
Port:(358.7, 14.8)(411.0, 14.8)(411.0, 21.0)(358.7, 21.0);SD
Module:M5
Boundary:(560.1, 124.5)(635.8, 124.5)(635.8, 274.7)(560.1, 274.7);GATE
Port:(573.4, 268.9)(622.5, 268.9)(622.5, 274.7)(573.4, 274.7);SD
Port:(560.1, 124.5)(635.8, 124.5)(635.8, 266.3)(560.1, 266.3);GATE
Port:(566.3, 129.7)(629.6, 129.7)(629.6, 135.9)(566.3, 135.9);SD
Module:M11
Boundary:(271.1, 10.0)(332.9, 10.0)(332.9, 151.2)(271.1, 151.2);GATE
Port:(284.0, 147.1)(320.0, 147.1)(320.0, 151.2)(284.0, 151.2);SD
Port:(271.1, 10.0)(332.9, 10.0)(332.9, 144.2)(271.1, 144.2);GATE
Port:(277.3, 15.2)(326.7, 15.2)(326.7, 21.4)(277.3, 21.4);SD
Module:M1
Boundary:(257.6, 305.8)(352.2, 305.8)(352.2, 503.2)(257.6, 503.2);GATE
Port:(270.1, 499.0)(339.7, 499.0)(339.7, 503.2)(270.1, 503.2);SD
Port:(257.6, 305.8)(352.2, 305.8)(352.2, 497.2)(257.6, 497.2);GATE
Port:(263.5, 310.7)(346.3, 310.7)(346.3, 315.9)(263.5, 315.9);SD
Module:M6
Boundary:(10.0, 333.1)(58.8, 333.1)(58.8, 333.2)(74.3, 333.2)(74.3, 505.2)(10.0, 505.2);GATE
Port:(22.8, 499.4)(61.5, 499.4)(61.5, 505.2)(22.8, 505.2);SD
Port:(10.0, 333.1)(58.8, 333.1)(58.8, 333.2)(74.3, 333.2)(74.3, 498.4)(10.0, 498.4);GATE
Port:(16.4, 338.5)(52.4, 338.5)(52.4, 344.4)(16.4, 344.4);SD
Module:M2
Boundary:(558.7, 316.6)(558.7, 394.0)(402.2, 394.0)(402.2, 316.6);GATE
Port:(402.2, 328.8)(406.3, 328.8)(406.3, 381.8)(402.2, 381.8);SD
Port:(558.7, 316.6)(558.7, 394.0)(408.5, 394.0)(408.5, 316.6);GATE
Port:(549.0, 322.1)(554.2, 322.1)(554.2, 388.5)(549.0, 388.5);SD
Module:M16
Boundary:(588.7, 304.7)(644.1, 304.7)(644.1, 304.9)(657.2, 304.9)(657.2, 524.7)(588.7, 524.7);GATE
Port:(600.2, 519.2)(645.7, 519.2)(645.7, 524.7)(600.2, 524.7);SD
Port:(588.7, 304.7)(644.1, 304.7)(644.1, 304.9)(657.2, 304.9)(657.2, 517.7)(588.7, 517.7);GATE
Port:(594.7, 309.7)(638.1, 309.7)(638.1, 314.3)(594.7, 314.3);SD
Module:M13
Boundary:(157.0, 10.0)(251.1, 10.0)(251.1, 133.5)(157.0, 133.5);GATE
Port:(168.3, 129.0)(239.8, 129.0)(239.8, 133.5)(168.3, 133.5);SD
Port:(157.0, 10.0)(251.1, 10.0)(251.1, 126.7)(157.0, 126.7);GATE
Port:(162.2, 14.2)(245.9, 14.2)(245.9, 18.9)(162.2, 18.9);SD
Module:M10
Boundary:(195.8, 263.8)(195.8, 313.1)(10.0, 313.1)(10.0, 263.8);GATE
Port:(10.0, 276.1)(14.6, 276.1)(14.6, 300.8)(10.0, 300.8);SD
Port:(195.8, 263.8)(195.8, 313.1)(16.4, 313.1)(16.4, 263.8);GATE
Port:(186.4, 269.0)(191.6, 269.0)(191.6, 307.9)(186.4, 307.9);SD
Module:M7
Boundary:(452.2, 124.5)(502.7, 124.5)(502.7, 124.6)(520.1, 124.6)(520.1, 276.6)(452.2, 276.6);GATE
Port:(465.2, 272.4)(507.1, 272.4)(507.1, 276.6)(465.2, 276.6);SD
Port:(452.2, 124.5)(502.7, 124.5)(502.7, 124.6)(520.1, 124.6)(520.1, 269.8)(452.2, 269.8);GATE
Port:(457.3, 128.6)(497.6, 128.6)(497.6, 134.3)(457.3, 134.3);SD
Module:M3
Boundary:(531.3, 424.0)(531.3, 502.2)(531.3, 502.2)(531.3, 517.8)(392.2, 517.8)(392.2, 424.0);GATE
Port:(392.2, 435.8)(397.7, 435.8)(397.7, 506.0)(392.2, 506.0);SD
Port:(531.3, 424.0)(531.3, 502.2)(531.3, 502.2)(531.3, 517.8)(399.3, 517.8)(399.3, 424.0);GATE
Port:(521.2, 429.3)(527.0, 429.3)(527.0, 496.9)(521.2, 496.9);SD
Module:M15
Boundary:(422.2, 177.1)(422.2, 248.6)(422.1, 248.6)(422.1, 265.8)(233.0, 265.8)(233.0, 177.1);GATE
Port:(233.0, 192.5)(238.5, 192.5)(238.5, 250.4)(233.0, 250.4);SD
Port:(422.2, 177.1)(422.2, 248.6)(422.1, 248.6)(422.1, 265.8)(239.8, 265.8)(239.8, 177.1);GATE
Port:(410.3, 184.1)(416.2, 184.1)(416.2, 241.6)(410.3, 241.6);SD
Module:M12
Boundary:(213.0, 153.5)(213.0, 229.0)(212.8, 229.0)(212.8, 243.8)(10.0, 243.8)(10.0, 153.5);GATE
Port:(10.0, 165.9)(15.6, 165.9)(15.6, 231.4)(10.0, 231.4);SD
Port:(213.0, 153.5)(213.0, 229.0)(212.8, 229.0)(212.8, 243.8)(17.7, 243.8)(17.7, 153.5);GATE
Port:(202.4, 159.2)(208.3, 159.2)(208.3, 223.3)(202.4, 223.3);SD
Module:M8
Boundary:(20.0, 20.0)(127.0, 20.0)(127.0, 94.0)(20.0, 94.0);GATE
Port:(33.6, 88.3)(113.4, 88.3)(113.4, 94.0)(33.6, 94.0);SD
Port:(20.0, 20.0)(127.0, 20.0)(127.0, 85.9)(20.0, 85.9);GATE
Port:(25.4, 24.4)(121.6, 24.4)(121.6, 30.7)(25.4, 30.7);SD
Module:M4
Boundary:(594.4, 20.0)(594.4, 68.5)(594.1, 68.5)(594.1, 84.5)(446.8, 84.5)(446.8, 20.0);GATE
Port:(446.8, 32.8)(452.2, 32.8)(452.2, 71.7)(446.8, 71.7);SD
Port:(594.4, 20.0)(594.4, 68.5)(594.1, 68.5)(594.1, 84.5)(454.8, 84.5)(454.8, 20.0);GATE
Port:(584.2, 25.7)(589.7, 25.7)(589.7, 62.8)(584.2, 62.8);SD
