Area:(-30.0, -30.0)(642.4, -30.0)(642.4, 630.2)(-30.0, 630.2)
Rule:GATE(5,5);SD(5,5);GATE_SD(0.5);GATE_ITO(0.5);SD_ITO(0.5)
Module:M14
Boundary:(258.1, 156.7)(258.1, 218.1)(257.9, 218.1)(257.9, 233.6)(154.0, 233.6)(154.0, 156.7);GATE
Port:(154.0, 168.0)(158.6, 168.0)(158.6, 222.3)(154.0, 222.3);SD
Port:(258.1, 156.7)(258.1, 218.1)(257.9, 218.1)(257.9, 233.6)(160.2, 233.6)(160.2, 156.7);GATE
Port:(248.9, 162.2)(253.6, 162.2)(253.6, 212.6)(248.9, 212.6);SD
Module:M9
Boundary:(322.5, 179.6)(381.3, 179.6)(381.3, 179.7)(394.7, 179.7)(394.7, 353.5)(322.5, 353.5);GATE
Port:(335.2, 348.3)(382.0, 348.3)(382.0, 353.5)(335.2, 353.5);SD
Port:(322.5, 179.6)(381.3, 179.6)(381.3, 179.7)(394.7, 179.7)(394.7, 346.5)(322.5, 346.5);GATE
Port:(329.0, 185.1)(374.8, 185.1)(374.8, 190.6)(329.0, 190.6);SD
Module:M5
Boundary:(20.0, 20.0)(87.0, 20.0)(87.0, 20.3)(104.0, 20.3)(104.0, 237.5)(20.0, 237.5);GATE
Port:(33.3, 233.4)(90.7, 233.4)(90.7, 237.5)(33.3, 237.5);SD
Port:(20.0, 20.0)(87.0, 20.0)(87.0, 20.3)(104.0, 20.3)(104.0, 232.0)(20.0, 232.0);GATE
Port:(25.6, 24.6)(81.4, 24.6)(81.4, 30.2)(25.6, 30.2);SD
Module:M11
Boundary:(524.3, 254.3)(573.6, 254.3)(573.6, 254.6)(588.7, 254.6)(588.7, 466.3)(524.3, 466.3);GATE
Port:(538.4, 460.8)(574.6, 460.8)(574.6, 466.3)(538.4, 466.3);SD
Port:(524.3, 254.3)(573.6, 254.3)(573.6, 254.6)(588.7, 254.6)(588.7, 458.9)(524.3, 458.9);GATE
Port:(529.6, 258.6)(568.3, 258.6)(568.3, 266.2)(529.6, 266.2);SD
Module:M1
Boundary:(252.2, 507.1)(252.2, 552.5)(252.2, 552.5)(252.2, 567.9)(30.0, 567.9)(30.0, 507.1);GATE
Port:(30.0, 518.7)(34.5, 518.7)(34.5, 556.3)(30.0, 556.3);SD
Port:(252.2, 507.1)(252.2, 552.5)(252.2, 552.5)(252.2, 567.9)(37.3, 567.9)(37.3, 507.1);GATE
Port:(242.8, 512.2)(248.1, 512.2)(248.1, 547.4)(242.8, 547.4);SD
Module:M6
Boundary:(558.0, 10.0)(602.4, 10.0)(602.4, 234.3)(558.0, 234.3);GATE
Port:(570.1, 228.3)(590.3, 228.3)(590.3, 234.3)(570.1, 234.3);SD
Port:(558.0, 10.0)(602.4, 10.0)(602.4, 225.4)(558.0, 225.4);GATE
Port:(564.1, 15.1)(596.3, 15.1)(596.3, 20.2)(564.1, 20.2);SD
Module:M2
Boundary:(578.9, 496.5)(578.9, 579.8)(437.9, 579.8)(437.9, 496.5);GATE
Port:(437.9, 509.6)(443.2, 509.6)(443.2, 566.7)(437.9, 566.7);SD
Port:(578.9, 496.5)(578.9, 579.8)(444.7, 579.8)(444.7, 496.5);GATE
Port:(568.5, 502.1)(574.3, 502.1)(574.3, 574.2)(568.5, 574.2);SD
Module:M16
Boundary:(10.0, 384.3)(72.1, 384.3)(72.1, 467.1)(10.0, 467.1);GATE
Port:(22.7, 461.9)(59.4, 461.9)(59.4, 467.1)(22.7, 467.1);SD
Port:(10.0, 384.3)(72.1, 384.3)(72.1, 460.2)(10.0, 460.2);GATE
Port:(15.5, 388.8)(66.6, 388.8)(66.6, 395.3)(15.5, 395.3);SD
Module:M13
Boundary:(302.5, 10.0)(302.5, 116.7)(134.0, 116.7)(134.0, 10.0);GATE
Port:(134.0, 22.3)(138.4, 22.3)(138.4, 104.4)(134.0, 104.4);SD
Port:(302.5, 10.0)(302.5, 116.7)(139.7, 116.7)(139.7, 10.0);GATE
Port:(292.5, 15.2)(298.3, 15.2)(298.3, 111.5)(292.5, 111.5);SD
Module:M10
Boundary:(103.6, 267.5)(103.6, 349.1)(103.3, 349.1)(103.3, 364.3)(10.0, 364.3)(10.0, 267.5);GATE
Port:(10.0, 281.5)(14.0, 281.5)(14.0, 350.3)(10.0, 350.3);SD
Port:(103.6, 267.5)(103.6, 349.1)(103.3, 349.1)(103.3, 364.3)(16.8, 364.3)(16.8, 267.5);GATE
Port:(91.1, 274.5)(97.6, 274.5)(97.6, 342.1)(91.1, 342.1);SD
Module:M7
Boundary:(424.7, 189.6)(494.3, 189.6)(494.3, 282.8)(424.7, 282.8);GATE
Port:(438.6, 278.0)(480.4, 278.0)(480.4, 282.8)(438.6, 282.8);SD
Port:(424.7, 189.6)(494.3, 189.6)(494.3, 275.3)(424.7, 275.3);GATE
Port:(430.2, 194.1)(488.8, 194.1)(488.8, 200.6)(430.2, 200.6);SD
Module:M3
Boundary:(495.9, 373.5)(495.9, 451.4)(495.8, 451.4)(495.8, 466.5)(322.5, 466.5)(322.5, 373.5);GATE
Port:(322.5, 385.8)(327.4, 385.8)(327.4, 454.2)(322.5, 454.2);SD
Port:(495.9, 373.5)(495.9, 451.4)(495.8, 451.4)(495.8, 466.5)(330.0, 466.5)(330.0, 373.5);GATE
Port:(485.3, 378.6)(491.8, 378.6)(491.8, 446.3)(485.3, 446.3);SD
Module:M15
Boundary:(407.9, 486.7)(407.9, 576.0)(407.8, 576.0)(407.8, 590.2)(292.2, 590.2)(292.2, 486.7);GATE
Port:(292.2, 499.5)(297.9, 499.5)(297.9, 577.4)(292.2, 577.4);SD
Port:(407.9, 486.7)(407.9, 576.0)(407.8, 576.0)(407.8, 590.2)(300.4, 590.2)(300.4, 486.7);GATE
Port:(397.2, 493.3)(402.3, 493.3)(402.3, 569.4)(397.2, 569.4);SD
Module:M12
Boundary:(298.5, 385.6)(298.5, 466.7)(92.1, 466.7)(92.1, 385.6);GATE
Port:(92.1, 399.2)(97.6, 399.2)(97.6, 453.1)(92.1, 453.1);SD
Port:(298.5, 385.6)(298.5, 466.7)(98.9, 466.7)(98.9, 385.6);GATE
Port:(287.1, 390.8)(294.3, 390.8)(294.3, 461.5)(287.1, 461.5);SD
Module:M8
Boundary:(289.8, 283.6)(289.8, 337.7)(289.7, 337.7)(289.7, 355.6)(133.6, 355.6)(133.6, 283.6);GATE
Port:(133.6, 298.0)(139.1, 298.0)(139.1, 341.2)(133.6, 341.2);SD
Port:(289.8, 283.6)(289.8, 337.7)(289.7, 337.7)(289.7, 355.6)(141.4, 355.6)(141.4, 283.6);GATE
Port:(278.3, 289.4)(285.0, 289.4)(285.0, 331.9)(278.3, 331.9);SD
Module:M4
Boundary:(528.0, 20.0)(528.0, 149.6)(332.5, 149.6)(332.5, 20.0);GATE
Port:(332.5, 35.2)(337.5, 35.2)(337.5, 134.4)(332.5, 134.4);SD
Port:(528.0, 20.0)(528.0, 149.6)(339.6, 149.6)(339.6, 20.0);GATE
Port:(515.9, 26.5)(522.5, 26.5)(522.5, 143.1)(515.9, 143.1);SD
