Area:(-30.0, -30.0)(506.2, -30.0)(506.2, 688.7)(-30.0, 688.7)
Rule:GATE(5,5);SD(5,5);GATE_SD(0.5);GATE_ITO(0.5);SD_ITO(0.5)
Module:M14
Boundary:(190.6, 501.6)(244.2, 501.6)(244.2, 501.9)(261.0, 501.9)(261.0, 628.4)(190.6, 628.4);GATE
Port:(205.6, 623.2)(246.0, 623.2)(246.0, 628.4)(205.6, 628.4);SD
Port:(190.6, 501.6)(244.2, 501.6)(244.2, 501.9)(261.0, 501.9)(261.0, 620.5)(190.6, 620.5);GATE
Port:(196.9, 506.9)(237.9, 506.9)(237.9, 513.4)(196.9, 513.4);SD
Module:M9
Boundary:(128.7, 355.1)(128.7, 446.6)(10.0, 446.6)(10.0, 355.1);GATE
Port:(10.0, 367.6)(15.1, 367.6)(15.1, 434.1)(10.0, 434.1);SD
Port:(128.7, 355.1)(128.7, 446.6)(17.9, 446.6)(17.9, 355.1);GATE
Port:(118.3, 361.9)(122.9, 361.9)(122.9, 439.8)(118.3, 439.8);SD
Module:M5
Boundary:(374.5, 195.2)(446.3, 195.2)(446.3, 195.6)(460.1, 195.6)(460.1, 356.0)(374.5, 356.0);GATE
Port:(386.6, 350.9)(448.0, 350.9)(448.0, 356.0)(386.6, 356.0);SD
Port:(374.5, 195.2)(446.3, 195.2)(446.3, 195.6)(460.1, 195.6)(460.1, 347.9)(374.5, 347.9);GATE
Port:(379.8, 199.5)(441.0, 199.5)(441.0, 205.2)(379.8, 205.2);SD
Module:M11
Boundary:(165.1, 267.9)(165.1, 335.1)(10.0, 335.1)(10.0, 267.9);GATE
Port:(10.0, 281.5)(14.8, 281.5)(14.8, 321.5)(10.0, 321.5);SD
Port:(165.1, 267.9)(165.1, 335.1)(16.3, 335.1)(16.3, 267.9);GATE
Port:(154.4, 273.0)(161.0, 273.0)(161.0, 330.0)(154.4, 330.0);SD
Module:M1
Boundary:(219.0, 155.9)(307.3, 155.9)(307.3, 156.2)(324.5, 156.2)(324.5, 331.4)(219.0, 331.4);GATE
Port:(233.8, 327.4)(309.7, 327.4)(309.7, 331.4)(233.8, 331.4);SD
Port:(219.0, 155.9)(307.3, 155.9)(307.3, 156.2)(324.5, 156.2)(324.5, 324.5)(219.0, 324.5);GATE
Port:(225.4, 161.3)(300.9, 161.3)(300.9, 167.3)(225.4, 167.3);SD
Module:M6
Boundary:(369.8, 10.0)(369.8, 115.9)(252.9, 115.9)(252.9, 10.0);GATE
Port:(252.9, 23.7)(258.2, 23.7)(258.2, 102.2)(252.9, 102.2);SD
Port:(369.8, 10.0)(369.8, 115.9)(261.1, 115.9)(261.1, 10.0);GATE
Port:(357.7, 16.6)(364.2, 16.6)(364.2, 109.3)(357.7, 109.3);SD
Module:M2
Boundary:(399.8, 20.0)(445.1, 20.0)(445.1, 20.1)(459.7, 20.1)(459.7, 155.2)(399.8, 155.2);GATE
Port:(411.8, 150.2)(447.7, 150.2)(447.7, 155.2)(411.8, 155.2);SD
Port:(399.8, 20.0)(445.1, 20.0)(445.1, 20.1)(459.7, 20.1)(459.7, 147.4)(399.8, 147.4);GATE
Port:(405.3, 24.5)(439.6, 24.5)(439.6, 29.6)(405.3, 29.6);SD
Module:M16
Boundary:(117.1, 122.4)(179.0, 122.4)(179.0, 247.9)(117.1, 247.9);GATE
Port:(130.0, 243.8)(166.1, 243.8)(166.1, 247.9)(130.0, 247.9);SD
Port:(117.1, 122.4)(179.0, 122.4)(179.0, 242.3)(117.1, 242.3);GATE
Port:(122.9, 127.2)(173.2, 127.2)(173.2, 133.1)(122.9, 133.1);SD
Module:M13
Boundary:(150.6, 588.1)(150.6, 634.6)(150.5, 634.6)(150.5, 648.6)(10.0, 648.6)(10.0, 588.1);GATE
Port:(10.0, 601.1)(14.1, 601.1)(14.1, 635.6)(10.0, 635.6);SD
Port:(150.6, 588.1)(150.6, 634.6)(150.5, 634.6)(150.5, 648.6)(16.5, 648.6)(16.5, 588.1);GATE
Port:(139.2, 593.6)(146.1, 593.6)(146.1, 629.1)(139.2, 629.1);SD
Module:M10
Boundary:(232.9, 10.0)(232.9, 89.5)(232.7, 89.5)(232.7, 102.4)(117.1, 102.4)(117.1, 10.0);GATE
Port:(117.1, 20.8)(121.6, 20.8)(121.6, 91.6)(117.1, 91.6);SD
Port:(232.9, 10.0)(232.9, 89.5)(232.7, 89.5)(232.7, 102.4)(122.7, 102.4)(122.7, 10.0);GATE
Port:(223.9, 16.0)(227.9, 16.0)(227.9, 83.5)(223.9, 83.5);SD
Module:M7
Boundary:(460.7, 396.0)(460.7, 457.6)(334.7, 457.6)(334.7, 396.0);GATE
Port:(334.7, 408.3)(340.4, 408.3)(340.4, 445.3)(334.7, 445.3);SD
Port:(460.7, 396.0)(460.7, 457.6)(341.5, 457.6)(341.5, 396.0);GATE
Port:(450.1, 401.0)(456.7, 401.0)(456.7, 452.6)(450.1, 452.6);SD
Module:M3
Boundary:(10.0, 10.0)(97.1, 10.0)(97.1, 233.8)(10.0, 233.8);GATE
Port:(21.9, 227.9)(85.2, 227.9)(85.2, 233.8)(21.9, 233.8);SD
Port:(10.0, 10.0)(97.1, 10.0)(97.1, 226.6)(10.0, 226.6);GATE
Port:(16.0, 15.0)(91.1, 15.0)(91.1, 20.3)(16.0, 20.3);SD
Module:M15
Boundary:(10.0, 466.6)(94.6, 466.6)(94.6, 467.0)(110.9, 467.0)(110.9, 568.1)(10.0, 568.1);GATE
Port:(24.1, 562.8)(96.8, 562.8)(96.8, 568.1)(24.1, 568.1);SD
Port:(10.0, 466.6)(94.6, 466.6)(94.6, 467.0)(110.9, 467.0)(110.9, 560.5)(10.0, 560.5);GATE
Port:(17.0, 472.6)(87.6, 472.6)(87.6, 477.9)(17.0, 477.9);SD
Module:M12
Boundary:(301.0, 487.6)(378.9, 487.6)(378.9, 648.7)(301.0, 648.7);GATE
Port:(314.1, 643.8)(365.8, 643.8)(365.8, 648.7)(314.1, 648.7);SD
Port:(301.0, 487.6)(378.9, 487.6)(378.9, 642.5)(301.0, 642.5);GATE
Port:(307.7, 493.3)(372.2, 493.3)(372.2, 499.1)(307.7, 499.1);SD
Module:M8
Boundary:(294.7, 381.4)(294.7, 451.6)(158.7, 451.6)(158.7, 381.4);GATE
Port:(158.7, 396.9)(163.1, 396.9)(163.1, 436.1)(158.7, 436.1);SD
Port:(294.7, 381.4)(294.7, 451.6)(164.4, 451.6)(164.4, 381.4);GATE
Port:(282.4, 387.9)(289.2, 387.9)(289.2, 445.1)(282.4, 445.1);SD
Module:M4
Boundary:(408.9, 497.6)(466.2, 497.6)(466.2, 619.8)(408.9, 619.8);GATE
Port:(420.6, 615.6)(454.5, 615.6)(454.5, 619.8)(420.6, 619.8);SD
Port:(408.9, 497.6)(466.2, 497.6)(466.2, 613.2)(408.9, 613.2);GATE
Port:(413.9, 501.6)(461.2, 501.6)(461.2, 507.6)(413.9, 507.6);SD
