Area:(-30.0, -30.0)(736.7, -30.0)(736.7, 516.6)(-30.0, 516.6)
Rule:GATE(5,5);SD(5,5);GATE_SD(0.5);GATE_ITO(0.5);SD_ITO(0.5)
Module:M14
Boundary:(414.5, 30.0)(539.7, 30.0)(539.7, 161.8)(414.5, 161.8);GATE
Port:(429.4, 157.4)(524.8, 157.4)(524.8, 161.8)(429.4, 161.8);SD
Port:(414.5, 30.0)(539.7, 30.0)(539.7, 154.8)(414.5, 154.8);GATE
Port:(419.7, 34.2)(534.5, 34.2)(534.5, 41.5)(419.7, 41.5);SD
Module:M9
Boundary:(339.7, 375.4)(339.7, 459.7)(339.4, 459.7)(339.4, 475.8)(132.9, 475.8)(132.9, 375.4);GATE
Port:(132.9, 390.0)(138.8, 390.0)(138.8, 461.2)(132.9, 461.2);SD
Port:(339.7, 375.4)(339.7, 459.7)(339.4, 459.7)(339.4, 475.8)(141.5, 475.8)(141.5, 375.4);GATE
Port:(327.5, 381.1)(335.0, 381.1)(335.0, 454.0)(327.5, 454.0);SD
Module:M5
Boundary:(589.7, 20.0)(660.1, 20.0)(660.1, 20.1)(676.6, 20.1)(676.6, 175.3)(589.7, 175.3);GATE
Port:(604.7, 170.8)(661.6, 170.8)(661.6, 175.3)(604.7, 175.3);SD
Port:(589.7, 20.0)(660.1, 20.0)(660.1, 20.1)(676.6, 20.1)(676.6, 169.7)(589.7, 169.7);GATE
Port:(596.1, 25.4)(653.7, 25.4)(653.7, 32.8)(596.1, 32.8);SD
Module:M11
Boundary:(345.3, 254.3)(345.3, 341.1)(345.2, 341.1)(345.2, 355.4)(232.8, 355.4)(232.8, 254.3);GATE
Port:(232.8, 265.8)(237.3, 265.8)(237.3, 343.9)(232.8, 343.9);SD
Port:(345.3, 254.3)(345.3, 341.1)(345.2, 341.1)(345.2, 355.4)(238.7, 355.4)(238.7, 254.3);GATE
Port:(336.1, 259.6)(341.0, 259.6)(341.0, 335.8)(336.1, 335.8);SD
Module:M1
Boundary:(30.0, 30.0)(79.0, 30.0)(79.0, 30.1)(94.3, 30.1)(94.3, 256.7)(30.0, 256.7);GATE
Port:(43.2, 252.7)(81.1, 252.7)(81.1, 256.7)(43.2, 256.7);SD
Port:(30.0, 30.0)(79.0, 30.0)(79.0, 30.1)(94.3, 30.1)(94.3, 249.7)(30.0, 249.7);GATE
Port:(36.4, 35.4)(72.6, 35.4)(72.6, 40.8)(36.4, 40.8);SD
Module:M6
Boundary:(134.3, 253.4)(212.8, 253.4)(212.8, 345.8)(134.3, 345.8);GATE
Port:(147.9, 340.7)(199.2, 340.7)(199.2, 345.8)(147.9, 345.8);SD
Port:(134.3, 253.4)(212.8, 253.4)(212.8, 338.1)(134.3, 338.1);GATE
Port:(139.7, 257.8)(207.4, 257.8)(207.4, 264.7)(139.7, 264.7);SD
Module:M2
Boundary:(388.2, 211.8)(452.2, 211.8)(452.2, 284.3)(388.2, 284.3);GATE
Port:(401.6, 278.5)(438.8, 278.5)(438.8, 284.3)(401.6, 284.3);SD
Port:(388.2, 211.8)(452.2, 211.8)(452.2, 277.2)(388.2, 277.2);GATE
Port:(393.4, 216.0)(447.0, 216.0)(447.0, 222.7)(393.4, 222.7);SD
Module:M16
Boundary:(374.5, 10.0)(374.5, 60.1)(374.3, 60.1)(374.3, 75.7)(267.3, 75.7)(267.3, 10.0);GATE
Port:(267.3, 24.2)(271.5, 24.2)(271.5, 61.5)(267.3, 61.5);SD
Port:(374.5, 10.0)(374.5, 60.1)(374.3, 60.1)(374.3, 75.7)(274.2, 75.7)(274.2, 10.0);GATE
Port:(363.2, 16.9)(368.6, 16.9)(368.6, 53.2)(363.2, 53.2);SD
Module:M13
Boundary:(10.0, 403.6)(102.2, 403.6)(102.2, 476.6)(10.0, 476.6);GATE
Port:(25.0, 472.2)(87.2, 472.2)(87.2, 476.6)(25.0, 476.6);SD
Port:(10.0, 403.6)(102.2, 403.6)(102.2, 469.7)(10.0, 469.7);GATE
Port:(16.5, 409.1)(95.7, 409.1)(95.7, 415.6)(16.5, 415.6);SD
Module:M10
Boundary:(694.3, 394.6)(694.3, 475.1)(482.4, 475.1)(482.4, 394.6);GATE
Port:(482.4, 407.0)(486.7, 407.0)(486.7, 462.7)(482.4, 462.7);SD
Port:(694.3, 394.6)(694.3, 475.1)(488.1, 475.1)(488.1, 394.6);GATE
Port:(684.3, 399.7)(690.2, 399.7)(690.2, 470.0)(684.3, 470.0);SD
Module:M7
Boundary:(102.9, 306.7)(102.9, 373.6)(20.0, 373.6)(20.0, 306.7);GATE
Port:(20.0, 320.5)(25.2, 320.5)(25.2, 359.8)(20.0, 359.8);SD
Port:(102.9, 306.7)(102.9, 373.6)(27.9, 373.6)(27.9, 306.7);GATE
Port:(91.9, 312.7)(97.9, 312.7)(97.9, 367.6)(91.9, 367.6);SD
Module:M3
Boundary:(599.5, 205.3)(696.7, 205.3)(696.7, 374.6)(599.5, 374.6);GATE
Port:(611.9, 370.6)(684.3, 370.6)(684.3, 374.6)(611.9, 374.6);SD
Port:(599.5, 205.3)(696.7, 205.3)(696.7, 368.9)(599.5, 368.9);GATE
Port:(604.8, 209.6)(691.4, 209.6)(691.4, 214.7)(604.8, 214.7);SD
Module:M15
Boundary:(267.3, 95.7)(358.2, 95.7)(358.2, 234.3)(267.3, 234.3);GATE
Port:(279.6, 229.3)(345.9, 229.3)(345.9, 234.3)(279.6, 234.3);SD
Port:(267.3, 95.7)(358.2, 95.7)(358.2, 227.4)(267.3, 227.4);GATE
Port:(272.7, 100.1)(352.8, 100.1)(352.8, 105.2)(272.7, 105.2);SD
Module:M12
Boundary:(365.3, 314.3)(462.4, 314.3)(462.4, 466.9)(365.3, 466.9);GATE
Port:(377.9, 462.4)(449.8, 462.4)(449.8, 466.9)(377.9, 466.9);SD
Port:(365.3, 314.3)(462.4, 314.3)(462.4, 460.5)(365.3, 460.5);GATE
Port:(370.6, 318.6)(457.1, 318.6)(457.1, 324.4)(370.6, 324.4);SD
Module:M8
Boundary:(144.3, 20.0)(219.1, 20.0)(219.1, 20.4)(237.3, 20.4)(237.3, 223.4)(144.3, 223.4);GATE
Port:(159.6, 218.5)(222.0, 218.5)(222.0, 223.4)(159.6, 223.4);SD
Port:(144.3, 20.0)(219.1, 20.0)(219.1, 20.4)(237.3, 20.4)(237.3, 216.1)(144.3, 216.1);GATE
Port:(151.3, 26.0)(212.1, 26.0)(212.1, 32.1)(151.3, 32.1);SD
Module:M4
Boundary:(492.4, 215.3)(569.5, 215.3)(569.5, 321.7)(492.4, 321.7);GATE
Port:(505.1, 315.7)(556.8, 315.7)(556.8, 321.7)(505.1, 321.7);SD
Port:(492.4, 215.3)(569.5, 215.3)(569.5, 313.9)(492.4, 313.9);GATE
Port:(498.3, 220.2)(563.6, 220.2)(563.6, 225.9)(498.3, 225.9);SD
