Area:(-30.0, -30.0)(627.1, -30.0)(627.1, 581.0)(-30.0, 581.0)
Rule:GATE(5,5);SD(5,5);GATE_SD(0.5);GATE_ITO(0.5);SD_ITO(0.5)
Module:M14
Boundary:(345.1, 290.1)(345.1, 363.4)(344.7, 363.4)(344.7, 381.6)(173.2, 381.6)(173.2, 290.1);GATE
Port:(173.2, 304.7)(178.1, 304.7)(178.1, 367.0)(173.2, 367.0);SD
Port:(345.1, 290.1)(345.1, 363.4)(344.7, 363.4)(344.7, 381.6)(180.0, 381.6)(180.0, 290.1);GATE
Port:(333.7, 296.1)(340.1, 296.1)(340.1, 357.4)(333.7, 357.4);SD
Module:M9
Boundary:(269.9, 10.0)(269.9, 92.8)(269.6, 92.8)(269.6, 109.0)(82.7, 109.0)(82.7, 10.0);GATE
Port:(82.7, 23.9)(88.5, 23.9)(88.5, 95.1)(82.7, 95.1);SD
Port:(269.9, 10.0)(269.9, 92.8)(269.6, 92.8)(269.6, 109.0)(91.3, 109.0)(91.3, 10.0);GATE
Port:(259.2, 15.9)(265.0, 15.9)(265.0, 86.9)(259.2, 86.9);SD
Module:M5
Boundary:(586.9, 280.4)(586.9, 372.2)(517.0, 372.2)(517.0, 280.4);GATE
Port:(517.0, 292.5)(521.4, 292.5)(521.4, 360.1)(517.0, 360.1);SD
Port:(586.9, 280.4)(586.9, 372.2)(524.1, 372.2)(524.1, 280.4);GATE
Port:(576.7, 285.6)(582.7, 285.6)(582.7, 367.0)(576.7, 367.0);SD
Module:M11
Boundary:(10.0, 10.0)(62.7, 10.0)(62.7, 177.9)(10.0, 177.9);GATE
Port:(25.0, 172.3)(47.7, 172.3)(47.7, 177.9)(25.0, 177.9);SD
Port:(10.0, 10.0)(62.7, 10.0)(62.7, 170.8)(10.0, 170.8);GATE
Port:(17.0, 16.0)(55.7, 16.0)(55.7, 21.8)(17.0, 21.8);SD
Module:M1
Boundary:(487.7, 447.6)(487.7, 519.1)(295.3, 519.1)(295.3, 447.6);GATE
Port:(295.3, 462.5)(300.7, 462.5)(300.7, 504.2)(295.3, 504.2);SD
Port:(487.7, 447.6)(487.7, 519.1)(303.7, 519.1)(303.7, 447.6);GATE
Port:(476.0, 453.8)(482.5, 453.8)(482.5, 512.9)(476.0, 512.9);SD
Module:M6
Boundary:(481.9, 341.7)(481.9, 392.1)(481.7, 392.1)(481.7, 407.6)(385.1, 407.6)(385.1, 341.7);GATE
Port:(385.1, 355.8)(390.0, 355.8)(390.0, 393.5)(385.1, 393.5);SD
Port:(481.9, 341.7)(481.9, 392.1)(481.7, 392.1)(481.7, 407.6)(391.7, 407.6)(391.7, 341.7);GATE
Port:(470.1, 348.2)(476.4, 348.2)(476.4, 385.6)(470.1, 385.6);SD
Module:M2
Boundary:(529.7, 20.0)(587.1, 20.0)(587.1, 240.4)(529.7, 240.4);GATE
Port:(541.8, 236.3)(575.0, 236.3)(575.0, 240.4)(541.8, 240.4);SD
Port:(529.7, 20.0)(587.1, 20.0)(587.1, 234.5)(529.7, 234.5);GATE
Port:(535.0, 24.3)(581.8, 24.3)(581.8, 30.2)(535.0, 30.2);SD
Module:M16
Boundary:(132.2, 441.5)(132.2, 524.0)(131.9, 524.0)(131.9, 539.9)(10.0, 539.9)(10.0, 441.5);GATE
Port:(10.0, 455.4)(15.6, 455.4)(15.6, 526.0)(10.0, 526.0);SD
Port:(132.2, 441.5)(132.2, 524.0)(131.9, 524.0)(131.9, 539.9)(17.4, 539.9)(17.4, 441.5);GATE
Port:(120.6, 447.9)(126.8, 447.9)(126.8, 517.6)(120.6, 517.6);SD
Module:M13
Boundary:(371.2, 181.8)(371.2, 245.2)(289.9, 245.2)(289.9, 181.8);GATE
Port:(289.9, 194.5)(294.3, 194.5)(294.3, 232.5)(289.9, 232.5);SD
Port:(371.2, 181.8)(371.2, 245.2)(296.7, 245.2)(296.7, 181.8);GATE
Port:(360.1, 188.2)(365.8, 188.2)(365.8, 238.8)(360.1, 238.8);SD
Module:M10
Boundary:(394.6, 10.0)(499.7, 10.0)(499.7, 167.2)(394.6, 167.2);GATE
Port:(408.1, 162.8)(486.2, 162.8)(486.2, 167.2)(408.1, 167.2);SD
Port:(394.6, 10.0)(499.7, 10.0)(499.7, 160.5)(394.6, 160.5);GATE
Port:(400.6, 15.0)(493.7, 15.0)(493.7, 20.2)(400.6, 20.2);SD
Module:M7
Boundary:(537.7, 412.2)(586.1, 412.2)(586.1, 515.9)(537.7, 515.9);GATE
Port:(551.1, 510.0)(572.7, 510.0)(572.7, 515.9)(551.1, 515.9);SD
Port:(537.7, 412.2)(586.1, 412.2)(586.1, 507.8)(537.7, 507.8);GATE
Port:(544.5, 418.0)(579.3, 418.0)(579.3, 422.7)(544.5, 422.7);SD
Module:M3
Boundary:(255.3, 421.6)(255.3, 541.0)(153.2, 541.0)(153.2, 421.6);GATE
Port:(153.2, 436.2)(158.4, 436.2)(158.4, 526.4)(153.2, 526.4);SD
Port:(255.3, 421.6)(255.3, 541.0)(159.6, 541.0)(159.6, 421.6);GATE
Port:(243.8, 427.3)(250.6, 427.3)(250.6, 535.3)(243.8, 535.3);SD
Module:M15
Boundary:(10.0, 270.1)(133.2, 270.1)(133.2, 421.5)(10.0, 421.5);GATE
Port:(24.8, 415.9)(118.4, 415.9)(118.4, 421.5)(24.8, 421.5);SD
Port:(10.0, 270.1)(133.2, 270.1)(133.2, 413.9)(10.0, 413.9);GATE
Port:(16.5, 275.6)(126.7, 275.6)(126.7, 281.5)(16.5, 281.5);SD
Module:M12
Boundary:(391.2, 187.2)(471.2, 187.2)(471.2, 187.3)(487.0, 187.3)(487.0, 321.7)(391.2, 321.7);GATE
Port:(403.6, 317.6)(474.6, 317.6)(474.6, 321.7)(403.6, 321.7);SD
Port:(391.2, 187.2)(471.2, 187.2)(471.2, 187.3)(487.0, 187.3)(487.0, 315.1)(391.2, 315.1);GATE
Port:(397.6, 192.6)(464.8, 192.6)(464.8, 197.3)(397.6, 197.3);SD
Module:M8
Boundary:(253.8, 139.0)(253.8, 226.6)(253.7, 226.6)(253.7, 240.1)(92.7, 240.1)(92.7, 139.0);GATE
Port:(92.7, 152.5)(96.9, 152.5)(96.9, 226.6)(92.7, 226.6);SD
Port:(253.8, 139.0)(253.8, 226.6)(253.7, 226.6)(253.7, 240.1)(99.4, 240.1)(99.4, 139.0);GATE
Port:(241.8, 145.9)(247.9, 145.9)(247.9, 219.7)(241.8, 219.7);SD
Module:M4
Boundary:(299.9, 20.0)(349.4, 20.0)(349.4, 20.0)(364.6, 20.0)(364.6, 151.8)(299.9, 151.8);GATE
Port:(313.5, 147.2)(351.0, 147.2)(351.0, 151.8)(313.5, 151.8);SD
Port:(299.9, 20.0)(349.4, 20.0)(349.4, 20.0)(364.6, 20.0)(364.6, 144.3)(299.9, 144.3);GATE
Port:(306.9, 26.0)(342.4, 26.0)(342.4, 31.4)(306.9, 31.4);SD
