Area:(-30.0, -30.0)(619.7, -30.0)(619.7, 546.7)(-30.0, 546.7)
Rule:GATE(5,5);SD(5,5);GATE_SD(0.5);GATE_ITO(0.5);SD_ITO(0.5)
Module:M14
Boundary:(553.0, 418.4)(553.0, 486.9)(401.6, 486.9)(401.6, 418.4);GATE
Port:(401.6, 432.3)(407.6, 432.3)(407.6, 473.0)(401.6, 473.0);SD
Port:(553.0, 418.4)(553.0, 486.9)(409.7, 486.9)(409.7, 418.4);GATE
Port:(542.5, 425.2)(547.2, 425.2)(547.2, 480.1)(542.5, 480.1);SD
Module:M9
Boundary:(477.8, 312.7)(477.8, 362.5)(477.5, 362.5)(477.5, 378.4)(381.6, 378.4)(381.6, 312.7);GATE
Port:(381.6, 326.3)(387.5, 326.3)(387.5, 364.8)(381.6, 364.8);SD
Port:(477.8, 312.7)(477.8, 362.5)(477.5, 362.5)(477.5, 378.4)(389.0, 378.4)(389.0, 312.7);GATE
Port:(466.9, 319.1)(472.4, 319.1)(472.4, 356.1)(466.9, 356.1);SD
Module:M5
Boundary:(400.5, 20.0)(432.8, 20.0)(432.8, 20.1)(447.7, 20.1)(447.7, 149.0)(400.5, 149.0);GATE
Port:(413.1, 143.6)(435.1, 143.6)(435.1, 149.0)(413.1, 149.0);SD
Port:(400.5, 20.0)(432.8, 20.0)(432.8, 20.1)(447.7, 20.1)(447.7, 141.0)(400.5, 141.0);GATE
Port:(406.3, 24.8)(427.0, 24.8)(427.0, 30.3)(406.3, 30.3);SD
Module:M11
Boundary:(456.9, 203.2)(550.8, 203.2)(550.8, 203.3)(566.2, 203.3)(566.2, 292.7)(456.9, 292.7);GATE
Port:(469.4, 288.3)(553.7, 288.3)(553.7, 292.7)(469.4, 292.7);SD
Port:(456.9, 203.2)(550.8, 203.2)(550.8, 203.3)(566.2, 203.3)(566.2, 287.1)(456.9, 287.1);GATE
Port:(462.9, 208.2)(544.8, 208.2)(544.8, 213.2)(462.9, 213.2);SD
Module:M1
Boundary:(341.6, 322.2)(341.6, 383.0)(185.6, 383.0)(185.6, 322.2);GATE
Port:(185.6, 334.8)(190.3, 334.8)(190.3, 370.4)(185.6, 370.4);SD
Port:(341.6, 322.2)(341.6, 383.0)(192.0, 383.0)(192.0, 322.2);GATE
Port:(331.4, 327.5)(337.3, 327.5)(337.3, 377.7)(331.4, 377.7);SD
Module:M6
Boundary:(10.0, 138.6)(42.8, 138.6)(42.8, 138.6)(58.4, 138.6)(58.4, 267.1)(10.0, 267.1);GATE
Port:(23.2, 261.8)(45.2, 261.8)(45.2, 267.1)(23.2, 267.1);SD
Port:(10.0, 138.6)(42.8, 138.6)(42.8, 138.6)(58.4, 138.6)(58.4, 259.0)(10.0, 259.0);GATE
Port:(15.7, 143.3)(37.1, 143.3)(37.1, 149.4)(15.7, 149.4);SD
Module:M2
Boundary:(20.0, 297.1)(135.6, 297.1)(135.6, 430.6)(20.0, 430.6);GATE
Port:(34.4, 426.0)(121.2, 426.0)(121.2, 430.6)(34.4, 430.6);SD
Port:(20.0, 297.1)(135.6, 297.1)(135.6, 423.6)(20.0, 423.6);GATE
Port:(26.8, 302.9)(128.8, 302.9)(128.8, 309.3)(26.8, 309.3);SD
Module:M16
Boundary:(10.0, 10.0)(68.7, 10.0)(68.7, 118.6)(10.0, 118.6);GATE
Port:(22.9, 113.5)(55.8, 113.5)(55.8, 118.6)(22.9, 118.6);SD
Port:(10.0, 10.0)(68.7, 10.0)(68.7, 111.8)(10.0, 111.8);GATE
Port:(15.7, 14.7)(63.0, 14.7)(63.0, 21.4)(15.7, 21.4);SD
Module:M13
Boundary:(579.7, 312.7)(579.7, 347.7)(579.7, 347.7)(579.7, 366.4)(497.8, 366.4)(497.8, 312.7);GATE
Port:(497.8, 326.3)(502.0, 326.3)(502.0, 352.8)(497.8, 352.8);SD
Port:(579.7, 312.7)(579.7, 347.7)(579.7, 347.7)(579.7, 366.4)(503.7, 366.4)(503.7, 312.7);GATE
Port:(569.3, 318.0)(575.4, 318.0)(575.4, 342.4)(569.3, 342.4);SD
Module:M10
Boundary:(147.8, 460.6)(147.8, 492.6)(147.7, 492.6)(147.7, 506.7)(10.0, 506.7)(10.0, 460.6);GATE
Port:(10.0, 473.5)(14.6, 473.5)(14.6, 493.8)(10.0, 493.8);SD
Port:(147.8, 460.6)(147.8, 492.6)(147.7, 492.6)(147.7, 506.7)(16.2, 506.7)(16.2, 460.6);GATE
Port:(137.3, 467.5)(141.9, 467.5)(141.9, 485.7)(137.3, 485.7);SD
Module:M7
Boundary:(327.9, 433.0)(327.9, 496.1)(177.8, 496.1)(177.8, 433.0);GATE
Port:(177.8, 446.4)(182.4, 446.4)(182.4, 482.7)(177.8, 482.7);SD
Port:(327.9, 433.0)(327.9, 496.1)(183.6, 496.1)(183.6, 433.0);GATE
Port:(316.7, 439.7)(322.2, 439.7)(322.2, 489.4)(316.7, 489.4);SD
Module:M3
Boundary:(306.3, 10.0)(370.5, 10.0)(370.5, 167.7)(306.3, 167.7);GATE
Port:(320.5, 162.7)(356.3, 162.7)(356.3, 167.7)(320.5, 167.7);SD
Port:(306.3, 10.0)(370.5, 10.0)(370.5, 161.1)(306.3, 161.1);GATE
Port:(312.5, 15.2)(364.3, 15.2)(364.3, 21.5)(312.5, 21.5);SD
Module:M15
Boundary:(477.7, 10.0)(577.4, 10.0)(577.4, 183.2)(477.7, 183.2);GATE
Port:(491.3, 179.1)(563.8, 179.1)(563.8, 183.2)(491.3, 183.2);SD
Port:(477.7, 10.0)(577.4, 10.0)(577.4, 178.0)(477.7, 178.0);GATE
Port:(483.2, 14.5)(571.9, 14.5)(571.9, 20.9)(483.2, 20.9);SD
Module:M12
Boundary:(197.3, 10.0)(286.3, 10.0)(286.3, 169.7)(197.3, 169.7);GATE
Port:(212.2, 164.3)(271.4, 164.3)(271.4, 169.7)(212.2, 169.7);SD
Port:(197.3, 10.0)(286.3, 10.0)(286.3, 162.4)(197.3, 162.4);GATE
Port:(202.4, 14.1)(281.2, 14.1)(281.2, 21.8)(202.4, 21.8);SD
Module:M8
Boundary:(426.9, 199.7)(426.9, 258.1)(426.7, 258.1)(426.7, 272.2)(207.3, 272.2)(207.3, 199.7);GATE
Port:(207.3, 211.0)(212.7, 211.0)(212.7, 260.9)(207.3, 260.9);SD
Port:(426.9, 199.7)(426.9, 258.1)(426.7, 258.1)(426.7, 272.2)(214.6, 272.2)(214.6, 199.7);GATE
Port:(417.2, 205.7)(421.9, 205.7)(421.9, 252.1)(417.2, 252.1);SD
Module:M4
Boundary:(98.7, 20.0)(150.6, 20.0)(150.6, 20.2)(167.3, 20.2)(167.3, 199.3)(98.7, 199.3);GATE
Port:(112.5, 193.7)(153.5, 193.7)(153.5, 199.3)(112.5, 199.3);SD
Port:(98.7, 20.0)(150.6, 20.0)(150.6, 20.2)(167.3, 20.2)(167.3, 191.4)(98.7, 191.4);GATE
Port:(105.5, 25.8)(143.8, 25.8)(143.8, 31.5)(105.5, 31.5);SD
