Area:(-30.0, -30.0)(437.5, -30.0)(437.5, 976.9)(-30.0, 976.9)
Rule:GATE(5,5);SD(5,5);GATE_SD(0.5);GATE_ITO(0.5);SD_ITO(0.5)
Module:M14
Boundary:(30.0, 589.8)(82.8, 589.8)(82.8, 590.1)(99.5, 590.1)(99.5, 783.0)(30.0, 783.0);GATE
Port:(44.6, 777.1)(84.9, 777.1)(84.9, 783.0)(44.6, 783.0);SD
Port:(30.0, 589.8)(82.8, 589.8)(82.8, 590.1)(99.5, 590.1)(99.5, 775.4)(30.0, 775.4);GATE
Port:(36.0, 594.8)(76.8, 594.8)(76.8, 601.6)(36.0, 601.6);SD
Module:M9
Boundary:(328.6, 184.3)(377.1, 184.3)(377.1, 184.3)(392.8, 184.3)(392.8, 352.6)(328.6, 352.6);GATE
Port:(341.9, 348.2)(379.5, 348.2)(379.5, 352.6)(341.9, 352.6);SD
Port:(328.6, 184.3)(377.1, 184.3)(377.1, 184.3)(392.8, 184.3)(392.8, 345.8)(328.6, 345.8);GATE
Port:(334.7, 189.4)(371.0, 189.4)(371.0, 194.7)(334.7, 194.7);SD
Module:M5
Boundary:(153.4, 20.0)(260.9, 20.0)(260.9, 211.2)(153.4, 211.2);GATE
Port:(167.5, 205.7)(246.8, 205.7)(246.8, 211.2)(167.5, 211.2);SD
Port:(153.4, 20.0)(260.9, 20.0)(260.9, 202.9)(153.4, 202.9);GATE
Port:(159.8, 25.4)(254.5, 25.4)(254.5, 30.8)(159.8, 30.8);SD
Module:M11
Boundary:(316.9, 498.3)(380.7, 498.3)(380.7, 688.5)(316.9, 688.5);GATE
Port:(329.7, 684.0)(367.9, 684.0)(367.9, 688.5)(329.7, 688.5);SD
Port:(316.9, 498.3)(380.7, 498.3)(380.7, 682.1)(316.9, 682.1);GATE
Port:(323.4, 503.8)(374.2, 503.8)(374.2, 509.6)(323.4, 509.6);SD
Module:M1
Boundary:(375.9, 826.8)(375.9, 904.7)(174.8, 904.7)(174.8, 826.8);GATE
Port:(174.8, 839.9)(180.6, 839.9)(180.6, 891.6)(174.8, 891.6);SD
Port:(375.9, 826.8)(375.9, 904.7)(181.6, 904.7)(181.6, 826.8);GATE
Port:(365.5, 831.9)(371.8, 831.9)(371.8, 899.6)(365.5, 899.6);SD
Module:M6
Boundary:(139.5, 573.7)(175.3, 573.7)(175.3, 573.9)(191.4, 573.9)(191.4, 644.2)(139.5, 644.2);GATE
Port:(154.1, 639.5)(176.8, 639.5)(176.8, 644.2)(154.1, 644.2);SD
Port:(139.5, 573.7)(175.3, 573.7)(175.3, 573.9)(191.4, 573.9)(191.4, 638.2)(139.5, 638.2);GATE
Port:(146.1, 579.3)(168.7, 579.3)(168.7, 585.2)(146.1, 585.2);SD
Module:M2
Boundary:(20.0, 372.6)(115.5, 372.6)(115.5, 372.8)(131.4, 372.8)(131.4, 539.8)(20.0, 539.8);GATE
Port:(32.4, 535.7)(119.0, 535.7)(119.0, 539.8)(32.4, 539.8);SD
Port:(20.0, 372.6)(115.5, 372.6)(115.5, 372.8)(131.4, 372.8)(131.4, 534.1)(20.0, 534.1);GATE
Port:(26.2, 377.8)(109.3, 377.8)(109.3, 382.2)(26.2, 382.2);SD
Module:M16
Boundary:(316.9, 372.6)(396.8, 372.6)(396.8, 478.3)(316.9, 478.3);GATE
Port:(330.8, 473.5)(382.9, 473.5)(382.9, 478.3)(330.8, 478.3);SD
Port:(316.9, 372.6)(396.8, 372.6)(396.8, 471.5)(316.9, 471.5);GATE
Port:(322.9, 377.6)(390.8, 377.6)(390.8, 384.8)(322.9, 384.8);SD
Module:M13
Boundary:(123.4, 10.0)(123.4, 115.3)(123.2, 115.3)(123.2, 132.5)(10.0, 132.5)(10.0, 10.0);GATE
Port:(10.0, 24.7)(15.2, 24.7)(15.2, 117.8)(10.0, 117.8);SD
Port:(123.4, 10.0)(123.4, 115.3)(123.2, 115.3)(123.2, 132.5)(18.1, 132.5)(18.1, 10.0);GATE
Port:(111.3, 15.3)(119.1, 15.3)(119.1, 110.0)(111.3, 110.0);SD
Module:M10
Boundary:(211.4, 573.7)(277.8, 573.7)(277.8, 574.0)(294.4, 574.0)(294.4, 678.2)(211.4, 678.2);GATE
Port:(224.5, 672.6)(281.3, 672.6)(281.3, 678.2)(224.5, 678.2);SD
Port:(211.4, 573.7)(277.8, 573.7)(277.8, 574.0)(294.4, 574.0)(294.4, 669.9)(211.4, 669.9);GATE
Port:(216.5, 577.8)(272.7, 577.8)(272.7, 583.5)(216.5, 583.5);SD
Module:M7
Boundary:(171.4, 372.6)(286.9, 372.6)(286.9, 543.7)(171.4, 543.7);GATE
Port:(185.6, 539.2)(272.7, 539.2)(272.7, 543.7)(185.6, 543.7);SD
Port:(171.4, 372.6)(286.9, 372.6)(286.9, 536.3)(171.4, 536.3);GATE
Port:(178.0, 378.2)(280.3, 378.2)(280.3, 383.9)(178.0, 383.9);SD
Module:M3
Boundary:(308.6, 241.2)(308.6, 325.7)(308.1, 325.7)(308.1, 342.6)(117.3, 342.6)(117.3, 241.2);GATE
Port:(117.3, 254.2)(123.0, 254.2)(123.0, 329.6)(117.3, 329.6);SD
Port:(308.6, 241.2)(308.6, 325.7)(308.1, 325.7)(308.1, 342.6)(124.8, 342.6)(124.8, 241.2);GATE
Port:(298.1, 246.9)(303.9, 246.9)(303.9, 320.0)(298.1, 320.0);SD
Module:M15
Boundary:(290.9, 10.0)(397.5, 10.0)(397.5, 164.3)(290.9, 164.3);GATE
Port:(305.3, 158.5)(383.1, 158.5)(383.1, 164.3)(305.3, 164.3);SD
Port:(290.9, 10.0)(397.5, 10.0)(397.5, 156.2)(290.9, 156.2);GATE
Port:(297.6, 15.7)(390.8, 15.7)(390.8, 22.8)(297.6, 22.8);SD
Module:M12
Boundary:(10.0, 823.0)(117.2, 823.0)(117.2, 823.5)(134.8, 823.5)(134.8, 936.9)(10.0, 936.9);GATE
Port:(24.8, 932.2)(120.0, 932.2)(120.0, 936.9)(24.8, 936.9);SD
Port:(10.0, 823.0)(117.2, 823.0)(117.2, 823.5)(134.8, 823.5)(134.8, 929.9)(10.0, 929.9);GATE
Port:(16.9, 828.9)(110.3, 828.9)(110.3, 834.8)(16.9, 834.8);SD
Module:M8
Boundary:(20.0, 162.5)(87.3, 162.5)(87.3, 331.8)(20.0, 331.8);GATE
Port:(34.6, 327.3)(72.7, 327.3)(72.7, 331.8)(34.6, 331.8);SD
Port:(20.0, 162.5)(87.3, 162.5)(87.3, 325.5)(20.0, 325.5);GATE
Port:(26.8, 168.3)(80.5, 168.3)(80.5, 174.2)(26.8, 174.2);SD
Module:M4
Boundary:(337.1, 718.5)(337.1, 776.8)(149.5, 776.8)(149.5, 718.5);GATE
Port:(149.5, 730.9)(153.8, 730.9)(153.8, 764.4)(149.5, 764.4);SD
Port:(337.1, 718.5)(337.1, 776.8)(156.3, 776.8)(156.3, 718.5);GATE
Port:(326.5, 725.4)(331.2, 725.4)(331.2, 769.9)(326.5, 769.9);SD
