Area:(-30.0, -30.0)(357.0, -30.0)(357.0, 986.0)(-30.0, 986.0)
Rule:GATE(5,5);SD(5,5);GATE_SD(0.5);GATE_ITO(0.5);SD_ITO(0.5)
Module:M14
Boundary:(30.0, 30.0)(74.0, 30.0)(74.0, 30.2)(87.4, 30.2)(87.4, 107.5)(30.0, 107.5);GATE
Port:(42.2, 102.8)(75.2, 102.8)(75.2, 107.5)(42.2, 107.5);SD
Port:(30.0, 30.0)(74.0, 30.0)(74.0, 30.2)(87.4, 30.2)(87.4, 101.4)(30.0, 101.4);GATE
Port:(35.4, 34.4)(68.6, 34.4)(68.6, 40.6)(35.4, 40.6);SD
Module:M9
Boundary:(310.3, 845.4)(310.3, 929.7)(309.9, 929.7)(309.9, 946.0)(104.8, 946.0)(104.8, 845.4);GATE
Port:(104.8, 859.6)(109.8, 859.6)(109.8, 931.8)(104.8, 931.8);SD
Port:(310.3, 845.4)(310.3, 929.7)(309.9, 929.7)(309.9, 946.0)(111.7, 946.0)(111.7, 845.4);GATE
Port:(299.1, 851.7)(305.0, 851.7)(305.0, 923.4)(299.1, 923.4);SD
Module:M5
Boundary:(139.1, 722.4)(139.1, 790.4)(139.0, 790.4)(139.0, 806.9)(20.0, 806.9)(20.0, 722.4);GATE
Port:(20.0, 736.2)(24.5, 736.2)(24.5, 793.1)(20.0, 793.1);SD
Port:(139.1, 722.4)(139.1, 790.4)(139.0, 790.4)(139.0, 806.9)(25.5, 806.9)(25.5, 722.4);GATE
Port:(127.4, 729.0)(133.5, 729.0)(133.5, 783.8)(127.4, 783.8);SD
Module:M11
Boundary:(10.0, 147.5)(56.9, 147.5)(56.9, 147.7)(71.0, 147.7)(71.0, 349.6)(10.0, 349.6);GATE
Port:(22.7, 343.9)(58.3, 343.9)(58.3, 349.6)(22.7, 349.6);SD
Port:(10.0, 147.5)(56.9, 147.5)(56.9, 147.7)(71.0, 147.7)(71.0, 341.2)(10.0, 341.2);GATE
Port:(16.4, 152.9)(50.5, 152.9)(50.5, 158.5)(16.4, 158.5);SD
Module:M1
Boundary:(252.8, 100.1)(298.9, 100.1)(298.9, 238.8)(252.8, 238.8);GATE
Port:(265.7, 234.7)(286.0, 234.7)(286.0, 238.8)(265.7, 238.8);SD
Port:(252.8, 100.1)(298.9, 100.1)(298.9, 232.1)(252.8, 232.1);GATE
Port:(258.6, 104.9)(293.1, 104.9)(293.1, 110.8)(258.6, 110.8);SD
Module:M6
Boundary:(137.3, 619.2)(137.3, 692.4)(10.0, 692.4)(10.0, 619.2);GATE
Port:(10.0, 634.4)(14.3, 634.4)(14.3, 677.2)(10.0, 677.2);SD
Port:(137.3, 619.2)(137.3, 692.4)(16.5, 692.4)(16.5, 619.2);GATE
Port:(125.4, 626.0)(131.5, 626.0)(131.5, 685.6)(125.4, 685.6);SD
Module:M2
Boundary:(305.2, 670.0)(305.2, 722.4)(179.1, 722.4)(179.1, 670.0);GATE
Port:(179.1, 684.9)(184.4, 684.9)(184.4, 707.5)(179.1, 707.5);SD
Port:(305.2, 670.0)(305.2, 722.4)(185.5, 722.4)(185.5, 670.0);GATE
Port:(292.3, 676.9)(299.3, 676.9)(299.3, 715.5)(292.3, 715.5);SD
Module:M16
Boundary:(304.6, 10.0)(304.6, 60.1)(127.4, 60.1)(127.4, 10.0);GATE
Port:(127.4, 23.8)(132.2, 23.8)(132.2, 46.3)(127.4, 46.3);SD
Port:(304.6, 10.0)(304.6, 60.1)(135.1, 60.1)(135.1, 10.0);GATE
Port:(293.3, 16.3)(299.3, 16.3)(299.3, 53.8)(293.3, 53.8);SD
Module:M13
Boundary:(317.0, 412.1)(317.0, 524.1)(138.8, 524.1)(138.8, 412.1);GATE
Port:(138.8, 425.6)(143.1, 425.6)(143.1, 510.6)(138.8, 510.6);SD
Port:(317.0, 412.1)(317.0, 524.1)(145.5, 524.1)(145.5, 412.1);GATE
Port:(305.8, 418.2)(311.9, 418.2)(311.9, 518.0)(305.8, 518.0);SD
Module:M10
Boundary:(84.8, 836.9)(84.8, 929.6)(84.6, 929.6)(84.6, 944.7)(10.0, 944.7)(10.0, 836.9);GATE
Port:(10.0, 849.9)(14.5, 849.9)(14.5, 931.7)(10.0, 931.7);SD
Port:(84.8, 836.9)(84.8, 929.6)(84.6, 929.6)(84.6, 944.7)(15.8, 944.7)(15.8, 836.9);GATE
Port:(73.8, 842.0)(80.7, 842.0)(80.7, 924.5)(73.8, 924.5);SD
Module:M7
Boundary:(101.0, 157.5)(188.4, 157.5)(188.4, 157.8)(202.8, 157.8)(202.8, 264.5)(101.0, 264.5);GATE
Port:(112.2, 260.3)(191.6, 260.3)(191.6, 264.5)(112.2, 264.5);SD
Port:(101.0, 157.5)(188.4, 157.5)(188.4, 157.8)(202.8, 157.8)(202.8, 258.7)(101.0, 258.7);GATE
Port:(106.4, 161.9)(183.0, 161.9)(183.0, 166.7)(106.4, 166.7);SD
Module:M3
Boundary:(307.2, 752.4)(307.2, 811.7)(306.9, 811.7)(306.9, 825.4)(169.1, 825.4)(169.1, 752.4);GATE
Port:(169.1, 765.1)(173.1, 765.1)(173.1, 812.7)(169.1, 812.7);SD
Port:(307.2, 752.4)(307.2, 811.7)(306.9, 811.7)(306.9, 825.4)(175.9, 825.4)(175.9, 752.4);GATE
Port:(296.3, 758.9)(301.7, 758.9)(301.7, 805.2)(296.3, 805.2);SD
Module:M15
Boundary:(233.5, 278.8)(296.2, 278.8)(296.2, 278.9)(311.0, 278.9)(311.0, 392.1)(233.5, 392.1);GATE
Port:(246.6, 386.5)(297.9, 386.5)(297.9, 392.1)(246.6, 392.1);SD
Port:(233.5, 278.8)(296.2, 278.8)(296.2, 278.9)(311.0, 278.9)(311.0, 385.1)(233.5, 385.1);GATE
Port:(238.8, 283.1)(290.9, 283.1)(290.9, 290.3)(238.8, 290.3);SD
Module:M12
Boundary:(10.0, 410.5)(118.8, 410.5)(118.8, 599.2)(10.0, 599.2);GATE
Port:(24.6, 593.4)(104.2, 593.4)(104.2, 599.2)(24.6, 599.2);SD
Port:(10.0, 410.5)(118.8, 410.5)(118.8, 592.3)(10.0, 592.3);GATE
Port:(15.4, 414.9)(113.4, 414.9)(113.4, 421.9)(15.4, 421.9);SD
Module:M8
Boundary:(309.5, 554.1)(309.5, 630.0)(167.3, 630.0)(167.3, 554.1);GATE
Port:(167.3, 566.4)(172.3, 566.4)(172.3, 617.7)(167.3, 617.7);SD
Port:(309.5, 554.1)(309.5, 630.0)(175.2, 630.0)(175.2, 554.1);GATE
Port:(299.5, 560.4)(304.2, 560.4)(304.2, 623.7)(299.5, 623.7);SD
Module:M4
Boundary:(203.5, 304.5)(203.5, 380.5)(101.0, 380.5)(101.0, 304.5);GATE
Port:(101.0, 319.6)(105.7, 319.6)(105.7, 365.4)(101.0, 365.4);SD
Port:(203.5, 304.5)(203.5, 380.5)(107.2, 380.5)(107.2, 304.5);GATE
Port:(191.7, 309.9)(199.1, 309.9)(199.1, 375.1)(191.7, 375.1);SD
