Area:(-30.0, -30.0)(438.7, -30.0)(438.7, 865.1)(-30.0, 865.1)
Rule:GATE(5,5);SD(5,5);GATE_SD(0.5);GATE_ITO(0.5);SD_ITO(0.5)
Module:M14
Boundary:(198.4, 316.9)(227.2, 316.9)(227.2, 317.1)(241.7, 317.1)(241.7, 435.0)(198.4, 435.0);GATE
Port:(209.0, 429.4)(231.1, 429.4)(231.1, 435.0)(209.0, 435.0);SD
Port:(198.4, 316.9)(227.2, 316.9)(227.2, 317.1)(241.7, 317.1)(241.7, 427.4)(198.4, 427.4);GATE
Port:(203.5, 321.0)(222.1, 321.0)(222.1, 325.7)(203.5, 325.7);SD
Module:M9
Boundary:(158.4, 488.4)(158.4, 593.8)(10.0, 593.8)(10.0, 488.4);GATE
Port:(10.0, 502.2)(15.3, 502.2)(15.3, 580.0)(10.0, 580.0);SD
Port:(158.4, 488.4)(158.4, 593.8)(17.2, 593.8)(17.2, 488.4);GATE
Port:(147.4, 493.9)(153.9, 493.9)(153.9, 588.3)(147.4, 588.3);SD
Module:M5
Boundary:(375.2, 583.7)(375.2, 679.9)(188.4, 679.9)(188.4, 583.7);GATE
Port:(188.4, 596.4)(192.9, 596.4)(192.9, 667.2)(188.4, 667.2);SD
Port:(375.2, 583.7)(375.2, 679.9)(194.7, 679.9)(194.7, 583.7);GATE
Port:(364.6, 589.2)(370.7, 589.2)(370.7, 674.4)(364.6, 674.4);SD
Module:M11
Boundary:(213.4, 10.0)(278.7, 10.0)(278.7, 169.2)(213.4, 169.2);GATE
Port:(227.0, 164.5)(265.1, 164.5)(265.1, 169.2)(227.0, 169.2);SD
Port:(213.4, 10.0)(278.7, 10.0)(278.7, 161.8)(213.4, 161.8);GATE
Port:(219.0, 14.6)(257.6, 14.6)(257.6, 21.4)(219.0, 21.4);SD
Module:M1
Boundary:(30.0, 175.0)(115.6, 175.0)(115.6, 351.7)(30.0, 351.7);GATE
Port:(43.8, 346.0)(101.8, 346.0)(101.8, 351.7)(43.8, 351.7);SD
Port:(30.0, 175.0)(115.6, 175.0)(115.6, 344.6)(30.0, 344.6);GATE
Port:(35.4, 179.4)(110.2, 179.4)(110.2, 185.3)(35.4, 185.3);SD
Module:M6
Boundary:(271.3, 189.2)(271.3, 262.6)(271.0, 262.6)(271.0, 276.9)(155.6, 276.9)(155.6, 189.2);GATE
Port:(155.6, 200.7)(161.5, 200.7)(161.5, 265.4)(155.6, 265.4);SD
Port:(271.3, 189.2)(271.3, 262.6)(271.0, 262.6)(271.0, 276.9)(164.0, 276.9)(164.0, 189.2);GATE
Port:(261.5, 195.3)(266.2, 195.3)(266.2, 256.5)(261.5, 256.5);SD
Module:M2
Boundary:(261.9, 485.0)(261.9, 543.7)(188.4, 543.7)(188.4, 485.0);GATE
Port:(188.4, 496.6)(193.5, 496.6)(193.5, 532.1)(188.4, 532.1);SD
Port:(261.9, 485.0)(261.9, 543.7)(195.9, 543.7)(195.9, 485.0);GATE
Port:(252.2, 490.5)(257.4, 490.5)(257.4, 538.2)(252.2, 538.2);SD
Module:M16
Boundary:(370.4, 709.9)(370.4, 820.7)(219.4, 820.7)(219.4, 709.9);GATE
Port:(219.4, 724.3)(224.2, 724.3)(224.2, 806.3)(219.4, 806.3);SD
Port:(370.4, 709.9)(370.4, 820.7)(226.5, 820.7)(226.5, 709.9);GATE
Port:(359.3, 715.0)(366.3, 715.0)(366.3, 815.6)(359.3, 815.6);SD
Module:M13
Boundary:(199.4, 720.4)(199.4, 825.1)(10.0, 825.1)(10.0, 720.4);GATE
Port:(10.0, 735.3)(14.8, 735.3)(14.8, 810.2)(10.0, 810.2);SD
Port:(199.4, 720.4)(199.4, 825.1)(17.0, 825.1)(17.0, 720.4);GATE
Port:(186.6, 726.5)(194.3, 726.5)(194.3, 819.0)(186.6, 819.0);SD
Module:M10
Boundary:(298.7, 10.0)(361.4, 10.0)(361.4, 78.0)(298.7, 78.0);GATE
Port:(311.2, 72.5)(348.9, 72.5)(348.9, 78.0)(311.2, 78.0);SD
Port:(298.7, 10.0)(361.4, 10.0)(361.4, 70.1)(298.7, 70.1);GATE
Port:(304.0, 14.3)(356.1, 14.3)(356.1, 20.6)(304.0, 20.6);SD
Module:M7
Boundary:(308.7, 108.0)(376.5, 108.0)(376.5, 108.3)(393.5, 108.3)(393.5, 290.2)(308.7, 290.2);GATE
Port:(322.0, 284.5)(380.2, 284.5)(380.2, 290.2)(322.0, 290.2);SD
Port:(308.7, 108.0)(376.5, 108.0)(376.5, 108.3)(393.5, 108.3)(393.5, 283.2)(308.7, 283.2);GATE
Port:(314.6, 112.9)(370.6, 112.9)(370.6, 118.0)(314.6, 118.0);SD
Module:M3
Boundary:(291.9, 471.1)(381.3, 471.1)(381.3, 471.3)(398.7, 471.3)(398.7, 552.5)(291.9, 552.5);GATE
Port:(306.6, 547.9)(384.0, 547.9)(384.0, 552.5)(306.6, 552.5);SD
Port:(291.9, 471.1)(381.3, 471.1)(381.3, 471.3)(398.7, 471.3)(398.7, 545.5)(291.9, 545.5);GATE
Port:(298.5, 476.7)(374.7, 476.7)(374.7, 482.9)(298.5, 482.9);SD
Module:M15
Boundary:(141.7, 613.8)(141.7, 686.2)(141.6, 686.2)(141.6, 700.4)(10.0, 700.4)(10.0, 613.8);GATE
Port:(10.0, 625.5)(15.8, 625.5)(15.8, 688.7)(10.0, 688.7);SD
Port:(141.7, 613.8)(141.7, 686.2)(141.6, 686.2)(141.6, 700.4)(17.7, 700.4)(17.7, 613.8);GATE
Port:(132.0, 619.5)(137.0, 619.5)(137.0, 680.5)(132.0, 680.5);SD
Module:M12
Boundary:(151.9, 391.7)(151.9, 453.4)(151.6, 453.4)(151.6, 468.4)(10.0, 468.4)(10.0, 391.7);GATE
Port:(10.0, 403.8)(15.9, 403.8)(15.9, 456.3)(10.0, 456.3);SD
Port:(151.9, 391.7)(151.9, 453.4)(151.6, 453.4)(151.6, 468.4)(18.5, 468.4)(18.5, 391.7);GATE
Port:(141.6, 397.5)(147.1, 397.5)(147.1, 447.6)(141.6, 447.6);SD
Module:M8
Boundary:(183.4, 20.0)(183.4, 125.0)(20.0, 125.0)(20.0, 20.0);GATE
Port:(20.0, 34.7)(24.4, 34.7)(24.4, 110.3)(20.0, 110.3);SD
Port:(183.4, 20.0)(183.4, 125.0)(25.7, 125.0)(25.7, 20.0);GATE
Port:(171.7, 26.0)(178.4, 26.0)(178.4, 119.0)(171.7, 119.0);SD
Module:M4
Boundary:(291.7, 330.2)(390.3, 330.2)(390.3, 441.1)(291.7, 441.1);GATE
Port:(304.3, 437.0)(377.7, 437.0)(377.7, 441.1)(304.3, 441.1);SD
Port:(291.7, 330.2)(390.3, 330.2)(390.3, 434.0)(291.7, 434.0);GATE
Port:(298.5, 336.0)(383.5, 336.0)(383.5, 341.2)(298.5, 341.2);SD
