Area:(-30.0, -30.0)(431.4, -30.0)(431.4, 1043.4)(-30.0, 1043.4)
Rule:GATE(5,5);SD(5,5);GATE_SD(0.5);GATE_ITO(0.5);SD_ITO(0.5)
Module:M14
Boundary:(337.0, 725.1)(337.0, 803.2)(120.8, 803.2)(120.8, 725.1);GATE
Port:(120.8, 738.3)(125.0, 738.3)(125.0, 790.0)(120.8, 790.0);SD
Port:(337.0, 725.1)(337.0, 803.2)(126.3, 803.2)(126.3, 725.1);GATE
Port:(325.9, 731.1)(332.0, 731.1)(332.0, 797.2)(325.9, 797.2);SD
Module:M9
Boundary:(390.7, 143.9)(390.7, 213.9)(390.3, 213.9)(390.3, 230.6)(212.5, 230.6)(212.5, 143.9);GATE
Port:(212.5, 158.6)(216.9, 158.6)(216.9, 215.9)(212.5, 215.9);SD
Port:(390.7, 143.9)(390.7, 213.9)(390.3, 213.9)(390.3, 230.6)(218.8, 230.6)(218.8, 143.9);GATE
Port:(378.8, 150.8)(384.8, 150.8)(384.8, 207.0)(378.8, 207.0);SD
Module:M5
Boundary:(372.1, 20.0)(372.1, 113.9)(236.1, 113.9)(236.1, 20.0);GATE
Port:(236.1, 32.7)(240.9, 32.7)(240.9, 101.2)(236.1, 101.2);SD
Port:(372.1, 20.0)(372.1, 113.9)(243.4, 113.9)(243.4, 20.0);GATE
Port:(361.9, 25.0)(368.1, 25.0)(368.1, 108.9)(361.9, 108.9);SD
Module:M11
Boundary:(192.5, 126.8)(192.5, 226.8)(192.3, 226.8)(192.3, 242.6)(10.0, 242.6)(10.0, 126.8);GATE
Port:(10.0, 142.0)(14.6, 142.0)(14.6, 227.4)(10.0, 227.4);SD
Port:(192.5, 126.8)(192.5, 226.8)(192.3, 226.8)(192.3, 242.6)(17.4, 242.6)(17.4, 126.8);GATE
Port:(179.6, 133.6)(186.7, 133.6)(186.7, 220.0)(179.6, 220.0);SD
Module:M1
Boundary:(144.3, 863.2)(248.6, 863.2)(248.6, 979.1)(144.3, 979.1);GATE
Port:(156.9, 974.1)(236.0, 974.1)(236.0, 979.1)(156.9, 979.1);SD
Port:(144.3, 863.2)(248.6, 863.2)(248.6, 971.7)(144.3, 971.7);GATE
Port:(150.5, 868.4)(242.4, 868.4)(242.4, 874.0)(150.5, 874.0);SD
Module:M6
Boundary:(325.7, 349.9)(375.9, 349.9)(375.9, 350.1)(391.4, 350.1)(391.4, 544.2)(325.7, 544.2);GATE
Port:(339.1, 538.6)(378.0, 538.6)(378.0, 544.2)(339.1, 544.2);SD
Port:(325.7, 349.9)(375.9, 349.9)(375.9, 350.1)(391.4, 350.1)(391.4, 537.4)(325.7, 537.4);GATE
Port:(332.2, 355.4)(369.4, 355.4)(369.4, 361.3)(332.2, 361.3);SD
Module:M2
Boundary:(20.0, 272.6)(154.4, 272.6)(154.4, 477.7)(20.0, 477.7);GATE
Port:(36.1, 473.5)(138.3, 473.5)(138.3, 477.7)(36.1, 477.7);SD
Port:(20.0, 272.6)(154.4, 272.6)(154.4, 470.5)(20.0, 470.5);GATE
Port:(26.5, 278.1)(147.9, 278.1)(147.9, 285.4)(26.5, 285.4);SD
Module:M16
Boundary:(305.7, 349.9)(305.7, 481.4)(184.4, 481.4)(184.4, 349.9);GATE
Port:(184.4, 365.2)(188.9, 365.2)(188.9, 466.1)(184.4, 466.1);SD
Port:(305.7, 349.9)(305.7, 481.4)(190.9, 481.4)(190.9, 349.9);GATE
Port:(293.7, 356.6)(300.0, 356.6)(300.0, 474.7)(293.7, 474.7);SD
Module:M13
Boundary:(10.0, 665.2)(63.2, 665.2)(63.2, 665.4)(80.8, 665.4)(80.8, 833.2)(10.0, 833.2);GATE
Port:(23.9, 827.3)(66.9, 827.3)(66.9, 833.2)(23.9, 833.2);SD
Port:(10.0, 665.2)(63.2, 665.2)(63.2, 665.4)(80.8, 665.4)(80.8, 824.5)(10.0, 824.5);GATE
Port:(16.0, 670.2)(57.2, 670.2)(57.2, 676.0)(16.0, 676.0);SD
Module:M10
Boundary:(10.0, 853.2)(89.4, 853.2)(89.4, 853.5)(104.3, 853.5)(104.3, 1002.9)(10.0, 1002.9);GATE
Port:(24.1, 997.7)(90.2, 997.7)(90.2, 1002.9)(24.1, 1002.9);SD
Port:(10.0, 853.2)(89.4, 853.2)(89.4, 853.5)(104.3, 853.5)(104.3, 994.9)(10.0, 994.9);GATE
Port:(16.6, 858.8)(82.8, 858.8)(82.8, 865.4)(16.6, 865.4);SD
Module:M7
Boundary:(380.2, 574.2)(380.2, 654.8)(379.8, 654.8)(379.8, 670.5)(275.7, 670.5)(275.7, 574.2);GATE
Port:(275.7, 587.8)(281.7, 587.8)(281.7, 656.9)(275.7, 656.9);SD
Port:(380.2, 574.2)(380.2, 654.8)(379.8, 654.8)(379.8, 670.5)(283.2, 670.5)(283.2, 574.2);GATE
Port:(369.3, 579.3)(376.1, 579.3)(376.1, 649.7)(369.3, 649.7);SD
Module:M3
Boundary:(379.0, 250.6)(379.0, 314.3)(378.9, 314.3)(378.9, 329.9)(212.5, 329.9)(212.5, 250.6);GATE
Port:(212.5, 263.3)(216.9, 263.3)(216.9, 317.2)(212.5, 317.2);SD
Port:(379.0, 250.6)(379.0, 314.3)(378.9, 314.3)(378.9, 329.9)(219.3, 329.9)(219.3, 250.6);GATE
Port:(368.6, 256.4)(374.2, 256.4)(374.2, 308.5)(368.6, 308.5);SD
Module:M15
Boundary:(206.1, 10.0)(206.1, 90.7)(205.8, 90.7)(205.8, 106.8)(10.0, 106.8)(10.0, 10.0);GATE
Port:(10.0, 22.6)(15.8, 22.6)(15.8, 94.2)(10.0, 94.2);SD
Port:(206.1, 10.0)(206.1, 90.7)(205.8, 90.7)(205.8, 106.8)(18.7, 106.8)(18.7, 10.0);GATE
Port:(196.1, 15.7)(201.4, 15.7)(201.4, 85.0)(196.1, 85.0);SD
Module:M12
Boundary:(288.6, 843.2)(370.7, 843.2)(370.7, 843.5)(387.4, 843.5)(387.4, 1003.4)(288.6, 1003.4);GATE
Port:(300.9, 997.5)(375.1, 997.5)(375.1, 1003.4)(300.9, 1003.4);SD
Port:(288.6, 843.2)(370.7, 843.2)(370.7, 843.5)(387.4, 843.5)(387.4, 995.2)(288.6, 995.2);GATE
Port:(293.9, 847.5)(365.4, 847.5)(365.4, 852.8)(293.9, 852.8);SD
Module:M8
Boundary:(145.0, 517.7)(221.0, 517.7)(221.0, 517.9)(235.7, 517.9)(235.7, 675.1)(145.0, 675.1);GATE
Port:(157.6, 670.1)(223.1, 670.1)(223.1, 675.1)(157.6, 675.1);SD
Port:(145.0, 517.7)(221.0, 517.7)(221.0, 517.9)(235.7, 517.9)(235.7, 668.2)(145.0, 668.2);GATE
Port:(151.6, 523.3)(214.4, 523.3)(214.4, 528.3)(151.6, 528.3);SD
Module:M4
Boundary:(20.0, 517.7)(105.0, 517.7)(105.0, 635.2)(20.0, 635.2);GATE
Port:(33.9, 630.8)(91.1, 630.8)(91.1, 635.2)(33.9, 635.2);SD
Port:(20.0, 517.7)(105.0, 517.7)(105.0, 629.3)(20.0, 629.3);GATE
Port:(26.8, 523.5)(98.2, 523.5)(98.2, 528.7)(26.8, 528.7);SD
