Area:(-30.0, -30.0)(611.5, -30.0)(611.5, 568.1)(-30.0, 568.1)
Rule:GATE(5,5);SD(5,5);GATE_SD(0.5);GATE_ITO(0.5);SD_ITO(0.5)
Module:M14
Boundary:(263.9, 299.7)(333.6, 299.7)(333.6, 371.9)(263.9, 371.9);GATE
Port:(279.4, 367.5)(318.1, 367.5)(318.1, 371.9)(279.4, 371.9);SD
Port:(263.9, 299.7)(333.6, 299.7)(333.6, 366.0)(263.9, 366.0);GATE
Port:(270.6, 305.4)(326.9, 305.4)(326.9, 312.7)(270.6, 312.7);SD
Module:M9
Boundary:(502.7, 208.5)(502.7, 261.4)(502.4, 261.4)(502.4, 279.2)(408.6, 279.2)(408.6, 208.5);GATE
Port:(408.6, 222.2)(412.8, 222.2)(412.8, 265.5)(408.6, 265.5);SD
Port:(502.7, 208.5)(502.7, 261.4)(502.4, 261.4)(502.4, 279.2)(413.8, 279.2)(413.8, 208.5);GATE
Port:(491.7, 213.9)(498.3, 213.9)(498.3, 256.0)(491.7, 256.0);SD
Module:M5
Boundary:(253.9, 421.9)(284.5, 421.9)(284.5, 422.1)(301.2, 422.1)(301.2, 504.1)(253.9, 504.1);GATE
Port:(265.6, 498.5)(289.5, 498.5)(289.5, 504.1)(265.6, 504.1);SD
Port:(253.9, 421.9)(284.5, 421.9)(284.5, 422.1)(301.2, 422.1)(301.2, 497.2)(253.9, 497.2);GATE
Port:(258.9, 425.9)(279.5, 425.9)(279.5, 430.5)(258.9, 430.5);SD
Module:M11
Boundary:(10.0, 10.0)(104.1, 10.0)(104.1, 10.1)(119.7, 10.1)(119.7, 178.2)(10.0, 178.2);GATE
Port:(22.0, 172.4)(107.7, 172.4)(107.7, 178.2)(22.0, 178.2);SD
Port:(10.0, 10.0)(104.1, 10.0)(104.1, 10.1)(119.7, 10.1)(119.7, 170.8)(10.0, 170.8);GATE
Port:(15.3, 14.3)(98.8, 14.3)(98.8, 19.9)(15.3, 19.9);SD
Module:M1
Boundary:(196.3, 428.3)(196.3, 505.0)(30.0, 505.0)(30.0, 428.3);GATE
Port:(30.0, 444.4)(35.0, 444.4)(35.0, 488.9)(30.0, 488.9);SD
Port:(196.3, 428.3)(196.3, 505.0)(37.9, 505.0)(37.9, 428.3);GATE
Port:(183.0, 435.0)(190.6, 435.0)(190.6, 498.3)(183.0, 498.3);SD
Module:M6
Boundary:(522.7, 161.0)(571.5, 161.0)(571.5, 287.8)(522.7, 287.8);GATE
Port:(536.8, 283.8)(557.4, 283.8)(557.4, 287.8)(536.8, 287.8);SD
Port:(522.7, 161.0)(571.5, 161.0)(571.5, 282.8)(522.7, 282.8);GATE
Port:(529.1, 166.4)(565.1, 166.4)(565.1, 172.7)(529.1, 172.7);SD
Module:M2
Boundary:(382.8, 20.0)(382.8, 105.9)(382.5, 105.9)(382.5, 122.3)(253.9, 122.3)(253.9, 20.0);GATE
Port:(253.9, 34.9)(258.8, 34.9)(258.8, 107.4)(253.9, 107.4);SD
Port:(382.8, 20.0)(382.8, 105.9)(382.5, 105.9)(382.5, 122.3)(261.1, 122.3)(261.1, 20.0);GATE
Port:(370.7, 26.5)(377.3, 26.5)(377.3, 99.4)(370.7, 99.4);SD
Module:M16
Boundary:(139.7, 10.0)(223.9, 10.0)(223.9, 200.7)(139.7, 200.7);GATE
Port:(153.3, 195.4)(210.3, 195.4)(210.3, 200.7)(153.3, 200.7);SD
Port:(139.7, 10.0)(223.9, 10.0)(223.9, 192.8)(139.7, 192.8);GATE
Port:(145.5, 14.8)(218.1, 14.8)(218.1, 21.2)(145.5, 21.2);SD
Module:M13
Boundary:(119.6, 220.7)(208.9, 220.7)(208.9, 220.7)(223.2, 220.7)(223.2, 355.9)(119.6, 355.9);GATE
Port:(132.6, 350.1)(210.2, 350.1)(210.2, 355.9)(132.6, 355.9);SD
Port:(119.6, 220.7)(208.9, 220.7)(208.9, 220.7)(223.2, 220.7)(223.2, 348.6)(119.6, 348.6);GATE
Port:(125.3, 225.4)(203.2, 225.4)(203.2, 231.9)(125.3, 231.9);SD
Module:M10
Boundary:(10.0, 198.2)(85.0, 198.2)(85.0, 198.3)(99.6, 198.3)(99.6, 388.3)(10.0, 388.3);GATE
Port:(21.7, 383.8)(87.9, 383.8)(87.9, 388.3)(21.7, 388.3);SD
Port:(10.0, 198.2)(85.0, 198.2)(85.0, 198.3)(99.6, 198.3)(99.6, 381.6)(10.0, 381.6);GATE
Port:(16.6, 203.8)(78.4, 203.8)(78.4, 208.2)(16.6, 208.2);SD
Module:M7
Boundary:(565.8, 426.2)(565.8, 513.6)(565.3, 513.6)(565.3, 528.1)(341.2, 528.1)(341.2, 426.2);GATE
Port:(341.2, 437.5)(347.2, 437.5)(347.2, 516.8)(341.2, 516.8);SD
Port:(565.8, 426.2)(565.8, 513.6)(565.3, 513.6)(565.3, 528.1)(349.1, 528.1)(349.1, 426.2);GATE
Port:(556.8, 431.5)(561.5, 431.5)(561.5, 508.3)(556.8, 508.3);SD
Module:M3
Boundary:(412.8, 10.0)(501.3, 10.0)(501.3, 188.5)(412.8, 188.5);GATE
Port:(426.2, 183.3)(487.9, 183.3)(487.9, 188.5)(426.2, 188.5);SD
Port:(412.8, 10.0)(501.3, 10.0)(501.3, 180.9)(412.8, 180.9);GATE
Port:(419.7, 15.9)(494.4, 15.9)(494.4, 21.8)(419.7, 21.8);SD
Module:M15
Boundary:(521.3, 10.0)(551.9, 10.0)(551.9, 10.0)(566.4, 10.0)(566.4, 141.0)(521.3, 141.0);GATE
Port:(533.2, 135.3)(554.5, 135.3)(554.5, 141.0)(533.2, 141.0);SD
Port:(521.3, 10.0)(551.9, 10.0)(551.9, 10.0)(566.4, 10.0)(566.4, 134.3)(521.3, 134.3);GATE
Port:(527.0, 14.7)(546.2, 14.7)(546.2, 19.9)(527.0, 19.9);SD
Module:M12
Boundary:(571.0, 307.8)(571.0, 396.2)(491.3, 396.2)(491.3, 307.8);GATE
Port:(491.3, 323.1)(496.9, 323.1)(496.9, 380.9)(491.3, 380.9);SD
Port:(571.0, 307.8)(571.0, 396.2)(499.9, 396.2)(499.9, 307.8);GATE
Port:(558.1, 313.9)(565.9, 313.9)(565.9, 390.1)(558.1, 390.1);SD
Module:M8
Boundary:(378.6, 162.3)(378.6, 233.1)(378.2, 233.1)(378.2, 249.7)(253.9, 249.7)(253.9, 162.3);GATE
Port:(253.9, 177.6)(259.7, 177.6)(259.7, 234.4)(253.9, 234.4);SD
Port:(378.6, 162.3)(378.6, 233.1)(378.2, 233.1)(378.2, 249.7)(261.9, 249.7)(261.9, 162.3);GATE
Port:(366.3, 169.3)(372.6, 169.3)(372.6, 226.1)(366.3, 226.1);SD
Module:M4
Boundary:(461.3, 309.2)(461.3, 378.2)(383.6, 378.2)(383.6, 309.2);GATE
Port:(383.6, 323.7)(388.0, 323.7)(388.0, 363.7)(383.6, 363.7);SD
Port:(461.3, 309.2)(461.3, 378.2)(390.6, 378.2)(390.6, 309.2);GATE
Port:(449.6, 316.1)(455.4, 316.1)(455.4, 371.3)(449.6, 371.3);SD
