Area:(-30.0, -30.0)(461.3, -30.0)(461.3, 891.6)(-30.0, 891.6)
Rule:GATE(5,5);SD(5,5);GATE_SD(0.5);GATE_ITO(0.5);SD_ITO(0.5)
Module:M14
Boundary:(313.2, 517.0)(397.9, 517.0)(397.9, 702.5)(313.2, 702.5);GATE
Port:(327.8, 697.2)(383.3, 697.2)(383.3, 702.5)(327.8, 702.5);SD
Port:(313.2, 517.0)(397.9, 517.0)(397.9, 695.0)(313.2, 695.0);GATE
Port:(320.0, 522.8)(391.1, 522.8)(391.1, 529.4)(320.0, 529.4);SD
Module:M9
Boundary:(10.0, 253.0)(62.0, 253.0)(62.0, 253.2)(79.5, 253.2)(79.5, 433.9)(10.0, 433.9);GATE
Port:(23.9, 428.9)(65.6, 428.9)(65.6, 433.9)(23.9, 433.9);SD
Port:(10.0, 253.0)(62.0, 253.0)(62.0, 253.2)(79.5, 253.2)(79.5, 426.5)(10.0, 426.5);GATE
Port:(15.1, 257.1)(56.9, 257.1)(56.9, 263.7)(15.1, 263.7);SD
Module:M5
Boundary:(343.9, 227.0)(390.9, 227.0)(390.9, 227.3)(405.4, 227.3)(405.4, 333.9)(343.9, 333.9);GATE
Port:(357.0, 329.7)(392.3, 329.7)(392.3, 333.9)(357.0, 333.9);SD
Port:(343.9, 227.0)(390.9, 227.0)(390.9, 227.3)(405.4, 227.3)(405.4, 328.6)(343.9, 328.6);GATE
Port:(349.4, 231.5)(385.4, 231.5)(385.4, 237.7)(349.4, 237.7);SD
Module:M11
Boundary:(273.2, 637.6)(273.2, 708.9)(141.1, 708.9)(141.1, 637.6);GATE
Port:(141.1, 652.0)(146.3, 652.0)(146.3, 694.5)(141.1, 694.5);SD
Port:(273.2, 637.6)(273.2, 708.9)(148.6, 708.9)(148.6, 637.6);GATE
Port:(261.2, 643.1)(268.7, 643.1)(268.7, 703.4)(261.2, 703.4);SD
Module:M1
Boundary:(30.0, 30.0)(79.5, 30.0)(79.5, 213.0)(30.0, 213.0);GATE
Port:(43.0, 208.7)(66.5, 208.7)(66.5, 213.0)(43.0, 213.0);SD
Port:(30.0, 30.0)(79.5, 30.0)(79.5, 205.8)(30.0, 205.8);GATE
Port:(36.3, 35.3)(73.2, 35.3)(73.2, 40.4)(36.3, 40.4);SD
Module:M6
Boundary:(418.7, 363.9)(418.7, 460.6)(418.1, 460.6)(418.1, 477.0)(304.0, 477.0)(304.0, 363.9);GATE
Port:(304.0, 375.5)(308.2, 375.5)(308.2, 465.4)(304.0, 465.4);SD
Port:(418.7, 363.9)(418.7, 460.6)(418.1, 460.6)(418.1, 477.0)(310.0, 477.0)(310.0, 363.9);GATE
Port:(409.7, 369.0)(414.6, 369.0)(414.6, 455.5)(409.7, 455.5);SD
Module:M2
Boundary:(129.5, 20.0)(205.7, 20.0)(205.7, 189.5)(129.5, 189.5);GATE
Port:(143.0, 185.3)(192.2, 185.3)(192.2, 189.5)(143.0, 189.5);SD
Port:(129.5, 20.0)(205.7, 20.0)(205.7, 183.2)(129.5, 183.2);GATE
Port:(136.1, 25.6)(199.1, 25.6)(199.1, 31.4)(136.1, 31.4);SD
Module:M16
Boundary:(313.9, 237.5)(313.9, 324.0)(313.8, 324.0)(313.8, 340.9)(119.5, 340.9)(119.5, 237.5);GATE
Port:(119.5, 252.2)(125.2, 252.2)(125.2, 326.2)(119.5, 326.2);SD
Port:(313.9, 237.5)(313.9, 324.0)(313.8, 324.0)(313.8, 340.9)(127.5, 340.9)(127.5, 237.5);GATE
Port:(302.0, 242.7)(309.7, 242.7)(309.7, 318.8)(302.0, 318.8);SD
Module:M13
Boundary:(121.1, 661.3)(121.1, 703.8)(10.0, 703.8)(10.0, 661.3);GATE
Port:(10.0, 672.4)(15.0, 672.4)(15.0, 692.7)(10.0, 692.7);SD
Port:(121.1, 661.3)(121.1, 703.8)(17.0, 703.8)(17.0, 661.3);GATE
Port:(111.7, 666.8)(116.6, 666.8)(116.6, 698.3)(111.7, 698.3);SD
Module:M10
Boundary:(235.7, 10.0)(309.9, 10.0)(309.9, 217.5)(235.7, 217.5);GATE
Port:(249.7, 213.1)(295.9, 213.1)(295.9, 217.5)(249.7, 217.5);SD
Port:(235.7, 10.0)(309.9, 10.0)(309.9, 210.3)(235.7, 210.3);GATE
Port:(241.3, 14.6)(304.3, 14.6)(304.3, 20.9)(241.3, 20.9);SD
Module:M7
Boundary:(261.3, 478.6)(261.3, 589.0)(261.1, 589.0)(261.1, 607.6)(119.3, 607.6)(119.3, 478.6);GATE
Port:(119.3, 493.0)(123.4, 493.0)(123.4, 593.2)(119.3, 593.2);SD
Port:(261.3, 478.6)(261.3, 589.0)(261.1, 589.0)(261.1, 607.6)(124.4, 607.6)(124.4, 478.6);GATE
Port:(250.4, 484.4)(256.5, 484.4)(256.5, 583.2)(250.4, 583.2);SD
Module:M3
Boundary:(329.9, 10.0)(421.3, 10.0)(421.3, 197.0)(329.9, 197.0);GATE
Port:(342.6, 192.2)(408.6, 192.2)(408.6, 197.0)(342.6, 197.0);SD
Port:(329.9, 10.0)(421.3, 10.0)(421.3, 190.2)(329.9, 190.2);GATE
Port:(334.9, 14.0)(416.3, 14.0)(416.3, 20.6)(334.9, 20.6);SD
Module:M15
Boundary:(10.0, 468.6)(73.5, 468.6)(73.5, 468.8)(89.3, 468.8)(89.3, 641.3)(10.0, 641.3);GATE
Port:(22.1, 636.2)(77.2, 636.2)(77.2, 641.3)(22.1, 641.3);SD
Port:(10.0, 468.6)(73.5, 468.6)(73.5, 468.8)(89.3, 468.8)(89.3, 634.9)(10.0, 634.9);GATE
Port:(15.4, 473.0)(68.1, 473.0)(68.1, 478.2)(15.4, 478.2);SD
Module:M12
Boundary:(284.0, 360.9)(284.0, 448.6)(99.5, 448.6)(99.5, 360.9);GATE
Port:(99.5, 375.0)(103.7, 375.0)(103.7, 434.5)(99.5, 434.5);SD
Port:(284.0, 360.9)(284.0, 448.6)(106.5, 448.6)(106.5, 360.9);GATE
Port:(273.0, 366.9)(279.0, 366.9)(279.0, 442.6)(273.0, 442.6);SD
Module:M8
Boundary:(263.2, 752.5)(364.9, 752.5)(364.9, 752.6)(381.8, 752.6)(381.8, 849.5)(263.2, 849.5);GATE
Port:(277.1, 843.7)(367.9, 843.7)(367.9, 849.5)(277.1, 849.5);SD
Port:(263.2, 752.5)(364.9, 752.5)(364.9, 752.6)(381.8, 752.6)(381.8, 841.0)(263.2, 841.0);GATE
Port:(269.1, 757.4)(359.0, 757.4)(359.0, 763.4)(269.1, 763.4);SD
Module:M4
Boundary:(223.2, 738.9)(223.2, 835.3)(222.9, 835.3)(222.9, 851.6)(20.0, 851.6)(20.0, 738.9);GATE
Port:(20.0, 751.5)(25.1, 751.5)(25.1, 839.0)(20.0, 839.0);SD
Port:(223.2, 738.9)(223.2, 835.3)(222.9, 835.3)(222.9, 851.6)(28.1, 851.6)(28.1, 738.9);GATE
Port:(213.6, 744.0)(219.1, 744.0)(219.1, 830.2)(213.6, 830.2);SD
