Area:(-30.0, -30.0)(545.6, -30.0)(545.6, 652.1)(-30.0, 652.1)
Rule:GATE(5,5);SD(5,5);GATE_SD(0.5);GATE_ITO(0.5);SD_ITO(0.5)
Module:M14
Boundary:(229.3, 293.1)(229.3, 370.5)(228.9, 370.5)(228.9, 385.9)(125.6, 385.9)(125.6, 293.1);GATE
Port:(125.6, 305.4)(130.3, 305.4)(130.3, 373.6)(125.6, 373.6);SD
Port:(229.3, 293.1)(229.3, 370.5)(228.9, 370.5)(228.9, 385.9)(132.1, 385.9)(132.1, 293.1);GATE
Port:(219.8, 298.9)(224.5, 298.9)(224.5, 364.7)(219.8, 364.7);SD
Module:M9
Boundary:(302.9, 538.8)(302.9, 598.2)(302.8, 598.2)(302.8, 612.1)(105.6, 612.1)(105.6, 538.8);GATE
Port:(105.6, 551.4)(109.9, 551.4)(109.9, 599.5)(105.6, 599.5);SD
Port:(302.9, 538.8)(302.9, 598.2)(302.8, 598.2)(302.8, 612.1)(112.0, 612.1)(112.0, 538.8);GATE
Port:(292.3, 544.0)(298.7, 544.0)(298.7, 593.0)(292.3, 593.0);SD
Module:M5
Boundary:(395.0, 20.0)(395.0, 108.7)(394.6, 108.7)(394.6, 126.3)(283.9, 126.3)(283.9, 20.0);GATE
Port:(283.9, 34.2)(288.9, 34.2)(288.9, 112.1)(283.9, 112.1);SD
Port:(395.0, 20.0)(395.0, 108.7)(394.6, 108.7)(394.6, 126.3)(290.7, 126.3)(290.7, 20.0);GATE
Port:(383.7, 26.1)(389.9, 26.1)(389.9, 102.6)(383.7, 102.6);SD
Module:M11
Boundary:(10.0, 10.0)(58.1, 10.0)(58.1, 10.2)(73.8, 10.2)(73.8, 190.0)(10.0, 190.0);GATE
Port:(22.8, 185.9)(61.0, 185.9)(61.0, 190.0)(22.8, 190.0);SD
Port:(10.0, 10.0)(58.1, 10.0)(58.1, 10.2)(73.8, 10.2)(73.8, 183.0)(10.0, 183.0);GATE
Port:(15.1, 14.1)(53.0, 14.1)(53.0, 19.9)(15.1, 19.9);SD
Module:M1
Boundary:(113.8, 30.0)(217.0, 30.0)(217.0, 30.2)(233.9, 30.2)(233.9, 125.9)(113.8, 125.9);GATE
Port:(128.6, 121.9)(219.1, 121.9)(219.1, 125.9)(128.6, 125.9);SD
Port:(113.8, 30.0)(217.0, 30.0)(217.0, 30.2)(233.9, 30.2)(233.9, 119.6)(113.8, 119.6);GATE
Port:(119.3, 34.5)(211.5, 34.5)(211.5, 41.7)(119.3, 41.7);SD
Module:M6
Boundary:(495.6, 534.2)(495.6, 596.0)(495.5, 596.0)(495.5, 611.6)(322.9, 611.6)(322.9, 534.2);GATE
Port:(322.9, 546.0)(328.4, 546.0)(328.4, 599.8)(322.9, 599.8);SD
Port:(495.6, 534.2)(495.6, 596.0)(495.5, 596.0)(495.5, 611.6)(330.8, 611.6)(330.8, 534.2);GATE
Port:(486.5, 539.3)(491.5, 539.3)(491.5, 590.9)(486.5, 590.9);SD
Module:M2
Boundary:(115.6, 435.9)(206.7, 435.9)(206.7, 508.8)(115.6, 508.8);GATE
Port:(129.8, 503.0)(192.5, 503.0)(192.5, 508.8)(129.8, 508.8);SD
Port:(115.6, 435.9)(206.7, 435.9)(206.7, 500.1)(115.6, 500.1);GATE
Port:(122.6, 441.9)(199.7, 441.9)(199.7, 448.1)(122.6, 448.1);SD
Module:M16
Boundary:(296.0, 165.9)(296.0, 235.4)(295.9, 235.4)(295.9, 253.1)(105.6, 253.1)(105.6, 165.9);GATE
Port:(105.6, 179.1)(110.7, 179.1)(110.7, 239.9)(105.6, 239.9);SD
Port:(296.0, 165.9)(296.0, 235.4)(295.9, 235.4)(295.9, 253.1)(113.6, 253.1)(113.6, 165.9);GATE
Port:(286.0, 171.6)(291.3, 171.6)(291.3, 229.7)(286.0, 229.7);SD
Module:M13
Boundary:(505.6, 10.0)(505.6, 128.9)(425.0, 128.9)(425.0, 10.0);GATE
Port:(425.0, 23.7)(430.9, 23.7)(430.9, 115.2)(425.0, 115.2);SD
Port:(505.6, 10.0)(505.6, 128.9)(433.2, 128.9)(433.2, 10.0);GATE
Port:(494.6, 15.6)(501.0, 15.6)(501.0, 123.3)(494.6, 123.3);SD
Module:M10
Boundary:(358.6, 273.1)(358.6, 306.9)(358.5, 306.9)(358.5, 321.4)(269.3, 321.4)(269.3, 273.1);GATE
Port:(269.3, 286.6)(273.6, 286.6)(273.6, 307.9)(269.3, 307.9);SD
Port:(358.6, 273.1)(358.6, 306.9)(358.5, 306.9)(358.5, 321.4)(276.0, 321.4)(276.0, 273.1);GATE
Port:(346.7, 278.7)(354.0, 278.7)(354.0, 301.3)(346.7, 301.3);SD
Module:M7
Boundary:(480.0, 453.8)(480.0, 488.5)(479.9, 488.5)(479.9, 504.2)(279.3, 504.2)(279.3, 453.8);GATE
Port:(279.3, 467.2)(284.0, 467.2)(284.0, 490.8)(279.3, 490.8);SD
Port:(480.0, 453.8)(480.0, 488.5)(479.9, 488.5)(479.9, 504.2)(285.6, 504.2)(285.6, 453.8);GATE
Port:(468.1, 458.9)(475.9, 458.9)(475.9, 483.4)(468.1, 483.4);SD
Module:M3
Boundary:(487.8, 362.5)(487.8, 409.8)(487.6, 409.8)(487.6, 423.8)(269.3, 423.8)(269.3, 362.5);GATE
Port:(269.3, 376.1)(273.5, 376.1)(273.5, 410.2)(269.3, 410.2);SD
Port:(487.8, 362.5)(487.8, 409.8)(487.6, 409.8)(487.6, 423.8)(275.4, 423.8)(275.4, 362.5);GATE
Port:(476.1, 368.7)(482.6, 368.7)(482.6, 403.6)(476.1, 403.6);SD
Module:M15
Boundary:(10.0, 210.0)(71.2, 210.0)(71.2, 210.1)(85.6, 210.1)(85.6, 299.3)(10.0, 299.3);GATE
Port:(22.9, 294.6)(72.7, 294.6)(72.7, 299.3)(22.9, 299.3);SD
Port:(10.0, 210.0)(71.2, 210.0)(71.2, 210.1)(85.6, 210.1)(85.6, 292.8)(10.0, 292.8);GATE
Port:(15.8, 214.8)(65.4, 214.8)(65.4, 220.7)(15.8, 220.7);SD
Module:M12
Boundary:(496.2, 242.2)(496.2, 342.5)(378.6, 342.5)(378.6, 242.2);GATE
Port:(378.6, 254.8)(383.2, 254.8)(383.2, 329.9)(378.6, 329.9);SD
Port:(496.2, 242.2)(496.2, 342.5)(384.8, 342.5)(384.8, 242.2);GATE
Port:(486.9, 248.2)(491.2, 248.2)(491.2, 336.5)(486.9, 336.5);SD
Module:M8
Boundary:(501.3, 166.3)(501.3, 212.2)(326.0, 212.2)(326.0, 166.3);GATE
Port:(326.0, 178.4)(330.5, 178.4)(330.5, 200.1)(326.0, 200.1);SD
Port:(501.3, 166.3)(501.3, 212.2)(332.5, 212.2)(332.5, 166.3);GATE
Port:(492.0, 171.3)(497.3, 171.3)(497.3, 207.2)(492.0, 207.2);SD
Module:M4
Boundary:(20.0, 329.3)(73.9, 329.3)(73.9, 506.9)(20.0, 506.9);GATE
Port:(35.7, 501.3)(58.2, 501.3)(58.2, 506.9)(35.7, 506.9);SD
Port:(20.0, 329.3)(73.9, 329.3)(73.9, 499.9)(20.0, 499.9);GATE
Port:(26.6, 334.9)(67.3, 334.9)(67.3, 342.6)(26.6, 342.6);SD
