Area:(-30.0, -30.0)(658.5, -30.0)(658.5, 638.1)(-30.0, 638.1)
Rule:GATE(5,5);SD(5,5);GATE_SD(0.5);GATE_ITO(0.5);SD_ITO(0.5)
Module:M14
Boundary:(235.8, 369.9)(235.8, 480.2)(144.0, 480.2)(144.0, 369.9);GATE
Port:(144.0, 383.8)(149.1, 383.8)(149.1, 466.3)(144.0, 466.3);SD
Port:(235.8, 369.9)(235.8, 480.2)(151.1, 480.2)(151.1, 369.9);GATE
Port:(223.6, 375.8)(230.9, 375.8)(230.9, 474.3)(223.6, 474.3);SD
Module:M9
Boundary:(10.0, 10.0)(104.0, 10.0)(104.0, 132.3)(10.0, 132.3);GATE
Port:(23.0, 127.7)(91.0, 127.7)(91.0, 132.3)(23.0, 132.3);SD
Port:(10.0, 10.0)(104.0, 10.0)(104.0, 125.4)(10.0, 125.4);GATE
Port:(15.4, 14.4)(98.6, 14.4)(98.6, 21.4)(15.4, 21.4);SD
Module:M5
Boundary:(503.1, 191.9)(602.3, 191.9)(602.3, 398.3)(503.1, 398.3);GATE
Port:(516.6, 393.1)(588.8, 393.1)(588.8, 398.3)(516.6, 398.3);SD
Port:(503.1, 191.9)(602.3, 191.9)(602.3, 391.9)(503.1, 391.9);GATE
Port:(510.1, 197.9)(595.3, 197.9)(595.3, 203.1)(510.1, 203.1);SD
Module:M11
Boundary:(10.0, 393.8)(84.2, 393.8)(84.2, 393.8)(102.8, 393.8)(102.8, 598.1)(10.0, 598.1);GATE
Port:(24.6, 593.3)(88.2, 593.3)(88.2, 598.1)(24.6, 598.1);SD
Port:(10.0, 393.8)(84.2, 393.8)(84.2, 393.8)(102.8, 393.8)(102.8, 592.3)(10.0, 592.3);GATE
Port:(15.9, 398.7)(78.3, 398.7)(78.3, 405.5)(15.9, 405.5);SD
Module:M1
Boundary:(591.8, 516.2)(591.8, 568.5)(591.7, 568.5)(591.7, 584.9)(367.0, 584.9)(367.0, 516.2);GATE
Port:(367.0, 530.2)(371.9, 530.2)(371.9, 570.9)(367.0, 570.9);SD
Port:(591.8, 516.2)(591.8, 568.5)(591.7, 568.5)(591.7, 584.9)(374.2, 584.9)(374.2, 516.2);GATE
Port:(580.3, 522.6)(586.4, 522.6)(586.4, 562.1)(580.3, 562.1);SD
Module:M6
Boundary:(290.0, 240.1)(290.0, 311.8)(289.7, 311.8)(289.7, 329.9)(124.0, 329.9)(124.0, 240.1);GATE
Port:(124.0, 254.4)(129.4, 254.4)(129.4, 315.6)(124.0, 315.6);SD
Port:(290.0, 240.1)(290.0, 311.8)(289.7, 311.8)(289.7, 329.9)(131.4, 329.9)(131.4, 240.1);GATE
Port:(278.9, 246.2)(284.9, 246.2)(284.9, 305.7)(278.9, 305.7);SD
Module:M2
Boundary:(463.1, 117.4)(463.1, 187.5)(462.9, 187.5)(462.9, 204.8)(365.8, 204.8)(365.8, 117.4);GATE
Port:(365.8, 131.5)(370.5, 131.5)(370.5, 190.7)(365.8, 190.7);SD
Port:(463.1, 117.4)(463.1, 187.5)(462.9, 187.5)(462.9, 204.8)(372.2, 204.8)(372.2, 117.4);GATE
Port:(452.0, 123.5)(458.0, 123.5)(458.0, 181.4)(452.0, 181.4);SD
Module:M16
Boundary:(515.7, 10.0)(618.2, 10.0)(618.2, 161.9)(515.7, 161.9);GATE
Port:(528.5, 157.3)(605.4, 157.3)(605.4, 161.9)(528.5, 161.9);SD
Port:(515.7, 10.0)(618.2, 10.0)(618.2, 156.2)(515.7, 156.2);GATE
Port:(520.9, 14.2)(613.0, 14.2)(613.0, 19.6)(520.9, 19.6);SD
Module:M13
Boundary:(495.7, 10.0)(495.7, 72.1)(495.5, 72.1)(495.5, 87.4)(296.1, 87.4)(296.1, 10.0);GATE
Port:(296.1, 22.5)(301.4, 22.5)(301.4, 74.9)(296.1, 74.9);SD
Port:(495.7, 10.0)(495.7, 72.1)(495.5, 72.1)(495.5, 87.4)(302.6, 87.4)(302.6, 10.0);GATE
Port:(486.0, 16.3)(490.4, 16.3)(490.4, 65.8)(486.0, 65.8);SD
Module:M10
Boundary:(618.5, 428.3)(618.5, 461.1)(618.5, 461.1)(618.5, 476.2)(463.9, 476.2)(463.9, 428.3);GATE
Port:(463.9, 441.1)(469.8, 441.1)(469.8, 463.4)(463.9, 463.4);SD
Port:(618.5, 428.3)(618.5, 461.1)(618.5, 461.1)(618.5, 476.2)(470.9, 476.2)(470.9, 428.3);GATE
Port:(607.7, 435.0)(612.8, 435.0)(612.8, 454.4)(607.7, 454.4);SD
Module:M7
Boundary:(20.0, 162.3)(89.0, 162.3)(89.0, 363.8)(20.0, 363.8);GATE
Port:(33.9, 358.8)(75.1, 358.8)(75.1, 363.8)(33.9, 363.8);SD
Port:(20.0, 162.3)(89.0, 162.3)(89.0, 356.7)(20.0, 356.7);GATE
Port:(26.6, 167.9)(82.4, 167.9)(82.4, 173.4)(26.6, 173.4);SD
Module:M3
Boundary:(443.9, 402.9)(443.9, 449.0)(443.7, 449.0)(443.7, 463.4)(275.8, 463.4)(275.8, 402.9);GATE
Port:(275.8, 415.5)(280.9, 415.5)(280.9, 450.8)(275.8, 450.8);SD
Port:(443.9, 402.9)(443.9, 449.0)(443.7, 449.0)(443.7, 463.4)(282.8, 463.4)(282.8, 402.9);GATE
Port:(433.5, 409.3)(438.5, 409.3)(438.5, 442.6)(433.5, 442.6);SD
Module:M15
Boundary:(335.8, 133.7)(335.8, 220.1)(124.0, 220.1)(124.0, 133.7);GATE
Port:(124.0, 148.9)(130.0, 148.9)(130.0, 204.9)(124.0, 204.9);SD
Port:(335.8, 133.7)(335.8, 220.1)(132.0, 220.1)(132.0, 133.7);GATE
Port:(323.9, 140.4)(330.1, 140.4)(330.1, 213.4)(323.9, 213.4);SD
Module:M12
Boundary:(327.0, 520.2)(327.0, 583.4)(124.0, 583.4)(124.0, 520.2);GATE
Port:(124.0, 534.0)(129.9, 534.0)(129.9, 569.6)(124.0, 569.6);SD
Port:(327.0, 520.2)(327.0, 583.4)(131.0, 583.4)(131.0, 520.2);GATE
Port:(314.9, 526.4)(321.8, 526.4)(321.8, 577.2)(314.9, 577.2);SD
Module:M8
Boundary:(266.1, 20.0)(266.1, 103.7)(134.0, 103.7)(134.0, 20.0);GATE
Port:(134.0, 33.4)(138.5, 33.4)(138.5, 90.3)(134.0, 90.3);SD
Port:(266.1, 20.0)(266.1, 103.7)(139.7, 103.7)(139.7, 20.0);GATE
Port:(255.0, 25.4)(261.7, 25.4)(261.7, 98.3)(255.0, 98.3);SD
Module:M4
Boundary:(456.1, 250.1)(456.1, 355.8)(456.1, 355.8)(456.1, 372.9)(320.0, 372.9)(320.0, 250.1);GATE
Port:(320.0, 265.4)(325.5, 265.4)(325.5, 357.6)(320.0, 357.6);SD
Port:(456.1, 250.1)(456.1, 355.8)(456.1, 355.8)(456.1, 372.9)(327.7, 372.9)(327.7, 250.1);GATE
Port:(443.6, 256.2)(451.0, 256.2)(451.0, 349.7)(443.6, 349.7);SD
