Area:(-30.0, -30.0)(945.2, -30.0)(945.2, 361.2)(-30.0, 361.2)
Rule:GATE(5,5);SD(5,5);GATE_SD(0.5);GATE_ITO(0.5);SD_ITO(0.5)
Module:M14
Boundary:(883.5, 251.6)(883.5, 311.8)(688.2, 311.8)(688.2, 251.6);GATE
Port:(688.2, 264.6)(693.7, 264.6)(693.7, 298.8)(688.2, 298.8);SD
Port:(883.5, 251.6)(883.5, 311.8)(695.7, 311.8)(695.7, 251.6);GATE
Port:(872.3, 257.7)(878.4, 257.7)(878.4, 305.7)(872.3, 305.7);SD
Module:M9
Boundary:(285.0, 10.0)(285.0, 62.6)(284.9, 62.6)(284.9, 81.0)(189.0, 81.0)(189.0, 10.0);GATE
Port:(189.0, 23.4)(194.9, 23.4)(194.9, 67.6)(189.0, 67.6);SD
Port:(285.0, 10.0)(285.0, 62.6)(284.9, 62.6)(284.9, 81.0)(197.6, 81.0)(197.6, 10.0);GATE
Port:(274.7, 15.2)(280.8, 15.2)(280.8, 57.4)(274.7, 57.4);SD
Module:M5
Boundary:(628.9, 112.8)(697.4, 112.8)(697.4, 112.8)(713.8, 112.8)(713.8, 191.6)(628.9, 191.6);GATE
Port:(643.0, 186.9)(699.7, 186.9)(699.7, 191.6)(643.0, 191.6);SD
Port:(628.9, 112.8)(697.4, 112.8)(697.4, 112.8)(713.8, 112.8)(713.8, 184.9)(628.9, 184.9);GATE
Port:(635.1, 118.0)(691.2, 118.0)(691.2, 124.8)(635.1, 124.8);SD
Module:M11
Boundary:(164.6, 111.0)(164.6, 173.0)(164.5, 173.0)(164.5, 188.0)(10.0, 188.0)(10.0, 111.0);GATE
Port:(10.0, 123.9)(14.4, 123.9)(14.4, 175.1)(10.0, 175.1);SD
Port:(164.6, 111.0)(164.6, 173.0)(164.5, 173.0)(164.5, 188.0)(15.8, 188.0)(15.8, 111.0);GATE
Port:(154.2, 116.0)(160.6, 116.0)(160.6, 168.0)(154.2, 168.0);SD
Module:M1
Boundary:(132.3, 228.0)(132.3, 306.9)(30.0, 306.9)(30.0, 228.0);GATE
Port:(30.0, 241.1)(34.7, 241.1)(34.7, 293.8)(30.0, 293.8);SD
Port:(132.3, 228.0)(132.3, 306.9)(35.8, 306.9)(35.8, 228.0);GATE
Port:(121.8, 234.1)(127.2, 234.1)(127.2, 300.8)(121.8, 300.8);SD
Module:M6
Boundary:(905.2, 10.0)(905.2, 67.1)(905.1, 67.1)(905.1, 84.8)(761.7, 84.8)(761.7, 10.0);GATE
Port:(761.7, 26.5)(765.7, 26.5)(765.7, 68.3)(761.7, 68.3);SD
Port:(905.2, 10.0)(905.2, 67.1)(905.1, 67.1)(905.1, 84.8)(768.3, 84.8)(768.3, 10.0);GATE
Port:(892.0, 16.8)(899.4, 16.8)(899.4, 60.3)(892.0, 60.3);SD
Module:M2
Boundary:(588.9, 20.0)(588.9, 62.7)(588.7, 62.7)(588.7, 76.1)(446.0, 76.1)(446.0, 20.0);GATE
Port:(446.0, 31.6)(452.0, 31.6)(452.0, 64.5)(446.0, 64.5);SD
Port:(588.9, 20.0)(588.9, 62.7)(588.7, 62.7)(588.7, 76.1)(453.8, 76.1)(453.8, 20.0);GATE
Port:(578.9, 25.4)(584.5, 25.4)(584.5, 57.3)(578.9, 57.3);SD
Module:M16
Boundary:(305.0, 94.4)(388.2, 94.4)(388.2, 94.7)(404.4, 94.7)(404.4, 197.1)(305.0, 197.1);GATE
Port:(319.0, 191.8)(390.4, 191.8)(390.4, 197.1)(319.0, 197.1);SD
Port:(305.0, 94.4)(388.2, 94.4)(388.2, 94.7)(404.4, 94.7)(404.4, 189.8)(305.0, 189.8);GATE
Port:(310.4, 98.8)(382.8, 98.8)(382.8, 105.4)(310.4, 105.4);SD
Module:M13
Boundary:(741.7, 10.0)(741.7, 64.7)(741.6, 64.7)(741.6, 82.8)(618.9, 82.8)(618.9, 10.0);GATE
Port:(618.9, 24.6)(624.0, 24.6)(624.0, 68.2)(618.9, 68.2);SD
Port:(741.7, 10.0)(741.7, 64.7)(741.6, 64.7)(741.6, 82.8)(625.6, 82.8)(625.6, 10.0);GATE
Port:(730.5, 15.9)(736.8, 15.9)(736.8, 58.8)(730.5, 58.8);SD
Module:M10
Boundary:(648.2, 224.2)(648.2, 316.3)(419.9, 316.3)(419.9, 224.2);GATE
Port:(419.9, 238.1)(425.4, 238.1)(425.4, 302.4)(419.9, 302.4);SD
Port:(648.2, 224.2)(648.2, 316.3)(428.3, 316.3)(428.3, 224.2);GATE
Port:(636.4, 230.9)(642.5, 230.9)(642.5, 309.6)(636.4, 309.6);SD
Module:M7
Boundary:(159.0, 20.0)(159.0, 66.5)(158.9, 66.5)(158.9, 81.0)(20.0, 81.0)(20.0, 20.0);GATE
Port:(20.0, 32.4)(24.6, 32.4)(24.6, 68.6)(20.0, 68.6);SD
Port:(159.0, 20.0)(159.0, 66.5)(158.9, 66.5)(158.9, 81.0)(26.8, 81.0)(26.8, 20.0);GATE
Port:(148.1, 25.9)(154.1, 25.9)(154.1, 60.6)(148.1, 60.6);SD
Module:M3
Boundary:(271.8, 101.0)(271.8, 198.9)(189.0, 198.9)(189.0, 101.0);GATE
Port:(189.0, 114.6)(193.6, 114.6)(193.6, 185.3)(189.0, 185.3);SD
Port:(271.8, 101.0)(271.8, 198.9)(195.5, 198.9)(195.5, 101.0);GATE
Port:(260.6, 107.5)(266.3, 107.5)(266.3, 192.4)(260.6, 192.4);SD
Module:M15
Boundary:(416.0, 10.0)(416.0, 74.4)(305.0, 74.4)(305.0, 10.0);GATE
Port:(305.0, 22.9)(309.1, 22.9)(309.1, 61.5)(305.0, 61.5);SD
Port:(416.0, 10.0)(416.0, 74.4)(310.5, 74.4)(310.5, 10.0);GATE
Port:(404.8, 16.4)(410.6, 16.4)(410.6, 68.0)(404.8, 68.0);SD
Module:M12
Boundary:(593.2, 106.1)(593.2, 188.2)(592.8, 188.2)(592.8, 204.2)(424.4, 204.2)(424.4, 106.1);GATE
Port:(424.4, 119.7)(429.4, 119.7)(429.4, 190.6)(424.4, 190.6);SD
Port:(593.2, 106.1)(593.2, 188.2)(592.8, 188.2)(592.8, 204.2)(431.3, 204.2)(431.3, 106.1);GATE
Port:(582.2, 113.0)(587.3, 113.0)(587.3, 181.3)(582.2, 181.3);SD
Module:M8
Boundary:(389.9, 228.9)(389.9, 306.3)(389.7, 306.3)(389.7, 321.2)(182.3, 321.2)(182.3, 228.9);GATE
Port:(182.3, 241.8)(186.3, 241.8)(186.3, 308.3)(182.3, 308.3);SD
Port:(389.9, 228.9)(389.9, 306.3)(389.7, 306.3)(389.7, 321.2)(189.2, 321.2)(189.2, 228.9);GATE
Port:(378.8, 234.7)(385.1, 234.7)(385.1, 300.5)(378.8, 300.5);SD
Module:M4
Boundary:(887.3, 114.8)(887.3, 187.4)(887.2, 187.4)(887.2, 201.6)(753.8, 201.6)(753.8, 114.8);GATE
Port:(753.8, 126.5)(758.8, 126.5)(758.8, 189.9)(753.8, 189.9);SD
Port:(887.3, 114.8)(887.3, 187.4)(887.2, 187.4)(887.2, 201.6)(760.6, 201.6)(760.6, 114.8);GATE
Port:(877.2, 120.0)(883.1, 120.0)(883.1, 182.2)(877.2, 182.2);SD
