Area:(-30.0, -30.0)(419.2, -30.0)(419.2, 991.4)(-30.0, 991.4)
Rule:GATE(5,5);SD(5,5);GATE_SD(0.5);GATE_ITO(0.5);SD_ITO(0.5)
Module:M14
Boundary:(293.1, 831.6)(344.3, 831.6)(344.3, 831.7)(361.3, 831.7)(361.3, 943.3)(293.1, 943.3);GATE
Port:(306.6, 938.4)(347.8, 938.4)(347.8, 943.3)(306.6, 943.3);SD
Port:(293.1, 831.6)(344.3, 831.6)(344.3, 831.7)(361.3, 831.7)(361.3, 937.0)(293.1, 937.0);GATE
Port:(298.8, 836.3)(338.6, 836.3)(338.6, 842.5)(298.8, 842.5);SD
Module:M9
Boundary:(10.0, 10.0)(80.9, 10.0)(80.9, 179.3)(10.0, 179.3);GATE
Port:(24.4, 174.3)(66.5, 174.3)(66.5, 179.3)(24.4, 179.3);SD
Port:(10.0, 10.0)(80.9, 10.0)(80.9, 172.7)(10.0, 172.7);GATE
Port:(15.8, 14.8)(75.1, 14.8)(75.1, 21.3)(15.8, 21.3);SD
Module:M5
Boundary:(156.5, 477.5)(259.6, 477.5)(259.6, 663.1)(156.5, 663.1);GATE
Port:(170.2, 658.5)(245.9, 658.5)(245.9, 663.1)(170.2, 663.1);SD
Port:(156.5, 477.5)(259.6, 477.5)(259.6, 656.4)(156.5, 656.4);GATE
Port:(163.0, 483.0)(253.1, 483.0)(253.1, 488.9)(163.0, 488.9);SD
Module:M11
Boundary:(165.8, 341.6)(165.8, 428.2)(10.0, 428.2)(10.0, 341.6);GATE
Port:(10.0, 355.6)(15.0, 355.6)(15.0, 414.2)(10.0, 414.2);SD
Port:(165.8, 341.6)(165.8, 428.2)(17.4, 428.2)(17.4, 341.6);GATE
Port:(155.0, 348.0)(160.4, 348.0)(160.4, 421.8)(155.0, 421.8);SD
Module:M1
Boundary:(146.9, 229.7)(146.9, 288.3)(146.9, 288.3)(146.9, 301.6)(30.0, 301.6)(30.0, 229.7);GATE
Port:(30.0, 242.5)(34.6, 242.5)(34.6, 288.8)(30.0, 288.8);SD
Port:(146.9, 229.7)(146.9, 288.3)(146.9, 288.3)(146.9, 301.6)(37.0, 301.6)(37.0, 229.7);GATE
Port:(135.6, 236.5)(141.1, 236.5)(141.1, 281.5)(135.6, 281.5);SD
Module:M6
Boundary:(100.9, 10.0)(177.5, 10.0)(177.5, 10.4)(192.5, 10.4)(192.5, 98.3)(100.9, 98.3);GATE
Port:(113.1, 92.8)(180.3, 92.8)(180.3, 98.3)(113.1, 98.3);SD
Port:(100.9, 10.0)(177.5, 10.0)(177.5, 10.4)(192.5, 10.4)(192.5, 90.6)(100.9, 90.6);GATE
Port:(106.8, 14.9)(171.6, 14.9)(171.6, 20.4)(106.8, 20.4);SD
Module:M2
Boundary:(363.9, 20.0)(363.9, 105.6)(222.5, 105.6)(222.5, 20.0);GATE
Port:(222.5, 34.0)(227.7, 34.0)(227.7, 91.6)(222.5, 91.6);SD
Port:(363.9, 20.0)(363.9, 105.6)(230.6, 105.6)(230.6, 20.0);GATE
Port:(352.7, 26.2)(358.7, 26.2)(358.7, 99.4)(352.7, 99.4);SD
Module:M16
Boundary:(342.7, 693.1)(342.7, 775.4)(342.7, 775.4)(342.7, 791.6)(146.5, 791.6)(146.5, 693.1);GATE
Port:(146.5, 706.0)(152.1, 706.0)(152.1, 778.7)(146.5, 778.7);SD
Port:(342.7, 693.1)(342.7, 775.4)(342.7, 775.4)(342.7, 791.6)(154.7, 791.6)(154.7, 693.1);GATE
Port:(331.8, 699.2)(337.6, 699.2)(337.6, 769.3)(331.8, 769.3);SD
Module:M13
Boundary:(295.8, 135.6)(356.8, 135.6)(356.8, 136.0)(371.2, 136.0)(371.2, 299.9)(295.8, 299.9);GATE
Port:(308.6, 295.8)(358.4, 295.8)(358.4, 299.9)(308.6, 299.9);SD
Port:(295.8, 135.6)(356.8, 135.6)(356.8, 136.0)(371.2, 136.0)(371.2, 294.5)(295.8, 294.5);GATE
Port:(301.5, 140.3)(351.1, 140.3)(351.1, 146.1)(301.5, 146.1);SD
Module:M10
Boundary:(193.3, 135.6)(275.8, 135.6)(275.8, 284.0)(193.3, 284.0);GATE
Port:(206.0, 279.9)(263.1, 279.9)(263.1, 284.0)(206.0, 284.0);SD
Port:(193.3, 135.6)(275.8, 135.6)(275.8, 277.5)(193.3, 277.5);GATE
Port:(198.7, 140.0)(270.4, 140.0)(270.4, 146.4)(198.7, 146.4);SD
Module:M7
Boundary:(20.0, 589.0)(116.5, 589.0)(116.5, 807.6)(20.0, 807.6);GATE
Port:(31.1, 801.9)(105.4, 801.9)(105.4, 807.6)(31.1, 807.6);SD
Port:(20.0, 589.0)(116.5, 589.0)(116.5, 799.9)(20.0, 799.9);GATE
Port:(25.3, 593.3)(111.2, 593.3)(111.2, 598.5)(25.3, 598.5);SD
Module:M3
Boundary:(173.3, 118.3)(173.3, 189.7)(100.9, 189.7)(100.9, 118.3);GATE
Port:(100.9, 131.3)(106.1, 131.3)(106.1, 176.7)(100.9, 176.7);SD
Port:(173.3, 118.3)(173.3, 189.7)(108.1, 189.7)(108.1, 118.3);GATE
Port:(162.0, 124.5)(168.1, 124.5)(168.1, 183.5)(162.0, 183.5);SD
Module:M15
Boundary:(289.6, 467.5)(379.2, 467.5)(379.2, 631.3)(289.6, 631.3);GATE
Port:(302.9, 626.4)(365.9, 626.4)(365.9, 631.3)(302.9, 631.3);SD
Port:(289.6, 467.5)(379.2, 467.5)(379.2, 624.2)(289.6, 624.2);GATE
Port:(295.6, 472.5)(373.2, 472.5)(373.2, 478.7)(295.6, 478.7);SD
Module:M12
Boundary:(368.6, 319.9)(368.6, 447.5)(186.9, 447.5)(186.9, 319.9);GATE
Port:(186.9, 335.5)(191.3, 335.5)(191.3, 431.9)(186.9, 431.9);SD
Port:(368.6, 319.9)(368.6, 447.5)(192.7, 447.5)(192.7, 319.9);GATE
Port:(356.0, 326.8)(362.7, 326.8)(362.7, 440.6)(356.0, 440.6);SD
Module:M8
Boundary:(20.0, 458.2)(113.5, 458.2)(113.5, 549.0)(20.0, 549.0);GATE
Port:(33.2, 543.1)(100.3, 543.1)(100.3, 549.0)(33.2, 549.0);SD
Port:(20.0, 458.2)(113.5, 458.2)(113.5, 541.0)(20.0, 541.0);GATE
Port:(26.8, 464.0)(106.7, 464.0)(106.7, 469.9)(26.8, 469.9);SD
Module:M4
Boundary:(243.1, 847.6)(243.1, 951.4)(20.0, 951.4)(20.0, 847.6);GATE
Port:(20.0, 858.8)(25.0, 858.8)(25.0, 940.2)(20.0, 940.2);SD
Port:(243.1, 847.6)(243.1, 951.4)(26.5, 951.4)(26.5, 847.6);GATE
Port:(233.8, 852.8)(238.9, 852.8)(238.9, 946.2)(233.8, 946.2);SD
