Area:(-30.0, -30.0)(559.6, -30.0)(559.6, 721.1)(-30.0, 721.1)
Rule:GATE(5,5);SD(5,5);GATE_SD(0.5);GATE_ITO(0.5);SD_ITO(0.5)
Module:M14
Boundary:(495.6, 331.5)(495.6, 424.5)(495.3, 424.5)(495.3, 439.2)(359.3, 439.2)(359.3, 331.5);GATE
Port:(359.3, 345.3)(363.8, 345.3)(363.8, 425.4)(359.3, 425.4);SD
Port:(495.6, 331.5)(495.6, 424.5)(495.3, 424.5)(495.3, 439.2)(366.2, 439.2)(366.2, 331.5);GATE
Port:(483.8, 338.3)(489.8, 338.3)(489.8, 417.7)(483.8, 417.7);SD
Module:M9
Boundary:(10.0, 10.0)(122.3, 10.0)(122.3, 89.7)(10.0, 89.7);GATE
Port:(25.7, 85.0)(106.6, 85.0)(106.6, 89.7)(25.7, 89.7);SD
Port:(10.0, 10.0)(122.3, 10.0)(122.3, 83.0)(10.0, 83.0);GATE
Port:(16.7, 15.7)(115.6, 15.7)(115.6, 22.8)(16.7, 22.8);SD
Module:M5
Boundary:(152.3, 20.0)(210.8, 20.0)(210.8, 174.9)(152.3, 174.9);GATE
Port:(164.8, 170.3)(198.3, 170.3)(198.3, 174.9)(164.8, 174.9);SD
Port:(152.3, 20.0)(210.8, 20.0)(210.8, 167.8)(152.3, 167.8);GATE
Port:(158.5, 25.2)(204.6, 25.2)(204.6, 30.8)(158.5, 30.8);SD
Module:M11
Boundary:(371.5, 10.0)(371.5, 88.7)(371.3, 88.7)(371.3, 104.3)(240.8, 104.3)(240.8, 10.0);GATE
Port:(240.8, 22.1)(245.8, 22.1)(245.8, 92.2)(240.8, 92.2);SD
Port:(371.5, 10.0)(371.5, 88.7)(371.3, 88.7)(371.3, 104.3)(247.2, 104.3)(247.2, 10.0);GATE
Port:(361.0, 15.3)(367.2, 15.3)(367.2, 83.4)(361.0, 83.4);SD
Module:M1
Boundary:(30.0, 235.0)(79.3, 235.0)(79.3, 235.1)(96.4, 235.1)(96.4, 410.4)(30.0, 410.4);GATE
Port:(42.2, 405.1)(84.2, 405.1)(84.2, 410.4)(42.2, 410.4);SD
Port:(30.0, 235.0)(79.3, 235.0)(79.3, 235.1)(96.4, 235.1)(96.4, 403.2)(30.0, 403.2);GATE
Port:(35.1, 239.1)(74.2, 239.1)(74.2, 244.1)(35.1, 244.1);SD
Module:M6
Boundary:(462.1, 129.6)(462.1, 184.0)(240.8, 184.0)(240.8, 129.6);GATE
Port:(240.8, 143.5)(246.6, 143.5)(246.6, 170.1)(240.8, 170.1);SD
Port:(462.1, 129.6)(462.1, 184.0)(248.3, 184.0)(248.3, 129.6);GATE
Port:(451.4, 135.0)(457.7, 135.0)(457.7, 178.6)(451.4, 178.6);SD
Module:M2
Boundary:(512.5, 489.2)(512.5, 532.7)(318.5, 532.7)(318.5, 489.2);GATE
Port:(318.5, 501.5)(323.9, 501.5)(323.9, 520.4)(318.5, 520.4);SD
Port:(512.5, 489.2)(512.5, 532.7)(325.2, 532.7)(325.2, 489.2);GATE
Port:(501.8, 496.1)(506.6, 496.1)(506.6, 525.8)(501.8, 525.8);SD
Module:M16
Boundary:(519.6, 10.0)(519.6, 109.6)(391.5, 109.6)(391.5, 10.0);GATE
Port:(391.5, 23.6)(397.5, 23.6)(397.5, 96.0)(391.5, 96.0);SD
Port:(519.6, 10.0)(519.6, 109.6)(398.7, 109.6)(398.7, 10.0);GATE
Port:(509.1, 15.1)(515.5, 15.1)(515.5, 104.5)(509.1, 104.5);SD
Module:M13
Boundary:(319.3, 340.8)(319.3, 425.4)(136.4, 425.4)(136.4, 340.8);GATE
Port:(136.4, 352.8)(141.6, 352.8)(141.6, 413.4)(136.4, 413.4);SD
Port:(319.3, 340.8)(319.3, 425.4)(142.6, 425.4)(142.6, 340.8);GATE
Port:(309.1, 346.8)(314.3, 346.8)(314.3, 419.4)(309.1, 419.4);SD
Module:M10
Boundary:(288.5, 445.4)(288.5, 540.9)(166.2, 540.9)(166.2, 445.4);GATE
Port:(166.2, 458.7)(170.3, 458.7)(170.3, 527.6)(166.2, 527.6);SD
Port:(288.5, 445.4)(288.5, 540.9)(172.2, 540.9)(172.2, 445.4);GATE
Port:(277.0, 451.3)(283.6, 451.3)(283.6, 535.0)(277.0, 535.0);SD
Module:M7
Boundary:(286.6, 214.9)(286.6, 310.8)(152.3, 310.8)(152.3, 214.9);GATE
Port:(152.3, 229.0)(158.0, 229.0)(158.0, 296.7)(152.3, 296.7);SD
Port:(286.6, 214.9)(286.6, 310.8)(159.4, 310.8)(159.4, 214.9);GATE
Port:(274.8, 221.4)(281.1, 221.4)(281.1, 304.3)(274.8, 304.3);SD
Module:M3
Boundary:(146.2, 450.4)(146.2, 556.7)(10.0, 556.7)(10.0, 450.4);GATE
Port:(10.0, 463.0)(14.7, 463.0)(14.7, 544.1)(10.0, 544.1);SD
Port:(146.2, 450.4)(146.2, 556.7)(15.8, 556.7)(15.8, 450.4);GATE
Port:(135.6, 456.6)(141.0, 456.6)(141.0, 550.5)(135.6, 550.5);SD
Module:M15
Boundary:(506.6, 204.0)(506.6, 273.7)(506.6, 273.7)(506.6, 291.5)(316.6, 291.5)(316.6, 204.0);GATE
Port:(316.6, 217.8)(320.8, 217.8)(320.8, 277.7)(316.6, 277.7);SD
Port:(506.6, 204.0)(506.6, 273.7)(506.6, 273.7)(506.6, 291.5)(323.2, 291.5)(323.2, 204.0);GATE
Port:(496.1, 209.2)(502.4, 209.2)(502.4, 268.5)(496.1, 268.5);SD
Module:M12
Boundary:(111.0, 109.7)(111.0, 178.1)(110.8, 178.1)(110.8, 195.0)(10.0, 195.0)(10.0, 109.7);GATE
Port:(10.0, 123.4)(15.1, 123.4)(15.1, 181.3)(10.0, 181.3);SD
Port:(111.0, 109.7)(111.0, 178.1)(110.8, 178.1)(110.8, 195.0)(17.0, 195.0)(17.0, 109.7);GATE
Port:(100.2, 116.4)(105.3, 116.4)(105.3, 171.4)(100.2, 171.4);SD
Module:M8
Boundary:(477.4, 572.7)(477.4, 666.1)(477.0, 666.1)(477.0, 681.1)(280.2, 681.1)(280.2, 572.7);GATE
Port:(280.2, 585.5)(284.8, 585.5)(284.8, 668.3)(280.2, 668.3);SD
Port:(477.4, 572.7)(477.4, 666.1)(477.0, 666.1)(477.0, 681.1)(287.5, 681.1)(287.5, 572.7);GATE
Port:(466.4, 578.5)(472.6, 578.5)(472.6, 660.3)(466.4, 660.3);SD
Module:M4
Boundary:(240.2, 586.7)(240.2, 680.3)(20.0, 680.3)(20.0, 586.7);GATE
Port:(20.0, 599.0)(24.7, 599.0)(24.7, 668.0)(20.0, 668.0);SD
Port:(240.2, 586.7)(240.2, 680.3)(26.0, 680.3)(26.0, 586.7);GATE
Port:(230.9, 592.1)(235.8, 592.1)(235.8, 674.9)(230.9, 674.9);SD
