Area:(-30.0, -30.0)(580.5, -30.0)(580.5, 667.7)(-30.0, 667.7)
Rule:GATE(5,5);SD(5,5);GATE_SD(0.5);GATE_ITO(0.5);SD_ITO(0.5)
Module:M14
Boundary:(436.6, 396.9)(436.6, 485.2)(436.1, 485.2)(436.1, 503.0)(209.5, 503.0)(209.5, 396.9);GATE
Port:(209.5, 410.5)(213.6, 410.5)(213.6, 489.4)(209.5, 489.4);SD
Port:(436.6, 396.9)(436.6, 485.2)(436.1, 485.2)(436.1, 503.0)(214.7, 503.0)(214.7, 396.9);GATE
Port:(426.4, 403.1)(431.4, 403.1)(431.4, 479.0)(426.4, 479.0);SD
Module:M9
Boundary:(147.0, 268.9)(147.0, 332.1)(10.0, 332.1)(10.0, 268.9);GATE
Port:(10.0, 281.4)(15.3, 281.4)(15.3, 319.6)(10.0, 319.6);SD
Port:(147.0, 268.9)(147.0, 332.1)(16.3, 332.1)(16.3, 268.9);GATE
Port:(137.4, 274.1)(142.8, 274.1)(142.8, 326.9)(137.4, 326.9);SD
Module:M5
Boundary:(319.5, 152.5)(414.1, 152.5)(414.1, 346.9)(319.5, 346.9);GATE
Port:(332.0, 341.0)(401.6, 341.0)(401.6, 346.9)(332.0, 346.9);SD
Port:(319.5, 152.5)(414.1, 152.5)(414.1, 339.4)(319.5, 339.4);GATE
Port:(324.7, 156.7)(408.9, 156.7)(408.9, 162.8)(324.7, 162.8);SD
Module:M11
Boundary:(198.1, 543.0)(259.3, 543.0)(259.3, 543.3)(274.7, 543.3)(274.7, 612.6)(198.1, 612.6);GATE
Port:(209.7, 606.9)(263.1, 606.9)(263.1, 612.6)(209.7, 612.6);SD
Port:(198.1, 543.0)(259.3, 543.0)(259.3, 543.3)(274.7, 543.3)(274.7, 604.9)(198.1, 604.9);GATE
Port:(203.9, 547.8)(253.5, 547.8)(253.5, 552.1)(203.9, 552.1);SD
Module:M1
Boundary:(30.0, 30.0)(161.1, 30.0)(161.1, 228.9)(30.0, 228.9);GATE
Port:(45.2, 223.4)(145.9, 223.4)(145.9, 228.9)(45.2, 228.9);SD
Port:(30.0, 30.0)(161.1, 30.0)(161.1, 222.1)(30.0, 222.1);GATE
Port:(36.3, 35.3)(154.8, 35.3)(154.8, 41.8)(36.3, 41.8);SD
Module:M6
Boundary:(178.1, 563.0)(178.1, 612.1)(178.0, 612.1)(178.0, 627.7)(10.0, 627.7)(10.0, 563.0);GATE
Port:(10.0, 576.1)(14.6, 576.1)(14.6, 614.6)(10.0, 614.6);SD
Port:(178.1, 563.0)(178.1, 612.1)(178.0, 612.1)(178.0, 627.7)(16.1, 627.7)(16.1, 563.0);GATE
Port:(166.7, 568.8)(173.3, 568.8)(173.3, 606.3)(166.7, 606.3);SD
Module:M2
Boundary:(211.1, 20.0)(289.3, 20.0)(289.3, 112.5)(211.1, 112.5);GATE
Port:(222.5, 107.9)(277.9, 107.9)(277.9, 112.5)(222.5, 112.5);SD
Port:(211.1, 20.0)(289.3, 20.0)(289.3, 106.8)(211.1, 106.8);GATE
Port:(216.4, 24.3)(284.0, 24.3)(284.0, 28.9)(216.4, 28.9);SD
Module:M16
Boundary:(201.1, 142.5)(274.0, 142.5)(274.0, 142.7)(288.1, 142.7)(288.1, 267.8)(201.1, 267.8);GATE
Port:(213.2, 262.2)(276.0, 262.2)(276.0, 267.8)(213.2, 267.8);SD
Port:(201.1, 142.5)(274.0, 142.5)(274.0, 142.7)(288.1, 142.7)(288.1, 261.2)(201.1, 261.2);GATE
Port:(206.4, 146.8)(268.7, 146.8)(268.7, 152.3)(206.4, 152.3);SD
Module:M13
Boundary:(476.6, 328.1)(540.5, 328.1)(540.5, 513.1)(476.6, 513.1);GATE
Port:(489.5, 507.9)(527.6, 507.9)(527.6, 513.1)(489.5, 513.1);SD
Port:(476.6, 328.1)(540.5, 328.1)(540.5, 506.3)(476.6, 506.3);GATE
Port:(481.7, 332.2)(535.4, 332.2)(535.4, 339.2)(481.7, 339.2);SD
Module:M10
Boundary:(521.0, 10.0)(521.0, 86.2)(520.5, 86.2)(520.5, 100.9)(441.1, 100.9)(441.1, 10.0);GATE
Port:(441.1, 23.0)(446.5, 23.0)(446.5, 87.9)(441.1, 87.9);SD
Port:(521.0, 10.0)(521.0, 86.2)(520.5, 86.2)(520.5, 100.9)(447.5, 100.9)(447.5, 10.0);GATE
Port:(510.6, 15.6)(516.4, 15.6)(516.4, 80.6)(510.6, 80.6);SD
Module:M7
Boundary:(454.1, 130.9)(519.4, 130.9)(519.4, 131.3)(536.0, 131.3)(536.0, 298.1)(454.1, 298.1);GATE
Port:(466.5, 292.7)(523.6, 292.7)(523.6, 298.1)(466.5, 298.1);SD
Port:(454.1, 130.9)(519.4, 130.9)(519.4, 131.3)(536.0, 131.3)(536.0, 290.6)(454.1, 290.6);GATE
Port:(459.5, 135.3)(514.0, 135.3)(514.0, 140.5)(459.5, 140.5);SD
Module:M3
Boundary:(158.0, 352.1)(158.0, 404.0)(157.7, 404.0)(157.7, 422.1)(10.0, 422.1)(10.0, 352.1);GATE
Port:(10.0, 365.3)(15.2, 365.3)(15.2, 408.9)(10.0, 408.9);SD
Port:(158.0, 352.1)(158.0, 404.0)(157.7, 404.0)(157.7, 422.1)(17.9, 422.1)(17.9, 352.1);GATE
Port:(147.9, 357.4)(153.7, 357.4)(153.7, 398.7)(147.9, 398.7);SD
Module:M15
Boundary:(319.3, 10.0)(421.1, 10.0)(421.1, 121.5)(319.3, 121.5);GATE
Port:(334.0, 117.4)(406.4, 117.4)(406.4, 121.5)(334.0, 121.5);SD
Port:(319.3, 10.0)(421.1, 10.0)(421.1, 115.5)(319.3, 115.5);GATE
Port:(326.1, 15.8)(414.3, 15.8)(414.3, 22.3)(326.1, 22.3);SD
Module:M12
Boundary:(178.0, 287.8)(289.5, 287.8)(289.5, 355.0)(178.0, 355.0);GATE
Port:(190.6, 349.7)(276.9, 349.7)(276.9, 355.0)(190.6, 355.0);SD
Port:(178.0, 287.8)(289.5, 287.8)(289.5, 347.9)(178.0, 347.9);GATE
Port:(183.6, 292.4)(283.9, 292.4)(283.9, 297.7)(183.6, 297.7);SD
Module:M8
Boundary:(159.5, 452.1)(159.5, 533.0)(20.0, 533.0)(20.0, 452.1);GATE
Port:(20.0, 465.6)(25.1, 465.6)(25.1, 519.5)(20.0, 519.5);SD
Port:(159.5, 452.1)(159.5, 533.0)(27.2, 533.0)(27.2, 452.1);GATE
Port:(148.3, 458.3)(154.3, 458.3)(154.3, 526.8)(148.3, 526.8);SD
Module:M4
Boundary:(529.5, 553.0)(529.5, 602.2)(529.4, 602.2)(529.4, 617.8)(304.7, 617.8)(304.7, 553.0);GATE
Port:(304.7, 566.0)(310.2, 566.0)(310.2, 604.8)(304.7, 604.8);SD
Port:(529.5, 553.0)(529.5, 602.2)(529.4, 602.2)(529.4, 617.8)(312.0, 617.8)(312.0, 553.0);GATE
Port:(518.1, 558.6)(524.9, 558.6)(524.9, 596.6)(518.1, 596.6);SD
