Area:(-30.0, -30.0)(500.9, -30.0)(500.9, 750.1)(-30.0, 750.1)
Rule:GATE(5,5);SD(5,5);GATE_SD(0.5);GATE_ITO(0.5);SD_ITO(0.5)
Module:M14
Boundary:(329.0, 205.6)(419.1, 205.6)(419.1, 205.6)(437.1, 205.6)(437.1, 362.8)(329.0, 362.8);GATE
Port:(343.3, 358.2)(422.8, 358.2)(422.8, 362.8)(343.3, 362.8);SD
Port:(329.0, 205.6)(419.1, 205.6)(419.1, 205.6)(437.1, 205.6)(437.1, 356.0)(329.0, 356.0);GATE
Port:(334.3, 209.9)(413.8, 209.9)(413.8, 216.8)(334.3, 216.8);SD
Module:M9
Boundary:(291.0, 402.8)(328.8, 402.8)(328.8, 403.0)(345.0, 403.0)(345.0, 595.4)(291.0, 595.4);GATE
Port:(306.1, 590.1)(329.9, 590.1)(329.9, 595.4)(306.1, 595.4);SD
Port:(291.0, 402.8)(328.8, 402.8)(328.8, 403.0)(345.0, 403.0)(345.0, 587.8)(291.0, 587.8);GATE
Port:(297.9, 408.7)(321.9, 408.7)(321.9, 415.8)(297.9, 415.8);SD
Module:M5
Boundary:(20.0, 585.2)(117.3, 585.2)(117.3, 700.7)(20.0, 700.7);GATE
Port:(34.9, 694.9)(102.4, 694.9)(102.4, 700.7)(34.9, 700.7);SD
Port:(20.0, 585.2)(117.3, 585.2)(117.3, 693.5)(20.0, 693.5);GATE
Port:(27.0, 591.2)(110.3, 591.2)(110.3, 597.9)(27.0, 597.9);SD
Module:M11
Boundary:(241.3, 624.6)(241.3, 704.1)(147.3, 704.1)(147.3, 624.6);GATE
Port:(147.3, 638.8)(152.6, 638.8)(152.6, 689.9)(147.3, 689.9);SD
Port:(241.3, 624.6)(241.3, 704.1)(155.2, 704.1)(155.2, 624.6);GATE
Port:(229.3, 630.8)(236.1, 630.8)(236.1, 697.9)(229.3, 697.9);SD
Module:M1
Boundary:(317.1, 30.0)(317.1, 114.9)(142.9, 114.9)(142.9, 30.0);GATE
Port:(142.9, 43.3)(147.6, 43.3)(147.6, 101.6)(142.9, 101.6);SD
Port:(317.1, 30.0)(317.1, 114.9)(150.3, 114.9)(150.3, 30.0);GATE
Port:(307.1, 36.0)(312.1, 36.0)(312.1, 108.9)(307.1, 108.9);SD
Module:M6
Boundary:(222.7, 154.9)(262.8, 154.9)(262.8, 155.1)(281.5, 155.1)(281.5, 231.5)(222.7, 231.5);GATE
Port:(238.8, 225.7)(265.4, 225.7)(265.4, 231.5)(238.8, 231.5);SD
Port:(222.7, 154.9)(262.8, 154.9)(262.8, 155.1)(281.5, 155.1)(281.5, 223.6)(222.7, 223.6);GATE
Port:(229.5, 160.7)(256.0, 160.7)(256.0, 167.7)(229.5, 167.7);SD
Module:M2
Boundary:(20.0, 293.5)(72.2, 293.5)(72.2, 293.6)(89.9, 293.6)(89.9, 426.3)(20.0, 426.3);GATE
Port:(33.8, 421.4)(76.1, 421.4)(76.1, 426.3)(33.8, 426.3);SD
Port:(20.0, 293.5)(72.2, 293.5)(72.2, 293.6)(89.9, 293.6)(89.9, 419.9)(20.0, 419.9);GATE
Port:(25.8, 298.3)(66.4, 298.3)(66.4, 304.2)(25.8, 304.2);SD
Module:M16
Boundary:(365.0, 402.8)(432.8, 402.8)(432.8, 403.0)(450.0, 403.0)(450.0, 600.2)(365.0, 600.2);GATE
Port:(378.3, 594.5)(436.7, 594.5)(436.7, 600.2)(378.3, 600.2);SD
Port:(365.0, 402.8)(432.8, 402.8)(432.8, 403.0)(450.0, 403.0)(450.0, 593.3)(365.0, 593.3);GATE
Port:(370.4, 407.2)(427.4, 407.2)(427.4, 412.7)(370.4, 412.7);SD
Module:M13
Boundary:(460.9, 624.6)(460.9, 693.5)(460.5, 693.5)(460.5, 710.1)(261.3, 710.1)(261.3, 624.6);GATE
Port:(261.3, 639.0)(265.8, 639.0)(265.8, 695.7)(261.3, 695.7);SD
Port:(460.9, 624.6)(460.9, 693.5)(460.5, 693.5)(460.5, 710.1)(267.3, 710.1)(267.3, 624.6);GATE
Port:(449.3, 630.4)(456.1, 630.4)(456.1, 687.7)(449.3, 687.7);SD
Module:M10
Boundary:(289.0, 251.6)(289.0, 351.0)(288.9, 351.0)(288.9, 367.5)(119.9, 367.5)(119.9, 251.6);GATE
Port:(119.9, 264.5)(124.0, 264.5)(124.0, 354.6)(119.9, 354.6);SD
Port:(289.0, 251.6)(289.0, 351.0)(288.9, 351.0)(288.9, 367.5)(125.7, 367.5)(125.7, 251.6);GATE
Port:(278.7, 257.3)(284.3, 257.3)(284.3, 345.3)(278.7, 345.3);SD
Module:M7
Boundary:(367.1, 20.0)(451.4, 20.0)(451.4, 155.6)(367.1, 155.6);GATE
Port:(378.9, 151.0)(439.6, 151.0)(439.6, 155.6)(378.9, 155.6);SD
Port:(367.1, 20.0)(451.4, 20.0)(451.4, 148.8)(367.1, 148.8);GATE
Port:(372.9, 24.8)(445.6, 24.8)(445.6, 29.8)(372.9, 29.8);SD
Module:M3
Boundary:(202.7, 154.9)(202.7, 217.7)(202.4, 217.7)(202.4, 231.6)(96.8, 231.6)(96.8, 154.9);GATE
Port:(96.8, 169.0)(102.0, 169.0)(102.0, 217.5)(96.8, 217.5);SD
Port:(202.7, 154.9)(202.7, 217.7)(202.4, 217.7)(202.4, 231.6)(103.9, 231.6)(103.9, 154.9);GATE
Port:(190.1, 161.5)(197.1, 161.5)(197.1, 211.1)(190.1, 211.1);SD
Module:M15
Boundary:(10.0, 134.0)(60.8, 134.0)(60.8, 134.1)(76.8, 134.1)(76.8, 263.5)(10.0, 263.5);GATE
Port:(24.1, 257.7)(62.7, 257.7)(62.7, 263.5)(24.1, 263.5);SD
Port:(10.0, 134.0)(60.8, 134.0)(60.8, 134.1)(76.8, 134.1)(76.8, 255.4)(10.0, 255.4);GATE
Port:(16.7, 139.7)(54.1, 139.7)(54.1, 145.2)(16.7, 145.2);SD
Module:M12
Boundary:(102.9, 10.0)(102.9, 97.1)(102.4, 97.1)(102.4, 114.0)(10.0, 114.0)(10.0, 10.0);GATE
Port:(10.0, 24.8)(16.0, 24.8)(16.0, 99.2)(10.0, 99.2);SD
Port:(102.9, 10.0)(102.9, 97.1)(102.4, 97.1)(102.4, 114.0)(18.3, 114.0)(18.3, 10.0);GATE
Port:(91.3, 16.4)(97.5, 16.4)(97.5, 90.7)(91.3, 90.7);SD
Module:M8
Boundary:(157.3, 397.5)(261.0, 397.5)(261.0, 594.6)(157.3, 594.6);GATE
Port:(170.8, 590.2)(247.5, 590.2)(247.5, 594.6)(170.8, 594.6);SD
Port:(157.3, 397.5)(261.0, 397.5)(261.0, 587.7)(157.3, 587.7);GATE
Port:(162.4, 401.6)(255.9, 401.6)(255.9, 408.1)(162.4, 408.1);SD
Module:M4
Boundary:(20.0, 466.3)(113.4, 466.3)(113.4, 545.2)(20.0, 545.2);GATE
Port:(31.8, 540.4)(101.6, 540.4)(101.6, 545.2)(31.8, 545.2);SD
Port:(20.0, 466.3)(113.4, 466.3)(113.4, 538.1)(20.0, 538.1);GATE
Port:(25.4, 470.7)(108.0, 470.7)(108.0, 476.5)(25.4, 476.5);SD
