Area:(-30.0, -30.0)(911.1, -30.0)(911.1, 458.2)(-30.0, 458.2)
Rule:GATE(5,5);SD(5,5);GATE_SD(0.5);GATE_ITO(0.5);SD_ITO(0.5)
Module:M14
Boundary:(144.8, 173.3)(251.0, 173.3)(251.0, 272.9)(144.8, 272.9);GATE
Port:(160.0, 268.7)(235.8, 268.7)(235.8, 272.9)(160.0, 272.9);SD
Port:(144.8, 173.3)(251.0, 173.3)(251.0, 267.1)(144.8, 267.1);GATE
Port:(151.4, 178.9)(244.4, 178.9)(244.4, 186.2)(151.4, 186.2);SD
Module:M9
Boundary:(400.5, 10.0)(400.5, 116.1)(400.0, 116.1)(400.0, 133.3)(214.8, 133.3)(214.8, 10.0);GATE
Port:(214.8, 25.4)(219.5, 25.4)(219.5, 117.9)(214.8, 117.9);SD
Port:(400.5, 10.0)(400.5, 116.1)(400.0, 116.1)(400.0, 133.3)(221.0, 133.3)(221.0, 10.0);GATE
Port:(388.4, 16.8)(394.7, 16.8)(394.7, 109.3)(388.4, 109.3);SD
Module:M5
Boundary:(780.0, 20.0)(856.8, 20.0)(856.8, 122.3)(780.0, 122.3);GATE
Port:(793.5, 116.3)(843.3, 116.3)(843.3, 122.3)(793.5, 122.3);SD
Port:(780.0, 20.0)(856.8, 20.0)(856.8, 114.2)(780.0, 114.2);GATE
Port:(786.3, 25.3)(850.5, 25.3)(850.5, 31.7)(786.3, 31.7);SD
Module:M11
Boundary:(770.8, 291.6)(866.5, 291.6)(866.5, 408.5)(770.8, 408.5);GATE
Port:(786.3, 403.0)(851.0, 403.0)(851.0, 408.5)(786.3, 408.5);SD
Port:(770.8, 291.6)(866.5, 291.6)(866.5, 401.8)(770.8, 401.8);GATE
Port:(777.3, 297.1)(860.0, 297.1)(860.0, 303.7)(777.3, 303.7);SD
Module:M1
Boundary:(311.0, 173.3)(360.1, 173.3)(360.1, 173.6)(375.3, 173.6)(375.3, 398.8)(311.0, 398.8);GATE
Port:(324.9, 394.0)(361.4, 394.0)(361.4, 398.8)(324.9, 398.8);SD
Port:(311.0, 173.3)(360.1, 173.3)(360.1, 173.6)(375.3, 173.6)(375.3, 392.3)(311.0, 392.3);GATE
Port:(318.0, 179.3)(353.1, 179.3)(353.1, 184.8)(318.0, 184.8);SD
Module:M6
Boundary:(10.0, 90.8)(79.0, 90.8)(79.0, 270.0)(10.0, 270.0);GATE
Port:(21.4, 265.8)(67.6, 265.8)(67.6, 270.0)(21.4, 270.0);SD
Port:(10.0, 90.8)(79.0, 90.8)(79.0, 262.9)(10.0, 262.9);GATE
Port:(15.2, 95.0)(73.8, 95.0)(73.8, 100.5)(15.2, 100.5);SD
Module:M2
Boundary:(871.1, 162.3)(871.1, 261.6)(683.1, 261.6)(683.1, 162.3);GATE
Port:(683.1, 175.3)(688.6, 175.3)(688.6, 248.6)(683.1, 248.6);SD
Port:(871.1, 162.3)(871.1, 261.6)(691.5, 261.6)(691.5, 162.3);GATE
Port:(861.4, 167.5)(866.9, 167.5)(866.9, 256.4)(861.4, 256.4);SD
Module:M16
Boundary:(420.5, 10.0)(482.8, 10.0)(482.8, 10.1)(497.0, 10.1)(497.0, 202.6)(420.5, 202.6);GATE
Port:(434.4, 197.9)(483.1, 197.9)(483.1, 202.6)(434.4, 202.6);SD
Port:(420.5, 10.0)(482.8, 10.0)(482.8, 10.1)(497.0, 10.1)(497.0, 195.4)(420.5, 195.4);GATE
Port:(426.9, 15.4)(476.4, 15.4)(476.4, 21.7)(426.9, 21.7);SD
Module:M13
Boundary:(584.5, 353.9)(584.5, 418.2)(420.5, 418.2)(420.5, 353.9);GATE
Port:(420.5, 367.1)(425.9, 367.1)(425.9, 405.0)(420.5, 405.0);SD
Port:(584.5, 353.9)(584.5, 418.2)(427.7, 418.2)(427.7, 353.9);GATE
Port:(573.3, 360.5)(578.9, 360.5)(578.9, 411.6)(573.3, 411.6);SD
Module:M10
Boundary:(104.8, 10.0)(104.8, 70.8)(10.0, 70.8)(10.0, 10.0);GATE
Port:(10.0, 21.7)(15.2, 21.7)(15.2, 59.1)(10.0, 59.1);SD
Port:(104.8, 10.0)(104.8, 70.8)(18.1, 70.8)(18.1, 10.0);GATE
Port:(95.6, 15.1)(100.7, 15.1)(100.7, 65.7)(95.6, 65.7);SD
Module:M7
Boundary:(134.8, 20.0)(168.4, 20.0)(168.4, 20.0)(184.8, 20.0)(184.8, 110.7)(134.8, 110.7);GATE
Port:(148.4, 105.8)(171.2, 105.8)(171.2, 110.7)(148.4, 110.7);SD
Port:(134.8, 20.0)(168.4, 20.0)(168.4, 20.0)(184.8, 20.0)(184.8, 104.5)(134.8, 104.5);GATE
Port:(140.1, 24.3)(163.1, 24.3)(163.1, 30.3)(140.1, 30.3);SD
Module:M3
Boundary:(216.2, 312.9)(216.2, 417.8)(10.0, 417.8)(10.0, 312.9);GATE
Port:(10.0, 327.4)(15.4, 327.4)(15.4, 403.3)(10.0, 403.3);SD
Port:(216.2, 312.9)(216.2, 417.8)(16.8, 417.8)(16.8, 312.9);GATE
Port:(204.2, 319.4)(210.7, 319.4)(210.7, 411.3)(204.2, 411.3);SD
Module:M15
Boundary:(750.8, 306.5)(750.8, 389.6)(750.4, 389.6)(750.4, 405.9)(604.5, 405.9)(604.5, 306.5);GATE
Port:(604.5, 319.9)(608.9, 319.9)(608.9, 392.5)(604.5, 392.5);SD
Port:(750.8, 306.5)(750.8, 389.6)(750.4, 389.6)(750.4, 405.9)(610.6, 405.9)(610.6, 306.5);GATE
Port:(740.1, 312.3)(746.0, 312.3)(746.0, 383.8)(740.1, 383.8);SD
Module:M12
Boundary:(420.5, 222.6)(473.8, 222.6)(473.8, 222.6)(490.9, 222.6)(490.9, 333.9)(420.5, 333.9);GATE
Port:(435.0, 328.7)(476.4, 328.7)(476.4, 333.9)(435.0, 333.9);SD
Port:(420.5, 222.6)(473.8, 222.6)(473.8, 222.6)(490.9, 222.6)(490.9, 326.9)(420.5, 326.9);GATE
Port:(426.7, 227.8)(467.6, 227.8)(467.6, 234.2)(426.7, 234.2);SD
Module:M8
Boundary:(527.0, 144.2)(643.1, 144.2)(643.1, 276.5)(527.0, 276.5);GATE
Port:(540.1, 271.4)(630.0, 271.4)(630.0, 276.5)(540.1, 276.5);SD
Port:(527.0, 144.2)(643.1, 144.2)(643.1, 270.0)(527.0, 270.0);GATE
Port:(532.4, 148.6)(637.7, 148.6)(637.7, 154.9)(532.4, 154.9);SD
Module:M4
Boundary:(740.0, 20.0)(740.0, 88.6)(739.9, 88.6)(739.9, 104.2)(527.0, 104.2)(527.0, 20.0);GATE
Port:(527.0, 35.3)(531.8, 35.3)(531.8, 88.9)(527.0, 88.9);SD
Port:(740.0, 20.0)(740.0, 88.6)(739.9, 88.6)(739.9, 104.2)(534.0, 104.2)(534.0, 20.0);GATE
Port:(726.8, 26.6)(734.4, 26.6)(734.4, 82.0)(726.8, 82.0);SD
