Area:(-30.0, -30.0)(865.8, -30.0)(865.8, 420.6)(-30.0, 420.6)
Rule:GATE(5,5);SD(5,5);GATE_SD(0.5);GATE_ITO(0.5);SD_ITO(0.5)
Module:M14
Boundary:(705.4, 148.5)(798.8, 148.5)(798.8, 148.8)(813.4, 148.8)(813.4, 359.4)(705.4, 359.4);GATE
Port:(719.6, 354.2)(799.2, 354.2)(799.2, 359.4)(719.6, 359.4);SD
Port:(705.4, 148.5)(798.8, 148.5)(798.8, 148.8)(813.4, 148.8)(813.4, 351.3)(705.4, 351.3);GATE
Port:(711.6, 153.7)(792.6, 153.7)(792.6, 161.1)(711.6, 161.1);SD
Module:M9
Boundary:(10.0, 310.5)(107.0, 310.5)(107.0, 380.6)(10.0, 380.6);GATE
Port:(23.3, 375.8)(93.7, 375.8)(93.7, 380.6)(23.3, 380.6);SD
Port:(10.0, 310.5)(107.0, 310.5)(107.0, 374.1)(10.0, 374.1);GATE
Port:(16.4, 315.9)(100.6, 315.9)(100.6, 320.7)(16.4, 320.7);SD
Module:M5
Boundary:(493.0, 179.4)(538.6, 179.4)(538.6, 179.6)(554.0, 179.6)(554.0, 364.6)(493.0, 364.6);GATE
Port:(504.8, 359.4)(542.2, 359.4)(542.2, 364.6)(504.8, 364.6);SD
Port:(493.0, 179.4)(538.6, 179.4)(538.6, 179.6)(554.0, 179.6)(554.0, 357.8)(493.0, 357.8);GATE
Port:(498.7, 184.1)(532.9, 184.1)(532.9, 188.3)(498.7, 188.3);SD
Module:M11
Boundary:(112.8, 95.8)(162.2, 95.8)(162.2, 95.9)(178.0, 95.9)(178.0, 262.0)(112.8, 262.0);GATE
Port:(125.8, 257.4)(165.0, 257.4)(165.0, 262.0)(125.8, 262.0);SD
Port:(112.8, 95.8)(162.2, 95.8)(162.2, 95.9)(178.0, 95.9)(178.0, 254.8)(112.8, 254.8);GATE
Port:(119.7, 101.7)(155.3, 101.7)(155.3, 106.5)(119.7, 106.5);SD
Module:M1
Boundary:(525.4, 30.0)(574.4, 30.0)(574.4, 129.4)(525.4, 129.4);GATE
Port:(538.4, 124.8)(561.4, 124.8)(561.4, 129.4)(538.4, 129.4);SD
Port:(525.4, 30.0)(574.4, 30.0)(574.4, 122.3)(525.4, 122.3);GATE
Port:(530.7, 34.3)(569.1, 34.3)(569.1, 40.1)(530.7, 40.1);SD
Module:M6
Boundary:(339.4, 10.0)(339.4, 135.7)(226.1, 135.7)(226.1, 10.0);GATE
Port:(226.1, 24.2)(230.5, 24.2)(230.5, 121.5)(226.1, 121.5);SD
Port:(339.4, 10.0)(339.4, 135.7)(231.8, 135.7)(231.8, 10.0);GATE
Port:(328.5, 16.6)(333.8, 16.6)(333.8, 129.1)(328.5, 129.1);SD
Module:M2
Boundary:(329.2, 165.7)(329.2, 247.0)(329.0, 247.0)(329.0, 263.0)(208.0, 263.0)(208.0, 165.7);GATE
Port:(208.0, 178.5)(213.8, 178.5)(213.8, 250.2)(208.0, 250.2);SD
Port:(329.2, 165.7)(329.2, 247.0)(329.0, 247.0)(329.0, 263.0)(215.4, 263.0)(215.4, 165.7);GATE
Port:(318.9, 171.2)(324.7, 171.2)(324.7, 241.5)(318.9, 241.5);SD
Module:M16
Boundary:(206.1, 10.0)(206.1, 60.3)(206.0, 60.3)(206.0, 75.8)(10.0, 75.8)(10.0, 10.0);GATE
Port:(10.0, 23.7)(15.0, 23.7)(15.0, 62.1)(10.0, 62.1);SD
Port:(206.1, 10.0)(206.1, 60.3)(206.0, 60.3)(206.0, 75.8)(18.0, 75.8)(18.0, 10.0);GATE
Port:(194.4, 16.5)(200.6, 16.5)(200.6, 53.8)(194.4, 53.8);SD
Module:M13
Boundary:(485.4, 10.0)(485.4, 102.7)(359.4, 102.7)(359.4, 10.0);GATE
Port:(359.4, 24.3)(364.3, 24.3)(364.3, 88.4)(359.4, 88.4);SD
Port:(485.4, 10.0)(485.4, 102.7)(365.9, 102.7)(365.9, 10.0);GATE
Port:(472.8, 17.0)(479.4, 17.0)(479.4, 95.7)(472.8, 95.7);SD
Module:M10
Boundary:(614.4, 10.0)(670.8, 10.0)(670.8, 10.1)(690.2, 10.1)(690.2, 107.5)(614.4, 107.5);GATE
Port:(629.0, 102.9)(675.6, 102.9)(675.6, 107.5)(629.0, 107.5);SD
Port:(614.4, 10.0)(670.8, 10.0)(670.8, 10.1)(690.2, 10.1)(690.2, 101.4)(614.4, 101.4);GATE
Port:(619.5, 14.1)(665.7, 14.1)(665.7, 21.3)(619.5, 21.3);SD
Module:M7
Boundary:(328.0, 303.0)(328.0, 362.6)(137.0, 362.6)(137.0, 303.0);GATE
Port:(137.0, 315.4)(142.4, 315.4)(142.4, 350.2)(137.0, 350.2);SD
Port:(328.0, 303.0)(328.0, 362.6)(144.0, 362.6)(144.0, 303.0);GATE
Port:(317.5, 308.1)(323.9, 308.1)(323.9, 357.5)(317.5, 357.5);SD
Module:M3
Boundary:(825.8, 10.0)(825.8, 92.5)(825.5, 92.5)(825.5, 108.5)(710.2, 108.5)(710.2, 10.0);GATE
Port:(710.2, 23.6)(714.6, 23.6)(714.6, 94.9)(710.2, 94.9);SD
Port:(825.8, 10.0)(825.8, 92.5)(825.5, 92.5)(825.5, 108.5)(716.1, 108.5)(716.1, 10.0);GATE
Port:(814.8, 16.9)(819.9, 16.9)(819.9, 85.6)(814.8, 85.6);SD
Module:M15
Boundary:(359.4, 122.7)(435.9, 122.7)(435.9, 123.1)(451.0, 123.1)(451.0, 242.2)(359.4, 242.2);GATE
Port:(371.4, 238.2)(439.0, 238.2)(439.0, 242.2)(371.4, 242.2);SD
Port:(359.4, 122.7)(435.9, 122.7)(435.9, 123.1)(451.0, 123.1)(451.0, 236.9)(359.4, 236.9);GATE
Port:(365.2, 127.5)(430.1, 127.5)(430.1, 132.4)(365.2, 132.4);SD
Module:M12
Boundary:(10.0, 95.8)(76.8, 95.8)(76.8, 96.2)(92.8, 96.2)(92.8, 290.5)(10.0, 290.5);GATE
Port:(23.5, 285.5)(79.3, 285.5)(79.3, 290.5)(23.5, 290.5);SD
Port:(10.0, 95.8)(76.8, 95.8)(76.8, 96.2)(92.8, 96.2)(92.8, 282.8)(10.0, 282.8);GATE
Port:(16.0, 100.8)(70.8, 100.8)(70.8, 106.8)(16.0, 106.8);SD
Module:M8
Boundary:(594.0, 179.4)(655.4, 179.4)(655.4, 337.6)(594.0, 337.6);GATE
Port:(606.4, 331.8)(643.0, 331.8)(643.0, 337.6)(606.4, 337.6);SD
Port:(594.0, 179.4)(655.4, 179.4)(655.4, 328.9)(594.0, 328.9);GATE
Port:(599.5, 183.9)(649.9, 183.9)(649.9, 190.1)(599.5, 190.1);SD
Module:M4
Boundary:(369.4, 272.2)(453.0, 272.2)(453.0, 366.8)(369.4, 366.8);GATE
Port:(382.9, 361.9)(439.5, 361.9)(439.5, 366.8)(382.9, 366.8);SD
Port:(369.4, 272.2)(453.0, 272.2)(453.0, 360.6)(369.4, 360.6);GATE
Port:(375.3, 277.1)(447.1, 277.1)(447.1, 283.0)(375.3, 283.0);SD
