Area:(-30.0, -30.0)(761.7, -30.0)(761.7, 453.2)(-30.0, 453.2)
Rule:GATE(5,5);SD(5,5);GATE_SD(0.5);GATE_ITO(0.5);SD_ITO(0.5)
Module:M14
Boundary:(338.3, 289.5)(338.3, 391.5)(251.9, 391.5)(251.9, 289.5);GATE
Port:(251.9, 301.6)(257.1, 301.6)(257.1, 379.4)(251.9, 379.4);SD
Port:(338.3, 289.5)(338.3, 391.5)(259.8, 391.5)(259.8, 289.5);GATE
Port:(328.0, 296.4)(332.4, 296.4)(332.4, 384.6)(328.0, 384.6);SD
Module:M9
Boundary:(378.3, 123.7)(424.6, 123.7)(424.6, 123.7)(440.1, 123.7)(440.1, 287.1)(378.3, 287.1);GATE
Port:(390.3, 281.3)(428.1, 281.3)(428.1, 287.1)(390.3, 287.1);SD
Port:(378.3, 123.7)(424.6, 123.7)(424.6, 123.7)(440.1, 123.7)(440.1, 279.3)(378.3, 279.3);GATE
Port:(383.7, 128.1)(419.2, 128.1)(419.2, 133.2)(383.7, 133.2);SD
Module:M5
Boundary:(206.5, 152.9)(206.5, 185.9)(206.4, 185.9)(206.4, 201.3)(20.0, 201.3)(20.0, 152.9);GATE
Port:(20.0, 165.9)(24.2, 165.9)(24.2, 188.3)(20.0, 188.3);SD
Port:(206.5, 152.9)(206.5, 185.9)(206.4, 185.9)(206.4, 201.3)(26.5, 201.3)(26.5, 152.9);GATE
Port:(195.8, 159.8)(200.6, 159.8)(200.6, 179.0)(195.8, 179.0);SD
Module:M11
Boundary:(458.0, 10.0)(458.0, 90.9)(457.8, 90.9)(457.8, 103.7)(378.3, 103.7)(378.3, 10.0);GATE
Port:(378.3, 21.7)(383.9, 21.7)(383.9, 92.0)(378.3, 92.0);SD
Port:(458.0, 10.0)(458.0, 90.9)(457.8, 90.9)(457.8, 103.7)(386.3, 103.7)(386.3, 10.0);GATE
Port:(447.9, 16.1)(452.9, 16.1)(452.9, 84.8)(447.9, 84.8);SD
Module:M1
Boundary:(697.7, 171.2)(697.7, 279.1)(562.8, 279.1)(562.8, 171.2);GATE
Port:(562.8, 186.7)(567.4, 186.7)(567.4, 263.6)(562.8, 263.6);SD
Port:(697.7, 171.2)(697.7, 279.1)(568.4, 279.1)(568.4, 171.2);GATE
Port:(685.3, 177.6)(692.3, 177.6)(692.3, 272.7)(685.3, 272.7);SD
Module:M6
Boundary:(715.8, 319.1)(715.8, 398.2)(715.6, 398.2)(715.6, 413.2)(541.3, 413.2)(541.3, 319.1);GATE
Port:(541.3, 332.8)(546.9, 332.8)(546.9, 399.5)(541.3, 399.5);SD
Port:(715.8, 319.1)(715.8, 398.2)(715.6, 398.2)(715.6, 413.2)(549.2, 413.2)(549.2, 319.1);GATE
Port:(704.1, 325.9)(710.0, 325.9)(710.0, 391.4)(704.1, 391.4);SD
Module:M2
Boundary:(20.0, 20.0)(138.5, 20.0)(138.5, 112.9)(20.0, 112.9);GATE
Port:(34.2, 107.1)(124.3, 107.1)(124.3, 112.9)(34.2, 112.9);SD
Port:(20.0, 20.0)(138.5, 20.0)(138.5, 105.7)(20.0, 105.7);GATE
Port:(25.1, 24.1)(133.4, 24.1)(133.4, 30.8)(25.1, 30.8);SD
Module:M16
Boundary:(168.5, 10.0)(228.4, 10.0)(228.4, 115.8)(168.5, 115.8);GATE
Port:(181.3, 110.2)(215.6, 110.2)(215.6, 115.8)(181.3, 115.8);SD
Port:(168.5, 10.0)(228.4, 10.0)(228.4, 107.7)(168.5, 107.7);GATE
Port:(174.6, 15.1)(222.3, 15.1)(222.3, 21.1)(174.6, 21.1);SD
Module:M13
Boundary:(248.4, 10.0)(341.9, 10.0)(341.9, 10.1)(357.4, 10.1)(357.4, 143.4)(248.4, 143.4);GATE
Port:(260.5, 138.2)(345.3, 138.2)(345.3, 143.4)(260.5, 143.4);SD
Port:(248.4, 10.0)(341.9, 10.0)(341.9, 10.1)(357.4, 10.1)(357.4, 136.3)(248.4, 136.3);GATE
Port:(254.2, 14.8)(336.1, 14.8)(336.1, 19.5)(254.2, 19.5);SD
Module:M10
Boundary:(651.5, 10.0)(705.4, 10.0)(705.4, 10.1)(721.7, 10.1)(721.7, 121.2)(651.5, 121.2);GATE
Port:(666.7, 116.3)(706.5, 116.3)(706.5, 121.2)(666.7, 121.2);SD
Port:(651.5, 10.0)(705.4, 10.0)(705.4, 10.1)(721.7, 10.1)(721.7, 114.2)(651.5, 114.2);GATE
Port:(658.1, 15.6)(698.8, 15.6)(698.8, 23.0)(658.1, 23.0);SD
Module:M7
Boundary:(621.5, 20.0)(621.5, 105.0)(621.1, 105.0)(621.1, 121.2)(488.0, 121.2)(488.0, 20.0);GATE
Port:(488.0, 34.7)(493.4, 34.7)(493.4, 106.5)(488.0, 106.5);SD
Port:(621.5, 20.0)(621.5, 105.0)(621.1, 105.0)(621.1, 121.2)(496.2, 121.2)(496.2, 20.0);GATE
Port:(608.9, 26.8)(615.7, 26.8)(615.7, 98.2)(608.9, 98.2);SD
Module:M3
Boundary:(211.9, 231.3)(211.9, 286.5)(211.6, 286.5)(211.6, 303.6)(10.0, 303.6)(10.0, 231.3);GATE
Port:(10.0, 247.1)(14.2, 247.1)(14.2, 287.8)(10.0, 287.8);SD
Port:(211.9, 231.3)(211.9, 286.5)(211.6, 286.5)(211.6, 303.6)(16.3, 303.6)(16.3, 231.3);GATE
Port:(199.2, 237.9)(206.3, 237.9)(206.3, 279.9)(199.2, 279.9);SD
Module:M15
Boundary:(354.4, 163.4)(354.4, 232.8)(354.2, 232.8)(354.2, 249.5)(236.5, 249.5)(236.5, 163.4);GATE
Port:(236.5, 177.5)(240.7, 177.5)(240.7, 235.4)(236.5, 235.4);SD
Port:(354.4, 163.4)(354.4, 232.8)(354.2, 232.8)(354.2, 249.5)(242.5, 249.5)(242.5, 163.4);GATE
Port:(342.4, 169.2)(349.6, 169.2)(349.6, 227.0)(342.4, 227.0);SD
Module:M12
Boundary:(460.1, 151.2)(522.8, 151.2)(522.8, 261.5)(460.1, 261.5);GATE
Port:(473.2, 256.9)(509.7, 256.9)(509.7, 261.5)(473.2, 261.5);SD
Port:(460.1, 151.2)(522.8, 151.2)(522.8, 255.4)(460.1, 255.4);GATE
Port:(466.2, 156.3)(516.7, 156.3)(516.7, 162.4)(466.2, 162.4);SD
Module:M8
Boundary:(511.3, 317.1)(511.3, 381.0)(501.7, 381.0)(501.7, 394.8)(388.3, 394.8)(388.3, 317.1);GATE
Port:(388.3, 330.6)(393.3, 330.6)(393.3, 381.3)(388.3, 381.3);SD
Port:(511.3, 317.1)(511.3, 381.0)(501.7, 381.0)(501.7, 394.8)(395.5, 394.8)(395.5, 317.1);GATE
Port:(499.6, 322.5)(506.9, 322.5)(506.9, 374.6)(499.6, 374.6);SD
Module:M4
Boundary:(189.3, 333.6)(189.3, 382.3)(20.0, 382.3)(20.0, 333.6);GATE
Port:(20.0, 346.1)(24.4, 346.1)(24.4, 369.8)(20.0, 369.8);SD
Port:(189.3, 333.6)(189.3, 382.3)(26.2, 382.3)(26.2, 333.6);GATE
Port:(179.0, 338.9)(185.0, 338.9)(185.0, 377.0)(179.0, 377.0);SD
