Area:(-30.0, -20.0)(500.3, -20.0)(500.3, 679.3)(-30.0, 679.3)
Rule:GATE(5,5);SD(5,5);GATE_SD(0.5);GATE_ITO(0.5);SD_ITO(0.5)
Module:M14
Boundary:(30.0, 30.0)(116.8, 30.0)(116.8, 30.5)(134.1, 30.5)(134.1, 119.1)(30.0, 119.1);GATE
Port:(44.2, 114.2)(119.9, 114.2)(119.9, 119.1)(44.2, 119.1);SD
Port:(30.0, 30.0)(116.8, 30.0)(116.8, 30.5)(134.1, 30.5)(134.1, 111.7)(30.0, 111.7);GATE
Port:(35.4, 34.4)(111.4, 34.4)(111.4, 41.2)(35.4, 41.2);SD
Module:M9
Boundary:(324.8, 157.0)(372.0, 157.0)(372.0, 267.7)(324.8, 267.7);GATE
Port:(337.9, 262.0)(358.9, 262.0)(358.9, 267.7)(337.9, 267.7);SD
Port:(324.8, 157.0)(372.0, 157.0)(372.0, 259.6)(324.8, 259.6);GATE
Port:(329.9, 161.1)(366.9, 161.1)(366.9, 168.2)(329.9, 168.2);SD
Module:M5
Boundary:(225.1, 174.8)(294.8, 174.8)(294.8, 255.2)(225.1, 255.2);GATE
Port:(239.4, 250.4)(280.5, 250.4)(280.5, 255.2)(239.4, 255.2);SD
Port:(225.1, 174.8)(294.8, 174.8)(294.8, 247.7)(225.1, 247.7);GATE
Port:(230.5, 179.2)(289.4, 179.2)(289.4, 186.3)(230.5, 186.3);SD
Module:M11
Boundary:(334.5, 430.6)(334.5, 538.4)(211.9, 538.4)(211.9, 430.6);GATE
Port:(211.9, 443.1)(217.5, 443.1)(217.5, 525.9)(211.9, 525.9);SD
Port:(334.5, 430.6)(334.5, 538.4)(219.4, 538.4)(219.4, 430.6);GATE
Port:(323.8, 435.7)(330.4, 435.7)(330.4, 533.3)(323.8, 533.3);SD
Module:M1
Boundary:(235.1, 307.7)(321.3, 307.7)(321.3, 390.6)(235.1, 390.6);GATE
Port:(249.0, 386.3)(307.4, 386.3)(307.4, 390.6)(249.0, 390.6);SD
Port:(235.1, 307.7)(321.3, 307.7)(321.3, 385.3)(235.1, 385.3);GATE
Port:(240.4, 312.0)(316.0, 312.0)(316.0, 318.4)(240.4, 318.4);SD
Module:M6
Boundary:(361.3, 299.3)(455.2, 299.3)(455.2, 417.2)(361.3, 417.2);GATE
Port:(377.4, 412.8)(439.1, 412.8)(439.1, 417.2)(377.4, 417.2);SD
Port:(361.3, 299.3)(455.2, 299.3)(455.2, 409.9)(361.3, 409.9);GATE
Port:(367.7, 304.7)(448.8, 304.7)(448.8, 311.9)(367.7, 311.9);SD
Module:M2
Boundary:(20.0, 343.0)(78.2, 343.0)(78.2, 524.7)(20.0, 524.7);GATE
Port:(31.7, 519.3)(66.5, 519.3)(66.5, 524.7)(31.7, 524.7);SD
Port:(20.0, 343.0)(78.2, 343.0)(78.2, 516.9)(20.0, 516.9);GATE
Port:(25.1, 347.1)(73.1, 347.1)(73.1, 352.3)(25.1, 352.3);SD
Module:M16
Boundary:(162.1, 554.7)(162.1, 620.3)(162.0, 620.3)(162.0, 635.9)(10.0, 635.9)(10.0, 554.7);GATE
Port:(10.0, 568.2)(14.8, 568.2)(14.8, 622.4)(10.0, 622.4);SD
Port:(162.1, 554.7)(162.1, 620.3)(162.0, 620.3)(162.0, 635.9)(16.6, 635.9)(16.6, 554.7);GATE
Port:(150.3, 561.1)(156.7, 561.1)(156.7, 613.9)(150.3, 613.9);SD
Module:M13
Boundary:(356.1, 437.2)(452.0, 437.2)(452.0, 624.0)(356.1, 624.0);GATE
Port:(370.0, 619.7)(438.1, 619.7)(438.1, 624.0)(370.0, 624.0);SD
Port:(356.1, 437.2)(452.0, 437.2)(452.0, 617.7)(356.1, 617.7);GATE
Port:(362.9, 443.0)(445.2, 443.0)(445.2, 448.7)(362.9, 448.7);SD
Module:M10
Boundary:(10.0, 159.1)(82.8, 159.1)(82.8, 159.2)(96.6, 159.2)(96.6, 313.0)(10.0, 313.0);GATE
Port:(22.6, 307.7)(84.0, 307.7)(84.0, 313.0)(22.6, 313.0);SD
Port:(10.0, 159.1)(82.8, 159.1)(82.8, 159.2)(96.6, 159.2)(96.6, 306.5)(10.0, 306.5);GATE
Port:(16.7, 164.8)(76.1, 164.8)(76.1, 170.0)(16.7, 170.0);SD
Module:M7
Boundary:(126.6, 174.8)(185.1, 174.8)(185.1, 374.1)(126.6, 374.1);GATE
Port:(138.2, 368.8)(173.5, 368.8)(173.5, 374.1)(138.2, 374.1);SD
Port:(126.6, 174.8)(185.1, 174.8)(185.1, 367.0)(126.6, 367.0);GATE
Port:(132.0, 179.2)(179.7, 179.2)(179.7, 184.8)(132.0, 184.8);SD
Module:M3
Boundary:(392.0, 157.0)(443.4, 157.0)(443.4, 157.2)(460.3, 157.2)(460.3, 279.3)(392.0, 279.3);GATE
Port:(405.6, 274.6)(446.7, 274.6)(446.7, 279.3)(405.6, 279.3);SD
Port:(392.0, 157.0)(443.4, 157.0)(443.4, 157.2)(460.3, 157.2)(460.3, 272.4)(392.0, 272.4);GATE
Port:(397.9, 161.9)(437.5, 161.9)(437.5, 167.9)(397.9, 167.9);SD
Module:M15
Boundary:(108.2, 404.1)(174.5, 404.1)(174.5, 404.4)(191.9, 404.4)(191.9, 532.4)(108.2, 532.4);GATE
Port:(120.3, 528.0)(179.8, 528.0)(179.8, 532.4)(120.3, 532.4);SD
Port:(108.2, 404.1)(174.5, 404.1)(174.5, 404.4)(191.9, 404.4)(191.9, 525.3)(108.2, 525.3);GATE
Port:(113.4, 408.3)(169.3, 408.3)(169.3, 412.9)(113.4, 412.9);SD
Module:M12
Boundary:(336.1, 558.4)(336.1, 639.3)(182.1, 639.3)(182.1, 558.4);GATE
Port:(182.1, 569.4)(188.0, 569.4)(188.0, 628.3)(182.1, 628.3);SD
Port:(336.1, 558.4)(336.1, 639.3)(190.8, 639.3)(190.8, 558.4);GATE
Port:(326.7, 563.6)(331.9, 563.6)(331.9, 634.1)(326.7, 634.1);SD
Module:M8
Boundary:(184.1, 20.0)(219.6, 20.0)(219.6, 20.2)(236.0, 20.2)(236.0, 134.8)(184.1, 134.8);GATE
Port:(197.9, 129.4)(222.2, 129.4)(222.2, 134.8)(197.9, 134.8);SD
Port:(184.1, 20.0)(219.6, 20.0)(219.6, 20.2)(236.0, 20.2)(236.0, 128.0)(184.1, 128.0);GATE
Port:(189.7, 24.6)(214.0, 24.6)(214.0, 32.0)(189.7, 32.0);SD
Module:M4
Boundary:(449.9, 20.0)(449.9, 111.9)(449.6, 111.9)(449.6, 127.0)(276.0, 127.0)(276.0, 20.0);GATE
Port:(276.0, 32.3)(281.8, 32.3)(281.8, 114.7)(276.0, 114.7);SD
Port:(449.9, 20.0)(449.9, 111.9)(449.6, 111.9)(449.6, 127.0)(283.0, 127.0)(283.0, 20.0);GATE
Port:(439.6, 25.9)(445.0, 25.9)(445.0, 106.0)(439.6, 106.0);SD
