Area:(-30.0, -30.0)(371.9, -30.0)(371.9, 1027.3)(-30.0, 1027.3)
Rule:GATE(5,5);SD(5,5);GATE_SD(0.5);GATE_ITO(0.5);SD_ITO(0.5)
Module:M14
Boundary:(247.5, 332.8)(308.9, 332.8)(308.9, 506.4)(247.5, 506.4);GATE
Port:(259.3, 502.0)(297.1, 502.0)(297.1, 506.4)(259.3, 506.4);SD
Port:(247.5, 332.8)(308.9, 332.8)(308.9, 500.1)(247.5, 500.1);GATE
Port:(253.1, 337.4)(303.3, 337.4)(303.3, 342.7)(253.1, 342.7);SD
Module:M9
Boundary:(10.0, 318.5)(108.9, 318.5)(108.9, 489.9)(10.0, 489.9);GATE
Port:(24.6, 484.9)(94.3, 484.9)(94.3, 489.9)(24.6, 489.9);SD
Port:(10.0, 318.5)(108.9, 318.5)(108.9, 483.9)(10.0, 483.9);GATE
Port:(15.8, 323.3)(103.1, 323.3)(103.1, 330.3)(15.8, 330.3);SD
Module:M5
Boundary:(102.3, 20.0)(132.2, 20.0)(132.2, 20.1)(147.0, 20.1)(147.0, 186.4)(102.3, 186.4);GATE
Port:(114.1, 180.7)(135.2, 180.7)(135.2, 186.4)(114.1, 186.4);SD
Port:(102.3, 20.0)(132.2, 20.0)(132.2, 20.1)(147.0, 20.1)(147.0, 177.7)(102.3, 177.7);GATE
Port:(107.5, 24.2)(127.0, 24.2)(127.0, 29.7)(107.5, 29.7);SD
Module:M11
Boundary:(117.0, 901.3)(117.0, 973.7)(116.6, 973.7)(116.6, 987.3)(10.0, 987.3)(10.0, 901.3);GATE
Port:(10.0, 914.0)(15.8, 914.0)(15.8, 974.6)(10.0, 974.6);SD
Port:(117.0, 901.3)(117.0, 973.7)(116.6, 973.7)(116.6, 987.3)(17.3, 987.3)(17.3, 901.3);GATE
Port:(106.2, 907.8)(111.5, 907.8)(111.5, 967.2)(106.2, 967.2);SD
Module:M1
Boundary:(148.9, 750.4)(262.6, 750.4)(262.6, 861.3)(148.9, 861.3);GATE
Port:(162.8, 855.4)(248.7, 855.4)(248.7, 861.3)(162.8, 861.3);SD
Port:(148.9, 750.4)(262.6, 750.4)(262.6, 853.2)(148.9, 853.2);GATE
Port:(155.3, 755.8)(256.2, 755.8)(256.2, 762.2)(155.3, 762.2);SD
Module:M6
Boundary:(177.0, 10.0)(225.9, 10.0)(225.9, 10.0)(241.7, 10.0)(241.7, 171.1)(177.0, 171.1);GATE
Port:(190.0, 166.6)(228.7, 166.6)(228.7, 171.1)(190.0, 171.1);SD
Port:(177.0, 10.0)(225.9, 10.0)(225.9, 10.0)(241.7, 10.0)(241.7, 164.7)(177.0, 164.7);GATE
Port:(182.9, 14.9)(220.0, 14.9)(220.0, 21.0)(182.9, 21.0);SD
Module:M2
Boundary:(138.9, 328.5)(183.5, 328.5)(183.5, 328.6)(197.5, 328.6)(197.5, 531.5)(138.9, 531.5);GATE
Port:(151.1, 526.6)(185.3, 526.6)(185.3, 531.5)(151.1, 531.5);SD
Port:(138.9, 328.5)(183.5, 328.5)(183.5, 328.6)(197.5, 328.6)(197.5, 525.2)(138.9, 525.2);GATE
Port:(144.2, 332.8)(178.2, 332.8)(178.2, 338.9)(144.2, 338.9);SD
Module:M16
Boundary:(10.0, 509.9)(83.5, 509.9)(83.5, 510.2)(102.5, 510.2)(102.5, 684.0)(10.0, 684.0);GATE
Port:(23.9, 678.2)(88.6, 678.2)(88.6, 684.0)(23.9, 684.0);SD
Port:(10.0, 509.9)(83.5, 509.9)(83.5, 510.2)(102.5, 510.2)(102.5, 676.3)(10.0, 676.3);GATE
Port:(15.4, 514.3)(78.1, 514.3)(78.1, 520.3)(15.4, 520.3);SD
Module:M13
Boundary:(10.0, 10.0)(72.3, 10.0)(72.3, 193.4)(10.0, 193.4);GATE
Port:(23.1, 187.8)(59.2, 187.8)(59.2, 193.4)(23.1, 193.4);SD
Port:(10.0, 10.0)(72.3, 10.0)(72.3, 185.9)(10.0, 185.9);GATE
Port:(16.4, 15.4)(65.9, 15.4)(65.9, 20.8)(16.4, 20.8);SD
Module:M10
Boundary:(252.8, 546.4)(324.3, 546.4)(324.3, 710.4)(252.8, 710.4);GATE
Port:(265.0, 706.3)(312.1, 706.3)(312.1, 710.4)(265.0, 710.4);SD
Port:(252.8, 546.4)(324.3, 546.4)(324.3, 704.2)(252.8, 704.2);GATE
Port:(258.3, 550.9)(318.8, 550.9)(318.8, 557.1)(258.3, 557.1);SD
Module:M7
Boundary:(189.4, 226.4)(189.4, 288.5)(20.0, 288.5)(20.0, 226.4);GATE
Port:(20.0, 238.7)(24.3, 238.7)(24.3, 276.2)(20.0, 276.2);SD
Port:(189.4, 226.4)(189.4, 288.5)(25.5, 288.5)(25.5, 226.4);GATE
Port:(179.7, 231.9)(184.9, 231.9)(184.9, 283.0)(179.7, 283.0);SD
Module:M3
Boundary:(261.7, 10.0)(331.9, 10.0)(331.9, 157.8)(261.7, 157.8);GATE
Port:(275.5, 152.4)(318.1, 152.4)(318.1, 157.8)(275.5, 157.8);SD
Port:(261.7, 10.0)(331.9, 10.0)(331.9, 150.2)(261.7, 150.2);GATE
Port:(267.7, 15.0)(325.9, 15.0)(325.9, 20.5)(267.7, 20.5);SD
Module:M15
Boundary:(219.4, 191.1)(306.9, 191.1)(306.9, 191.6)(324.7, 191.6)(324.7, 292.8)(219.4, 292.8);GATE
Port:(232.9, 287.1)(311.2, 287.1)(311.2, 292.8)(232.9, 292.8);SD
Port:(219.4, 191.1)(306.9, 191.1)(306.9, 191.6)(324.7, 191.6)(324.7, 285.0)(219.4, 285.0);GATE
Port:(224.9, 195.6)(301.4, 195.6)(301.4, 201.4)(224.9, 201.4);SD
Module:M12
Boundary:(304.8, 901.3)(304.8, 986.0)(137.0, 986.0)(137.0, 901.3);GATE
Port:(137.0, 916.0)(141.4, 916.0)(141.4, 971.3)(137.0, 971.3);SD
Port:(304.8, 901.3)(304.8, 986.0)(143.4, 986.0)(143.4, 901.3);GATE
Port:(293.1, 908.0)(299.1, 908.0)(299.1, 979.3)(293.1, 979.3);SD
Module:M8
Boundary:(20.0, 714.0)(77.8, 714.0)(77.8, 714.1)(92.0, 714.1)(92.0, 852.4)(20.0, 852.4);GATE
Port:(31.6, 847.1)(80.4, 847.1)(80.4, 852.4)(31.6, 852.4);SD
Port:(20.0, 714.0)(77.8, 714.0)(77.8, 714.1)(92.0, 714.1)(92.0, 845.1)(20.0, 845.1);GATE
Port:(25.7, 718.7)(72.1, 718.7)(72.1, 723.1)(25.7, 723.1);SD
Module:M4
Boundary:(138.9, 571.5)(206.2, 571.5)(206.2, 571.8)(222.8, 571.8)(222.8, 696.9)(138.9, 696.9);GATE
Port:(152.4, 691.9)(209.3, 691.9)(209.3, 696.9)(152.4, 696.9);SD
Port:(138.9, 571.5)(206.2, 571.5)(206.2, 571.8)(222.8, 571.8)(222.8, 689.5)(138.9, 689.5);GATE
Port:(144.6, 576.2)(200.5, 576.2)(200.5, 582.5)(144.6, 582.5);SD
