Area:(-30.0, -30.0)(598.0, -30.0)(598.0, 637.9)(-30.0, 637.9)
Rule:GATE(5,5);SD(5,5);GATE_SD(0.5);GATE_ITO(0.5);SD_ITO(0.5)
Module:M14
Boundary:(296.7, 516.3)(296.7, 568.0)(203.9, 568.0)(203.9, 516.3);GATE
Port:(203.9, 530.7)(207.9, 530.7)(207.9, 553.6)(203.9, 553.6);SD
Port:(296.7, 516.3)(296.7, 568.0)(210.4, 568.0)(210.4, 516.3);GATE
Port:(284.8, 523.1)(290.9, 523.1)(290.9, 561.2)(284.8, 561.2);SD
Module:M9
Boundary:(328.8, 164.8)(443.0, 164.8)(443.0, 305.7)(328.8, 305.7);GATE
Port:(343.7, 301.1)(428.1, 301.1)(428.1, 305.7)(343.7, 305.7);SD
Port:(328.8, 164.8)(443.0, 164.8)(443.0, 299.3)(328.8, 299.3);GATE
Port:(334.3, 169.3)(437.5, 169.3)(437.5, 176.3)(334.3, 176.3);SD
Module:M5
Boundary:(153.9, 495.9)(153.9, 573.2)(153.5, 573.2)(153.5, 588.1)(20.0, 588.1)(20.0, 495.9);GATE
Port:(20.0, 508.4)(24.2, 508.4)(24.2, 575.6)(20.0, 575.6);SD
Port:(153.9, 495.9)(153.9, 573.2)(153.5, 573.2)(153.5, 588.1)(26.3, 588.1)(26.3, 495.9);GATE
Port:(143.0, 502.4)(148.4, 502.4)(148.4, 566.7)(143.0, 566.7);SD
Module:M11
Boundary:(206.5, 364.2)(273.6, 364.2)(273.6, 476.3)(206.5, 476.3);GATE
Port:(221.1, 471.4)(259.0, 471.4)(259.0, 476.3)(221.1, 476.3);SD
Port:(206.5, 364.2)(273.6, 364.2)(273.6, 468.5)(206.5, 468.5);GATE
Port:(213.2, 369.9)(266.9, 369.9)(266.9, 376.3)(213.2, 376.3);SD
Module:M1
Boundary:(166.5, 354.1)(166.5, 428.1)(166.1, 428.1)(166.1, 445.9)(30.0, 445.9)(30.0, 354.1);GATE
Port:(30.0, 369.5)(34.7, 369.5)(34.7, 430.5)(30.0, 430.5);SD
Port:(166.5, 354.1)(166.5, 428.1)(166.1, 428.1)(166.1, 445.9)(37.2, 445.9)(37.2, 354.1);GATE
Port:(153.7, 360.9)(160.7, 360.9)(160.7, 421.3)(153.7, 421.3);SD
Module:M6
Boundary:(228.2, 164.8)(308.8, 164.8)(308.8, 344.2)(228.2, 344.2);GATE
Port:(241.7, 340.1)(295.3, 340.1)(295.3, 344.2)(241.7, 344.2);SD
Port:(228.2, 164.8)(308.8, 164.8)(308.8, 337.6)(228.2, 337.6);GATE
Port:(233.7, 169.3)(303.3, 169.3)(303.3, 176.7)(233.7, 176.7);SD
Module:M2
Boundary:(196.4, 250.1)(196.4, 285.0)(196.2, 285.0)(196.2, 304.1)(20.0, 304.1)(20.0, 250.1);GATE
Port:(20.0, 263.7)(24.2, 263.7)(24.2, 290.5)(20.0, 290.5);SD
Port:(196.4, 250.1)(196.4, 285.0)(196.2, 285.0)(196.2, 304.1)(25.7, 304.1)(25.7, 250.1);GATE
Port:(186.2, 255.5)(192.0, 255.5)(192.0, 279.6)(186.2, 279.6);SD
Module:M16
Boundary:(328.8, 325.7)(385.7, 325.7)(385.7, 475.8)(328.8, 475.8);GATE
Port:(340.0, 470.4)(374.5, 470.4)(374.5, 475.8)(340.0, 475.8);SD
Port:(328.8, 325.7)(385.7, 325.7)(385.7, 468.3)(328.8, 468.3);GATE
Port:(333.8, 329.7)(380.7, 329.7)(380.7, 335.2)(333.8, 335.2);SD
Module:M13
Boundary:(485.7, 10.0)(550.3, 10.0)(550.3, 147.8)(485.7, 147.8);GATE
Port:(499.0, 142.3)(537.0, 142.3)(537.0, 147.8)(499.0, 147.8);SD
Port:(485.7, 10.0)(550.3, 10.0)(550.3, 140.6)(485.7, 140.6);GATE
Port:(492.6, 15.9)(543.4, 15.9)(543.4, 20.6)(492.6, 20.6);SD
Module:M10
Boundary:(111.3, 10.0)(111.3, 73.2)(10.0, 73.2)(10.0, 10.0);GATE
Port:(10.0, 22.8)(15.2, 22.8)(15.2, 60.4)(10.0, 60.4);SD
Port:(111.3, 10.0)(111.3, 73.2)(17.4, 73.2)(17.4, 10.0);GATE
Port:(101.1, 15.4)(106.9, 15.4)(106.9, 67.8)(101.1, 67.8);SD
Module:M7
Boundary:(198.2, 121.9)(198.2, 210.1)(20.0, 210.1)(20.0, 121.9);GATE
Port:(20.0, 136.2)(24.2, 136.2)(24.2, 195.8)(20.0, 195.8);SD
Port:(198.2, 121.9)(198.2, 210.1)(25.5, 210.1)(25.5, 121.9);GATE
Port:(187.2, 128.3)(192.8, 128.3)(192.8, 203.7)(187.2, 203.7);SD
Module:M3
Boundary:(553.5, 495.8)(553.5, 597.9)(336.7, 597.9)(336.7, 495.8);GATE
Port:(336.7, 509.2)(342.5, 509.2)(342.5, 584.5)(336.7, 584.5);SD
Port:(553.5, 495.8)(553.5, 597.9)(343.9, 597.9)(343.9, 495.8);GATE
Port:(541.9, 502.6)(547.7, 502.6)(547.7, 591.1)(541.9, 591.1);SD
Module:M15
Boundary:(463.0, 167.8)(551.4, 167.8)(551.4, 326.8)(463.0, 326.8);GATE
Port:(478.7, 322.6)(535.7, 322.6)(535.7, 326.8)(478.7, 326.8);SD
Port:(463.0, 167.8)(551.4, 167.8)(551.4, 320.4)(463.0, 320.4);GATE
Port:(469.6, 173.4)(544.8, 173.4)(544.8, 180.2)(469.6, 180.2);SD
Module:M12
Boundary:(244.3, 10.0)(244.3, 91.9)(131.3, 91.9)(131.3, 10.0);GATE
Port:(131.3, 24.8)(136.7, 24.8)(136.7, 77.1)(131.3, 77.1);SD
Port:(244.3, 10.0)(244.3, 91.9)(139.2, 91.9)(139.2, 10.0);GATE
Port:(231.5, 16.4)(238.9, 16.4)(238.9, 85.5)(231.5, 85.5);SD
Module:M8
Boundary:(558.0, 356.8)(558.0, 449.7)(557.7, 449.7)(557.7, 465.2)(415.7, 465.2)(415.7, 356.8);GATE
Port:(415.7, 369.1)(420.0, 369.1)(420.0, 452.9)(415.7, 452.9);SD
Port:(558.0, 356.8)(558.0, 449.7)(557.7, 449.7)(557.7, 465.2)(422.6, 465.2)(422.6, 356.8);GATE
Port:(548.2, 362.4)(553.4, 362.4)(553.4, 444.1)(548.2, 444.1);SD
Module:M4
Boundary:(455.7, 20.0)(455.7, 115.5)(455.4, 115.5)(455.4, 134.8)(274.3, 134.8)(274.3, 20.0);GATE
Port:(274.3, 34.9)(279.0, 34.9)(279.0, 119.9)(274.3, 119.9);SD
Port:(455.7, 20.0)(455.7, 115.5)(455.4, 115.5)(455.4, 134.8)(281.8, 134.8)(281.8, 20.0);GATE
Port:(444.2, 26.7)(450.0, 26.7)(450.0, 108.8)(444.2, 108.8);SD
