Area:(-30.0, -30.0)(504.3, -30.0)(504.3, 762.1)(-30.0, 762.1)
Rule:GATE(5,5);SD(5,5);GATE_SD(0.5);GATE_ITO(0.5);SD_ITO(0.5)
Module:M14
Boundary:(30.0, 333.9)(88.7, 333.9)(88.7, 432.4)(30.0, 432.4);GATE
Port:(41.9, 428.3)(76.8, 428.3)(76.8, 432.4)(41.9, 432.4);SD
Port:(30.0, 333.9)(88.7, 333.9)(88.7, 425.5)(30.0, 425.5);GATE
Port:(35.2, 338.1)(83.5, 338.1)(83.5, 343.7)(35.2, 343.7);SD
Module:M9
Boundary:(288.4, 248.5)(288.4, 294.5)(288.2, 294.5)(288.2, 308.6)(128.7, 308.6)(128.7, 248.5);GATE
Port:(128.7, 261.1)(133.8, 261.1)(133.8, 296.0)(128.7, 296.0);SD
Port:(288.4, 248.5)(288.4, 294.5)(288.2, 294.5)(288.2, 308.6)(135.9, 308.6)(135.9, 248.5);GATE
Port:(277.4, 254.9)(283.0, 254.9)(283.0, 288.1)(277.4, 288.1);SD
Module:M5
Boundary:(174.9, 20.0)(226.9, 20.0)(226.9, 20.3)(243.1, 20.3)(243.1, 168.9)(174.9, 168.9);GATE
Port:(189.1, 163.1)(228.9, 163.1)(228.9, 168.9)(189.1, 168.9);SD
Port:(174.9, 20.0)(226.9, 20.0)(226.9, 20.3)(243.1, 20.3)(243.1, 161.6)(174.9, 161.6);GATE
Port:(181.2, 25.3)(220.6, 25.3)(220.6, 31.9)(181.2, 31.9);SD
Module:M11
Boundary:(316.5, 473.0)(316.5, 538.2)(170.5, 538.2)(170.5, 473.0);GATE
Port:(170.5, 486.6)(176.1, 486.6)(176.1, 524.6)(170.5, 524.6);SD
Port:(316.5, 473.0)(316.5, 538.2)(178.7, 538.2)(178.7, 473.0);GATE
Port:(306.0, 479.8)(310.7, 479.8)(310.7, 531.4)(306.0, 531.4);SD
Module:M1
Boundary:(356.5, 426.7)(429.6, 426.7)(429.6, 506.2)(356.5, 506.2);GATE
Port:(371.2, 500.9)(414.9, 500.9)(414.9, 506.2)(371.2, 506.2);SD
Port:(356.5, 426.7)(429.6, 426.7)(429.6, 498.6)(356.5, 498.6);GATE
Port:(362.2, 431.4)(423.9, 431.4)(423.9, 438.0)(362.2, 438.0);SD
Module:M6
Boundary:(144.9, 10.0)(144.9, 44.5)(144.8, 44.5)(144.8, 61.4)(10.0, 61.4)(10.0, 10.0);GATE
Port:(10.0, 23.4)(15.6, 23.4)(15.6, 48.0)(10.0, 48.0);SD
Port:(144.9, 10.0)(144.9, 44.5)(144.8, 44.5)(144.8, 61.4)(16.6, 61.4)(16.6, 10.0);GATE
Port:(134.0, 16.1)(139.8, 16.1)(139.8, 38.4)(134.0, 38.4);SD
Module:M2
Boundary:(336.0, 277.4)(428.2, 277.4)(428.2, 277.7)(442.9, 277.7)(442.9, 376.7)(336.0, 376.7);GATE
Port:(349.7, 370.9)(429.2, 370.9)(429.2, 376.7)(349.7, 376.7);SD
Port:(336.0, 277.4)(428.2, 277.4)(428.2, 277.7)(442.9, 277.7)(442.9, 368.8)(336.0, 368.8);GATE
Port:(342.9, 283.3)(421.3, 283.3)(421.3, 288.4)(342.9, 288.4);SD
Module:M16
Boundary:(197.7, 558.2)(297.1, 558.2)(297.1, 722.1)(197.7, 722.1);GATE
Port:(209.3, 716.8)(285.5, 716.8)(285.5, 722.1)(209.3, 722.1);SD
Port:(197.7, 558.2)(297.1, 558.2)(297.1, 715.8)(197.7, 715.8);GATE
Port:(202.7, 562.2)(292.1, 562.2)(292.1, 567.0)(202.7, 567.0);SD
Module:M13
Boundary:(370.0, 10.0)(443.7, 10.0)(443.7, 133.0)(370.0, 133.0);GATE
Port:(384.0, 128.0)(429.7, 128.0)(429.7, 133.0)(384.0, 133.0);SD
Port:(370.0, 10.0)(443.7, 10.0)(443.7, 126.2)(370.0, 126.2);GATE
Port:(375.6, 14.6)(438.1, 14.6)(438.1, 20.9)(375.6, 20.9);SD
Module:M10
Boundary:(177.7, 630.5)(177.7, 722.0)(10.0, 722.0)(10.0, 630.5);GATE
Port:(10.0, 645.1)(15.7, 645.1)(15.7, 707.4)(10.0, 707.4);SD
Port:(177.7, 630.5)(177.7, 722.0)(17.5, 722.0)(17.5, 630.5);GATE
Port:(166.2, 635.9)(173.3, 635.9)(173.3, 716.6)(166.2, 716.6);SD
Module:M7
Boundary:(20.0, 91.4)(76.8, 91.4)(76.8, 91.4)(95.2, 91.4)(95.2, 283.9)(20.0, 283.9);GATE
Port:(35.2, 278.5)(80.0, 278.5)(80.0, 283.9)(35.2, 283.9);SD
Port:(20.0, 91.4)(76.8, 91.4)(76.8, 91.4)(95.2, 91.4)(95.2, 277.5)(20.0, 277.5);GATE
Port:(26.6, 97.0)(70.2, 97.0)(70.2, 103.5)(26.6, 103.5);SD
Module:M3
Boundary:(273.1, 10.0)(335.0, 10.0)(335.0, 10.3)(350.0, 10.3)(350.0, 228.5)(273.1, 228.5);GATE
Port:(285.3, 223.0)(337.8, 223.0)(337.8, 228.5)(285.3, 228.5);SD
Port:(273.1, 10.0)(335.0, 10.0)(335.0, 10.3)(350.0, 10.3)(350.0, 220.5)(273.1, 220.5);GATE
Port:(279.2, 15.1)(328.9, 15.1)(328.9, 20.1)(279.2, 20.1);SD
Module:M15
Boundary:(336.5, 546.2)(456.7, 546.2)(456.7, 716.3)(336.5, 716.3);GATE
Port:(351.8, 711.9)(441.4, 711.9)(441.4, 716.3)(351.8, 716.3);SD
Port:(336.5, 546.2)(456.7, 546.2)(456.7, 709.5)(336.5, 709.5);GATE
Port:(342.2, 550.9)(451.0, 550.9)(451.0, 558.7)(342.2, 558.7);SD
Module:M12
Boundary:(370.0, 153.0)(451.6, 153.0)(451.6, 153.3)(464.3, 153.3)(464.3, 247.4)(370.0, 247.4);GATE
Port:(382.2, 242.0)(452.1, 242.0)(452.1, 247.4)(382.2, 247.4);SD
Port:(370.0, 153.0)(451.6, 153.0)(451.6, 153.3)(464.3, 153.3)(464.3, 240.3)(370.0, 240.3);GATE
Port:(376.9, 158.9)(444.7, 158.9)(444.7, 163.7)(376.9, 163.7);SD
Module:M8
Boundary:(20.0, 483.0)(140.5, 483.0)(140.5, 600.5)(20.0, 600.5);GATE
Port:(36.0, 594.7)(124.5, 594.7)(124.5, 600.5)(36.0, 600.5);SD
Port:(20.0, 483.0)(140.5, 483.0)(140.5, 591.8)(20.0, 591.8);GATE
Port:(26.8, 488.8)(133.7, 488.8)(133.7, 496.5)(26.8, 496.5);SD
Module:M4
Boundary:(296.0, 338.6)(296.0, 443.0)(138.7, 443.0)(138.7, 338.6);GATE
Port:(138.7, 350.9)(143.6, 350.9)(143.6, 430.7)(138.7, 430.7);SD
Port:(296.0, 338.6)(296.0, 443.0)(145.8, 443.0)(145.8, 338.6);GATE
Port:(285.9, 344.6)(291.0, 344.6)(291.0, 437.0)(285.9, 437.0);SD
