Area:(-30.0, -30.0)(717.5, -30.0)(717.5, 537.5)(-30.0, 537.5)
Rule:GATE(5,5);SD(5,5);GATE_SD(0.5);GATE_ITO(0.5);SD_ITO(0.5)
Module:M14
Boundary:(567.2, 30.0)(651.1, 30.0)(651.1, 145.9)(567.2, 145.9);GATE
Port:(581.5, 141.7)(636.8, 141.7)(636.8, 145.9)(581.5, 145.9);SD
Port:(567.2, 30.0)(651.1, 30.0)(651.1, 140.6)(567.2, 140.6);GATE
Port:(573.9, 35.7)(644.4, 35.7)(644.4, 41.4)(573.9, 41.4);SD
Module:M9
Boundary:(496.5, 185.9)(561.9, 185.9)(561.9, 388.5)(496.5, 388.5);GATE
Port:(509.9, 384.0)(548.5, 384.0)(548.5, 388.5)(509.9, 388.5);SD
Port:(496.5, 185.9)(561.9, 185.9)(561.9, 383.0)(496.5, 383.0);GATE
Port:(503.3, 191.7)(555.1, 191.7)(555.1, 197.4)(503.3, 197.4);SD
Module:M5
Boundary:(20.0, 20.0)(112.5, 20.0)(112.5, 188.2)(20.0, 188.2);GATE
Port:(33.0, 184.2)(99.5, 184.2)(99.5, 188.2)(33.0, 188.2);SD
Port:(20.0, 20.0)(112.5, 20.0)(112.5, 181.6)(20.0, 181.6);GATE
Port:(25.1, 24.1)(107.4, 24.1)(107.4, 30.9)(25.1, 30.9);SD
Module:M11
Boundary:(142.5, 224.3)(201.5, 224.3)(201.5, 224.4)(215.5, 224.4)(215.5, 309.3)(142.5, 309.3);GATE
Port:(154.9, 305.3)(203.1, 305.3)(203.1, 309.3)(154.9, 309.3);SD
Port:(142.5, 224.3)(201.5, 224.3)(201.5, 224.4)(215.5, 224.4)(215.5, 303.9)(142.5, 303.9);GATE
Port:(147.7, 228.5)(196.3, 228.5)(196.3, 234.9)(147.7, 234.9);SD
Module:M1
Boundary:(196.7, 401.8)(196.7, 478.1)(30.0, 478.1)(30.0, 401.8);GATE
Port:(30.0, 414.9)(34.1, 414.9)(34.1, 465.0)(30.0, 465.0);SD
Port:(196.7, 401.8)(196.7, 478.1)(36.6, 478.1)(36.6, 401.8);GATE
Port:(186.4, 408.3)(191.2, 408.3)(191.2, 471.6)(186.4, 471.6);SD
Module:M6
Boundary:(581.9, 185.9)(661.6, 185.9)(661.6, 186.2)(677.5, 186.2)(677.5, 391.5)(581.9, 391.5);GATE
Port:(594.8, 385.5)(664.6, 385.5)(664.6, 391.5)(594.8, 391.5);SD
Port:(581.9, 185.9)(661.6, 185.9)(661.6, 186.2)(677.5, 186.2)(677.5, 384.2)(581.9, 384.2);GATE
Port:(587.6, 190.6)(655.9, 190.6)(655.9, 196.2)(587.6, 196.2);SD
Module:M2
Boundary:(443.4, 433.7)(443.4, 497.5)(246.7, 497.5)(246.7, 433.7);GATE
Port:(246.7, 446.2)(251.1, 446.2)(251.1, 485.0)(246.7, 485.0);SD
Port:(443.4, 433.7)(443.4, 497.5)(253.1, 497.5)(253.1, 433.7);GATE
Port:(434.1, 438.9)(439.2, 438.9)(439.2, 492.3)(434.1, 492.3);SD
Module:M16
Boundary:(10.0, 218.2)(95.1, 218.2)(95.1, 218.5)(108.3, 218.5)(108.3, 361.8)(10.0, 361.8);GATE
Port:(23.1, 357.5)(95.2, 357.5)(95.2, 361.8)(23.1, 361.8);SD
Port:(10.0, 218.2)(95.1, 218.2)(95.1, 218.5)(108.3, 218.5)(108.3, 354.9)(10.0, 354.9);GATE
Port:(16.2, 223.4)(88.9, 223.4)(88.9, 229.4)(16.2, 229.4);SD
Module:M13
Boundary:(375.1, 311.1)(375.1, 403.7)(236.7, 403.7)(236.7, 311.1);GATE
Port:(236.7, 324.4)(240.9, 324.4)(240.9, 390.4)(236.7, 390.4);SD
Port:(375.1, 311.1)(375.1, 403.7)(242.8, 403.7)(242.8, 311.1);GATE
Port:(363.5, 316.6)(370.6, 316.6)(370.6, 398.2)(363.5, 398.2);SD
Module:M10
Boundary:(474.4, 315.4)(474.4, 381.9)(474.1, 381.9)(474.1, 397.9)(395.1, 397.9)(395.1, 315.4);GATE
Port:(395.1, 329.1)(400.9, 329.1)(400.9, 384.2)(395.1, 384.2);SD
Port:(474.4, 315.4)(474.4, 381.9)(474.1, 381.9)(474.1, 397.9)(403.0, 397.9)(403.0, 315.4);GATE
Port:(462.7, 321.5)(469.3, 321.5)(469.3, 375.8)(462.7, 375.8);SD
Module:M7
Boundary:(659.2, 421.5)(659.2, 481.1)(659.1, 481.1)(659.1, 495.2)(504.4, 495.2)(504.4, 421.5);GATE
Port:(504.4, 433.8)(510.0, 433.8)(510.0, 482.9)(504.4, 482.9);SD
Port:(659.2, 421.5)(659.2, 481.1)(659.1, 481.1)(659.1, 495.2)(512.3, 495.2)(512.3, 421.5);GATE
Port:(648.6, 427.3)(654.4, 427.3)(654.4, 475.3)(648.6, 475.3);SD
Module:M3
Boundary:(527.2, 10.0)(527.2, 96.7)(527.0, 96.7)(527.0, 114.1)(359.4, 114.1)(359.4, 10.0);GATE
Port:(359.4, 23.4)(365.2, 23.4)(365.2, 100.7)(359.4, 100.7);SD
Port:(527.2, 10.0)(527.2, 96.7)(527.0, 96.7)(527.0, 114.1)(366.4, 114.1)(366.4, 10.0);GATE
Port:(516.4, 15.8)(522.4, 15.8)(522.4, 90.9)(516.4, 90.9);SD
Module:M15
Boundary:(396.2, 134.1)(460.8, 134.1)(460.8, 134.5)(476.5, 134.5)(476.5, 295.4)(396.2, 295.4);GATE
Port:(409.2, 290.9)(463.5, 290.9)(463.5, 295.4)(409.2, 295.4);SD
Port:(396.2, 134.1)(460.8, 134.1)(460.8, 134.5)(476.5, 134.5)(476.5, 289.5)(396.2, 289.5);GATE
Port:(401.8, 138.7)(455.2, 138.7)(455.2, 144.9)(401.8, 144.9);SD
Module:M12
Boundary:(142.5, 10.0)(226.2, 10.0)(226.2, 204.3)(142.5, 204.3);GATE
Port:(154.1, 198.7)(214.6, 198.7)(214.6, 204.3)(154.1, 204.3);SD
Port:(142.5, 10.0)(226.2, 10.0)(226.2, 196.1)(142.5, 196.1);GATE
Port:(149.0, 15.5)(219.7, 15.5)(219.7, 19.9)(149.0, 19.9);SD
Module:M8
Boundary:(256.2, 20.0)(329.4, 20.0)(329.4, 162.9)(256.2, 162.9);GATE
Port:(271.2, 158.4)(314.4, 158.4)(314.4, 162.9)(271.2, 162.9);SD
Port:(256.2, 20.0)(329.4, 20.0)(329.4, 156.9)(256.2, 156.9);GATE
Port:(262.7, 25.5)(322.9, 25.5)(322.9, 32.1)(262.7, 32.1);SD
Module:M4
Boundary:(366.2, 234.3)(366.2, 266.9)(366.2, 266.9)(366.2, 281.1)(245.5, 281.1)(245.5, 234.3);GATE
Port:(245.5, 247.4)(250.6, 247.4)(250.6, 268.0)(245.5, 268.0);SD
Port:(366.2, 234.3)(366.2, 266.9)(366.2, 266.9)(366.2, 281.1)(252.7, 281.1)(252.7, 234.3);GATE
Port:(354.8, 240.9)(360.6, 240.9)(360.6, 260.3)(354.8, 260.3);SD
