Area:(-30.0, -30.0)(386.0, -30.0)(386.0, 1099.0)(-30.0, 1099.0)
Rule:GATE(5,5);SD(5,5);GATE_SD(0.5);GATE_ITO(0.5);SD_ITO(0.5)
Module:M14
Boundary:(30.0, 405.5)(131.9, 405.5)(131.9, 405.7)(148.6, 405.7)(148.6, 563.5)(30.0, 563.5);GATE
Port:(43.9, 558.0)(134.7, 558.0)(134.7, 563.5)(43.9, 563.5);SD
Port:(30.0, 405.5)(131.9, 405.5)(131.9, 405.7)(148.6, 405.7)(148.6, 555.3)(30.0, 555.3);GATE
Port:(35.0, 409.5)(126.9, 409.5)(126.9, 417.1)(35.0, 417.1);SD
Module:M9
Boundary:(329.8, 10.0)(329.8, 121.5)(215.2, 121.5)(215.2, 10.0);GATE
Port:(215.2, 24.9)(221.1, 24.9)(221.1, 106.6)(215.2, 106.6);SD
Port:(329.8, 10.0)(329.8, 121.5)(222.2, 121.5)(222.2, 10.0);GATE
Port:(318.3, 15.7)(325.1, 15.7)(325.1, 115.8)(318.3, 115.8);SD
Module:M5
Boundary:(185.2, 20.0)(185.2, 101.5)(185.2, 101.5)(185.2, 117.5)(20.0, 117.5)(20.0, 20.0);GATE
Port:(20.0, 33.4)(24.1, 33.4)(24.1, 104.1)(20.0, 104.1);SD
Port:(185.2, 20.0)(185.2, 101.5)(185.2, 101.5)(185.2, 117.5)(25.2, 117.5)(25.2, 20.0);GATE
Port:(174.5, 25.6)(180.6, 25.6)(180.6, 95.9)(174.5, 95.9);SD
Module:M11
Boundary:(298.2, 141.5)(346.0, 141.5)(346.0, 309.3)(298.2, 309.3);GATE
Port:(310.8, 303.8)(333.4, 303.8)(333.4, 309.3)(310.8, 309.3);SD
Port:(298.2, 141.5)(346.0, 141.5)(346.0, 300.9)(298.2, 300.9);GATE
Port:(303.4, 145.7)(340.8, 145.7)(340.8, 152.5)(303.4, 152.5);SD
Module:M1
Boundary:(321.8, 657.6)(321.8, 706.8)(321.6, 706.8)(321.6, 723.3)(213.0, 723.3)(213.0, 657.6);GATE
Port:(213.0, 670.5)(217.3, 670.5)(217.3, 710.4)(213.0, 710.4);SD
Port:(321.8, 657.6)(321.8, 706.8)(321.6, 706.8)(321.6, 723.3)(219.8, 723.3)(219.8, 657.6);GATE
Port:(312.0, 663.6)(316.8, 663.6)(316.8, 700.8)(312.0, 700.8);SD
Module:M6
Boundary:(218.0, 848.5)(218.0, 934.7)(99.7, 934.7)(99.7, 848.5);GATE
Port:(99.7, 862.9)(105.3, 862.9)(105.3, 920.3)(99.7, 920.3);SD
Port:(218.0, 848.5)(218.0, 934.7)(106.8, 934.7)(106.8, 848.5);GATE
Port:(206.9, 854.5)(213.0, 854.5)(213.0, 928.7)(206.9, 928.7);SD
Module:M2
Boundary:(160.4, 613.5)(160.4, 676.9)(160.1, 676.9)(160.1, 692.5)(20.0, 692.5)(20.0, 613.5);GATE
Port:(20.0, 625.8)(25.1, 625.8)(25.1, 680.2)(20.0, 680.2);SD
Port:(160.4, 613.5)(160.4, 676.9)(160.1, 676.9)(160.1, 692.5)(27.6, 692.5)(27.6, 613.5);GATE
Port:(150.4, 619.4)(155.5, 619.4)(155.5, 671.0)(150.4, 671.0);SD
Module:M16
Boundary:(238.0, 763.3)(336.6, 763.3)(336.6, 943.1)(238.0, 943.1);GATE
Port:(252.5, 938.6)(322.1, 938.6)(322.1, 943.1)(252.5, 943.1);SD
Port:(238.0, 763.3)(336.6, 763.3)(336.6, 936.5)(238.0, 936.5);GATE
Port:(244.9, 769.2)(329.7, 769.2)(329.7, 775.7)(244.9, 775.7);SD
Module:M13
Boundary:(173.0, 722.5)(173.0, 813.5)(172.8, 813.5)(172.8, 828.5)(10.0, 828.5)(10.0, 722.5);GATE
Port:(10.0, 734.3)(14.9, 734.3)(14.9, 816.7)(10.0, 816.7);SD
Port:(173.0, 722.5)(173.0, 813.5)(172.8, 813.5)(172.8, 828.5)(17.4, 828.5)(17.4, 722.5);GATE
Port:(163.2, 728.7)(167.8, 728.7)(167.8, 807.3)(163.2, 807.3);SD
Module:M10
Boundary:(326.8, 963.1)(326.8, 1059.0)(99.7, 1059.0)(99.7, 963.1);GATE
Port:(99.7, 976.1)(104.0, 976.1)(104.0, 1046.0)(99.7, 1046.0);SD
Port:(326.8, 963.1)(326.8, 1059.0)(106.0, 1059.0)(106.0, 963.1);GATE
Port:(317.0, 969.3)(321.6, 969.3)(321.6, 1052.8)(317.0, 1052.8);SD
Module:M7
Boundary:(200.4, 496.1)(313.1, 496.1)(313.1, 496.6)(331.9, 496.6)(331.9, 607.6)(200.4, 607.6);GATE
Port:(215.3, 602.8)(317.0, 602.8)(317.0, 607.6)(215.3, 607.6);SD
Port:(200.4, 496.1)(313.1, 496.1)(313.1, 496.6)(331.9, 496.6)(331.9, 600.0)(200.4, 600.0);GATE
Port:(205.6, 500.3)(307.9, 500.3)(307.9, 507.7)(205.6, 507.7);SD
Module:M3
Boundary:(208.9, 147.5)(261.0, 147.5)(261.0, 147.8)(278.2, 147.8)(278.2, 288.8)(208.9, 288.8);GATE
Port:(223.0, 283.3)(264.1, 283.3)(264.1, 288.8)(223.0, 288.8);SD
Port:(208.9, 147.5)(261.0, 147.5)(261.0, 147.8)(278.2, 147.8)(278.2, 281.1)(208.9, 281.1);GATE
Port:(215.2, 152.8)(254.7, 152.8)(254.7, 158.7)(215.2, 158.7);SD
Module:M15
Boundary:(180.4, 252.8)(180.4, 346.8)(180.3, 346.8)(180.3, 365.5)(10.0, 365.5)(10.0, 252.8);GATE
Port:(10.0, 268.0)(15.6, 268.0)(15.6, 350.3)(10.0, 350.3);SD
Port:(180.4, 252.8)(180.4, 346.8)(180.3, 346.8)(180.3, 365.5)(17.6, 365.5)(17.6, 252.8);GATE
Port:(168.3, 259.1)(175.1, 259.1)(175.1, 340.5)(168.3, 340.5);SD
Module:M12
Boundary:(10.0, 848.5)(79.7, 848.5)(79.7, 1037.9)(10.0, 1037.9);GATE
Port:(24.2, 1033.0)(65.5, 1033.0)(65.5, 1037.9)(24.2, 1037.9);SD
Port:(10.0, 848.5)(79.7, 848.5)(79.7, 1030.2)(10.0, 1030.2);GATE
Port:(15.7, 853.2)(74.0, 853.2)(74.0, 859.8)(15.7, 859.8);SD
Module:M8
Boundary:(178.9, 157.5)(178.9, 222.8)(20.0, 222.8)(20.0, 157.5);GATE
Port:(20.0, 170.1)(24.6, 170.1)(24.6, 210.2)(20.0, 210.2);SD
Port:(178.9, 157.5)(178.9, 222.8)(26.9, 222.8)(26.9, 157.5);GATE
Port:(168.5, 163.6)(173.8, 163.6)(173.8, 216.7)(168.5, 216.7);SD
Module:M4
Boundary:(328.1, 339.3)(328.1, 456.1)(210.4, 456.1)(210.4, 339.3);GATE
Port:(210.4, 353.1)(215.8, 353.1)(215.8, 442.3)(210.4, 442.3);SD
Port:(328.1, 339.3)(328.1, 456.1)(217.2, 456.1)(217.2, 339.3);GATE
Port:(317.7, 345.2)(323.2, 345.2)(323.2, 450.2)(317.7, 450.2);SD
