Area:(-30.0, -20.0)(505.8, -20.0)(505.8, 625.9)(-30.0, 625.9)
Rule:GATE(5,5);SD(5,5);GATE_SD(0.5);GATE_ITO(0.5);SD_ITO(0.5)
Module:M14
Boundary:(249.3, 329.5)(346.5, 329.5)(346.5, 430.5)(249.3, 430.5);GATE
Port:(263.1, 426.0)(332.7, 426.0)(332.7, 430.5)(263.1, 430.5);SD
Port:(249.3, 329.5)(346.5, 329.5)(346.5, 423.4)(249.3, 423.4);GATE
Port:(255.8, 335.0)(340.0, 335.0)(340.0, 340.9)(255.8, 340.9);SD
Module:M9
Boundary:(141.7, 539.0)(141.7, 585.9)(10.0, 585.9)(10.0, 539.0);GATE
Port:(10.0, 551.3)(14.8, 551.3)(14.8, 573.6)(10.0, 573.6);SD
Port:(141.7, 539.0)(141.7, 585.9)(17.3, 585.9)(17.3, 539.0);GATE
Port:(131.0, 544.2)(137.5, 544.2)(137.5, 580.7)(131.0, 580.7);SD
Module:M5
Boundary:(455.6, 20.0)(455.6, 86.5)(455.5, 86.5)(455.5, 102.0)(306.0, 102.0)(306.0, 20.0);GATE
Port:(306.0, 34.6)(310.9, 34.6)(310.9, 87.4)(306.0, 87.4);SD
Port:(455.6, 20.0)(455.6, 86.5)(455.5, 86.5)(455.5, 102.0)(313.4, 102.0)(313.4, 20.0);GATE
Port:(443.3, 26.0)(450.6, 26.0)(450.6, 80.5)(443.3, 80.5);SD
Module:M11
Boundary:(346.0, 233.5)(346.0, 289.5)(222.2, 289.5)(222.2, 233.5);GATE
Port:(222.2, 248.3)(227.4, 248.3)(227.4, 274.7)(222.2, 274.7);SD
Port:(346.0, 233.5)(346.0, 289.5)(228.8, 289.5)(228.8, 233.5);GATE
Port:(334.6, 238.8)(341.7, 238.8)(341.7, 284.2)(334.6, 284.2);SD
Module:M1
Boundary:(264.1, 505.0)(264.1, 568.9)(181.7, 568.9)(181.7, 505.0);GATE
Port:(181.7, 517.8)(186.2, 517.8)(186.2, 556.1)(181.7, 556.1);SD
Port:(264.1, 505.0)(264.1, 568.9)(189.0, 568.9)(189.0, 505.0);GATE
Port:(252.9, 511.0)(259.1, 511.0)(259.1, 562.9)(252.9, 562.9);SD
Module:M6
Boundary:(276.0, 126.6)(276.0, 196.5)(97.3, 196.5)(97.3, 126.6);GATE
Port:(97.3, 141.2)(101.6, 141.2)(101.6, 181.9)(97.3, 181.9);SD
Port:(276.0, 126.6)(276.0, 196.5)(103.8, 196.5)(103.8, 126.6);GATE
Port:(264.4, 132.6)(271.0, 132.6)(271.0, 190.5)(264.4, 190.5);SD
Module:M2
Boundary:(454.8, 480.5)(454.8, 574.5)(314.1, 574.5)(314.1, 480.5);GATE
Port:(314.1, 495.8)(319.8, 495.8)(319.8, 559.2)(314.1, 559.2);SD
Port:(454.8, 480.5)(454.8, 574.5)(320.8, 574.5)(320.8, 480.5);GATE
Port:(442.7, 486.8)(449.5, 486.8)(449.5, 568.2)(442.7, 568.2);SD
Module:M16
Boundary:(10.0, 406.0)(111.1, 406.0)(111.1, 519.0)(10.0, 519.0);GATE
Port:(24.3, 514.0)(96.8, 514.0)(96.8, 519.0)(24.3, 519.0);SD
Port:(10.0, 406.0)(111.1, 406.0)(111.1, 511.6)(10.0, 511.6);GATE
Port:(16.4, 411.4)(104.7, 411.4)(104.7, 417.3)(16.4, 417.3);SD
Module:M13
Boundary:(457.9, 132.0)(457.9, 213.5)(296.0, 213.5)(296.0, 132.0);GATE
Port:(296.0, 145.5)(301.0, 145.5)(301.0, 200.0)(296.0, 200.0);SD
Port:(457.9, 132.0)(457.9, 213.5)(302.7, 213.5)(302.7, 132.0);GATE
Port:(446.5, 138.2)(452.7, 138.2)(452.7, 207.3)(446.5, 207.3);SD
Module:M10
Boundary:(10.0, 100.1)(60.4, 100.1)(60.4, 100.4)(77.3, 100.4)(77.3, 186.4)(10.0, 186.4);GATE
Port:(23.6, 181.7)(63.7, 181.7)(63.7, 186.4)(23.6, 186.4);SD
Port:(10.0, 100.1)(60.4, 100.1)(60.4, 100.4)(77.3, 100.4)(77.3, 179.3)(10.0, 179.3);GATE
Port:(16.1, 105.2)(54.3, 105.2)(54.3, 110.4)(16.1, 110.4);SD
Module:M7
Boundary:(20.0, 226.5)(67.9, 226.5)(67.9, 226.6)(83.7, 226.6)(83.7, 376.0)(20.0, 376.0);GATE
Port:(32.2, 370.3)(71.5, 370.3)(71.5, 376.0)(32.2, 376.0);SD
Port:(20.0, 226.5)(67.9, 226.5)(67.9, 226.6)(83.7, 226.6)(83.7, 367.8)(20.0, 367.8);GATE
Port:(25.5, 231.0)(62.4, 231.0)(62.4, 236.5)(25.5, 236.5);SD
Module:M3
Boundary:(113.7, 216.5)(202.2, 216.5)(202.2, 375.8)(113.7, 375.8);GATE
Port:(127.7, 370.8)(188.2, 370.8)(188.2, 375.8)(127.7, 375.8);SD
Port:(113.7, 216.5)(202.2, 216.5)(202.2, 369.5)(113.7, 369.5);GATE
Port:(119.7, 221.5)(196.2, 221.5)(196.2, 227.6)(119.7, 227.6);SD
Module:M15
Boundary:(386.5, 233.5)(465.8, 233.5)(465.8, 449.3)(386.5, 449.3);GATE
Port:(399.6, 443.3)(452.7, 443.3)(452.7, 449.3)(399.6, 449.3);SD
Port:(386.5, 233.5)(465.8, 233.5)(465.8, 440.7)(386.5, 440.7);GATE
Port:(393.3, 239.3)(459.0, 239.3)(459.0, 244.3)(393.3, 244.3);SD
Module:M12
Boundary:(209.3, 395.8)(209.3, 448.6)(209.2, 448.6)(209.2, 465.0)(131.1, 465.0)(131.1, 395.8);GATE
Port:(131.1, 410.5)(136.4, 410.5)(136.4, 450.3)(131.1, 450.3);SD
Port:(209.3, 395.8)(209.3, 448.6)(209.2, 448.6)(209.2, 465.0)(139.4, 465.0)(139.4, 395.8);GATE
Port:(197.3, 402.3)(203.8, 402.3)(203.8, 442.1)(197.3, 442.1);SD
Module:M8
Boundary:(177.1, 20.0)(260.8, 20.0)(260.8, 96.6)(177.1, 96.6);GATE
Port:(192.1, 91.1)(245.8, 91.1)(245.8, 96.6)(192.1, 96.6);SD
Port:(177.1, 20.0)(260.8, 20.0)(260.8, 89.4)(177.1, 89.4);GATE
Port:(183.9, 25.8)(254.0, 25.8)(254.0, 32.0)(183.9, 32.0);SD
Module:M4
Boundary:(137.1, 20.0)(137.1, 54.9)(137.1, 54.9)(137.1, 70.1)(20.0, 70.1)(20.0, 20.0);GATE
Port:(20.0, 33.8)(24.6, 33.8)(24.6, 56.3)(20.0, 56.3);SD
Port:(137.1, 20.0)(137.1, 54.9)(137.1, 54.9)(137.1, 70.1)(26.3, 70.1)(26.3, 20.0);GATE
Port:(125.5, 26.3)(131.8, 26.3)(131.8, 48.6)(125.5, 48.6);SD
