Area:(-30.0, -30.0)(708.5, -30.0)(708.5, 518.5)(-30.0, 518.5)
Rule:GATE(5,5);SD(5,5);GATE_SD(0.5);GATE_ITO(0.5);SD_ITO(0.5)
Module:M14
Boundary:(124.8, 30.0)(169.6, 30.0)(169.6, 30.0)(184.6, 30.0)(184.6, 118.0)(124.8, 118.0);GATE
Port:(136.3, 113.8)(173.1, 113.8)(173.1, 118.0)(136.3, 118.0);SD
Port:(124.8, 30.0)(169.6, 30.0)(169.6, 30.0)(184.6, 30.0)(184.6, 111.8)(124.8, 111.8);GATE
Port:(130.3, 34.5)(164.1, 34.5)(164.1, 39.2)(130.3, 39.2);SD
Module:M9
Boundary:(415.9, 140.9)(473.4, 140.9)(473.4, 334.0)(415.9, 334.0);GATE
Port:(426.6, 328.5)(462.7, 328.5)(462.7, 334.0)(426.6, 334.0);SD
Port:(415.9, 140.9)(473.4, 140.9)(473.4, 325.8)(415.9, 325.8);GATE
Port:(421.1, 145.1)(468.2, 145.1)(468.2, 149.1)(421.1, 149.1);SD
Module:M5
Boundary:(560.2, 20.0)(646.1, 20.0)(646.1, 20.4)(659.6, 20.4)(659.6, 163.4)(560.2, 163.4);GATE
Port:(573.0, 157.6)(646.8, 157.6)(646.8, 163.4)(573.0, 163.4);SD
Port:(560.2, 20.0)(646.1, 20.0)(646.1, 20.4)(659.6, 20.4)(659.6, 155.1)(560.2, 155.1);GATE
Port:(565.9, 24.7)(640.4, 24.7)(640.4, 31.2)(565.9, 31.2);SD
Module:M11
Boundary:(10.0, 10.0)(65.8, 10.0)(65.8, 10.0)(84.8, 10.0)(84.8, 143.9)(10.0, 143.9);GATE
Port:(24.5, 139.0)(70.3, 139.0)(70.3, 143.9)(24.5, 143.9);SD
Port:(10.0, 10.0)(65.8, 10.0)(65.8, 10.0)(84.8, 10.0)(84.8, 137.9)(10.0, 137.9);GATE
Port:(15.7, 14.7)(60.1, 14.7)(60.1, 21.3)(15.7, 21.3);SD
Module:M1
Boundary:(399.4, 374.3)(399.4, 461.4)(266.5, 461.4)(266.5, 374.3);GATE
Port:(266.5, 388.4)(271.3, 388.4)(271.3, 447.3)(266.5, 447.3);SD
Port:(399.4, 374.3)(399.4, 461.4)(273.0, 461.4)(273.0, 374.3);GATE
Port:(388.7, 380.3)(394.4, 380.3)(394.4, 455.4)(388.7, 455.4);SD
Module:M6
Boundary:(395.9, 113.4)(395.9, 224.0)(224.6, 224.0)(224.6, 113.4);GATE
Port:(224.6, 128.3)(229.0, 128.3)(229.0, 209.1)(224.6, 209.1);SD
Port:(395.9, 113.4)(395.9, 224.0)(231.4, 224.0)(231.4, 113.4);GATE
Port:(384.4, 118.7)(391.6, 118.7)(391.6, 218.7)(384.4, 218.7);SD
Module:M2
Boundary:(374.3, 254.0)(374.3, 305.9)(374.2, 305.9)(374.2, 324.3)(205.5, 324.3)(205.5, 254.0);GATE
Port:(205.5, 267.1)(209.6, 267.1)(209.6, 311.2)(205.5, 311.2);SD
Port:(374.3, 254.0)(374.3, 305.9)(374.2, 305.9)(374.2, 324.3)(211.9, 324.3)(211.9, 254.0);GATE
Port:(364.6, 259.1)(370.2, 259.1)(370.2, 300.8)(364.6, 300.8);SD
Module:M16
Boundary:(493.4, 273.8)(586.1, 273.8)(586.1, 274.3)(600.4, 274.3)(600.4, 367.8)(493.4, 367.8);GATE
Port:(507.8, 362.1)(586.0, 362.1)(586.0, 367.8)(507.8, 367.8);SD
Port:(493.4, 273.8)(586.1, 273.8)(586.1, 274.3)(600.4, 274.3)(600.4, 359.2)(493.4, 359.2);GATE
Port:(500.4, 279.8)(579.1, 279.8)(579.1, 286.0)(500.4, 286.0);SD
Module:M13
Boundary:(424.2, 10.0)(512.7, 10.0)(512.7, 10.4)(530.2, 10.4)(530.2, 120.9)(424.2, 120.9);GATE
Port:(438.9, 116.2)(515.5, 116.2)(515.5, 120.9)(438.9, 120.9);SD
Port:(424.2, 10.0)(512.7, 10.0)(512.7, 10.4)(530.2, 10.4)(530.2, 113.9)(424.2, 113.9);GATE
Port:(430.5, 15.3)(506.4, 15.3)(506.4, 21.4)(430.5, 21.4);SD
Module:M10
Boundary:(623.6, 193.4)(668.5, 193.4)(668.5, 355.3)(623.6, 355.3);GATE
Port:(635.7, 350.4)(656.4, 350.4)(656.4, 355.3)(635.7, 355.3);SD
Port:(623.6, 193.4)(668.5, 193.4)(668.5, 347.9)(623.6, 347.9);GATE
Port:(629.1, 197.9)(663.0, 197.9)(663.0, 203.5)(629.1, 203.5);SD
Module:M7
Boundary:(648.5, 397.8)(648.5, 478.3)(449.4, 478.3)(449.4, 397.8);GATE
Port:(449.4, 411.0)(454.3, 411.0)(454.3, 465.1)(449.4, 465.1);SD
Port:(648.5, 397.8)(648.5, 478.3)(456.8, 478.3)(456.8, 397.8);GATE
Port:(637.9, 403.5)(643.8, 403.5)(643.8, 472.6)(637.9, 472.6);SD
Module:M3
Boundary:(175.5, 163.9)(175.5, 221.8)(175.3, 221.8)(175.3, 236.0)(10.0, 236.0)(10.0, 163.9);GATE
Port:(10.0, 174.7)(14.6, 174.7)(14.6, 225.2)(10.0, 225.2);SD
Port:(175.5, 163.9)(175.5, 221.8)(175.3, 221.8)(175.3, 236.0)(16.7, 236.0)(16.7, 163.9);GATE
Port:(166.3, 169.2)(171.2, 169.2)(171.2, 216.5)(166.3, 216.5);SD
Module:M15
Boundary:(404.2, 10.0)(404.2, 93.4)(224.6, 93.4)(224.6, 10.0);GATE
Port:(224.6, 23.2)(228.9, 23.2)(228.9, 80.2)(224.6, 80.2);SD
Port:(404.2, 10.0)(404.2, 93.4)(230.7, 93.4)(230.7, 10.0);GATE
Port:(394.4, 15.2)(400.0, 15.2)(400.0, 88.2)(394.4, 88.2);SD
Module:M12
Boundary:(603.6, 193.4)(603.6, 253.8)(493.4, 253.8)(493.4, 193.4);GATE
Port:(493.4, 205.2)(497.7, 205.2)(497.7, 242.0)(493.4, 242.0);SD
Port:(603.6, 193.4)(603.6, 253.8)(498.8, 253.8)(498.8, 193.4);GATE
Port:(593.9, 199.6)(598.4, 199.6)(598.4, 247.6)(593.9, 247.6);SD
Module:M8
Boundary:(216.5, 364.3)(216.5, 462.3)(216.3, 462.3)(216.3, 478.5)(20.0, 478.5)(20.0, 364.3);GATE
Port:(20.0, 377.4)(25.9, 377.4)(25.9, 465.4)(20.0, 465.4);SD
Port:(216.5, 364.3)(216.5, 462.3)(216.3, 462.3)(216.3, 478.5)(27.7, 478.5)(27.7, 364.3);GATE
Port:(206.4, 369.5)(212.3, 369.5)(212.3, 457.1)(206.4, 457.1);SD
Module:M4
Boundary:(154.0, 266.0)(154.0, 316.7)(20.0, 316.7)(20.0, 266.0);GATE
Port:(20.0, 279.9)(25.1, 279.9)(25.1, 302.8)(20.0, 302.8);SD
Port:(154.0, 266.0)(154.0, 316.7)(27.9, 316.7)(27.9, 266.0);GATE
Port:(142.3, 272.6)(148.4, 272.6)(148.4, 310.1)(142.3, 310.1);SD
