Area:(-30.0, -30.0)(742.8, -30.0)(742.8, 545.5)(-30.0, 545.5)
Rule:GATE(5,5);SD(5,5);GATE_SD(0.5);GATE_ITO(0.5);SD_ITO(0.5)
Module:M14
Boundary:(453.2, 30.0)(453.2, 101.6)(453.1, 101.6)(453.1, 115.9)(386.9, 115.9)(386.9, 30.0);GATE
Port:(386.9, 40.4)(392.4, 40.4)(392.4, 105.5)(386.9, 105.5);SD
Port:(453.2, 30.0)(453.2, 101.6)(453.1, 101.6)(453.1, 115.9)(393.8, 115.9)(393.8, 30.0);GATE
Port:(444.4, 35.6)(448.6, 35.6)(448.6, 96.0)(444.4, 96.0);SD
Module:M9
Boundary:(327.9, 272.5)(327.9, 337.3)(327.5, 337.3)(327.5, 353.1)(248.5, 353.1)(248.5, 272.5);GATE
Port:(248.5, 286.0)(254.3, 286.0)(254.3, 339.6)(248.5, 339.6);SD
Port:(327.9, 272.5)(327.9, 337.3)(327.5, 337.3)(327.5, 353.1)(256.5, 353.1)(256.5, 272.5);GATE
Port:(316.9, 278.0)(323.4, 278.0)(323.4, 331.8)(316.9, 331.8);SD
Module:M5
Boundary:(221.9, 20.0)(221.9, 107.3)(221.7, 107.3)(221.7, 124.0)(20.0, 124.0)(20.0, 20.0);GATE
Port:(20.0, 35.3)(24.7, 35.3)(24.7, 108.7)(20.0, 108.7);SD
Port:(221.9, 20.0)(221.9, 107.3)(221.7, 107.3)(221.7, 124.0)(27.5, 124.0)(27.5, 20.0);GATE
Port:(209.2, 26.7)(216.2, 26.7)(216.2, 100.6)(209.2, 100.6);SD
Module:M11
Boundary:(344.9, 409.5)(344.9, 505.5)(151.1, 505.5)(151.1, 409.5);GATE
Port:(151.1, 422.6)(156.4, 422.6)(156.4, 492.4)(151.1, 492.4);SD
Port:(344.9, 409.5)(344.9, 505.5)(157.7, 505.5)(157.7, 409.5);GATE
Port:(334.3, 416.2)(339.2, 416.2)(339.2, 498.8)(334.3, 498.8);SD
Module:M1
Boundary:(586.6, 275.1)(682.5, 275.1)(682.5, 481.6)(586.6, 481.6);GATE
Port:(599.9, 477.3)(669.2, 477.3)(669.2, 481.6)(599.9, 481.6);SD
Port:(586.6, 275.1)(682.5, 275.1)(682.5, 475.7)(586.6, 475.7);GATE
Port:(592.3, 279.8)(676.8, 279.8)(676.8, 286.0)(592.3, 286.0);SD
Module:M6
Boundary:(609.3, 10.0)(702.8, 10.0)(702.8, 140.8)(609.3, 140.8);GATE
Port:(621.7, 136.3)(690.4, 136.3)(690.4, 140.8)(621.7, 140.8);SD
Port:(609.3, 10.0)(702.8, 10.0)(702.8, 135.0)(609.3, 135.0);GATE
Port:(614.4, 14.1)(697.7, 14.1)(697.7, 20.5)(614.4, 20.5);SD
Module:M2
Boundary:(269.5, 164.0)(269.5, 232.5)(139.1, 232.5)(139.1, 164.0);GATE
Port:(139.1, 177.2)(143.6, 177.2)(143.6, 219.3)(139.1, 219.3);SD
Port:(269.5, 164.0)(269.5, 232.5)(145.1, 232.5)(145.1, 164.0);GATE
Port:(259.2, 169.8)(264.7, 169.8)(264.7, 226.7)(259.2, 226.7);SD
Module:M16
Boundary:(228.5, 262.5)(228.5, 371.4)(228.5, 371.4)(228.5, 389.5)(10.0, 389.5)(10.0, 262.5);GATE
Port:(10.0, 276.8)(15.6, 276.8)(15.6, 375.2)(10.0, 375.2);SD
Port:(228.5, 262.5)(228.5, 371.4)(228.5, 371.4)(228.5, 389.5)(18.5, 389.5)(18.5, 262.5);GATE
Port:(217.0, 269.3)(222.7, 269.3)(222.7, 364.6)(217.0, 364.6);SD
Module:M13
Boundary:(469.6, 155.9)(469.6, 252.5)(299.5, 252.5)(299.5, 155.9);GATE
Port:(299.5, 169.7)(304.6, 169.7)(304.6, 238.7)(299.5, 238.7);SD
Port:(469.6, 155.9)(469.6, 252.5)(307.2, 252.5)(307.2, 155.9);GATE
Port:(457.9, 161.9)(464.6, 161.9)(464.6, 246.5)(457.9, 246.5);SD
Module:M10
Boundary:(131.1, 409.5)(131.1, 485.8)(130.8, 485.8)(130.8, 500.4)(10.0, 500.4)(10.0, 409.5);GATE
Port:(10.0, 422.4)(14.1, 422.4)(14.1, 487.5)(10.0, 487.5);SD
Port:(131.1, 409.5)(131.1, 485.8)(130.8, 485.8)(130.8, 500.4)(15.2, 500.4)(15.2, 409.5);GATE
Port:(120.0, 415.9)(125.7, 415.9)(125.7, 479.4)(120.0, 479.4);SD
Module:M7
Boundary:(675.7, 179.3)(675.7, 225.1)(503.2, 225.1)(503.2, 179.3);GATE
Port:(503.2, 192.0)(508.0, 192.0)(508.0, 212.4)(503.2, 212.4);SD
Port:(675.7, 179.3)(675.7, 225.1)(509.5, 225.1)(509.5, 179.3);GATE
Port:(664.8, 185.4)(670.6, 185.4)(670.6, 219.0)(664.8, 219.0);SD
Module:M3
Boundary:(546.6, 272.5)(546.6, 365.8)(546.3, 365.8)(546.3, 380.7)(347.9, 380.7)(347.9, 272.5);GATE
Port:(347.9, 285.8)(353.7, 285.8)(353.7, 367.4)(347.9, 367.4);SD
Port:(546.6, 272.5)(546.6, 365.8)(546.3, 365.8)(546.3, 380.7)(356.2, 380.7)(356.2, 272.5);GATE
Port:(535.2, 279.5)(540.6, 279.5)(540.6, 358.8)(535.2, 358.8);SD
Module:M15
Boundary:(251.9, 10.0)(331.1, 10.0)(331.1, 10.1)(346.9, 10.1)(346.9, 130.8)(251.9, 130.8);GATE
Port:(264.4, 125.3)(334.4, 125.3)(334.4, 130.8)(264.4, 130.8);SD
Port:(251.9, 10.0)(331.1, 10.0)(331.1, 10.1)(346.9, 10.1)(346.9, 123.2)(251.9, 123.2);GATE
Port:(256.9, 14.0)(326.1, 14.0)(326.1, 19.9)(256.9, 19.9);SD
Module:M12
Boundary:(493.2, 10.0)(589.3, 10.0)(589.3, 149.3)(493.2, 149.3);GATE
Port:(507.0, 143.6)(575.5, 143.6)(575.5, 149.3)(507.0, 149.3);SD
Port:(493.2, 10.0)(589.3, 10.0)(589.3, 141.5)(493.2, 141.5);GATE
Port:(499.1, 14.9)(583.4, 14.9)(583.4, 21.6)(499.1, 21.6);SD
Module:M8
Boundary:(519.9, 410.7)(519.9, 488.1)(374.9, 488.1)(374.9, 410.7);GATE
Port:(374.9, 422.8)(380.5, 422.8)(380.5, 476.0)(374.9, 476.0);SD
Port:(519.9, 410.7)(519.9, 488.1)(382.3, 488.1)(382.3, 410.7);GATE
Port:(509.4, 416.1)(515.5, 416.1)(515.5, 482.7)(509.4, 482.7);SD
Module:M4
Boundary:(99.1, 164.0)(99.1, 213.1)(98.8, 213.1)(98.8, 229.1)(20.0, 229.1)(20.0, 164.0);GATE
Port:(20.0, 177.0)(25.7, 177.0)(25.7, 216.1)(20.0, 216.1);SD
Port:(99.1, 164.0)(99.1, 213.1)(98.8, 213.1)(98.8, 229.1)(26.7, 229.1)(26.7, 164.0);GATE
Port:(89.0, 170.8)(93.3, 170.8)(93.3, 206.3)(89.0, 206.3);SD
