Area:(-30.0, -30.0)(576.2, -30.0)(576.2, 692.5)(-30.0, 692.5)
Rule:GATE(5,5);SD(5,5);GATE_SD(0.5);GATE_ITO(0.5);SD_ITO(0.5)
Module:M14
Boundary:(393.3, 276.7)(393.3, 368.6)(393.0, 368.6)(393.0, 387.0)(212.6, 387.0)(212.6, 276.7);GATE
Port:(212.6, 291.1)(217.9, 291.1)(217.9, 372.6)(212.6, 372.6);SD
Port:(393.3, 276.7)(393.3, 368.6)(393.0, 368.6)(393.0, 387.0)(219.0, 387.0)(219.0, 276.7);GATE
Port:(381.9, 282.8)(388.2, 282.8)(388.2, 362.5)(381.9, 362.5);SD
Module:M9
Boundary:(433.3, 409.7)(535.2, 409.7)(535.2, 530.0)(433.3, 530.0);GATE
Port:(446.7, 525.2)(521.8, 525.2)(521.8, 530.0)(446.7, 530.0);SD
Port:(433.3, 409.7)(535.2, 409.7)(535.2, 523.8)(433.3, 523.8);GATE
Port:(438.7, 414.1)(529.8, 414.1)(529.8, 419.7)(438.7, 419.7);SD
Module:M5
Boundary:(162.6, 293.4)(162.6, 362.4)(162.6, 362.4)(162.6, 379.4)(20.0, 379.4)(20.0, 293.4);GATE
Port:(20.0, 307.4)(25.8, 307.4)(25.8, 365.4)(20.0, 365.4);SD
Port:(162.6, 293.4)(162.6, 362.4)(162.6, 362.4)(162.6, 379.4)(27.7, 379.4)(27.7, 293.4);GATE
Port:(151.9, 299.8)(157.2, 299.8)(157.2, 356.0)(151.9, 356.0);SD
Module:M11
Boundary:(117.6, 10.0)(202.3, 10.0)(202.3, 230.8)(117.6, 230.8);GATE
Port:(132.5, 225.9)(187.4, 225.9)(187.4, 230.8)(132.5, 230.8);SD
Port:(117.6, 10.0)(202.3, 10.0)(202.3, 223.9)(117.6, 223.9);GATE
Port:(124.4, 15.8)(195.5, 15.8)(195.5, 21.7)(124.4, 21.7);SD
Module:M1
Boundary:(30.0, 429.4)(120.5, 429.4)(120.5, 628.7)(30.0, 628.7);GATE
Port:(44.7, 623.0)(105.8, 623.0)(105.8, 628.7)(44.7, 628.7);SD
Port:(30.0, 429.4)(120.5, 429.4)(120.5, 620.5)(30.0, 620.5);GATE
Port:(36.0, 434.4)(114.5, 434.4)(114.5, 440.7)(36.0, 440.7);SD
Module:M6
Boundary:(10.0, 10.0)(97.6, 10.0)(97.6, 161.6)(10.0, 161.6);GATE
Port:(24.7, 156.5)(82.9, 156.5)(82.9, 161.6)(24.7, 161.6);SD
Port:(10.0, 10.0)(97.6, 10.0)(97.6, 155.4)(10.0, 155.4);GATE
Port:(16.4, 15.4)(91.2, 15.4)(91.2, 22.1)(16.4, 22.1);SD
Module:M2
Boundary:(515.7, 20.0)(515.7, 79.0)(515.3, 79.0)(515.3, 94.0)(318.3, 94.0)(318.3, 20.0);GATE
Port:(318.3, 30.8)(323.6, 30.8)(323.6, 83.2)(318.3, 83.2);SD
Port:(515.7, 20.0)(515.7, 79.0)(515.3, 79.0)(515.3, 94.0)(325.8, 94.0)(325.8, 20.0);GATE
Port:(507.1, 25.3)(511.4, 25.3)(511.4, 73.7)(507.1, 73.7);SD
Module:M16
Boundary:(10.0, 181.6)(76.7, 181.6)(76.7, 181.8)(93.0, 181.8)(93.0, 263.4)(10.0, 263.4);GATE
Port:(23.5, 257.5)(79.5, 257.5)(79.5, 263.4)(23.5, 263.4);SD
Port:(10.0, 181.6)(76.7, 181.6)(76.7, 181.8)(93.0, 181.8)(93.0, 255.1)(10.0, 255.1);GATE
Port:(16.1, 186.7)(70.6, 186.7)(70.6, 192.4)(16.1, 192.4);SD
Module:M13
Boundary:(222.3, 10.0)(272.9, 10.0)(272.9, 10.0)(288.3, 10.0)(288.3, 167.7)(222.3, 167.7);GATE
Port:(236.2, 163.6)(274.4, 163.6)(274.4, 167.7)(236.2, 167.7);SD
Port:(222.3, 10.0)(272.9, 10.0)(272.9, 10.0)(288.3, 10.0)(288.3, 160.9)(222.3, 160.9);GATE
Port:(227.8, 14.5)(267.4, 14.5)(267.4, 22.3)(227.8, 22.3);SD
Module:M10
Boundary:(433.3, 260.0)(518.8, 260.0)(518.8, 260.5)(536.2, 260.5)(536.2, 389.7)(433.3, 389.7);GATE
Port:(446.2, 384.3)(523.3, 384.3)(523.3, 389.7)(446.2, 389.7);SD
Port:(433.3, 260.0)(518.8, 260.0)(518.8, 260.5)(536.2, 260.5)(536.2, 381.3)(433.3, 381.3);GATE
Port:(438.3, 264.0)(513.8, 264.0)(513.8, 269.7)(438.3, 269.7);SD
Module:M7
Boundary:(303.8, 437.0)(371.8, 437.0)(371.8, 437.1)(387.7, 437.1)(387.7, 565.9)(303.8, 565.9);GATE
Port:(318.5, 560.5)(373.0, 560.5)(373.0, 565.9)(318.5, 565.9);SD
Port:(303.8, 437.0)(371.8, 437.0)(371.8, 437.1)(387.7, 437.1)(387.7, 559.2)(303.8, 559.2);GATE
Port:(310.0, 442.2)(365.6, 442.2)(365.6, 449.4)(310.0, 449.4);SD
Module:M3
Boundary:(430.8, 124.0)(430.8, 236.7)(308.3, 236.7)(308.3, 124.0);GATE
Port:(308.3, 136.9)(313.4, 136.9)(313.4, 223.8)(308.3, 223.8);SD
Port:(430.8, 124.0)(430.8, 236.7)(314.5, 236.7)(314.5, 124.0);GATE
Port:(420.0, 129.8)(426.0, 129.8)(426.0, 230.9)(420.0, 230.9);SD
Module:M15
Boundary:(450.8, 124.0)(525.6, 124.0)(525.6, 240.0)(450.8, 240.0);GATE
Port:(462.5, 234.7)(513.9, 234.7)(513.9, 240.0)(462.5, 240.0);SD
Port:(450.8, 124.0)(525.6, 124.0)(525.6, 231.9)(450.8, 231.9);GATE
Port:(457.1, 129.3)(519.3, 129.3)(519.3, 134.0)(457.1, 134.0);SD
Module:M12
Boundary:(272.8, 576.6)(272.8, 637.9)(272.5, 637.9)(272.5, 652.5)(160.5, 652.5)(160.5, 576.6);GATE
Port:(160.5, 589.6)(164.7, 589.6)(164.7, 639.5)(160.5, 639.5);SD
Port:(272.8, 576.6)(272.8, 637.9)(272.5, 637.9)(272.5, 652.5)(166.8, 652.5)(166.8, 576.6);GATE
Port:(262.5, 582.3)(268.1, 582.3)(268.1, 632.2)(262.5, 632.2);SD
Module:M8
Boundary:(522.4, 560.0)(522.4, 618.6)(522.1, 618.6)(522.1, 638.1)(427.7, 638.1)(427.7, 560.0);GATE
Port:(427.7, 575.6)(432.0, 575.6)(432.0, 622.5)(427.7, 622.5);SD
Port:(522.4, 560.0)(522.4, 618.6)(522.1, 618.6)(522.1, 638.1)(434.3, 638.1)(434.3, 560.0);GATE
Port:(510.1, 566.5)(516.9, 566.5)(516.9, 612.1)(510.1, 612.1);SD
Module:M4
Boundary:(170.5, 437.0)(263.8, 437.0)(263.8, 546.6)(170.5, 546.6);GATE
Port:(187.1, 540.8)(247.2, 540.8)(247.2, 546.6)(187.1, 546.6);SD
Port:(170.5, 437.0)(263.8, 437.0)(263.8, 537.8)(170.5, 537.8);GATE
Port:(177.3, 442.8)(257.0, 442.8)(257.0, 450.2)(177.3, 450.2);SD
