Area:(-30.0, -30.0)(589.1, -30.0)(589.1, 758.6)(-30.0, 758.6)
Rule:GATE(5,5);SD(5,5);GATE_SD(0.5);GATE_ITO(0.5);SD_ITO(0.5)
Module:M14
Boundary:(178.5, 30.0)(248.2, 30.0)(248.2, 30.1)(265.3, 30.1)(265.3, 180.1)(178.5, 180.1);GATE
Port:(192.4, 175.3)(251.4, 175.3)(251.4, 180.1)(192.4, 180.1);SD
Port:(178.5, 30.0)(248.2, 30.0)(248.2, 30.1)(265.3, 30.1)(265.3, 173.4)(178.5, 173.4);GATE
Port:(183.6, 34.1)(243.1, 34.1)(243.1, 41.6)(183.6, 41.6);SD
Module:M9
Boundary:(305.3, 10.0)(411.1, 10.0)(411.1, 208.5)(305.3, 208.5);GATE
Port:(319.3, 202.7)(397.1, 202.7)(397.1, 208.5)(319.3, 208.5);SD
Port:(305.3, 10.0)(411.1, 10.0)(411.1, 200.6)(305.3, 200.6);GATE
Port:(310.6, 14.3)(405.8, 14.3)(405.8, 21.0)(310.6, 21.0);SD
Module:M5
Boundary:(94.4, 267.3)(94.4, 360.4)(94.2, 360.4)(94.2, 378.8)(20.0, 378.8)(20.0, 267.3);GATE
Port:(20.0, 282.4)(25.2, 282.4)(25.2, 363.7)(20.0, 363.7);SD
Port:(94.4, 267.3)(94.4, 360.4)(94.2, 360.4)(94.2, 378.8)(26.5, 378.8)(26.5, 267.3);GATE
Port:(82.3, 274.0)(88.7, 274.0)(88.7, 353.7)(82.3, 353.7);SD
Module:M11
Boundary:(547.3, 385.1)(547.3, 443.4)(547.2, 443.4)(547.2, 457.6)(393.6, 457.6)(393.6, 385.1);GATE
Port:(393.6, 396.7)(398.0, 396.7)(398.0, 446.0)(393.6, 446.0);SD
Port:(547.3, 385.1)(547.3, 443.4)(547.2, 443.4)(547.2, 457.6)(400.6, 457.6)(400.6, 385.1);GATE
Port:(537.3, 390.5)(542.9, 390.5)(542.9, 438.0)(537.3, 438.0);SD
Module:M1
Boundary:(353.6, 366.1)(353.6, 463.4)(166.3, 463.4)(166.3, 366.1);GATE
Port:(166.3, 380.6)(170.6, 380.6)(170.6, 448.9)(166.3, 448.9);SD
Port:(353.6, 366.1)(353.6, 463.4)(172.3, 463.4)(172.3, 366.1);GATE
Port:(340.7, 372.6)(348.1, 372.6)(348.1, 456.9)(340.7, 456.9);SD
Module:M6
Boundary:(459.4, 195.5)(534.5, 195.5)(534.5, 195.9)(549.1, 195.9)(549.1, 365.1)(459.4, 365.1);GATE
Port:(471.7, 360.3)(536.8, 360.3)(536.8, 365.1)(471.7, 365.1);SD
Port:(459.4, 195.5)(534.5, 195.5)(534.5, 195.9)(549.1, 195.9)(549.1, 359.1)(459.4, 359.1);GATE
Port:(464.8, 199.9)(529.1, 199.9)(529.1, 205.4)(464.8, 205.4);SD
Module:M2
Boundary:(438.5, 513.4)(438.5, 607.2)(438.1, 607.2)(438.1, 622.2)(334.4, 622.2)(334.4, 513.4);GATE
Port:(334.4, 527.0)(338.8, 527.0)(338.8, 608.6)(334.4, 608.6);SD
Port:(438.5, 513.4)(438.5, 607.2)(438.1, 607.2)(438.1, 622.2)(340.1, 622.2)(340.1, 513.4);GATE
Port:(426.9, 519.3)(433.6, 519.3)(433.6, 601.3)(426.9, 601.3);SD
Module:M16
Boundary:(468.5, 477.6)(546.3, 477.6)(546.3, 622.0)(468.5, 622.0);GATE
Port:(481.5, 617.6)(533.3, 617.6)(533.3, 622.0)(481.5, 622.0);SD
Port:(468.5, 477.6)(546.3, 477.6)(546.3, 615.5)(468.5, 615.5);GATE
Port:(475.0, 483.1)(539.8, 483.1)(539.8, 488.7)(475.0, 488.7);SD
Module:M13
Boundary:(199.5, 503.4)(304.4, 503.4)(304.4, 706.5)(199.5, 706.5);GATE
Port:(212.5, 702.1)(291.4, 702.1)(291.4, 706.5)(212.5, 706.5);SD
Port:(199.5, 503.4)(304.4, 503.4)(304.4, 700.6)(199.5, 700.6);GATE
Port:(205.8, 508.7)(298.1, 508.7)(298.1, 512.9)(205.8, 512.9);SD
Module:M10
Boundary:(431.1, 10.0)(543.8, 10.0)(543.8, 175.5)(431.1, 175.5);GATE
Port:(445.9, 171.4)(529.0, 171.4)(529.0, 175.5)(445.9, 175.5);SD
Port:(431.1, 10.0)(543.8, 10.0)(543.8, 169.1)(431.1, 169.1);GATE
Port:(436.5, 14.4)(538.4, 14.4)(538.4, 21.5)(436.5, 21.5);SD
Module:M7
Boundary:(20.0, 20.0)(128.5, 20.0)(128.5, 227.3)(20.0, 227.3);GATE
Port:(34.2, 221.8)(114.3, 221.8)(114.3, 227.3)(34.2, 227.3);SD
Port:(20.0, 20.0)(128.5, 20.0)(128.5, 220.7)(20.0, 220.7);GATE
Port:(26.1, 25.1)(122.4, 25.1)(122.4, 31.0)(26.1, 31.0);SD
Module:M3
Boundary:(370.6, 228.5)(422.8, 228.5)(422.8, 228.6)(439.4, 228.6)(439.4, 299.8)(370.6, 299.8);GATE
Port:(384.5, 295.7)(425.5, 295.7)(425.5, 299.8)(384.5, 299.8);SD
Port:(370.6, 228.5)(422.8, 228.5)(422.8, 228.6)(439.4, 228.6)(439.4, 292.8)(370.6, 292.8);GATE
Port:(377.2, 234.1)(416.2, 234.1)(416.2, 240.2)(377.2, 240.2);SD
Module:M15
Boundary:(504.7, 652.2)(504.7, 718.6)(324.4, 718.6)(324.4, 652.2);GATE
Port:(324.4, 665.7)(330.4, 665.7)(330.4, 705.1)(324.4, 705.1);SD
Port:(504.7, 652.2)(504.7, 718.6)(332.8, 718.6)(332.8, 652.2);GATE
Port:(493.8, 657.5)(500.4, 657.5)(500.4, 713.3)(493.8, 713.3);SD
Module:M12
Boundary:(179.5, 631.1)(179.5, 698.7)(179.3, 698.7)(179.3, 714.5)(10.0, 714.5)(10.0, 631.1);GATE
Port:(10.0, 645.7)(15.5, 645.7)(15.5, 699.9)(10.0, 699.9);SD
Port:(179.5, 631.1)(179.5, 698.7)(179.3, 698.7)(179.3, 714.5)(17.6, 714.5)(17.6, 631.1);GATE
Port:(167.2, 637.1)(174.5, 637.1)(174.5, 692.7)(167.2, 692.7);SD
Module:M8
Boundary:(20.0, 418.8)(100.6, 418.8)(100.6, 418.9)(116.3, 418.9)(116.3, 601.1)(20.0, 601.1);GATE
Port:(33.0, 595.2)(103.3, 595.2)(103.3, 601.1)(33.0, 601.1);SD
Port:(20.0, 418.8)(100.6, 418.8)(100.6, 418.9)(116.3, 418.9)(116.3, 592.2)(20.0, 592.2);GATE
Port:(25.2, 423.0)(95.4, 423.0)(95.4, 429.9)(25.2, 429.9);SD
Module:M4
Boundary:(340.6, 238.5)(340.6, 316.1)(168.5, 316.1)(168.5, 238.5);GATE
Port:(168.5, 251.0)(173.1, 251.0)(173.1, 303.6)(168.5, 303.6);SD
Port:(340.6, 238.5)(340.6, 316.1)(175.2, 316.1)(175.2, 238.5);GATE
Port:(329.9, 244.0)(336.1, 244.0)(336.1, 310.6)(329.9, 310.6);SD
