Area:(-30.0, -30.0)(436.9, -30.0)(436.9, 825.0)(-30.0, 825.0)
Rule:GATE(5,5);SD(5,5);GATE_SD(0.5);GATE_ITO(0.5);SD_ITO(0.5)
Module:M14
Boundary:(138.4, 440.8)(138.4, 540.3)(30.0, 540.3)(30.0, 440.8);GATE
Port:(30.0, 453.7)(34.4, 453.7)(34.4, 527.4)(30.0, 527.4);SD
Port:(138.4, 440.8)(138.4, 540.3)(35.7, 540.3)(35.7, 440.8);GATE
Port:(127.2, 447.3)(132.9, 447.3)(132.9, 533.8)(127.2, 533.8);SD
Module:M9
Boundary:(275.7, 678.2)(275.7, 774.3)(145.9, 774.3)(145.9, 678.2);GATE
Port:(145.9, 694.1)(151.4, 694.1)(151.4, 758.4)(145.9, 758.4);SD
Port:(275.7, 678.2)(275.7, 774.3)(154.3, 774.3)(154.3, 678.2);GATE
Port:(263.2, 684.4)(270.5, 684.4)(270.5, 768.1)(263.2, 768.1);SD
Module:M5
Boundary:(150.3, 164.1)(150.3, 239.1)(150.2, 239.1)(150.2, 254.2)(20.0, 254.2)(20.0, 164.1);GATE
Port:(20.0, 175.4)(25.4, 175.4)(25.4, 242.9)(20.0, 242.9);SD
Port:(150.3, 164.1)(150.3, 239.1)(150.2, 239.1)(150.2, 254.2)(28.0, 254.2)(28.0, 164.1);GATE
Port:(141.3, 169.7)(145.7, 169.7)(145.7, 233.5)(141.3, 233.5);SD
Module:M11
Boundary:(10.0, 284.2)(64.0, 284.2)(64.0, 393.3)(10.0, 393.3);GATE
Port:(20.3, 387.6)(53.7, 387.6)(53.7, 393.3)(20.3, 393.3);SD
Port:(10.0, 284.2)(64.0, 284.2)(64.0, 386.5)(10.0, 386.5);GATE
Port:(15.1, 288.3)(58.9, 288.3)(58.9, 293.0)(15.1, 293.0);SD
Module:M1
Boundary:(309.8, 233.3)(360.4, 233.3)(360.4, 233.3)(377.2, 233.3)(377.2, 358.5)(309.8, 358.5);GATE
Port:(323.6, 353.5)(363.4, 353.5)(363.4, 358.5)(323.6, 358.5);SD
Port:(309.8, 233.3)(360.4, 233.3)(360.4, 233.3)(377.2, 233.3)(377.2, 352.2)(309.8, 352.2);GATE
Port:(315.5, 238.0)(354.7, 238.0)(354.7, 243.8)(315.5, 243.8);SD
Module:M6
Boundary:(319.4, 398.5)(369.6, 398.5)(369.6, 450.9)(383.4, 450.9)(383.4, 598.9)(319.4, 598.9);GATE
Port:(333.0, 594.2)(369.8, 594.2)(369.8, 598.9)(333.0, 598.9);SD
Port:(319.4, 398.5)(369.6, 398.5)(369.6, 450.9)(383.4, 450.9)(383.4, 591.3)(319.4, 591.3);GATE
Port:(325.9, 404.0)(362.1, 404.0)(362.1, 409.9)(325.9, 409.9);SD
Module:M2
Boundary:(200.0, 147.3)(259.8, 147.3)(259.8, 370.9)(200.0, 370.9);GATE
Port:(212.8, 366.7)(247.0, 366.7)(247.0, 370.9)(212.8, 370.9);SD
Port:(200.0, 147.3)(259.8, 147.3)(259.8, 363.9)(200.0, 363.9);GATE
Port:(206.9, 153.2)(252.9, 153.2)(252.9, 158.1)(206.9, 158.1);SD
Module:M16
Boundary:(10.0, 580.3)(125.9, 580.3)(125.9, 780.2)(10.0, 780.2);GATE
Port:(23.4, 774.5)(112.5, 774.5)(112.5, 780.2)(23.4, 780.2);SD
Port:(10.0, 580.3)(125.9, 580.3)(125.9, 772.6)(10.0, 772.6);GATE
Port:(15.5, 584.8)(120.4, 584.8)(120.4, 591.4)(15.5, 591.4);SD
Module:M13
Boundary:(10.0, 10.0)(99.4, 10.0)(99.4, 134.1)(10.0, 134.1);GATE
Port:(24.8, 128.7)(84.6, 128.7)(84.6, 134.1)(24.8, 134.1);SD
Port:(10.0, 10.0)(99.4, 10.0)(99.4, 126.4)(10.0, 126.4);GATE
Port:(16.9, 15.9)(92.5, 15.9)(92.5, 22.0)(16.9, 22.0);SD
Module:M10
Boundary:(206.2, 10.0)(296.1, 10.0)(296.1, 117.3)(206.2, 117.3);GATE
Port:(218.7, 111.9)(283.6, 111.9)(283.6, 117.3)(218.7, 117.3);SD
Port:(206.2, 10.0)(296.1, 10.0)(296.1, 109.2)(206.2, 109.2);GATE
Port:(212.5, 15.3)(289.8, 15.3)(289.8, 20.5)(212.5, 20.5);SD
Module:M7
Boundary:(326.1, 20.0)(387.5, 20.0)(387.5, 183.3)(326.1, 183.3);GATE
Port:(337.6, 178.5)(376.0, 178.5)(376.0, 183.3)(337.6, 183.3);SD
Port:(326.1, 20.0)(387.5, 20.0)(387.5, 177.3)(326.1, 177.3);GATE
Port:(331.3, 24.2)(382.3, 24.2)(382.3, 29.0)(331.3, 29.0);SD
Module:M3
Boundary:(306.3, 618.9)(382.0, 618.9)(382.0, 619.1)(396.9, 619.1)(396.9, 785.0)(306.3, 785.0);GATE
Port:(318.4, 780.2)(384.8, 780.2)(384.8, 785.0)(318.4, 785.0);SD
Port:(306.3, 618.9)(382.0, 618.9)(382.0, 619.1)(396.9, 619.1)(396.9, 777.2)(306.3, 777.2);GATE
Port:(311.4, 623.0)(376.9, 623.0)(376.9, 629.1)(311.4, 629.1);SD
Module:M15
Boundary:(286.3, 546.9)(286.3, 658.2)(178.4, 658.2)(178.4, 546.9);GATE
Port:(178.4, 561.9)(182.9, 561.9)(182.9, 643.2)(178.4, 643.2);SD
Port:(286.3, 546.9)(286.3, 658.2)(185.1, 658.2)(185.1, 546.9);GATE
Port:(274.8, 553.6)(280.6, 553.6)(280.6, 651.5)(274.8, 651.5);SD
Module:M12
Boundary:(119.4, 10.0)(186.2, 10.0)(186.2, 111.5)(119.4, 111.5);GATE
Port:(134.3, 105.8)(171.3, 105.8)(171.3, 111.5)(134.3, 111.5);SD
Port:(119.4, 10.0)(186.2, 10.0)(186.2, 104.0)(119.4, 104.0);GATE
Port:(126.2, 15.8)(179.4, 15.8)(179.4, 23.2)(126.2, 23.2);SD
Module:M8
Boundary:(289.4, 410.9)(289.4, 499.5)(289.0, 499.5)(289.0, 516.9)(200.0, 516.9)(200.0, 410.9);GATE
Port:(200.0, 425.6)(204.9, 425.6)(204.9, 502.2)(200.0, 502.2);SD
Port:(289.4, 410.9)(289.4, 499.5)(289.0, 499.5)(289.0, 516.9)(206.8, 516.9)(206.8, 410.9);GATE
Port:(277.8, 417.3)(284.0, 417.3)(284.0, 493.1)(277.8, 493.1);SD
Module:M4
Boundary:(94.0, 294.2)(160.0, 294.2)(160.0, 390.8)(94.0, 390.8);GATE
Port:(108.8, 386.4)(145.2, 386.4)(145.2, 390.8)(108.8, 390.8);SD
Port:(94.0, 294.2)(160.0, 294.2)(160.0, 384.3)(94.0, 384.3);GATE
Port:(100.9, 300.1)(153.1, 300.1)(153.1, 306.6)(100.9, 306.6);SD
