Area:(-30.0, -30.0)(575.1, -30.0)(575.1, 592.5)(-30.0, 592.5)
Rule:GATE(5,5);SD(5,5);GATE_SD(0.5);GATE_ITO(0.5);SD_ITO(0.5)
Module:M14
Boundary:(419.7, 311.4)(419.7, 383.6)(202.3, 383.6)(202.3, 311.4);GATE
Port:(202.3, 325.3)(206.8, 325.3)(206.8, 369.7)(202.3, 369.7);SD
Port:(419.7, 311.4)(419.7, 383.6)(209.4, 383.6)(209.4, 311.4);GATE
Port:(409.2, 317.0)(415.1, 317.0)(415.1, 378.0)(409.2, 378.0);SD
Module:M9
Boundary:(513.0, 102.7)(513.0, 159.2)(512.9, 159.2)(512.9, 176.6)(405.7, 176.6)(405.7, 102.7);GATE
Port:(405.7, 118.6)(411.5, 118.6)(411.5, 160.7)(405.7, 160.7);SD
Port:(513.0, 102.7)(513.0, 159.2)(512.9, 159.2)(512.9, 176.6)(413.6, 176.6)(413.6, 102.7);GATE
Port:(499.7, 109.4)(507.3, 109.4)(507.3, 152.5)(499.7, 152.5);SD
Module:M5
Boundary:(469.7, 206.6)(535.1, 206.6)(535.1, 426.2)(469.7, 426.2);GATE
Port:(483.3, 420.6)(521.5, 420.6)(521.5, 426.2)(483.3, 426.2);SD
Port:(469.7, 206.6)(535.1, 206.6)(535.1, 419.6)(469.7, 419.6);GATE
Port:(476.2, 212.1)(528.6, 212.1)(528.6, 217.7)(476.2, 217.7);SD
Module:M11
Boundary:(431.7, 10.0)(431.7, 76.1)(237.7, 76.1)(237.7, 10.0);GATE
Port:(237.7, 24.1)(243.3, 24.1)(243.3, 62.0)(237.7, 62.0);SD
Port:(431.7, 10.0)(431.7, 76.1)(244.7, 76.1)(244.7, 10.0);GATE
Port:(419.6, 15.6)(427.1, 15.6)(427.1, 70.5)(419.6, 70.5);SD
Module:M1
Boundary:(30.0, 323.7)(126.5, 323.7)(126.5, 324.1)(142.3, 324.1)(142.3, 411.6)(30.0, 411.6);GATE
Port:(43.0, 407.0)(129.3, 407.0)(129.3, 411.6)(43.0, 411.6);SD
Port:(30.0, 323.7)(126.5, 323.7)(126.5, 324.1)(142.3, 324.1)(142.3, 404.2)(30.0, 404.2);GATE
Port:(36.4, 329.1)(120.1, 329.1)(120.1, 334.7)(36.4, 334.7);SD
Module:M6
Boundary:(383.7, 423.6)(383.7, 475.1)(182.3, 475.1)(182.3, 423.6);GATE
Port:(182.3, 437.5)(187.4, 437.5)(187.4, 461.2)(182.3, 461.2);SD
Port:(383.7, 423.6)(383.7, 475.1)(188.6, 475.1)(188.6, 423.6);GATE
Port:(372.4, 428.7)(379.6, 428.7)(379.6, 470.0)(372.4, 470.0);SD
Module:M2
Boundary:(375.4, 211.3)(375.4, 245.6)(375.4, 245.6)(375.4, 261.4)(180.5, 261.4)(180.5, 211.3);GATE
Port:(180.5, 224.6)(186.0, 224.6)(186.0, 248.1)(180.5, 248.1);SD
Port:(375.4, 211.3)(375.4, 245.6)(375.4, 245.6)(375.4, 261.4)(188.7, 261.4)(188.7, 211.3);GATE
Port:(363.7, 216.9)(370.8, 216.9)(370.8, 240.0)(363.7, 240.0);SD
Module:M16
Boundary:(214.9, 98.5)(214.9, 173.9)(103.5, 173.9)(103.5, 98.5);GATE
Port:(103.5, 111.3)(108.0, 111.3)(108.0, 161.1)(103.5, 161.1);SD
Port:(214.9, 98.5)(214.9, 173.9)(110.0, 173.9)(110.0, 98.5);GATE
Port:(204.2, 105.2)(209.2, 105.2)(209.2, 167.2)(204.2, 167.2);SD
Module:M13
Boundary:(527.0, 10.0)(527.0, 82.7)(451.7, 82.7)(451.7, 10.0);GATE
Port:(451.7, 23.8)(456.2, 23.8)(456.2, 68.9)(451.7, 68.9);SD
Port:(527.0, 10.0)(527.0, 82.7)(459.0, 82.7)(459.0, 10.0);GATE
Port:(516.2, 15.1)(522.9, 15.1)(522.9, 77.6)(516.2, 77.6);SD
Module:M10
Boundary:(150.5, 193.9)(150.5, 283.7)(10.0, 283.7)(10.0, 193.9);GATE
Port:(10.0, 208.0)(15.4, 208.0)(15.4, 269.6)(10.0, 269.6);SD
Port:(150.5, 193.9)(150.5, 283.7)(18.1, 283.7)(18.1, 193.9);GATE
Port:(139.6, 199.2)(146.2, 199.2)(146.2, 278.4)(139.6, 278.4);SD
Module:M7
Boundary:(529.3, 466.2)(529.3, 540.4)(413.7, 540.4)(413.7, 466.2);GATE
Port:(413.7, 481.5)(419.4, 481.5)(419.4, 525.1)(413.7, 525.1);SD
Port:(529.3, 466.2)(529.3, 540.4)(420.9, 540.4)(420.9, 466.2);GATE
Port:(517.4, 471.8)(524.7, 471.8)(524.7, 534.8)(517.4, 534.8);SD
Module:M3
Boundary:(217.7, 10.0)(217.7, 78.5)(103.5, 78.5)(103.5, 10.0);GATE
Port:(103.5, 23.7)(107.6, 23.7)(107.6, 64.8)(103.5, 64.8);SD
Port:(217.7, 10.0)(217.7, 78.5)(109.9, 78.5)(109.9, 10.0);GATE
Port:(206.7, 15.4)(213.3, 15.4)(213.3, 73.1)(206.7, 73.1);SD
Module:M15
Boundary:(10.0, 10.0)(83.5, 10.0)(83.5, 171.4)(10.0, 171.4);GATE
Port:(26.2, 165.8)(67.3, 165.8)(67.3, 171.4)(26.2, 171.4);SD
Port:(10.0, 10.0)(83.5, 10.0)(83.5, 162.9)(10.0, 162.9);GATE
Port:(16.6, 15.6)(76.9, 15.6)(76.9, 23.2)(16.6, 23.2);SD
Module:M12
Boundary:(348.0, 495.1)(348.0, 552.5)(182.3, 552.5)(182.3, 495.1);GATE
Port:(182.3, 506.6)(187.7, 506.6)(187.7, 541.0)(182.3, 541.0);SD
Port:(348.0, 495.1)(348.0, 552.5)(189.7, 552.5)(189.7, 495.1);GATE
Port:(338.4, 500.3)(343.8, 500.3)(343.8, 547.3)(338.4, 547.3);SD
Module:M8
Boundary:(141.6, 461.6)(141.6, 526.7)(141.5, 526.7)(141.5, 542.1)(20.0, 542.1)(20.0, 461.6);GATE
Port:(20.0, 475.6)(24.9, 475.6)(24.9, 528.1)(20.0, 528.1);SD
Port:(141.6, 461.6)(141.6, 526.7)(141.5, 526.7)(141.5, 542.1)(27.6, 542.1)(27.6, 461.6);GATE
Port:(129.8, 468.5)(135.7, 468.5)(135.7, 519.8)(129.8, 519.8);SD
Module:M4
Boundary:(375.7, 106.1)(375.7, 171.3)(247.7, 171.3)(247.7, 106.1);GATE
Port:(247.7, 119.6)(252.1, 119.6)(252.1, 157.8)(247.7, 157.8);SD
Port:(375.7, 106.1)(375.7, 171.3)(253.1, 171.3)(253.1, 106.1);GATE
Port:(365.6, 112.9)(369.9, 112.9)(369.9, 164.5)(365.6, 164.5);SD
