Area:(-30.0, -30.0)(442.1, -30.0)(442.1, 860.9)(-30.0, 860.9)
Rule:GATE(5,5);SD(5,5);GATE_SD(0.5);GATE_ITO(0.5);SD_ITO(0.5)
Module:M14
Boundary:(218.1, 30.0)(273.6, 30.0)(273.6, 30.3)(292.3, 30.3)(292.3, 99.8)(218.1, 99.8);GATE
Port:(232.9, 95.6)(277.5, 95.6)(277.5, 99.8)(232.9, 99.8);SD
Port:(218.1, 30.0)(273.6, 30.0)(273.6, 30.3)(292.3, 30.3)(292.3, 93.1)(218.1, 93.1);GATE
Port:(224.3, 35.2)(267.4, 35.2)(267.4, 41.5)(224.3, 41.5);SD
Module:M9
Boundary:(332.3, 10.0)(382.9, 10.0)(382.9, 10.2)(400.0, 10.2)(400.0, 108.9)(332.3, 108.9);GATE
Port:(345.1, 103.5)(387.2, 103.5)(387.2, 108.9)(345.1, 108.9);SD
Port:(332.3, 10.0)(382.9, 10.0)(382.9, 10.2)(400.0, 10.2)(400.0, 102.5)(332.3, 102.5);GATE
Port:(338.1, 14.8)(377.1, 14.8)(377.1, 20.6)(338.1, 20.6);SD
Module:M5
Boundary:(283.4, 675.4)(347.1, 675.4)(347.1, 675.8)(363.0, 675.8)(363.0, 820.9)(283.4, 820.9);GATE
Port:(295.6, 816.7)(350.8, 816.7)(350.8, 820.9)(295.6, 820.9);SD
Port:(283.4, 675.4)(347.1, 675.4)(347.1, 675.8)(363.0, 675.8)(363.0, 814.5)(283.4, 814.5);GATE
Port:(288.7, 679.7)(341.8, 679.7)(341.8, 685.1)(288.7, 685.1);SD
Module:M11
Boundary:(249.4, 665.4)(249.4, 713.7)(249.2, 713.7)(249.2, 728.6)(173.2, 728.6)(173.2, 665.4);GATE
Port:(173.2, 678.7)(177.7, 678.7)(177.7, 715.3)(173.2, 715.3);SD
Port:(249.4, 665.4)(249.4, 713.7)(249.2, 713.7)(249.2, 728.6)(180.4, 728.6)(180.4, 665.4);GATE
Port:(237.8, 671.9)(243.9, 671.9)(243.9, 707.2)(237.8, 707.2);SD
Module:M1
Boundary:(275.1, 463.6)(375.5, 463.6)(375.5, 625.4)(275.1, 625.4);GATE
Port:(288.5, 620.6)(362.1, 620.6)(362.1, 625.4)(288.5, 625.4);SD
Port:(275.1, 463.6)(375.5, 463.6)(375.5, 617.8)(275.1, 617.8);GATE
Port:(280.8, 468.3)(369.8, 468.3)(369.8, 474.8)(280.8, 474.8);SD
Module:M6
Boundary:(10.0, 10.0)(96.4, 10.0)(96.4, 186.8)(10.0, 186.8);GATE
Port:(24.2, 181.6)(82.2, 181.6)(82.2, 186.8)(24.2, 186.8);SD
Port:(10.0, 10.0)(96.4, 10.0)(96.4, 179.9)(10.0, 179.9);GATE
Port:(16.9, 15.9)(89.5, 15.9)(89.5, 21.6)(16.9, 21.6);SD
Module:M2
Boundary:(20.0, 216.8)(67.8, 216.8)(67.8, 217.1)(84.6, 217.1)(84.6, 399.7)(20.0, 399.7);GATE
Port:(32.0, 394.6)(72.6, 394.6)(72.6, 399.7)(32.0, 399.7);SD
Port:(20.0, 216.8)(67.8, 216.8)(67.8, 217.1)(84.6, 217.1)(84.6, 393.3)(20.0, 393.3);GATE
Port:(25.0, 220.8)(62.8, 220.8)(62.8, 225.7)(25.0, 225.7);SD
Module:M16
Boundary:(10.0, 429.7)(74.3, 429.7)(74.3, 429.9)(89.0, 429.9)(89.0, 632.2)(10.0, 632.2);GATE
Port:(23.8, 626.4)(75.2, 626.4)(75.2, 632.2)(23.8, 632.2);SD
Port:(10.0, 429.7)(74.3, 429.7)(74.3, 429.9)(89.0, 429.9)(89.0, 624.8)(10.0, 624.8);GATE
Port:(16.7, 435.4)(67.6, 435.4)(67.6, 441.5)(16.7, 441.5);SD
Module:M13
Boundary:(332.7, 362.2)(332.7, 423.6)(114.6, 423.6)(114.6, 362.2);GATE
Port:(114.6, 374.8)(119.8, 374.8)(119.8, 411.0)(114.6, 411.0);SD
Port:(332.7, 362.2)(332.7, 423.6)(121.3, 423.6)(121.3, 362.2);GATE
Port:(321.8, 368.2)(327.7, 368.2)(327.7, 417.6)(321.8, 417.6);SD
Module:M10
Boundary:(116.4, 10.0)(178.1, 10.0)(178.1, 211.9)(116.4, 211.9);GATE
Port:(129.0, 206.9)(165.5, 206.9)(165.5, 211.9)(129.0, 211.9);SD
Port:(116.4, 10.0)(178.1, 10.0)(178.1, 204.0)(116.4, 204.0);GATE
Port:(122.6, 15.2)(171.9, 15.2)(171.9, 20.2)(122.6, 20.2);SD
Module:M7
Boundary:(297.5, 255.7)(297.5, 317.2)(297.4, 317.2)(297.4, 332.2)(126.4, 332.2)(126.4, 255.7);GATE
Port:(126.4, 268.0)(131.9, 268.0)(131.9, 319.9)(126.4, 319.9);SD
Port:(297.5, 255.7)(297.5, 317.2)(297.4, 317.2)(297.4, 332.2)(134.9, 332.2)(134.9, 255.7);GATE
Port:(287.5, 262.0)(292.2, 262.0)(292.2, 310.9)(287.5, 310.9);SD
Module:M3
Boundary:(286.2, 139.8)(286.2, 211.6)(286.2, 211.6)(286.2, 225.7)(198.1, 225.7)(198.1, 139.8);GATE
Port:(198.1, 150.8)(203.4, 150.8)(203.4, 214.7)(198.1, 214.7);SD
Port:(286.2, 139.8)(286.2, 211.6)(286.2, 211.6)(286.2, 225.7)(205.2, 225.7)(205.2, 139.8);GATE
Port:(276.9, 145.6)(281.4, 145.6)(281.4, 205.8)(276.9, 205.8);SD
Module:M15
Boundary:(327.5, 139.8)(402.1, 139.8)(402.1, 264.0)(327.5, 264.0);GATE
Port:(339.6, 258.2)(390.0, 258.2)(390.0, 264.0)(339.6, 264.0);SD
Port:(327.5, 139.8)(402.1, 139.8)(402.1, 256.9)(327.5, 256.9);GATE
Port:(332.8, 144.1)(396.8, 144.1)(396.8, 150.1)(332.8, 150.1);SD
Module:M12
Boundary:(153.2, 652.2)(153.2, 740.3)(10.0, 740.3)(10.0, 652.2);GATE
Port:(10.0, 666.9)(15.1, 666.9)(15.1, 725.6)(10.0, 725.6);SD
Port:(153.2, 652.2)(153.2, 740.3)(17.4, 740.3)(17.4, 652.2);GATE
Port:(141.7, 658.2)(148.2, 658.2)(148.2, 734.3)(141.7, 734.3);SD
Module:M8
Boundary:(243.4, 770.3)(243.4, 816.5)(20.0, 816.5)(20.0, 770.3);GATE
Port:(20.0, 783.1)(25.6, 783.1)(25.6, 803.7)(20.0, 803.7);SD
Port:(243.4, 770.3)(243.4, 816.5)(26.8, 816.5)(26.8, 770.3);GATE
Port:(232.2, 777.0)(237.7, 777.0)(237.7, 809.8)(232.2, 809.8);SD
Module:M4
Boundary:(119.0, 453.6)(207.7, 453.6)(207.7, 453.7)(225.1, 453.7)(225.1, 621.4)(119.0, 621.4);GATE
Port:(133.4, 616.9)(210.7, 616.9)(210.7, 621.4)(133.4, 621.4);SD
Port:(119.0, 453.6)(207.7, 453.6)(207.7, 453.7)(225.1, 453.7)(225.1, 615.2)(119.0, 615.2);GATE
Port:(124.6, 458.2)(202.1, 458.2)(202.1, 465.1)(124.6, 465.1);SD
