Area:(-30.0, -30.0)(603.4, -30.0)(603.4, 626.9)(-30.0, 626.9)
Rule:GATE(5,5);SD(5,5);GATE_SD(0.5);GATE_ITO(0.5);SD_ITO(0.5)
Module:M14
Boundary:(446.0, 155.9)(518.2, 155.9)(518.2, 156.1)(536.4, 156.1)(536.4, 341.5)(446.0, 341.5);GATE
Port:(460.5, 336.5)(521.9, 336.5)(521.9, 341.5)(460.5, 341.5);SD
Port:(446.0, 155.9)(518.2, 155.9)(518.2, 156.1)(536.4, 156.1)(536.4, 333.6)(446.0, 333.6);GATE
Port:(452.0, 160.9)(512.2, 160.9)(512.2, 167.0)(452.0, 167.0);SD
Module:M9
Boundary:(316.2, 352.0)(376.8, 352.0)(376.8, 454.7)(316.2, 454.7);GATE
Port:(328.4, 450.5)(364.6, 450.5)(364.6, 454.7)(328.4, 454.7);SD
Port:(316.2, 352.0)(376.8, 352.0)(376.8, 447.5)(316.2, 447.5);GATE
Port:(321.2, 356.0)(371.8, 356.0)(371.8, 361.5)(321.2, 361.5);SD
Module:M5
Boundary:(20.0, 291.0)(103.7, 291.0)(103.7, 291.2)(119.9, 291.2)(119.9, 424.9)(20.0, 424.9);GATE
Port:(34.5, 419.8)(105.4, 419.8)(105.4, 424.9)(34.5, 424.9);SD
Port:(20.0, 291.0)(103.7, 291.0)(103.7, 291.2)(119.9, 291.2)(119.9, 418.5)(20.0, 418.5);GATE
Port:(26.8, 296.8)(96.9, 296.8)(96.9, 302.3)(26.8, 302.3);SD
Module:M11
Boundary:(296.2, 352.0)(296.2, 434.4)(296.1, 434.4)(296.1, 450.2)(149.9, 450.2)(149.9, 352.0);GATE
Port:(149.9, 366.3)(155.1, 366.3)(155.1, 435.9)(149.9, 435.9);SD
Port:(296.2, 352.0)(296.2, 434.4)(296.1, 434.4)(296.1, 450.2)(157.8, 450.2)(157.8, 352.0);GATE
Port:(284.8, 358.1)(291.1, 358.1)(291.1, 428.3)(284.8, 428.3);SD
Module:M1
Boundary:(350.9, 494.7)(350.9, 546.3)(350.6, 546.3)(350.6, 562.7)(169.9, 562.7)(169.9, 494.7);GATE
Port:(169.9, 508.7)(175.1, 508.7)(175.1, 548.7)(169.9, 548.7);SD
Port:(350.9, 494.7)(350.9, 546.3)(350.6, 546.3)(350.6, 562.7)(177.2, 562.7)(177.2, 494.7);GATE
Port:(339.7, 501.5)(345.1, 501.5)(345.1, 539.5)(339.7, 539.5);SD
Module:M6
Boundary:(321.6, 230.4)(406.0, 230.4)(406.0, 329.5)(321.6, 329.5);GATE
Port:(335.5, 324.5)(392.1, 324.5)(392.1, 329.5)(335.5, 329.5);SD
Port:(321.6, 230.4)(406.0, 230.4)(406.0, 321.6)(321.6, 321.6);GATE
Port:(326.8, 234.6)(400.8, 234.6)(400.8, 241.7)(326.8, 241.7);SD
Module:M2
Boundary:(433.4, 20.0)(433.4, 98.7)(239.4, 98.7)(239.4, 20.0);GATE
Port:(239.4, 31.9)(244.8, 31.9)(244.8, 86.8)(239.4, 86.8);SD
Port:(433.4, 20.0)(433.4, 98.7)(246.2, 98.7)(246.2, 20.0);GATE
Port:(423.9, 25.8)(428.6, 25.8)(428.6, 92.9)(423.9, 92.9);SD
Module:M16
Boundary:(528.9, 381.5)(528.9, 448.8)(528.8, 448.8)(528.8, 465.5)(396.8, 465.5)(396.8, 381.5);GATE
Port:(396.8, 394.9)(401.3, 394.9)(401.3, 452.1)(396.8, 452.1);SD
Port:(528.9, 381.5)(528.9, 448.8)(528.8, 448.8)(528.8, 465.5)(403.2, 465.5)(403.2, 381.5);GATE
Port:(518.5, 387.8)(523.6, 387.8)(523.6, 442.5)(518.5, 442.5);SD
Module:M13
Boundary:(463.4, 10.0)(563.4, 10.0)(563.4, 115.9)(463.4, 115.9);GATE
Port:(477.4, 110.9)(549.4, 110.9)(549.4, 115.9)(477.4, 115.9);SD
Port:(463.4, 10.0)(563.4, 10.0)(563.4, 108.1)(463.4, 108.1);GATE
Port:(468.7, 14.3)(558.1, 14.3)(558.1, 20.7)(468.7, 20.7);SD
Module:M10
Boundary:(10.0, 454.9)(111.2, 454.9)(111.2, 455.2)(128.1, 455.2)(128.1, 586.9)(10.0, 586.9);GATE
Port:(23.3, 582.6)(114.8, 582.6)(114.8, 586.9)(23.3, 586.9);SD
Port:(10.0, 454.9)(111.2, 454.9)(111.2, 455.2)(128.1, 455.2)(128.1, 581.5)(10.0, 581.5);GATE
Port:(15.8, 459.7)(105.4, 459.7)(105.4, 465.1)(15.8, 465.1);SD
Module:M7
Boundary:(122.2, 20.0)(184.6, 20.0)(184.6, 20.2)(199.4, 20.2)(199.4, 159.9)(122.2, 159.9);GATE
Port:(134.6, 155.3)(187.0, 155.3)(187.0, 159.9)(134.6, 159.9);SD
Port:(122.2, 20.0)(184.6, 20.0)(184.6, 20.2)(199.4, 20.2)(199.4, 153.0)(122.2, 153.0);GATE
Port:(127.6, 24.4)(179.2, 24.4)(179.2, 30.7)(127.6, 30.7);SD
Module:M3
Boundary:(550.0, 485.5)(550.0, 561.8)(549.5, 561.8)(549.5, 580.3)(390.9, 580.3)(390.9, 485.5);GATE
Port:(390.9, 501.5)(396.5, 501.5)(396.5, 564.3)(390.9, 564.3);SD
Port:(550.0, 485.5)(550.0, 561.8)(549.5, 561.8)(549.5, 580.3)(398.0, 580.3)(398.0, 485.5);GATE
Port:(537.4, 492.3)(544.2, 492.3)(544.2, 555.0)(537.4, 555.0);SD
Module:M15
Boundary:(400.9, 128.7)(400.9, 194.0)(400.7, 194.0)(400.7, 210.4)(229.4, 210.4)(229.4, 128.7);GATE
Port:(229.4, 141.9)(234.5, 141.9)(234.5, 197.2)(229.4, 197.2);SD
Port:(400.9, 128.7)(400.9, 194.0)(400.7, 194.0)(400.7, 210.4)(237.1, 210.4)(237.1, 128.7);GATE
Port:(390.4, 134.0)(396.6, 134.0)(396.6, 188.7)(390.4, 188.7);SD
Module:M12
Boundary:(196.7, 189.9)(196.7, 261.0)(112.2, 261.0)(112.2, 189.9);GATE
Port:(112.2, 204.7)(118.0, 204.7)(118.0, 246.2)(112.2, 246.2);SD
Port:(196.7, 189.9)(196.7, 261.0)(120.1, 261.0)(120.1, 189.9);GATE
Port:(185.3, 195.4)(192.2, 195.4)(192.2, 255.5)(185.3, 255.5);SD
Module:M8
Boundary:(20.0, 20.0)(67.3, 20.0)(67.3, 20.1)(82.2, 20.1)(82.2, 238.8)(20.0, 238.8);GATE
Port:(33.0, 233.4)(69.2, 233.4)(69.2, 238.8)(33.0, 238.8);SD
Port:(20.0, 20.0)(67.3, 20.0)(67.3, 20.1)(82.2, 20.1)(82.2, 230.5)(20.0, 230.5);GATE
Port:(25.2, 24.2)(62.1, 24.2)(62.1, 30.4)(25.2, 30.4);SD
Module:M4
Boundary:(226.7, 240.4)(291.6, 240.4)(291.6, 322.0)(226.7, 322.0);GATE
Port:(239.8, 316.1)(278.5, 316.1)(278.5, 322.0)(239.8, 322.0);SD
Port:(226.7, 240.4)(291.6, 240.4)(291.6, 314.5)(226.7, 314.5);GATE
Port:(231.9, 244.6)(286.4, 244.6)(286.4, 251.3)(231.9, 251.3);SD
