Area:(-30.0, -30.0)(966.1, -30.0)(966.1, 380.3)(-30.0, 380.3)
Rule:GATE(5,5);SD(5,5);GATE_SD(0.5);GATE_ITO(0.5);SD_ITO(0.5)
Module:M14
Boundary:(458.0, 207.9)(458.0, 279.0)(457.6, 279.0)(457.6, 292.1)(330.8, 292.1)(330.8, 207.9);GATE
Port:(330.8, 220.6)(335.1, 220.6)(335.1, 279.4)(330.8, 279.4);SD
Port:(458.0, 207.9)(458.0, 279.0)(457.6, 279.0)(457.6, 292.1)(336.9, 292.1)(336.9, 207.9);GATE
Port:(446.9, 214.7)(452.2, 214.7)(452.2, 272.2)(446.9, 272.2);SD
Module:M9
Boundary:(10.0, 145.8)(77.8, 145.8)(77.8, 340.3)(10.0, 340.3);GATE
Port:(21.0, 334.7)(66.8, 334.7)(66.8, 340.3)(21.0, 340.3);SD
Port:(10.0, 145.8)(77.8, 145.8)(77.8, 332.7)(10.0, 332.7);GATE
Port:(16.1, 150.9)(71.7, 150.9)(71.7, 155.0)(16.1, 155.0);SD
Module:M5
Boundary:(834.8, 243.5)(911.0, 243.5)(911.0, 243.6)(925.6, 243.6)(925.6, 336.2)(834.8, 336.2);GATE
Port:(847.8, 332.0)(912.6, 332.0)(912.6, 336.2)(847.8, 336.2);SD
Port:(834.8, 243.5)(911.0, 243.5)(911.0, 243.6)(925.6, 243.6)(925.6, 330.1)(834.8, 330.1);GATE
Port:(840.3, 248.0)(905.5, 248.0)(905.5, 254.6)(840.3, 254.6);SD
Module:M11
Boundary:(582.9, 171.7)(582.9, 227.6)(582.5, 227.6)(582.5, 247.0)(502.0, 247.0)(502.0, 171.7);GATE
Port:(502.0, 186.2)(507.0, 186.2)(507.0, 232.5)(502.0, 232.5);SD
Port:(582.9, 171.7)(582.9, 227.6)(582.5, 227.6)(582.5, 247.0)(509.1, 247.0)(509.1, 171.7);GATE
Port:(571.9, 177.2)(578.4, 177.2)(578.4, 222.1)(571.9, 222.1);SD
Module:M1
Boundary:(716.4, 30.0)(716.4, 131.7)(522.0, 131.7)(522.0, 30.0);GATE
Port:(522.0, 45.0)(528.0, 45.0)(528.0, 116.7)(522.0, 116.7);SD
Port:(716.4, 30.0)(716.4, 131.7)(530.8, 131.7)(530.8, 30.0);GATE
Port:(704.1, 36.9)(710.5, 36.9)(710.5, 124.8)(704.1, 124.8);SD
Module:M6
Boundary:(202.3, 10.0)(202.3, 125.8)(10.0, 125.8)(10.0, 10.0);GATE
Port:(10.0, 22.8)(15.3, 22.8)(15.3, 113.0)(10.0, 113.0);SD
Port:(202.3, 10.0)(202.3, 125.8)(17.9, 125.8)(17.9, 10.0);GATE
Port:(192.4, 16.2)(197.1, 16.2)(197.1, 119.6)(192.4, 119.6);SD
Module:M2
Boundary:(777.1, 181.7)(777.1, 233.2)(612.9, 233.2)(612.9, 181.7);GATE
Port:(612.9, 195.0)(618.1, 195.0)(618.1, 219.9)(612.9, 219.9);SD
Port:(777.1, 181.7)(777.1, 233.2)(620.5, 233.2)(620.5, 181.7);GATE
Port:(767.1, 187.9)(771.9, 187.9)(771.9, 227.0)(767.1, 227.0);SD
Module:M16
Boundary:(196.0, 145.8)(196.0, 220.0)(195.7, 220.0)(195.7, 237.9)(97.8, 237.9)(97.8, 145.8);GATE
Port:(97.8, 161.4)(102.9, 161.4)(102.9, 222.3)(97.8, 222.3);SD
Port:(196.0, 145.8)(196.0, 220.0)(195.7, 220.0)(195.7, 237.9)(104.4, 237.9)(104.4, 145.8);GATE
Port:(183.6, 152.0)(190.8, 152.0)(190.8, 213.8)(183.6, 213.8);SD
Module:M13
Boundary:(629.1, 267.0)(629.1, 335.4)(502.0, 335.4)(502.0, 267.0);GATE
Port:(502.0, 281.2)(507.2, 281.2)(507.2, 321.2)(502.0, 321.2);SD
Port:(629.1, 267.0)(629.1, 335.4)(509.3, 335.4)(509.3, 267.0);GATE
Port:(617.6, 272.8)(624.3, 272.8)(624.3, 329.6)(617.6, 329.6);SD
Module:M10
Boundary:(222.3, 10.0)(273.6, 10.0)(273.6, 10.0)(290.8, 10.0)(290.8, 232.1)(222.3, 232.1);GATE
Port:(235.4, 226.2)(277.7, 226.2)(277.7, 232.1)(235.4, 232.1);SD
Port:(222.3, 10.0)(273.6, 10.0)(273.6, 10.0)(290.8, 10.0)(290.8, 224.1)(222.3, 224.1);GATE
Port:(228.2, 14.9)(267.7, 14.9)(267.7, 20.0)(228.2, 20.0);SD
Module:M7
Boundary:(845.2, 20.0)(911.4, 20.0)(911.4, 20.3)(926.1, 20.3)(926.1, 203.5)(845.2, 203.5);GATE
Port:(860.6, 199.3)(910.7, 199.3)(910.7, 203.5)(860.6, 203.5);SD
Port:(845.2, 20.0)(911.4, 20.0)(911.4, 20.3)(926.1, 20.3)(926.1, 196.7)(845.2, 196.7);GATE
Port:(852.2, 26.0)(904.4, 26.0)(904.4, 33.3)(852.2, 33.3);SD
Module:M3
Boundary:(310.8, 10.0)(371.8, 10.0)(371.8, 77.5)(310.8, 77.5);GATE
Port:(322.6, 73.3)(360.0, 73.3)(360.0, 77.5)(322.6, 77.5);SD
Port:(310.8, 10.0)(371.8, 10.0)(371.8, 71.4)(310.8, 71.4);GATE
Port:(316.6, 14.8)(366.0, 14.8)(366.0, 20.3)(316.6, 20.3);SD
Module:M15
Boundary:(756.4, 10.0)(800.1, 10.0)(800.1, 10.2)(815.2, 10.2)(815.2, 145.9)(756.4, 145.9);GATE
Port:(767.7, 140.1)(803.9, 140.1)(803.9, 145.9)(767.7, 145.9);SD
Port:(756.4, 10.0)(800.1, 10.0)(800.1, 10.2)(815.2, 10.2)(815.2, 137.2)(756.4, 137.2);GATE
Port:(761.5, 14.1)(795.0, 14.1)(795.0, 18.3)(761.5, 18.3);SD
Module:M12
Boundary:(391.8, 10.0)(482.0, 10.0)(482.0, 167.9)(391.8, 167.9);GATE
Port:(405.7, 163.7)(468.1, 163.7)(468.1, 167.9)(405.7, 167.9);SD
Port:(391.8, 10.0)(482.0, 10.0)(482.0, 161.3)(391.8, 161.3);GATE
Port:(397.3, 14.5)(476.5, 14.5)(476.5, 20.9)(397.3, 20.9);SD
Module:M8
Boundary:(794.8, 273.2)(794.8, 320.5)(794.6, 320.5)(794.6, 335.6)(659.1, 335.6)(659.1, 273.2);GATE
Port:(659.1, 285.7)(664.4, 285.7)(664.4, 323.1)(659.1, 323.1);SD
Port:(794.8, 273.2)(794.8, 320.5)(794.6, 320.5)(794.6, 335.6)(665.6, 335.6)(665.6, 273.2);GATE
Port:(784.6, 279.5)(789.5, 279.5)(789.5, 314.2)(784.6, 314.2);SD
Module:M4
Boundary:(280.0, 267.9)(280.0, 336.3)(107.8, 336.3)(107.8, 267.9);GATE
Port:(107.8, 282.6)(113.8, 282.6)(113.8, 321.6)(107.8, 321.6);SD
Port:(280.0, 267.9)(280.0, 336.3)(115.5, 336.3)(115.5, 267.9);GATE
Port:(268.6, 273.9)(275.0, 273.9)(275.0, 330.3)(268.6, 330.3);SD
