Area:(-20.0, -30.0)(651.3, -30.0)(651.3, 581.6)(-20.0, 581.6)
Rule:GATE(5,5);SD(5,5);GATE_SD(0.5);GATE_ITO(0.5);SD_ITO(0.5)
Module:M14
Boundary:(217.2, 452.4)(217.2, 507.3)(217.1, 507.3)(217.1, 524.4)(30.0, 524.4)(30.0, 452.4);GATE
Port:(30.0, 467.7)(35.0, 467.7)(35.0, 509.1)(30.0, 509.1);SD
Port:(217.2, 452.4)(217.2, 507.3)(217.1, 507.3)(217.1, 524.4)(36.1, 524.4)(36.1, 452.4);GATE
Port:(204.4, 459.3)(211.3, 459.3)(211.3, 500.4)(204.4, 500.4);SD
Module:M9
Boundary:(377.4, 10.0)(437.3, 10.0)(437.3, 206.9)(377.4, 206.9);GATE
Port:(389.2, 201.3)(425.5, 201.3)(425.5, 206.9)(389.2, 206.9);SD
Port:(377.4, 10.0)(437.3, 10.0)(437.3, 199.0)(377.4, 199.0);GATE
Port:(382.6, 14.2)(432.1, 14.2)(432.1, 20.2)(382.6, 20.2);SD
Module:M5
Boundary:(281.2, 20.0)(281.2, 85.8)(281.0, 85.8)(281.0, 101.3)(115.0, 101.3)(115.0, 20.0);GATE
Port:(115.0, 33.6)(119.3, 33.6)(119.3, 87.7)(115.0, 87.7);SD
Port:(281.2, 20.0)(281.2, 85.8)(281.0, 85.8)(281.0, 101.3)(120.4, 101.3)(120.4, 20.0);GATE
Port:(269.1, 26.7)(275.5, 26.7)(275.5, 79.1)(269.1, 79.1);SD
Module:M11
Boundary:(372.8, 444.9)(372.8, 526.4)(372.4, 526.4)(372.4, 541.6)(257.2, 541.6)(257.2, 444.9);GATE
Port:(257.2, 459.8)(262.1, 459.8)(262.1, 526.7)(257.2, 526.7);SD
Port:(372.8, 444.9)(372.8, 526.4)(372.4, 526.4)(372.4, 541.6)(263.9, 541.6)(263.9, 444.9);GATE
Port:(360.4, 451.5)(367.2, 451.5)(367.2, 519.8)(360.4, 519.8);SD
Module:M1
Boundary:(594.2, 144.4)(594.2, 177.9)(594.2, 177.9)(594.2, 193.8)(477.3, 193.8)(477.3, 144.4);GATE
Port:(477.3, 157.7)(482.4, 157.7)(482.4, 180.5)(477.3, 180.5);SD
Port:(594.2, 144.4)(594.2, 177.9)(594.2, 177.9)(594.2, 193.8)(484.0, 193.8)(484.0, 144.4);GATE
Port:(583.9, 150.2)(589.4, 150.2)(589.4, 172.1)(583.9, 172.1);SD
Module:M6
Boundary:(519.3, 233.8)(593.4, 233.8)(593.4, 233.9)(611.3, 233.9)(611.3, 357.0)(519.3, 357.0);GATE
Port:(534.9, 352.9)(595.7, 352.9)(595.7, 357.0)(534.9, 357.0);SD
Port:(519.3, 233.8)(593.4, 233.8)(593.4, 233.9)(611.3, 233.9)(611.3, 351.6)(519.3, 351.6);GATE
Port:(526.2, 239.7)(586.5, 239.7)(586.5, 246.1)(526.2, 246.1);SD
Module:M2
Boundary:(20.0, 20.0)(75.0, 20.0)(75.0, 179.7)(20.0, 179.7);GATE
Port:(34.7, 174.7)(60.3, 174.7)(60.3, 179.7)(34.7, 179.7);SD
Port:(20.0, 20.0)(75.0, 20.0)(75.0, 172.7)(20.0, 172.7);GATE
Port:(26.0, 25.0)(69.0, 25.0)(69.0, 31.4)(26.0, 31.4);SD
Module:M16
Boundary:(311.2, 10.0)(357.4, 10.0)(357.4, 208.3)(311.2, 208.3);GATE
Port:(323.3, 202.4)(345.3, 202.4)(345.3, 208.3)(323.3, 208.3);SD
Port:(311.2, 10.0)(357.4, 10.0)(357.4, 200.2)(311.2, 200.2);GATE
Port:(316.9, 14.7)(351.7, 14.7)(351.7, 20.3)(316.9, 20.3);SD
Module:M13
Boundary:(283.4, 228.3)(345.7, 228.3)(345.7, 424.9)(283.4, 424.9);GATE
Port:(295.4, 420.6)(333.7, 420.6)(333.7, 424.9)(295.4, 424.9);SD
Port:(283.4, 228.3)(345.7, 228.3)(345.7, 419.4)(283.4, 419.4);GATE
Port:(288.6, 232.5)(340.5, 232.5)(340.5, 237.9)(288.6, 237.9);SD
Module:M10
Boundary:(593.6, 435.0)(593.6, 522.9)(593.4, 522.9)(593.4, 540.7)(392.8, 540.7)(392.8, 435.0);GATE
Port:(392.8, 448.3)(397.6, 448.3)(397.6, 527.4)(392.8, 527.4);SD
Port:(593.6, 435.0)(593.6, 522.9)(593.4, 522.9)(593.4, 540.7)(400.5, 540.7)(400.5, 435.0);GATE
Port:(583.6, 440.2)(589.4, 440.2)(589.4, 517.7)(583.6, 517.7);SD
Module:M7
Boundary:(20.0, 219.7)(102.8, 219.7)(102.8, 402.4)(20.0, 402.4);GATE
Port:(32.8, 398.0)(90.0, 398.0)(90.0, 402.4)(32.8, 402.4);SD
Port:(20.0, 219.7)(102.8, 219.7)(102.8, 395.7)(20.0, 395.7);GATE
Port:(25.4, 224.1)(97.4, 224.1)(97.4, 230.1)(25.4, 230.1);SD
Module:M3
Boundary:(255.1, 362.3)(255.1, 396.2)(255.0, 396.2)(255.0, 411.3)(132.8, 411.3)(132.8, 362.3);GATE
Port:(132.8, 375.3)(138.2, 375.3)(138.2, 398.3)(132.8, 398.3);SD
Port:(255.1, 362.3)(255.1, 396.2)(255.0, 396.2)(255.0, 411.3)(140.8, 411.3)(140.8, 362.3);GATE
Port:(243.7, 368.8)(249.6, 368.8)(249.6, 389.7)(243.7, 389.7);SD
Module:M15
Boundary:(607.9, 10.0)(607.9, 102.1)(533.9, 102.1)(533.9, 10.0);GATE
Port:(533.9, 24.8)(538.4, 24.8)(538.4, 87.3)(533.9, 87.3);SD
Port:(607.9, 10.0)(607.9, 102.1)(541.1, 102.1)(541.1, 10.0);GATE
Port:(596.4, 16.3)(602.6, 16.3)(602.6, 95.8)(596.4, 95.8);SD
Module:M12
Boundary:(457.3, 10.0)(500.7, 10.0)(500.7, 10.0)(513.9, 10.0)(513.9, 104.4)(457.3, 104.4);GATE
Port:(469.0, 98.4)(502.2, 98.4)(502.2, 104.4)(469.0, 104.4);SD
Port:(457.3, 10.0)(500.7, 10.0)(500.7, 10.0)(513.9, 10.0)(513.9, 96.7)(457.3, 96.7);GATE
Port:(462.9, 14.6)(495.1, 14.6)(495.1, 20.2)(462.9, 20.2);SD
Module:M8
Boundary:(142.8, 141.3)(234.5, 141.3)(234.5, 141.4)(253.4, 141.4)(253.4, 332.3)(142.8, 332.3);GATE
Port:(156.7, 326.9)(239.5, 326.9)(239.5, 332.3)(156.7, 332.3);SD
Port:(142.8, 141.3)(234.5, 141.3)(234.5, 141.4)(253.4, 141.4)(253.4, 325.7)(142.8, 325.7);GATE
Port:(148.0, 145.5)(229.3, 145.5)(229.3, 151.8)(148.0, 151.8);SD
Module:M4
Boundary:(387.4, 243.8)(472.6, 243.8)(472.6, 244.1)(489.3, 244.1)(489.3, 405.0)(387.4, 405.0);GATE
Port:(401.8, 400.4)(474.9, 400.4)(474.9, 405.0)(401.8, 405.0);SD
Port:(387.4, 243.8)(472.6, 243.8)(472.6, 244.1)(489.3, 244.1)(489.3, 399.1)(387.4, 399.1);GATE
Port:(392.8, 248.2)(467.2, 248.2)(467.2, 255.5)(392.8, 255.5);SD
