Area:(-20.0, -30.0)(710.8, -30.0)(710.8, 520.8)(-20.0, 520.8)
Rule:GATE(5,5);SD(5,5);GATE_SD(0.5);GATE_ITO(0.5);SD_ITO(0.5)
Module:M14
Boundary:(193.5, 173.2)(193.5, 262.3)(30.0, 262.3)(30.0, 173.2);GATE
Port:(30.0, 187.4)(34.1, 187.4)(34.1, 248.1)(30.0, 248.1);SD
Port:(193.5, 173.2)(193.5, 262.3)(36.8, 262.3)(36.8, 173.2);GATE
Port:(182.6, 178.4)(189.3, 178.4)(189.3, 257.1)(182.6, 257.1);SD
Module:M9
Boundary:(569.4, 295.3)(569.4, 341.3)(435.2, 341.3)(435.2, 295.3);GATE
Port:(435.2, 307.9)(440.7, 307.9)(440.7, 328.7)(435.2, 328.7);SD
Port:(569.4, 295.3)(569.4, 341.3)(442.8, 341.3)(442.8, 295.3);GATE
Port:(559.2, 302.2)(563.5, 302.2)(563.5, 334.4)(559.2, 334.4);SD
Module:M5
Boundary:(445.2, 20.0)(480.3, 20.0)(480.3, 20.1)(496.9, 20.1)(496.9, 103.2)(445.2, 103.2);GATE
Port:(459.1, 97.9)(483.0, 97.9)(483.0, 103.2)(459.1, 103.2);SD
Port:(445.2, 20.0)(480.3, 20.0)(480.3, 20.1)(496.9, 20.1)(496.9, 95.6)(445.2, 95.6);GATE
Port:(451.6, 25.4)(473.9, 25.4)(473.9, 30.8)(451.6, 30.8);SD
Module:M11
Boundary:(668.3, 110.9)(668.3, 231.6)(540.1, 231.6)(540.1, 110.9);GATE
Port:(540.1, 124.1)(544.9, 124.1)(544.9, 218.4)(540.1, 218.4);SD
Port:(668.3, 110.9)(668.3, 231.6)(546.4, 231.6)(546.4, 110.9);GATE
Port:(658.0, 117.0)(663.2, 117.0)(663.2, 225.5)(658.0, 225.5);SD
Module:M1
Boundary:(393.7, 416.4)(393.7, 467.3)(172.2, 467.3)(172.2, 416.4);GATE
Port:(172.2, 430.3)(178.0, 430.3)(178.0, 453.4)(172.2, 453.4);SD
Port:(393.7, 416.4)(393.7, 467.3)(180.8, 467.3)(180.8, 416.4);GATE
Port:(381.6, 423.1)(388.0, 423.1)(388.0, 460.6)(381.6, 460.6);SD
Module:M6
Boundary:(579.2, 361.3)(579.2, 410.5)(435.2, 410.5)(435.2, 361.3);GATE
Port:(435.2, 373.9)(439.6, 373.9)(439.6, 397.9)(435.2, 397.9);SD
Port:(579.2, 361.3)(579.2, 410.5)(441.0, 410.5)(441.0, 361.3);GATE
Port:(568.5, 366.5)(575.0, 366.5)(575.0, 405.3)(568.5, 405.3);SD
Module:M2
Boundary:(20.0, 312.3)(122.2, 312.3)(122.2, 470.9)(20.0, 470.9);GATE
Port:(34.4, 466.2)(107.8, 466.2)(107.8, 470.9)(34.4, 470.9);SD
Port:(20.0, 312.3)(122.2, 312.3)(122.2, 463.6)(20.0, 463.6);GATE
Port:(26.3, 317.6)(115.9, 317.6)(115.9, 323.8)(26.3, 323.8);SD
Module:M16
Boundary:(233.5, 262.3)(294.2, 262.3)(294.2, 262.7)(309.1, 262.7)(309.1, 376.4)(233.5, 376.4);GATE
Port:(245.5, 372.3)(297.1, 372.3)(297.1, 376.4)(245.5, 376.4);SD
Port:(233.5, 262.3)(294.2, 262.3)(294.2, 262.7)(309.1, 262.7)(309.1, 371.2)(233.5, 371.2);GATE
Port:(239.6, 267.4)(288.1, 267.4)(288.1, 271.9)(239.6, 271.9);SD
Module:M13
Boundary:(415.2, 151.2)(415.2, 224.1)(415.1, 224.1)(415.1, 242.3)(233.5, 242.3)(233.5, 151.2);GATE
Port:(233.5, 165.7)(239.3, 165.7)(239.3, 227.8)(233.5, 227.8);SD
Port:(415.2, 151.2)(415.2, 224.1)(415.1, 224.1)(415.1, 242.3)(240.7, 242.3)(240.7, 151.2);GATE
Port:(403.6, 156.3)(411.1, 156.3)(411.1, 219.0)(403.6, 219.0);SD
Module:M10
Boundary:(599.2, 251.6)(656.6, 251.6)(656.6, 251.7)(670.8, 251.7)(670.8, 409.4)(599.2, 409.4);GATE
Port:(610.5, 404.9)(659.5, 404.9)(659.5, 409.4)(610.5, 409.4);SD
Port:(599.2, 251.6)(656.6, 251.6)(656.6, 251.7)(670.8, 251.7)(670.8, 403.8)(599.2, 403.8);GATE
Port:(604.7, 256.1)(651.1, 256.1)(651.1, 260.9)(604.7, 260.9);SD
Module:M7
Boundary:(397.3, 20.0)(397.3, 121.2)(173.5, 121.2)(173.5, 20.0);GATE
Port:(173.5, 33.9)(179.5, 33.9)(179.5, 107.3)(173.5, 107.3);SD
Port:(397.3, 20.0)(397.3, 121.2)(181.2, 121.2)(181.2, 20.0);GATE
Port:(386.3, 26.2)(392.1, 26.2)(392.1, 115.0)(386.3, 115.0);SD
Module:M3
Boundary:(634.1, 430.5)(634.1, 465.2)(634.0, 465.2)(634.0, 480.8)(433.7, 480.8)(433.7, 430.5);GATE
Port:(433.7, 444.2)(438.7, 444.2)(438.7, 467.1)(433.7, 467.1);SD
Port:(634.1, 430.5)(634.1, 465.2)(634.0, 465.2)(634.0, 480.8)(441.3, 480.8)(441.3, 430.5);GATE
Port:(622.3, 436.5)(629.1, 436.5)(629.1, 459.2)(622.3, 459.2);SD
Module:M15
Boundary:(435.2, 133.2)(520.1, 133.2)(520.1, 275.3)(435.2, 275.3);GATE
Port:(449.6, 270.7)(505.7, 270.7)(505.7, 275.3)(449.6, 275.3);SD
Port:(435.2, 133.2)(520.1, 133.2)(520.1, 268.9)(435.2, 268.9);GATE
Port:(440.8, 137.8)(514.5, 137.8)(514.5, 144.8)(440.8, 144.8);SD
Module:M12
Boundary:(645.1, 10.0)(645.1, 74.4)(644.8, 74.4)(644.8, 90.9)(526.9, 90.9)(526.9, 10.0);GATE
Port:(526.9, 21.9)(531.5, 21.9)(531.5, 79.0)(526.9, 79.0);SD
Port:(645.1, 10.0)(645.1, 74.4)(644.8, 74.4)(644.8, 90.9)(532.6, 90.9)(532.6, 10.0);GATE
Port:(636.1, 15.6)(640.5, 15.6)(640.5, 68.8)(636.1, 68.8);SD
Module:M8
Boundary:(339.1, 272.3)(392.6, 272.3)(392.6, 366.3)(339.1, 366.3);GATE
Port:(350.3, 360.9)(381.4, 360.9)(381.4, 366.3)(350.3, 366.3);SD
Port:(339.1, 272.3)(392.6, 272.3)(392.6, 358.1)(339.1, 358.1);GATE
Port:(344.1, 276.3)(387.6, 276.3)(387.6, 281.9)(344.1, 281.9);SD
Module:M4
Boundary:(133.5, 20.0)(133.5, 108.9)(133.3, 108.9)(133.3, 123.2)(20.0, 123.2)(20.0, 20.0);GATE
Port:(20.0, 32.8)(25.3, 32.8)(25.3, 110.4)(20.0, 110.4);SD
Port:(133.5, 20.0)(133.5, 108.9)(133.3, 108.9)(133.3, 123.2)(28.2, 123.2)(28.2, 20.0);GATE
Port:(122.8, 25.8)(128.7, 25.8)(128.7, 103.1)(122.8, 103.1);SD
