Area:(-30.0, -30.0)(410.3, -30.0)(410.3, 978.2)(-30.0, 978.2)
Rule:GATE(5,5);SD(5,5);GATE_SD(0.5);GATE_ITO(0.5);SD_ITO(0.5)
Module:M14
Boundary:(30.0, 30.0)(129.6, 30.0)(129.6, 30.1)(145.5, 30.1)(145.5, 224.9)(30.0, 224.9);GATE
Port:(44.2, 218.9)(131.3, 218.9)(131.3, 224.9)(44.2, 224.9);SD
Port:(30.0, 30.0)(129.6, 30.0)(129.6, 30.1)(145.5, 30.1)(145.5, 217.3)(30.0, 217.3);GATE
Port:(36.3, 35.3)(123.3, 35.3)(123.3, 42.4)(36.3, 42.4);SD
Module:M9
Boundary:(279.9, 545.3)(351.7, 545.3)(351.7, 545.5)(370.1, 545.5)(370.1, 668.8)(279.9, 668.8);GATE
Port:(294.1, 663.9)(355.9, 663.9)(355.9, 668.8)(294.1, 668.8);SD
Port:(279.9, 545.3)(351.7, 545.3)(351.7, 545.5)(370.1, 545.5)(370.1, 661.2)(279.9, 661.2);GATE
Port:(285.3, 549.7)(346.3, 549.7)(346.3, 556.1)(285.3, 556.1);SD
Module:M5
Boundary:(20.0, 846.1)(144.9, 846.1)(144.9, 925.3)(20.0, 925.3);GATE
Port:(33.8, 920.1)(131.1, 920.1)(131.1, 925.3)(33.8, 925.3);SD
Port:(20.0, 846.1)(144.9, 846.1)(144.9, 917.6)(20.0, 917.6);GATE
Port:(26.1, 851.2)(138.8, 851.2)(138.8, 856.6)(26.1, 856.6);SD
Module:M11
Boundary:(10.0, 392.0)(110.4, 392.0)(110.4, 512.9)(10.0, 512.9);GATE
Port:(24.0, 508.8)(96.4, 508.8)(96.4, 512.9)(24.0, 512.9);SD
Port:(10.0, 392.0)(110.4, 392.0)(110.4, 507.0)(10.0, 507.0);GATE
Port:(16.6, 397.6)(103.8, 397.6)(103.8, 403.4)(16.6, 403.4);SD
Module:M1
Boundary:(170.9, 728.3)(170.9, 779.9)(170.8, 779.9)(170.8, 796.1)(30.0, 796.1)(30.0, 728.3);GATE
Port:(30.0, 742.3)(35.7, 742.3)(35.7, 782.1)(30.0, 782.1);SD
Port:(170.9, 728.3)(170.9, 779.9)(170.8, 779.9)(170.8, 796.1)(36.8, 796.1)(36.8, 728.3);GATE
Port:(158.9, 733.6)(166.6, 733.6)(166.6, 774.6)(158.9, 774.6);SD
Module:M6
Boundary:(349.2, 348.3)(349.2, 392.8)(349.0, 392.8)(349.0, 406.0)(148.1, 406.0)(148.1, 348.3);GATE
Port:(148.1, 360.9)(152.7, 360.9)(152.7, 393.4)(148.1, 393.4);SD
Port:(349.2, 348.3)(349.2, 392.8)(349.0, 392.8)(349.0, 406.0)(154.3, 406.0)(154.3, 348.3);GATE
Port:(338.5, 354.8)(343.7, 354.8)(343.7, 386.3)(338.5, 386.3);SD
Module:M2
Boundary:(249.9, 555.3)(249.9, 658.2)(249.7, 658.2)(249.7, 675.4)(133.1, 675.4)(133.1, 555.3);GATE
Port:(133.1, 568.7)(138.4, 568.7)(138.4, 662.0)(133.1, 662.0);SD
Port:(249.9, 555.3)(249.9, 658.2)(249.7, 658.2)(249.7, 675.4)(141.2, 675.4)(141.2, 555.3);GATE
Port:(239.0, 560.5)(245.7, 560.5)(245.7, 653.0)(239.0, 653.0);SD
Module:M16
Boundary:(210.9, 705.4)(256.0, 705.4)(256.0, 705.6)(269.5, 705.6)(269.5, 827.7)(210.9, 827.7);GATE
Port:(223.7, 823.1)(256.7, 823.1)(256.7, 827.7)(223.7, 827.7);SD
Port:(210.9, 705.4)(256.0, 705.4)(256.0, 705.6)(269.5, 705.6)(269.5, 821.7)(210.9, 821.7);GATE
Port:(216.8, 710.3)(250.1, 710.3)(250.1, 716.3)(216.8, 716.3);SD
Module:M13
Boundary:(282.5, 10.0)(366.9, 10.0)(366.9, 173.1)(282.5, 173.1);GATE
Port:(296.5, 169.0)(352.9, 169.0)(352.9, 173.1)(296.5, 173.1);SD
Port:(282.5, 10.0)(366.9, 10.0)(366.9, 167.5)(282.5, 167.5);GATE
Port:(288.7, 15.2)(360.7, 15.2)(360.7, 21.0)(288.7, 21.0);SD
Module:M10
Boundary:(10.0, 532.9)(103.1, 532.9)(103.1, 688.3)(10.0, 688.3);GATE
Port:(23.1, 683.1)(90.0, 683.1)(90.0, 688.3)(23.1, 688.3);SD
Port:(10.0, 532.9)(103.1, 532.9)(103.1, 681.3)(10.0, 681.3);GATE
Port:(15.5, 537.4)(97.6, 537.4)(97.6, 543.6)(15.5, 543.6);SD
Module:M7
Boundary:(20.0, 274.9)(118.1, 274.9)(118.1, 362.0)(20.0, 362.0);GATE
Port:(33.3, 356.9)(104.8, 356.9)(104.8, 362.0)(33.3, 362.0);SD
Port:(20.0, 274.9)(118.1, 274.9)(118.1, 355.4)(20.0, 355.4);GATE
Port:(25.3, 279.2)(112.8, 279.2)(112.8, 285.5)(25.3, 285.5);SD
Module:M3
Boundary:(289.5, 688.8)(354.5, 688.8)(354.5, 689.0)(370.3, 689.0)(370.3, 828.9)(289.5, 828.9);GATE
Port:(302.9, 824.5)(356.9, 824.5)(356.9, 828.9)(302.9, 828.9);SD
Port:(289.5, 688.8)(354.5, 688.8)(354.5, 689.0)(370.3, 689.0)(370.3, 822.1)(289.5, 822.1);GATE
Port:(295.3, 693.6)(348.7, 693.6)(348.7, 699.3)(295.3, 699.3);SD
Module:M15
Boundary:(363.9, 848.9)(363.9, 921.1)(363.6, 921.1)(363.6, 938.2)(174.9, 938.2)(174.9, 848.9);GATE
Port:(174.9, 864.0)(179.7, 864.0)(179.7, 923.1)(174.9, 923.1);SD
Port:(363.9, 848.9)(363.9, 921.1)(363.6, 921.1)(363.6, 938.2)(181.4, 938.2)(181.4, 848.9);GATE
Port:(351.4, 855.9)(357.9, 855.9)(357.9, 914.1)(351.4, 914.1);SD
Module:M12
Boundary:(185.5, 10.0)(243.8, 10.0)(243.8, 10.2)(262.5, 10.2)(262.5, 182.3)(185.5, 182.3);GATE
Port:(201.6, 177.7)(246.4, 177.7)(246.4, 182.3)(201.6, 182.3);SD
Port:(185.5, 10.0)(243.8, 10.0)(243.8, 10.2)(262.5, 10.2)(262.5, 175.9)(185.5, 175.9);GATE
Port:(192.0, 15.5)(237.3, 15.5)(237.3, 22.7)(192.0, 22.7);SD
Module:M8
Boundary:(195.5, 212.3)(313.0, 212.3)(313.0, 318.3)(195.5, 318.3);GATE
Port:(209.1, 312.8)(299.4, 312.8)(299.4, 318.3)(209.1, 318.3);SD
Port:(195.5, 212.3)(313.0, 212.3)(313.0, 310.2)(195.5, 310.2);GATE
Port:(201.4, 217.2)(307.1, 217.2)(307.1, 223.1)(201.4, 223.1);SD
Module:M4
Boundary:(345.3, 436.0)(345.3, 515.3)(140.4, 515.3)(140.4, 436.0);GATE
Port:(140.4, 448.7)(145.3, 448.7)(145.3, 502.6)(140.4, 502.6);SD
Port:(345.3, 436.0)(345.3, 515.3)(148.1, 515.3)(148.1, 436.0);GATE
Port:(334.7, 441.8)(340.5, 441.8)(340.5, 509.5)(334.7, 509.5);SD
