Area:(-30.0, -30.0)(536.6, -30.0)(536.6, 739.9)(-30.0, 739.9)
Rule:GATE(5,5);SD(5,5);GATE_SD(0.5);GATE_ITO(0.5);SD_ITO(0.5)
Module:M14
Boundary:(343.5, 589.3)(343.5, 691.1)(158.0, 691.1)(158.0, 589.3);GATE
Port:(158.0, 601.5)(163.5, 601.5)(163.5, 678.9)(158.0, 678.9);SD
Port:(343.5, 589.3)(343.5, 691.1)(165.3, 691.1)(165.3, 589.3);GATE
Port:(334.6, 594.7)(339.1, 594.7)(339.1, 685.7)(334.6, 685.7);SD
Module:M9
Boundary:(383.5, 452.6)(496.6, 452.6)(496.6, 566.9)(383.5, 566.9);GATE
Port:(398.7, 561.0)(481.4, 561.0)(481.4, 566.9)(398.7, 566.9);SD
Port:(383.5, 452.6)(496.6, 452.6)(496.6, 558.2)(383.5, 558.2);GATE
Port:(390.1, 458.2)(490.0, 458.2)(490.0, 464.3)(390.1, 464.3);SD
Module:M5
Boundary:(481.8, 357.3)(481.8, 422.6)(385.6, 422.6)(385.6, 357.3);GATE
Port:(385.6, 371.4)(390.8, 371.4)(390.8, 408.5)(385.6, 408.5);SD
Port:(481.8, 357.3)(481.8, 422.6)(393.6, 422.6)(393.6, 357.3);GATE
Port:(470.4, 363.8)(476.3, 363.8)(476.3, 416.1)(470.4, 416.1);SD
Module:M11
Boundary:(375.6, 135.9)(479.5, 135.9)(479.5, 136.4)(496.6, 136.4)(496.6, 327.3)(375.6, 327.3);GATE
Port:(390.0, 321.7)(482.2, 321.7)(482.2, 327.3)(390.0, 327.3);SD
Port:(375.6, 135.9)(479.5, 135.9)(479.5, 136.4)(496.6, 136.4)(496.6, 320.0)(375.6, 320.0);GATE
Port:(382.6, 141.9)(472.5, 141.9)(472.5, 147.1)(382.6, 147.1);SD
Module:M1
Boundary:(229.1, 223.6)(335.6, 223.6)(335.6, 425.2)(229.1, 425.2);GATE
Port:(242.9, 419.5)(321.8, 419.5)(321.8, 425.2)(242.9, 425.2);SD
Port:(229.1, 223.6)(335.6, 223.6)(335.6, 417.5)(229.1, 417.5);GATE
Port:(234.5, 228.0)(330.2, 228.0)(330.2, 234.1)(234.5, 234.1);SD
Module:M6
Boundary:(179.6, 212.2)(179.6, 276.9)(10.0, 276.9)(10.0, 212.2);GATE
Port:(10.0, 225.8)(15.8, 225.8)(15.8, 263.3)(10.0, 263.3);SD
Port:(179.6, 212.2)(179.6, 276.9)(17.8, 276.9)(17.8, 212.2);GATE
Port:(168.1, 218.2)(174.6, 218.2)(174.6, 270.9)(168.1, 270.9);SD
Module:M2
Boundary:(482.0, 20.0)(482.0, 102.1)(387.9, 102.1)(387.9, 20.0);GATE
Port:(387.9, 34.2)(392.5, 34.2)(392.5, 87.9)(387.9, 87.9);SD
Port:(482.0, 20.0)(482.0, 102.1)(395.3, 102.1)(395.3, 20.0);GATE
Port:(470.8, 26.8)(476.2, 26.8)(476.2, 95.3)(470.8, 95.3);SD
Module:M16
Boundary:(184.5, 451.1)(184.5, 549.3)(10.0, 549.3)(10.0, 451.1);GATE
Port:(10.0, 464.1)(15.5, 464.1)(15.5, 536.3)(10.0, 536.3);SD
Port:(184.5, 451.1)(184.5, 549.3)(17.1, 549.3)(17.1, 451.1);GATE
Port:(173.9, 456.6)(180.0, 456.6)(180.0, 543.8)(173.9, 543.8);SD
Module:M13
Boundary:(161.9, 113.7)(161.9, 192.2)(10.0, 192.2)(10.0, 113.7);GATE
Port:(10.0, 126.4)(15.4, 126.4)(15.4, 179.5)(10.0, 179.5);SD
Port:(161.9, 113.7)(161.9, 192.2)(16.4, 192.2)(16.4, 113.7);GATE
Port:(151.6, 119.0)(157.6, 119.0)(157.6, 186.9)(151.6, 186.9);SD
Module:M10
Boundary:(349.1, 465.2)(349.1, 514.7)(348.9, 514.7)(348.9, 529.6)(209.1, 529.6)(209.1, 465.2);GATE
Port:(209.1, 478.7)(213.6, 478.7)(213.6, 516.1)(209.1, 516.1);SD
Port:(349.1, 465.2)(349.1, 514.7)(348.9, 514.7)(348.9, 529.6)(216.4, 529.6)(216.4, 465.2);GATE
Port:(337.1, 471.2)(344.1, 471.2)(344.1, 508.7)(337.1, 508.7);SD
Module:M7
Boundary:(179.1, 306.9)(179.1, 421.1)(20.0, 421.1)(20.0, 306.9);GATE
Port:(20.0, 321.7)(25.7, 321.7)(25.7, 406.3)(20.0, 406.3);SD
Port:(179.1, 306.9)(179.1, 421.1)(27.0, 421.1)(27.0, 306.9);GATE
Port:(167.0, 313.2)(173.8, 313.2)(173.8, 414.8)(167.0, 414.8);SD
Module:M3
Boundary:(10.0, 569.3)(118.0, 569.3)(118.0, 691.0)(10.0, 691.0);GATE
Port:(23.6, 686.2)(104.4, 686.2)(104.4, 691.0)(23.6, 691.0);SD
Port:(10.0, 569.3)(118.0, 569.3)(118.0, 683.4)(10.0, 683.4);GATE
Port:(15.3, 573.6)(112.7, 573.6)(112.7, 580.2)(15.3, 580.2);SD
Module:M15
Boundary:(342.9, 135.9)(342.9, 183.6)(209.1, 183.6)(209.1, 135.9);GATE
Port:(209.1, 148.5)(214.9, 148.5)(214.9, 171.0)(209.1, 171.0);SD
Port:(342.9, 135.9)(342.9, 183.6)(216.7, 183.6)(216.7, 135.9);GATE
Port:(332.9, 141.2)(338.6, 141.2)(338.6, 178.3)(332.9, 178.3);SD
Module:M12
Boundary:(220.8, 10.0)(220.8, 93.7)(10.0, 93.7)(10.0, 10.0);GATE
Port:(10.0, 24.3)(15.7, 24.3)(15.7, 79.4)(10.0, 79.4);SD
Port:(220.8, 10.0)(220.8, 93.7)(18.0, 93.7)(18.0, 10.0);GATE
Port:(208.9, 16.9)(214.9, 16.9)(214.9, 86.8)(208.9, 86.8);SD
Module:M8
Boundary:(347.9, 20.0)(347.9, 88.7)(347.7, 88.7)(347.7, 105.9)(250.8, 105.9)(250.8, 20.0);GATE
Port:(250.8, 33.3)(256.6, 33.3)(256.6, 92.6)(250.8, 92.6);SD
Port:(347.9, 20.0)(347.9, 88.7)(347.7, 88.7)(347.7, 105.9)(259.3, 105.9)(259.3, 20.0);GATE
Port:(337.3, 25.6)(343.3, 25.6)(343.3, 83.1)(337.3, 83.1);SD
Module:M4
Boundary:(393.5, 596.9)(469.5, 596.9)(469.5, 699.9)(393.5, 699.9);GATE
Port:(406.1, 695.2)(456.9, 695.2)(456.9, 699.9)(406.1, 699.9);SD
Port:(393.5, 596.9)(469.5, 596.9)(469.5, 693.1)(393.5, 693.1);GATE
Port:(398.7, 601.1)(464.3, 601.1)(464.3, 607.7)(398.7, 607.7);SD
