Area:(-30.0, -30.0)(675.2, -30.0)(675.2, 625.6)(-30.0, 625.6)
Rule:GATE(5,5);SD(5,5);GATE_SD(0.5);GATE_ITO(0.5);SD_ITO(0.5)
Module:M14
Boundary:(240.8, 491.0)(240.8, 559.5)(30.0, 559.5)(30.0, 491.0);GATE
Port:(30.0, 505.6)(34.5, 505.6)(34.5, 544.9)(30.0, 544.9);SD
Port:(240.8, 491.0)(240.8, 559.5)(37.2, 559.5)(37.2, 491.0);GATE
Port:(229.1, 496.3)(236.5, 496.3)(236.5, 554.2)(229.1, 554.2);SD
Module:M9
Boundary:(469.9, 414.8)(469.9, 491.6)(280.8, 491.6)(280.8, 414.8);GATE
Port:(280.8, 427.8)(286.0, 427.8)(286.0, 478.6)(280.8, 478.6);SD
Port:(469.9, 414.8)(469.9, 491.6)(288.1, 491.6)(288.1, 414.8);GATE
Port:(459.7, 420.5)(465.2, 420.5)(465.2, 485.9)(459.7, 485.9);SD
Module:M5
Boundary:(499.9, 269.4)(613.3, 269.4)(613.3, 447.2)(499.9, 447.2);GATE
Port:(512.1, 442.4)(601.1, 442.4)(601.1, 447.2)(512.1, 447.2);SD
Port:(499.9, 269.4)(613.3, 269.4)(613.3, 439.8)(499.9, 439.8);GATE
Port:(504.9, 273.4)(608.3, 273.4)(608.3, 279.0)(504.9, 279.0);SD
Module:M11
Boundary:(632.3, 477.2)(632.3, 569.6)(631.9, 569.6)(631.9, 584.5)(508.2, 584.5)(508.2, 477.2);GATE
Port:(508.2, 490.1)(513.9, 490.1)(513.9, 571.6)(508.2, 571.6);SD
Port:(632.3, 477.2)(632.3, 569.6)(631.9, 569.6)(631.9, 584.5)(515.8, 584.5)(515.8, 477.2);GATE
Port:(621.3, 483.6)(626.9, 483.6)(626.9, 563.2)(621.3, 563.2);SD
Module:M1
Boundary:(441.3, 323.5)(441.3, 357.6)(441.2, 357.6)(441.2, 374.8)(271.5, 374.8)(271.5, 323.5);GATE
Port:(271.5, 336.8)(276.1, 336.8)(276.1, 361.5)(271.5, 361.5);SD
Port:(441.3, 323.5)(441.3, 357.6)(441.2, 357.6)(441.2, 374.8)(278.1, 374.8)(278.1, 323.5);GATE
Port:(431.2, 330.0)(435.8, 330.0)(435.8, 351.1)(431.2, 351.1);SD
Module:M6
Boundary:(635.2, 142.6)(635.2, 239.4)(445.2, 239.4)(445.2, 142.6);GATE
Port:(445.2, 156.3)(450.7, 156.3)(450.7, 225.7)(445.2, 225.7);SD
Port:(635.2, 142.6)(635.2, 239.4)(452.0, 239.4)(452.0, 142.6);GATE
Port:(623.9, 148.8)(630.0, 148.8)(630.0, 233.2)(623.9, 233.2);SD
Module:M2
Boundary:(354.2, 20.0)(410.7, 20.0)(410.7, 171.3)(354.2, 171.3);GATE
Port:(365.4, 165.9)(399.5, 165.9)(399.5, 171.3)(365.4, 171.3);SD
Port:(354.2, 20.0)(410.7, 20.0)(410.7, 163.1)(354.2, 163.1);GATE
Port:(359.3, 24.1)(405.6, 24.1)(405.6, 29.2)(359.3, 29.2);SD
Module:M16
Boundary:(440.7, 10.0)(533.5, 10.0)(533.5, 99.3)(440.7, 99.3);GATE
Port:(454.2, 94.7)(520.0, 94.7)(520.0, 99.3)(454.2, 99.3);SD
Port:(440.7, 10.0)(533.5, 10.0)(533.5, 93.3)(440.7, 93.3);GATE
Port:(447.0, 15.3)(527.2, 15.3)(527.2, 22.0)(447.0, 22.0);SD
Module:M13
Boundary:(231.5, 374.1)(231.5, 436.1)(231.4, 436.1)(231.4, 451.0)(110.8, 451.0)(110.8, 374.1);GATE
Port:(110.8, 386.7)(116.6, 386.7)(116.6, 438.4)(110.8, 438.4);SD
Port:(231.5, 374.1)(231.5, 436.1)(231.4, 436.1)(231.4, 451.0)(118.2, 451.0)(118.2, 374.1);GATE
Port:(220.6, 379.6)(227.0, 379.6)(227.0, 430.6)(220.6, 430.6);SD
Module:M10
Boundary:(488.2, 511.6)(488.2, 585.6)(280.8, 585.6)(280.8, 511.6);GATE
Port:(280.8, 523.3)(286.5, 523.3)(286.5, 573.9)(280.8, 573.9);SD
Port:(488.2, 511.6)(488.2, 585.6)(289.4, 585.6)(289.4, 511.6);GATE
Port:(479.0, 517.0)(483.8, 517.0)(483.8, 580.2)(479.0, 580.2);SD
Module:M7
Boundary:(120.8, 155.9)(202.6, 155.9)(202.6, 156.2)(218.2, 156.2)(218.2, 344.1)(120.8, 344.1);GATE
Port:(135.2, 338.7)(203.8, 338.7)(203.8, 344.1)(135.2, 344.1);SD
Port:(120.8, 155.9)(202.6, 155.9)(202.6, 156.2)(218.2, 156.2)(218.2, 337.3)(120.8, 337.3);GATE
Port:(126.2, 160.3)(197.2, 160.3)(197.2, 168.0)(126.2, 168.0);SD
Module:M3
Boundary:(10.0, 233.8)(80.7, 233.8)(80.7, 434.6)(10.0, 434.6);GATE
Port:(23.6, 429.3)(67.1, 429.3)(67.1, 434.6)(23.6, 434.6);SD
Port:(10.0, 233.8)(80.7, 233.8)(80.7, 428.0)(10.0, 428.0);GATE
Port:(16.7, 239.5)(74.0, 239.5)(74.0, 244.0)(16.7, 244.0);SD
Module:M15
Boundary:(425.2, 201.3)(425.2, 267.7)(424.9, 267.7)(424.9, 283.5)(248.2, 283.5)(248.2, 201.3);GATE
Port:(248.2, 215.7)(253.0, 215.7)(253.0, 269.1)(248.2, 269.1);SD
Port:(425.2, 201.3)(425.2, 267.7)(424.9, 267.7)(424.9, 283.5)(254.2, 283.5)(254.2, 201.3);GATE
Port:(413.4, 208.1)(419.4, 208.1)(419.4, 260.9)(413.4, 260.9);SD
Module:M12
Boundary:(10.0, 10.0)(74.8, 10.0)(74.8, 10.0)(90.8, 10.0)(90.8, 213.8)(10.0, 213.8);GATE
Port:(22.9, 209.0)(77.9, 209.0)(77.9, 213.8)(22.9, 213.8);SD
Port:(10.0, 10.0)(74.8, 10.0)(74.8, 10.0)(90.8, 10.0)(90.8, 207.0)(10.0, 207.0);GATE
Port:(15.4, 14.4)(69.4, 14.4)(69.4, 20.7)(15.4, 20.7);SD
Module:M8
Boundary:(314.2, 20.0)(314.2, 115.9)(120.8, 115.9)(120.8, 20.0);GATE
Port:(120.8, 32.9)(126.4, 32.9)(126.4, 103.0)(120.8, 103.0);SD
Port:(314.2, 20.0)(314.2, 115.9)(129.1, 115.9)(129.1, 20.0);GATE
Port:(303.7, 26.5)(308.7, 26.5)(308.7, 109.4)(303.7, 109.4);SD
Module:M4
Boundary:(563.5, 20.0)(600.8, 20.0)(600.8, 20.1)(617.4, 20.1)(617.4, 112.6)(563.5, 112.6);GATE
Port:(578.7, 106.8)(602.2, 106.8)(602.2, 112.6)(578.7, 112.6);SD
Port:(563.5, 20.0)(600.8, 20.0)(600.8, 20.1)(617.4, 20.1)(617.4, 104.4)(563.5, 104.4);GATE
Port:(570.1, 25.6)(594.2, 25.6)(594.2, 32.4)(570.1, 32.4);SD
