Area:(-30.0, -30.0)(400.0, -30.0)(400.0, 979.2)(-30.0, 979.2)
Rule:GATE(5,5);SD(5,5);GATE_SD(0.5);GATE_ITO(0.5);SD_ITO(0.5)
Module:M14
Boundary:(211.8, 172.2)(211.8, 244.7)(30.0, 244.7)(30.0, 172.2);GATE
Port:(30.0, 188.5)(35.0, 188.5)(35.0, 228.4)(30.0, 228.4);SD
Port:(211.8, 172.2)(211.8, 244.7)(37.6, 244.7)(37.6, 172.2);GATE
Port:(198.6, 179.1)(205.9, 179.1)(205.9, 237.8)(198.6, 237.8);SD
Module:M9
Boundary:(195.8, 759.6)(195.8, 833.6)(10.0, 833.6)(10.0, 759.6);GATE
Port:(10.0, 771.1)(14.8, 771.1)(14.8, 822.1)(10.0, 822.1);SD
Port:(195.8, 759.6)(195.8, 833.6)(16.7, 833.6)(16.7, 759.6);GATE
Port:(186.7, 765.0)(191.4, 765.0)(191.4, 828.2)(186.7, 828.2);SD
Module:M5
Boundary:(343.9, 837.4)(343.9, 908.6)(343.6, 908.6)(343.6, 926.0)(225.8, 926.0)(225.8, 837.4);GATE
Port:(225.8, 851.8)(230.1, 851.8)(230.1, 911.6)(225.8, 911.6);SD
Port:(343.9, 837.4)(343.9, 908.6)(343.6, 908.6)(343.6, 926.0)(232.8, 926.0)(232.8, 837.4);GATE
Port:(332.3, 842.8)(339.5, 842.8)(339.5, 903.2)(332.3, 903.2);SD
Module:M11
Boundary:(10.0, 527.3)(58.8, 527.3)(58.8, 527.5)(74.1, 527.5)(74.1, 739.2)(10.0, 739.2);GATE
Port:(23.7, 734.8)(60.4, 734.8)(60.4, 739.2)(23.7, 739.2);SD
Port:(10.0, 527.3)(58.8, 527.3)(58.8, 527.5)(74.1, 527.5)(74.1, 733.6)(10.0, 733.6);GATE
Port:(15.6, 531.9)(53.2, 531.9)(53.2, 538.6)(15.6, 538.6);SD
Module:M1
Boundary:(185.0, 424.4)(185.0, 487.3)(30.0, 487.3)(30.0, 424.4);GATE
Port:(30.0, 437.9)(35.9, 437.9)(35.9, 473.8)(30.0, 473.8);SD
Port:(185.0, 424.4)(185.0, 487.3)(37.3, 487.3)(37.3, 424.4);GATE
Port:(173.3, 430.5)(179.9, 430.5)(179.9, 481.2)(173.3, 481.2);SD
Module:M6
Boundary:(225.5, 660.2)(331.6, 660.2)(331.6, 660.6)(349.2, 660.6)(349.2, 807.4)(225.5, 807.4);GATE
Port:(240.1, 802.0)(334.6, 802.0)(334.6, 807.4)(240.1, 807.4);SD
Port:(225.5, 660.2)(331.6, 660.2)(331.6, 660.6)(349.2, 660.6)(349.2, 799.0)(225.5, 799.0);GATE
Port:(231.9, 665.6)(325.2, 665.6)(325.2, 671.6)(231.9, 671.6);SD
Module:M2
Boundary:(235.2, 294.7)(326.4, 294.7)(326.4, 294.9)(344.4, 294.9)(344.4, 395.9)(235.2, 395.9);GATE
Port:(249.9, 391.0)(329.7, 391.0)(329.7, 395.9)(249.9, 395.9);SD
Port:(235.2, 294.7)(326.4, 294.7)(326.4, 294.9)(344.4, 294.9)(344.4, 388.2)(235.2, 388.2);GATE
Port:(242.1, 300.6)(319.5, 300.6)(319.5, 306.0)(242.1, 306.0);SD
Module:M16
Boundary:(152.4, 853.6)(152.4, 939.2)(10.0, 939.2)(10.0, 853.6);GATE
Port:(10.0, 865.6)(15.4, 865.6)(15.4, 927.2)(10.0, 927.2);SD
Port:(152.4, 853.6)(152.4, 939.2)(18.0, 939.2)(18.0, 853.6);GATE
Port:(142.2, 860.5)(146.5, 860.5)(146.5, 932.3)(142.2, 932.3);SD
Module:M13
Boundary:(339.1, 155.6)(339.1, 241.4)(251.8, 241.4)(251.8, 155.6);GATE
Port:(251.8, 169.9)(255.9, 169.9)(255.9, 227.1)(251.8, 227.1);SD
Port:(339.1, 155.6)(339.1, 241.4)(256.9, 241.4)(256.9, 155.6);GATE
Port:(327.2, 161.8)(333.9, 161.8)(333.9, 235.2)(327.2, 235.2);SD
Module:M10
Boundary:(239.6, 10.0)(288.3, 10.0)(288.3, 117.0)(239.6, 117.0);GATE
Port:(253.3, 112.8)(274.6, 112.8)(274.6, 117.0)(253.3, 117.0);SD
Port:(239.6, 10.0)(288.3, 10.0)(288.3, 111.5)(239.6, 111.5);GATE
Port:(246.6, 16.0)(281.3, 16.0)(281.3, 21.9)(246.6, 21.9);SD
Module:M7
Boundary:(209.6, 20.0)(209.6, 107.8)(209.3, 107.8)(209.3, 122.2)(20.0, 122.2)(20.0, 20.0);GATE
Port:(20.0, 32.0)(25.0, 32.0)(25.0, 110.2)(20.0, 110.2);SD
Port:(209.6, 20.0)(209.6, 107.8)(209.3, 107.8)(209.3, 122.2)(27.6, 122.2)(27.6, 20.0);GATE
Port:(200.2, 25.4)(205.2, 25.4)(205.2, 102.4)(200.2, 102.4);SD
Module:M3
Boundary:(225.5, 425.9)(274.3, 425.9)(274.3, 426.0)(289.0, 426.0)(289.0, 640.2)(225.5, 640.2);GATE
Port:(239.3, 634.7)(275.2, 634.7)(275.2, 640.2)(239.3, 640.2);SD
Port:(225.5, 425.9)(274.3, 425.9)(274.3, 426.0)(289.0, 426.0)(289.0, 631.9)(225.5, 631.9);GATE
Port:(231.6, 431.0)(268.2, 431.0)(268.2, 437.2)(231.6, 437.2);SD
Module:M15
Boundary:(309.0, 425.9)(359.9, 425.9)(359.9, 606.3)(309.0, 606.3);GATE
Port:(322.6, 602.2)(346.3, 602.2)(346.3, 606.3)(322.6, 606.3);SD
Port:(309.0, 425.9)(359.9, 425.9)(359.9, 600.3)(309.0, 600.3);GATE
Port:(315.7, 431.6)(353.2, 431.6)(353.2, 437.5)(315.7, 437.5);SD
Module:M12
Boundary:(308.3, 10.0)(360.0, 10.0)(360.0, 135.6)(308.3, 135.6);GATE
Port:(322.5, 130.9)(345.8, 130.9)(345.8, 135.6)(322.5, 135.6);SD
Port:(308.3, 10.0)(360.0, 10.0)(360.0, 129.2)(308.3, 129.2);GATE
Port:(314.2, 14.9)(354.1, 14.9)(354.1, 22.1)(314.2, 22.1);SD
Module:M8
Boundary:(195.2, 294.7)(195.2, 374.4)(20.0, 374.4)(20.0, 294.7);GATE
Port:(20.0, 307.6)(24.8, 307.6)(24.8, 361.5)(20.0, 361.5);SD
Port:(195.2, 294.7)(195.2, 374.4)(26.9, 374.4)(26.9, 294.7);GATE
Port:(185.2, 301.5)(189.4, 301.5)(189.4, 367.6)(185.2, 367.6);SD
Module:M4
Boundary:(104.1, 537.3)(195.5, 537.3)(195.5, 729.6)(104.1, 729.6);GATE
Port:(116.2, 724.3)(183.4, 724.3)(183.4, 729.6)(116.2, 729.6);SD
Port:(104.1, 537.3)(195.5, 537.3)(195.5, 722.0)(104.1, 722.0);GATE
Port:(110.0, 542.2)(189.6, 542.2)(189.6, 547.7)(110.0, 547.7);SD
