Area:(-30.0, -30.0)(709.7, -30.0)(709.7, 514.9)(-30.0, 514.9)
Rule:GATE(5,5);SD(5,5);GATE_SD(0.5);GATE_ITO(0.5);SD_ITO(0.5)
Module:M14
Boundary:(331.5, 30.0)(331.5, 107.3)(331.4, 107.3)(331.4, 122.5)(216.1, 122.5)(216.1, 30.0);GATE
Port:(216.1, 42.5)(220.1, 42.5)(220.1, 110.0)(216.1, 110.0);SD
Port:(331.5, 30.0)(331.5, 107.3)(331.4, 107.3)(331.4, 122.5)(222.4, 122.5)(222.4, 30.0);GATE
Port:(321.6, 36.0)(326.5, 36.0)(326.5, 101.3)(321.6, 101.3);SD
Module:M9
Boundary:(331.6, 162.5)(331.6, 238.8)(196.1, 238.8)(196.1, 162.5);GATE
Port:(196.1, 174.7)(201.4, 174.7)(201.4, 226.6)(196.1, 226.6);SD
Port:(331.6, 162.5)(331.6, 238.8)(203.0, 238.8)(203.0, 162.5);GATE
Port:(321.5, 168.1)(327.0, 168.1)(327.0, 233.2)(321.5, 233.2);SD
Module:M5
Boundary:(91.3, 256.4)(91.3, 333.0)(20.0, 333.0)(20.0, 256.4);GATE
Port:(20.0, 269.8)(24.4, 269.8)(24.4, 319.6)(20.0, 319.6);SD
Port:(91.3, 256.4)(91.3, 333.0)(27.1, 333.0)(27.1, 256.4);GATE
Port:(79.7, 263.4)(85.3, 263.4)(85.3, 326.0)(79.7, 326.0);SD
Module:M11
Boundary:(230.8, 258.8)(312.8, 258.8)(312.8, 259.2)(329.0, 259.2)(329.0, 416.3)(230.8, 416.3);GATE
Port:(243.5, 411.0)(316.3, 411.0)(316.3, 416.3)(243.5, 416.3);SD
Port:(230.8, 258.8)(312.8, 258.8)(312.8, 259.2)(329.0, 259.2)(329.0, 408.6)(230.8, 408.6);GATE
Port:(236.3, 263.3)(307.3, 263.3)(307.3, 269.3)(236.3, 269.3);SD
Module:M1
Boundary:(173.1, 392.3)(173.1, 446.4)(173.1, 446.4)(173.1, 464.5)(30.0, 464.5)(30.0, 392.3);GATE
Port:(30.0, 407.1)(34.0, 407.1)(34.0, 449.7)(30.0, 449.7);SD
Port:(173.1, 392.3)(173.1, 446.4)(173.1, 446.4)(173.1, 464.5)(35.2, 464.5)(35.2, 392.3);GATE
Port:(161.8, 397.5)(168.9, 397.5)(168.9, 441.2)(161.8, 441.2);SD
Module:M6
Boundary:(351.6, 162.5)(452.2, 162.5)(452.2, 162.6)(468.4, 162.6)(468.4, 358.6)(351.6, 358.6);GATE
Port:(366.3, 353.7)(453.7, 353.7)(453.7, 358.6)(366.3, 358.6);SD
Port:(351.6, 162.5)(452.2, 162.5)(452.2, 162.6)(468.4, 162.6)(468.4, 352.4)(351.6, 352.4);GATE
Port:(357.7, 167.6)(446.1, 167.6)(446.1, 174.4)(357.7, 174.4);SD
Module:M2
Boundary:(361.6, 388.6)(454.3, 388.6)(454.3, 474.9)(361.6, 474.9);GATE
Port:(376.3, 469.1)(439.6, 469.1)(439.6, 474.9)(376.3, 474.9);SD
Port:(361.6, 388.6)(454.3, 388.6)(454.3, 467.1)(361.6, 467.1);GATE
Port:(368.4, 394.4)(447.5, 394.4)(447.5, 401.5)(368.4, 401.5);SD
Module:M16
Boundary:(10.0, 10.0)(59.4, 10.0)(59.4, 10.0)(75.0, 10.0)(75.0, 213.1)(10.0, 213.1);GATE
Port:(23.3, 208.9)(61.7, 208.9)(61.7, 213.1)(23.3, 213.1);SD
Port:(10.0, 10.0)(59.4, 10.0)(59.4, 10.0)(75.0, 10.0)(75.0, 206.7)(10.0, 206.7);GATE
Port:(16.6, 15.6)(52.8, 15.6)(52.8, 20.7)(16.6, 20.7);SD
Module:M13
Boundary:(492.5, 10.0)(571.2, 10.0)(571.2, 10.3)(586.3, 10.3)(586.3, 151.9)(492.5, 151.9);GATE
Port:(505.5, 147.8)(573.3, 147.8)(573.3, 151.9)(505.5, 151.9);SD
Port:(492.5, 10.0)(571.2, 10.0)(571.2, 10.3)(586.3, 10.3)(586.3, 146.6)(492.5, 146.6);GATE
Port:(498.2, 14.7)(565.5, 14.7)(565.5, 21.2)(498.2, 21.2);SD
Module:M10
Boundary:(605.8, 238.9)(638.5, 238.9)(638.5, 239.1)(654.4, 239.1)(654.4, 329.3)(605.8, 329.3);GATE
Port:(618.2, 324.3)(642.0, 324.3)(642.0, 329.3)(618.2, 329.3);SD
Port:(605.8, 238.9)(638.5, 238.9)(638.5, 239.1)(654.4, 239.1)(654.4, 321.7)(605.8, 321.7);GATE
Port:(611.4, 243.5)(632.9, 243.5)(632.9, 249.1)(611.4, 249.1);SD
Module:M7
Boundary:(105.0, 20.0)(151.3, 20.0)(151.3, 20.2)(166.1, 20.2)(166.1, 216.4)(105.0, 216.4);GATE
Port:(117.6, 211.7)(153.5, 211.7)(153.5, 216.4)(117.6, 216.4);SD
Port:(105.0, 20.0)(151.3, 20.0)(151.3, 20.2)(166.1, 20.2)(166.1, 209.6)(105.0, 209.6);GATE
Port:(110.4, 24.4)(145.9, 24.4)(145.9, 30.1)(110.4, 30.1);SD
Module:M3
Boundary:(371.5, 10.0)(455.4, 10.0)(455.4, 10.5)(472.5, 10.5)(472.5, 140.3)(371.5, 140.3);GATE
Port:(384.1, 134.6)(459.9, 134.6)(459.9, 140.3)(384.1, 140.3);SD
Port:(371.5, 10.0)(455.4, 10.0)(455.4, 10.5)(472.5, 10.5)(472.5, 132.5)(371.5, 132.5);GATE
Port:(376.8, 14.3)(450.1, 14.3)(450.1, 19.7)(376.8, 19.7);SD
Module:M15
Boundary:(606.3, 10.0)(669.7, 10.0)(669.7, 218.9)(606.3, 218.9);GATE
Port:(620.4, 213.0)(655.6, 213.0)(655.6, 218.9)(620.4, 218.9);SD
Port:(606.3, 10.0)(669.7, 10.0)(669.7, 210.7)(606.3, 210.7);GATE
Port:(612.5, 15.2)(663.5, 15.2)(663.5, 21.7)(612.5, 21.7);SD
Module:M12
Boundary:(488.4, 171.9)(585.8, 171.9)(585.8, 318.0)(488.4, 318.0);GATE
Port:(501.5, 314.0)(572.7, 314.0)(572.7, 318.0)(501.5, 318.0);SD
Port:(488.4, 171.9)(585.8, 171.9)(585.8, 312.5)(488.4, 312.5);GATE
Port:(494.2, 176.7)(580.0, 176.7)(580.0, 182.3)(494.2, 182.3);SD
Module:M8
Boundary:(131.3, 268.8)(183.4, 268.8)(183.4, 268.8)(200.8, 268.8)(200.8, 342.3)(131.3, 342.3);GATE
Port:(145.0, 337.7)(187.1, 337.7)(187.1, 342.3)(145.0, 342.3);SD
Port:(131.3, 268.8)(183.4, 268.8)(183.4, 268.8)(200.8, 268.8)(200.8, 335.4)(131.3, 335.4);GATE
Port:(138.0, 274.5)(176.7, 274.5)(176.7, 279.3)(138.0, 279.3);SD
Module:M4
Boundary:(654.5, 359.3)(654.5, 457.6)(654.5, 457.6)(654.5, 474.1)(498.4, 474.1)(498.4, 359.3);GATE
Port:(498.4, 372.2)(502.6, 372.2)(502.6, 461.2)(498.4, 461.2);SD
Port:(654.5, 359.3)(654.5, 457.6)(654.5, 457.6)(654.5, 474.1)(504.8, 474.1)(504.8, 359.3);GATE
Port:(644.2, 364.5)(650.3, 364.5)(650.3, 452.4)(644.2, 452.4);SD
