Area:(-30.0, -30.0)(636.7, -30.0)(636.7, 666.8)(-30.0, 666.8)
Rule:GATE(5,5);SD(5,5);GATE_SD(0.5);GATE_ITO(0.5);SD_ITO(0.5)
Module:M14
Boundary:(438.9, 399.3)(438.9, 472.4)(293.2, 472.4)(293.2, 399.3);GATE
Port:(293.2, 415.6)(298.8, 415.6)(298.8, 456.1)(293.2, 456.1);SD
Port:(438.9, 399.3)(438.9, 472.4)(301.5, 472.4)(301.5, 399.3);GATE
Port:(425.4, 406.3)(432.9, 406.3)(432.9, 465.4)(425.4, 465.4);SD
Module:M9
Boundary:(518.6, 118.9)(577.1, 118.9)(577.1, 119.0)(596.7, 119.0)(596.7, 307.3)(518.6, 307.3);GATE
Port:(534.2, 302.4)(581.1, 302.4)(581.1, 307.3)(534.2, 307.3);SD
Port:(518.6, 118.9)(577.1, 118.9)(577.1, 119.0)(596.7, 119.0)(596.7, 300.3)(518.6, 300.3);GATE
Port:(525.4, 124.7)(570.3, 124.7)(570.3, 131.0)(525.4, 131.0);SD
Module:M5
Boundary:(150.2, 418.7)(218.0, 418.7)(218.0, 419.0)(234.7, 419.0)(234.7, 531.6)(150.2, 531.6);GATE
Port:(163.5, 526.9)(221.4, 526.9)(221.4, 531.6)(163.5, 531.6);SD
Port:(150.2, 418.7)(218.0, 418.7)(218.0, 419.0)(234.7, 419.0)(234.7, 524.8)(150.2, 524.8);GATE
Port:(156.9, 424.4)(211.3, 424.4)(211.3, 429.5)(156.9, 429.5);SD
Module:M11
Boundary:(150.6, 241.4)(235.9, 241.4)(235.9, 241.7)(253.2, 241.7)(253.2, 388.7)(150.6, 388.7);GATE
Port:(163.5, 384.0)(240.3, 384.0)(240.3, 388.7)(163.5, 388.7);SD
Port:(150.6, 241.4)(235.9, 241.4)(235.9, 241.7)(253.2, 241.7)(253.2, 381.3)(150.6, 381.3);GATE
Port:(156.2, 246.0)(230.3, 246.0)(230.3, 251.3)(156.2, 251.3);SD
Module:M1
Boundary:(293.2, 167.6)(369.2, 167.6)(369.2, 339.3)(293.2, 339.3);GATE
Port:(304.8, 334.6)(357.6, 334.6)(357.6, 339.3)(304.8, 339.3);SD
Port:(293.2, 167.6)(369.2, 167.6)(369.2, 332.8)(293.2, 332.8);GATE
Port:(299.1, 172.5)(363.3, 172.5)(363.3, 177.5)(299.1, 177.5);SD
Module:M6
Boundary:(261.6, 10.0)(344.0, 10.0)(344.0, 10.3)(360.0, 10.3)(360.0, 127.6)(261.6, 127.6);GATE
Port:(275.6, 121.7)(346.0, 121.7)(346.0, 127.6)(275.6, 127.6);SD
Port:(261.6, 10.0)(344.0, 10.0)(344.0, 10.3)(360.0, 10.3)(360.0, 118.9)(261.6, 118.9);GATE
Port:(268.1, 15.5)(337.5, 15.5)(337.5, 21.4)(268.1, 21.4);SD
Module:M2
Boundary:(419.2, 128.9)(471.5, 128.9)(471.5, 129.2)(488.6, 129.2)(488.6, 310.9)(419.2, 310.9);GATE
Port:(432.9, 305.3)(474.9, 305.3)(474.9, 310.9)(432.9, 310.9);SD
Port:(419.2, 128.9)(471.5, 128.9)(471.5, 129.2)(488.6, 129.2)(488.6, 303.1)(419.2, 303.1);GATE
Port:(424.5, 133.2)(466.2, 133.2)(466.2, 140.1)(424.5, 140.1);SD
Module:M16
Boundary:(263.2, 561.6)(263.2, 611.0)(263.0, 611.0)(263.0, 626.8)(138.4, 626.8)(138.4, 561.6);GATE
Port:(138.4, 574.4)(142.9, 574.4)(142.9, 614.0)(138.4, 614.0);SD
Port:(263.2, 561.6)(263.2, 611.0)(263.0, 611.0)(263.0, 626.8)(143.9, 626.8)(143.9, 561.6);GATE
Port:(252.4, 567.8)(258.0, 567.8)(258.0, 604.8)(252.4, 604.8);SD
Module:M13
Boundary:(150.6, 10.0)(223.8, 10.0)(223.8, 10.2)(241.6, 10.2)(241.6, 221.4)(150.6, 221.4);GATE
Port:(165.7, 217.3)(226.5, 217.3)(226.5, 221.4)(165.7, 221.4);SD
Port:(150.6, 10.0)(223.8, 10.0)(223.8, 10.2)(241.6, 10.2)(241.6, 214.8)(150.6, 214.8);GATE
Port:(156.8, 15.2)(217.6, 15.2)(217.6, 21.7)(156.8, 21.7);SD
Module:M10
Boundary:(10.0, 439.0)(102.9, 439.0)(102.9, 439.3)(118.4, 439.3)(118.4, 616.7)(10.0, 616.7);GATE
Port:(22.4, 611.5)(106.0, 611.5)(106.0, 616.7)(22.4, 616.7);SD
Port:(10.0, 439.0)(102.9, 439.0)(102.9, 439.3)(118.4, 439.3)(118.4, 609.9)(10.0, 609.9);GATE
Port:(15.4, 443.4)(97.5, 443.4)(97.5, 448.3)(15.4, 448.3);SD
Module:M7
Boundary:(581.1, 20.0)(581.1, 72.3)(581.1, 72.3)(581.1, 88.9)(390.0, 88.9)(390.0, 20.0);GATE
Port:(390.0, 34.5)(394.2, 34.5)(394.2, 74.4)(390.0, 74.4);SD
Port:(581.1, 20.0)(581.1, 72.3)(581.1, 72.3)(581.1, 88.9)(396.5, 88.9)(396.5, 20.0);GATE
Port:(569.6, 25.8)(576.3, 25.8)(576.3, 66.5)(569.6, 66.5);SD
Module:M3
Boundary:(10.0, 264.3)(102.1, 264.3)(102.1, 264.6)(120.2, 264.6)(120.2, 419.0)(10.0, 419.0);GATE
Port:(25.2, 413.1)(105.0, 413.1)(105.0, 419.0)(25.2, 419.0);SD
Port:(10.0, 264.3)(102.1, 264.3)(102.1, 264.6)(120.2, 264.6)(120.2, 411.5)(10.0, 411.5);GATE
Port:(15.6, 268.9)(96.5, 268.9)(96.5, 276.4)(15.6, 276.4);SD
Module:M15
Boundary:(443.5, 512.4)(443.5, 619.0)(283.2, 619.0)(283.2, 512.4);GATE
Port:(283.2, 526.7)(287.7, 526.7)(287.7, 604.7)(283.2, 604.7);SD
Port:(443.5, 512.4)(443.5, 619.0)(290.3, 619.0)(290.3, 512.4);GATE
Port:(431.8, 518.5)(438.4, 518.5)(438.4, 612.9)(431.8, 612.9);SD
Module:M12
Boundary:(553.7, 534.8)(553.7, 608.9)(553.4, 608.9)(553.4, 623.6)(463.5, 623.6)(463.5, 534.8);GATE
Port:(463.5, 546.4)(467.6, 546.4)(467.6, 612.0)(463.5, 612.0);SD
Port:(553.7, 534.8)(553.7, 608.9)(553.4, 608.9)(553.4, 623.6)(468.8, 623.6)(468.8, 534.8);GATE
Port:(544.5, 540.5)(549.0, 540.5)(549.0, 603.2)(544.5, 603.2);SD
Module:M8
Boundary:(488.9, 350.9)(587.0, 350.9)(587.0, 504.8)(488.9, 504.8);GATE
Port:(502.4, 499.5)(573.5, 499.5)(573.5, 504.8)(502.4, 504.8);SD
Port:(488.9, 350.9)(587.0, 350.9)(587.0, 497.1)(488.9, 497.1);GATE
Port:(494.4, 355.4)(581.5, 355.4)(581.5, 361.5)(494.4, 361.5);SD
Module:M4
Boundary:(20.0, 20.0)(103.9, 20.0)(103.9, 20.4)(120.6, 20.4)(120.6, 234.3)(20.0, 234.3);GATE
Port:(33.2, 228.9)(107.4, 228.9)(107.4, 234.3)(33.2, 234.3);SD
Port:(20.0, 20.0)(103.9, 20.0)(103.9, 20.4)(120.6, 20.4)(120.6, 227.3)(20.0, 227.3);GATE
Port:(25.1, 24.1)(98.8, 24.1)(98.8, 30.1)(25.1, 30.1);SD
