Area:(-30.0, -30.0)(454.7, -30.0)(454.7, 841.9)(-30.0, 841.9)
Rule:GATE(5,5);SD(5,5);GATE_SD(0.5);GATE_ITO(0.5);SD_ITO(0.5)
Module:M14
Boundary:(266.8, 135.7)(266.8, 191.1)(266.5, 191.1)(266.5, 209.0)(119.9, 209.0)(119.9, 135.7);GATE
Port:(119.9, 150.6)(123.9, 150.6)(123.9, 194.1)(119.9, 194.1);SD
Port:(266.8, 135.7)(266.8, 191.1)(266.5, 191.1)(266.5, 209.0)(125.1, 209.0)(125.1, 135.7);GATE
Port:(254.7, 142.0)(261.5, 142.0)(261.5, 184.8)(254.7, 184.8);SD
Module:M9
Boundary:(291.4, 494.4)(414.7, 494.4)(414.7, 693.0)(291.4, 693.0);GATE
Port:(305.3, 688.5)(400.8, 688.5)(400.8, 693.0)(305.3, 693.0);SD
Port:(291.4, 494.4)(414.7, 494.4)(414.7, 686.3)(291.4, 686.3);GATE
Port:(298.2, 500.2)(407.9, 500.2)(407.9, 505.6)(298.2, 505.6);SD
Module:M5
Boundary:(321.5, 20.0)(403.7, 20.0)(403.7, 203.7)(321.5, 203.7);GATE
Port:(335.8, 199.2)(389.4, 199.2)(389.4, 203.7)(335.8, 203.7);SD
Port:(321.5, 20.0)(403.7, 20.0)(403.7, 196.6)(321.5, 196.6);GATE
Port:(328.4, 25.9)(396.8, 25.9)(396.8, 32.3)(328.4, 32.3);SD
Module:M11
Boundary:(106.7, 566.9)(106.7, 655.6)(106.4, 655.6)(106.4, 673.5)(10.0, 673.5)(10.0, 566.9);GATE
Port:(10.0, 580.5)(15.8, 580.5)(15.8, 659.9)(10.0, 659.9);SD
Port:(106.7, 566.9)(106.7, 655.6)(106.4, 655.6)(106.4, 673.5)(18.0, 673.5)(18.0, 566.9);GATE
Port:(95.9, 573.1)(101.5, 573.1)(101.5, 649.4)(95.9, 649.4);SD
Module:M1
Boundary:(251.4, 471.6)(251.4, 571.9)(169.1, 571.9)(169.1, 471.6);GATE
Port:(169.1, 483.3)(173.6, 483.3)(173.6, 560.2)(169.1, 560.2);SD
Port:(251.4, 471.6)(251.4, 571.9)(176.4, 571.9)(176.4, 471.6);GATE
Port:(241.7, 477.8)(246.2, 477.8)(246.2, 565.7)(241.7, 565.7);SD
Module:M6
Boundary:(150.4, 710.3)(248.8, 710.3)(248.8, 801.6)(150.4, 801.6);GATE
Port:(163.9, 797.5)(235.3, 797.5)(235.3, 801.6)(163.9, 801.6);SD
Port:(150.4, 710.3)(248.8, 710.3)(248.8, 794.5)(150.4, 794.5);GATE
Port:(156.9, 715.8)(242.3, 715.8)(242.3, 721.1)(156.9, 721.1);SD
Module:M2
Boundary:(281.5, 20.0)(281.5, 69.4)(281.2, 69.4)(281.2, 85.7)(109.9, 85.7)(109.9, 20.0);GATE
Port:(109.9, 32.8)(115.5, 32.8)(115.5, 72.9)(109.9, 72.9);SD
Port:(281.5, 20.0)(281.5, 69.4)(281.2, 69.4)(281.2, 85.7)(117.7, 85.7)(117.7, 20.0);GATE
Port:(271.3, 25.6)(276.9, 25.6)(276.9, 63.8)(271.3, 63.8);SD
Module:M16
Boundary:(10.0, 10.0)(79.9, 10.0)(79.9, 155.6)(10.0, 155.6);GATE
Port:(25.0, 150.1)(64.9, 150.1)(64.9, 155.6)(25.0, 155.6);SD
Port:(10.0, 10.0)(79.9, 10.0)(79.9, 147.3)(10.0, 147.3);GATE
Port:(16.8, 15.8)(73.1, 15.8)(73.1, 21.6)(16.8, 21.6);SD
Module:M13
Boundary:(10.0, 175.6)(45.8, 175.6)(45.8, 175.6)(63.3, 175.6)(63.3, 337.2)(10.0, 337.2);GATE
Port:(24.6, 332.7)(48.7, 332.7)(48.7, 337.2)(24.6, 337.2);SD
Port:(10.0, 175.6)(45.8, 175.6)(45.8, 175.6)(63.3, 175.6)(63.3, 330.4)(10.0, 330.4);GATE
Port:(15.9, 180.5)(39.9, 180.5)(39.9, 187.2)(15.9, 187.2);SD
Module:M10
Boundary:(269.8, 611.9)(269.8, 690.3)(126.7, 690.3)(126.7, 611.9);GATE
Port:(126.7, 624.9)(131.7, 624.9)(131.7, 677.3)(126.7, 677.3);SD
Port:(269.8, 611.9)(269.8, 690.3)(133.9, 690.3)(133.9, 611.9);GATE
Port:(258.9, 617.5)(265.2, 617.5)(265.2, 684.7)(258.9, 684.7);SD
Module:M7
Boundary:(331.3, 243.7)(392.6, 243.7)(392.6, 243.9)(407.1, 243.9)(407.1, 464.4)(331.3, 464.4);GATE
Port:(344.4, 460.4)(394.0, 460.4)(394.0, 464.4)(344.4, 464.4);SD
Port:(331.3, 243.7)(392.6, 243.7)(392.6, 243.9)(407.1, 243.9)(407.1, 457.8)(331.3, 457.8);GATE
Port:(337.5, 248.9)(386.4, 248.9)(386.4, 254.6)(337.5, 254.6);SD
Module:M3
Boundary:(83.3, 249.0)(138.7, 249.0)(138.7, 384.1)(83.3, 384.1);GATE
Port:(97.8, 378.2)(124.2, 378.2)(124.2, 384.1)(97.8, 384.1);SD
Port:(83.3, 249.0)(138.7, 249.0)(138.7, 376.0)(83.3, 376.0);GATE
Port:(88.9, 253.6)(133.1, 253.6)(133.1, 260.5)(88.9, 260.5);SD
Module:M15
Boundary:(10.0, 710.3)(130.4, 710.3)(130.4, 801.9)(10.0, 801.9);GATE
Port:(24.4, 797.2)(116.0, 797.2)(116.0, 801.9)(24.4, 801.9);SD
Port:(10.0, 710.3)(130.4, 710.3)(130.4, 795.7)(10.0, 795.7);GATE
Port:(15.2, 714.5)(125.2, 714.5)(125.2, 721.6)(15.2, 721.6);SD
Module:M12
Boundary:(392.4, 713.0)(392.4, 783.7)(392.4, 783.7)(392.4, 800.0)(268.8, 800.0)(268.8, 713.0);GATE
Port:(268.8, 728.9)(272.9, 728.9)(272.9, 784.1)(268.8, 784.1);SD
Port:(392.4, 713.0)(392.4, 783.7)(392.4, 783.7)(392.4, 800.0)(275.5, 800.0)(275.5, 713.0);GATE
Port:(379.2, 719.7)(386.7, 719.7)(386.7, 777.0)(379.2, 777.0);SD
Module:M8
Boundary:(168.7, 259.0)(273.7, 259.0)(273.7, 259.3)(291.3, 259.3)(291.3, 421.6)(168.7, 421.6);GATE
Port:(182.0, 416.2)(278.0, 416.2)(278.0, 421.6)(182.0, 421.6);SD
Port:(168.7, 259.0)(273.7, 259.0)(273.7, 259.3)(291.3, 259.3)(291.3, 413.9)(168.7, 413.9);GATE
Port:(174.9, 264.2)(267.5, 264.2)(267.5, 269.5)(174.9, 269.5);SD
Module:M4
Boundary:(119.1, 414.1)(119.1, 519.5)(119.0, 519.5)(119.0, 536.9)(20.0, 536.9)(20.0, 414.1);GATE
Port:(20.0, 428.1)(24.9, 428.1)(24.9, 522.9)(20.0, 522.9);SD
Port:(119.1, 414.1)(119.1, 519.5)(119.0, 519.5)(119.0, 536.9)(27.7, 536.9)(27.7, 414.1);GATE
Port:(107.9, 420.5)(113.7, 420.5)(113.7, 513.1)(107.9, 513.1);SD
