Area:(-30.0, -30.0)(714.7, -30.0)(714.7, 565.9)(-30.0, 565.9)
Rule:GATE(5,5);SD(5,5);GATE_SD(0.5);GATE_ITO(0.5);SD_ITO(0.5)
Module:M14
Boundary:(466.3, 278.8)(466.3, 343.0)(465.9, 343.0)(465.9, 358.9)(259.5, 358.9)(259.5, 278.8);GATE
Port:(259.5, 292.0)(264.8, 292.0)(264.8, 345.7)(259.5, 345.7);SD
Port:(466.3, 278.8)(466.3, 343.0)(465.9, 343.0)(465.9, 358.9)(267.2, 358.9)(267.2, 278.8);GATE
Port:(456.5, 284.0)(462.1, 284.0)(462.1, 337.8)(456.5, 337.8);SD
Module:M9
Boundary:(674.7, 465.8)(674.7, 511.8)(674.7, 511.8)(674.7, 525.9)(506.3, 525.9)(506.3, 465.8);GATE
Port:(506.3, 478.7)(511.2, 478.7)(511.2, 513.0)(506.3, 513.0);SD
Port:(674.7, 465.8)(674.7, 511.8)(674.7, 511.8)(674.7, 525.9)(514.1, 525.9)(514.1, 465.8);GATE
Port:(663.9, 472.6)(668.9, 472.6)(668.9, 505.0)(663.9, 505.0);SD
Module:M5
Boundary:(666.4, 203.4)(666.4, 283.6)(666.3, 283.6)(666.3, 299.4)(521.7, 299.4)(521.7, 203.4);GATE
Port:(521.7, 216.3)(527.2, 216.3)(527.2, 286.5)(521.7, 286.5);SD
Port:(666.4, 203.4)(666.4, 283.6)(666.3, 283.6)(666.3, 299.4)(529.3, 299.4)(529.3, 203.4);GATE
Port:(656.3, 209.3)(661.5, 209.3)(661.5, 277.7)(656.3, 277.7);SD
Module:M11
Boundary:(506.3, 329.4)(566.5, 329.4)(566.5, 329.7)(581.3, 329.7)(581.3, 445.8)(506.3, 445.8);GATE
Port:(518.4, 441.6)(569.2, 441.6)(569.2, 445.8)(518.4, 445.8);SD
Port:(506.3, 329.4)(566.5, 329.4)(566.5, 329.7)(581.3, 329.7)(581.3, 440.1)(506.3, 440.1);GATE
Port:(511.3, 333.4)(561.5, 333.4)(561.5, 339.6)(511.3, 339.6);SD
Module:M1
Boundary:(504.8, 30.0)(504.8, 122.7)(417.6, 122.7)(417.6, 30.0);GATE
Port:(417.6, 45.2)(422.5, 45.2)(422.5, 107.5)(417.6, 107.5);SD
Port:(504.8, 30.0)(504.8, 122.7)(423.7, 122.7)(423.7, 30.0);GATE
Port:(492.8, 36.4)(499.4, 36.4)(499.4, 116.3)(492.8, 116.3);SD
Module:M6
Boundary:(601.3, 329.4)(649.6, 329.4)(649.6, 329.7)(665.1, 329.7)(665.1, 413.0)(601.3, 413.0);GATE
Port:(614.1, 408.1)(652.3, 408.1)(652.3, 413.0)(614.1, 413.0);SD
Port:(601.3, 329.4)(649.6, 329.4)(649.6, 329.7)(665.1, 329.7)(665.1, 406.2)(601.3, 406.2);GATE
Port:(607.2, 334.3)(643.7, 334.3)(643.7, 339.7)(607.2, 339.7);SD
Module:M2
Boundary:(209.5, 20.0)(209.5, 86.0)(20.0, 86.0)(20.0, 20.0);GATE
Port:(20.0, 34.0)(24.7, 34.0)(24.7, 72.0)(20.0, 72.0);SD
Port:(209.5, 20.0)(209.5, 86.0)(26.7, 86.0)(26.7, 20.0);GATE
Port:(198.5, 26.5)(204.0, 26.5)(204.0, 79.5)(198.5, 79.5);SD
Module:M16
Boundary:(10.0, 377.4)(122.8, 377.4)(122.8, 513.2)(10.0, 513.2);GATE
Port:(25.3, 508.2)(107.5, 508.2)(107.5, 513.2)(25.3, 513.2);SD
Port:(10.0, 377.4)(122.8, 377.4)(122.8, 507.1)(10.0, 507.1);GATE
Port:(16.5, 382.9)(116.3, 382.9)(116.3, 389.4)(16.5, 389.4);SD
Module:M13
Boundary:(200.8, 116.0)(200.8, 216.8)(200.2, 216.8)(200.2, 233.6)(10.0, 233.6)(10.0, 116.0);GATE
Port:(10.0, 128.9)(14.7, 128.9)(14.7, 220.7)(10.0, 220.7);SD
Port:(200.8, 116.0)(200.8, 216.8)(200.2, 216.8)(200.2, 233.6)(15.9, 233.6)(15.9, 116.0);GATE
Port:(190.7, 121.7)(196.1, 121.7)(196.1, 211.1)(190.7, 211.1);SD
Module:M10
Boundary:(491.7, 162.7)(491.7, 220.0)(491.5, 220.0)(491.5, 238.8)(397.6, 238.8)(397.6, 162.7);GATE
Port:(397.6, 178.0)(403.0, 178.0)(403.0, 223.5)(397.6, 223.5);SD
Port:(491.7, 162.7)(491.7, 220.0)(491.5, 220.0)(491.5, 238.8)(404.0, 238.8)(404.0, 162.7);GATE
Port:(479.8, 168.9)(486.5, 168.9)(486.5, 213.8)(479.8, 213.8);SD
Module:M7
Boundary:(453.7, 408.9)(453.7, 515.5)(233.7, 515.5)(233.7, 408.9);GATE
Port:(233.7, 424.3)(238.9, 424.3)(238.9, 500.1)(233.7, 500.1);SD
Port:(453.7, 408.9)(453.7, 515.5)(240.0, 515.5)(240.0, 408.9);GATE
Port:(441.0, 415.7)(447.9, 415.7)(447.9, 508.7)(441.0, 508.7);SD
Module:M3
Boundary:(142.8, 377.4)(203.7, 377.4)(203.7, 507.1)(142.8, 507.1);GATE
Port:(155.4, 503.0)(191.1, 503.0)(191.1, 507.1)(155.4, 507.1);SD
Port:(142.8, 377.4)(203.7, 377.4)(203.7, 500.9)(142.8, 500.9);GATE
Port:(149.2, 382.8)(197.3, 382.8)(197.3, 387.6)(149.2, 387.6);SD
Module:M15
Boundary:(361.9, 10.0)(361.9, 95.7)(361.4, 95.7)(361.4, 109.7)(239.5, 109.7)(239.5, 10.0);GATE
Port:(239.5, 21.8)(245.2, 21.8)(245.2, 97.9)(239.5, 97.9);SD
Port:(361.9, 10.0)(361.9, 95.7)(361.4, 95.7)(361.4, 109.7)(247.4, 109.7)(247.4, 10.0);GATE
Port:(352.0, 15.7)(357.2, 15.7)(357.2, 90.0)(352.0, 90.0);SD
Module:M12
Boundary:(544.8, 10.0)(659.0, 10.0)(659.0, 173.4)(544.8, 173.4);GATE
Port:(559.9, 167.5)(643.9, 167.5)(643.9, 173.4)(559.9, 173.4);SD
Port:(544.8, 10.0)(659.0, 10.0)(659.0, 166.3)(544.8, 166.3);GATE
Port:(550.8, 15.0)(653.0, 15.0)(653.0, 21.7)(550.8, 21.7);SD
Module:M8
Boundary:(182.8, 263.6)(182.8, 347.4)(20.0, 347.4)(20.0, 263.6);GATE
Port:(20.0, 277.6)(24.5, 277.6)(24.5, 333.4)(20.0, 333.4);SD
Port:(182.8, 263.6)(182.8, 347.4)(27.5, 347.4)(27.5, 263.6);GATE
Port:(172.3, 270.2)(177.2, 270.2)(177.2, 340.8)(172.3, 340.8);SD
Module:M4
Boundary:(249.5, 139.7)(352.0, 139.7)(352.0, 173.4)(367.6, 173.4)(367.6, 220.6)(249.5, 220.6);GATE
Port:(263.5, 215.6)(353.6, 215.6)(353.6, 220.6)(263.5, 220.6);SD
Port:(249.5, 139.7)(352.0, 139.7)(352.0, 173.4)(367.6, 173.4)(367.6, 213.6)(249.5, 213.6);GATE
Port:(255.7, 144.9)(344.8, 144.9)(344.8, 151.4)(255.7, 151.4);SD
