Area:(-30.0, -30.0)(553.2, -30.0)(553.2, 710.9)(-30.0, 710.9)
Rule:GATE(5,5);SD(5,5);GATE_SD(0.5);GATE_ITO(0.5);SD_ITO(0.5)
Module:M14
Boundary:(421.5, 381.4)(497.7, 381.4)(497.7, 515.8)(421.5, 515.8);GATE
Port:(434.5, 510.6)(484.7, 510.6)(484.7, 515.8)(434.5, 515.8);SD
Port:(421.5, 381.4)(497.7, 381.4)(497.7, 508.6)(421.5, 508.6);GATE
Port:(428.0, 386.9)(491.2, 386.9)(491.2, 392.9)(428.0, 392.9);SD
Module:M9
Boundary:(513.2, 138.0)(513.2, 226.3)(412.3, 226.3)(412.3, 138.0);GATE
Port:(412.3, 152.4)(417.4, 152.4)(417.4, 211.9)(412.3, 211.9);SD
Port:(513.2, 138.0)(513.2, 226.3)(418.9, 226.3)(418.9, 138.0);GATE
Port:(502.0, 144.7)(507.5, 144.7)(507.5, 219.6)(502.0, 219.6);SD
Module:M5
Boundary:(20.0, 351.4)(127.5, 351.4)(127.5, 534.3)(20.0, 534.3);GATE
Port:(34.8, 529.4)(112.7, 529.4)(112.7, 534.3)(34.8, 534.3);SD
Port:(20.0, 351.4)(127.5, 351.4)(127.5, 527.6)(20.0, 527.6);GATE
Port:(26.4, 356.8)(121.1, 356.8)(121.1, 363.0)(26.4, 363.0);SD
Module:M11
Boundary:(422.5, 555.8)(481.3, 555.8)(481.3, 555.8)(495.7, 555.8)(495.7, 650.1)(422.5, 650.1);GATE
Port:(433.5, 645.4)(484.7, 645.4)(484.7, 650.1)(433.5, 650.1);SD
Port:(422.5, 555.8)(481.3, 555.8)(481.3, 555.8)(495.7, 555.8)(495.7, 642.6)(422.5, 642.6);GATE
Port:(428.6, 560.9)(475.2, 560.9)(475.2, 565.1)(428.6, 565.1);SD
Module:M1
Boundary:(382.5, 575.9)(382.5, 628.5)(382.5, 628.5)(382.5, 644.3)(177.5, 644.3)(177.5, 575.9);GATE
Port:(177.5, 590.6)(181.7, 590.6)(181.7, 629.6)(177.5, 629.6);SD
Port:(382.5, 575.9)(382.5, 628.5)(382.5, 628.5)(382.5, 644.3)(183.7, 644.3)(183.7, 575.9);GATE
Port:(369.6, 582.8)(376.6, 582.8)(376.6, 621.6)(369.6, 621.6);SD
Module:M6
Boundary:(359.2, 465.5)(359.2, 519.3)(358.9, 519.3)(358.9, 535.9)(157.5, 535.9)(157.5, 465.5);GATE
Port:(157.5, 480.9)(162.1, 480.9)(162.1, 520.5)(157.5, 520.5);SD
Port:(359.2, 465.5)(359.2, 519.3)(358.9, 519.3)(358.9, 535.9)(165.0, 535.9)(165.0, 465.5);GATE
Port:(346.6, 472.2)(353.5, 472.2)(353.5, 512.6)(346.6, 512.6);SD
Module:M2
Boundary:(20.0, 20.0)(55.3, 20.0)(55.3, 20.1)(70.5, 20.1)(70.5, 179.4)(20.0, 179.4);GATE
Port:(34.1, 173.9)(56.4, 173.9)(56.4, 179.4)(34.1, 179.4);SD
Port:(20.0, 20.0)(55.3, 20.0)(55.3, 20.1)(70.5, 20.1)(70.5, 171.0)(20.0, 171.0);GATE
Port:(25.8, 24.8)(49.5, 24.8)(49.5, 32.5)(25.8, 32.5);SD
Module:M16
Boundary:(392.3, 138.0)(392.3, 211.0)(392.3, 211.0)(392.3, 229.3)(301.2, 229.3)(301.2, 138.0);GATE
Port:(301.2, 152.3)(305.8, 152.3)(305.8, 215.0)(301.2, 215.0);SD
Port:(392.3, 138.0)(392.3, 211.0)(392.3, 211.0)(392.3, 229.3)(308.5, 229.3)(308.5, 138.0);GATE
Port:(380.8, 143.4)(387.9, 143.4)(387.9, 205.6)(380.8, 205.6);SD
Module:M13
Boundary:(157.5, 183.9)(264.0, 183.9)(264.0, 183.9)(281.2, 183.9)(281.2, 355.2)(157.5, 355.2);GATE
Port:(172.5, 349.5)(266.2, 349.5)(266.2, 355.2)(172.5, 355.2);SD
Port:(157.5, 183.9)(264.0, 183.9)(264.0, 183.9)(281.2, 183.9)(281.2, 347.9)(157.5, 347.9);GATE
Port:(164.1, 189.5)(257.4, 189.5)(257.4, 196.2)(164.1, 196.2);SD
Module:M10
Boundary:(381.5, 375.2)(381.5, 445.5)(157.5, 445.5)(157.5, 375.2);GATE
Port:(157.5, 387.3)(161.8, 387.3)(161.8, 433.4)(157.5, 433.4);SD
Port:(381.5, 375.2)(381.5, 445.5)(162.9, 445.5)(162.9, 375.2);GATE
Port:(370.9, 381.3)(376.4, 381.3)(376.4, 439.4)(370.9, 439.4);SD
Module:M7
Boundary:(491.8, 20.0)(491.8, 108.0)(333.6, 108.0)(333.6, 20.0);GATE
Port:(333.6, 34.7)(337.8, 34.7)(337.8, 93.3)(333.6, 93.3);SD
Port:(491.8, 20.0)(491.8, 108.0)(340.6, 108.0)(340.6, 20.0);GATE
Port:(480.4, 26.7)(486.1, 26.7)(486.1, 101.3)(480.4, 101.3);SD
Module:M3
Boundary:(10.0, 564.3)(105.8, 564.3)(105.8, 564.6)(121.7, 564.6)(121.7, 670.9)(10.0, 670.9);GATE
Port:(22.2, 666.8)(109.5, 666.8)(109.5, 670.9)(22.2, 670.9);SD
Port:(10.0, 564.3)(105.8, 564.3)(105.8, 564.6)(121.7, 564.6)(121.7, 664.5)(10.0, 664.5);GATE
Port:(15.4, 568.7)(100.4, 568.7)(100.4, 574.8)(15.4, 574.8);SD
Module:M15
Boundary:(136.8, 209.4)(136.8, 303.2)(136.3, 303.2)(136.3, 321.4)(10.0, 321.4)(10.0, 209.4);GATE
Port:(10.0, 225.1)(14.1, 225.1)(14.1, 305.7)(10.0, 305.7);SD
Port:(136.8, 209.4)(136.8, 303.2)(136.3, 303.2)(136.3, 321.4)(17.1, 321.4)(17.1, 209.4);GATE
Port:(124.6, 216.2)(131.0, 216.2)(131.0, 296.4)(124.6, 296.4);SD
Module:M12
Boundary:(303.6, 10.0)(303.6, 57.3)(303.6, 57.3)(303.6, 72.2)(100.5, 72.2)(100.5, 10.0);GATE
Port:(100.5, 22.9)(106.2, 22.9)(106.2, 59.3)(100.5, 59.3);SD
Port:(303.6, 10.0)(303.6, 57.3)(303.6, 57.3)(303.6, 72.2)(108.5, 72.2)(108.5, 10.0);GATE
Port:(293.3, 15.5)(299.1, 15.5)(299.1, 51.8)(293.3, 51.8);SD
Module:M8
Boundary:(270.6, 102.2)(270.6, 153.9)(110.5, 153.9)(110.5, 102.2);GATE
Port:(110.5, 116.3)(116.4, 116.3)(116.4, 139.8)(110.5, 139.8);SD
Port:(270.6, 102.2)(270.6, 153.9)(118.7, 153.9)(118.7, 102.2);GATE
Port:(259.0, 108.6)(265.2, 108.6)(265.2, 147.5)(259.0, 147.5);SD
Module:M4
Boundary:(498.9, 259.3)(498.9, 317.3)(498.7, 317.3)(498.7, 331.4)(311.2, 331.4)(311.2, 259.3);GATE
Port:(311.2, 271.2)(316.8, 271.2)(316.8, 319.5)(311.2, 319.5);SD
Port:(498.9, 259.3)(498.9, 317.3)(498.7, 317.3)(498.7, 331.4)(318.2, 331.4)(318.2, 259.3);GATE
Port:(489.4, 265.4)(493.8, 265.4)(493.8, 311.2)(489.4, 311.2);SD
