Area:(-30.0, -30.0)(508.2, -30.0)(508.2, 733.1)(-30.0, 733.1)
Rule:GATE(5,5);SD(5,5);GATE_SD(0.5);GATE_ITO(0.5);SD_ITO(0.5)
Module:M14
Boundary:(450.2, 508.6)(450.2, 576.2)(373.1, 576.2)(373.1, 591.8)(231.3, 591.8)(231.3, 508.6);GATE
Port:(231.3, 521.9)(235.9, 521.9)(235.9, 578.5)(231.3, 578.5);SD
Port:(450.2, 508.6)(450.2, 576.2)(373.1, 576.2)(373.1, 591.8)(238.9, 591.8)(238.9, 508.6);GATE
Port:(439.6, 514.4)(445.4, 514.4)(445.4, 569.4)(439.6, 569.4);SD
Module:M9
Boundary:(429.1, 631.8)(429.1, 693.1)(283.8, 693.1)(283.8, 631.8);GATE
Port:(283.8, 645.4)(288.7, 645.4)(288.7, 679.5)(283.8, 679.5);SD
Port:(429.1, 631.8)(429.1, 693.1)(291.6, 693.1)(291.6, 631.8);GATE
Port:(417.4, 638.3)(423.6, 638.3)(423.6, 686.6)(417.4, 686.6);SD
Module:M5
Boundary:(245.6, 20.0)(316.7, 20.0)(316.7, 193.2)(245.6, 193.2);GATE
Port:(258.6, 187.6)(303.7, 187.6)(303.7, 193.2)(258.6, 193.2);SD
Port:(245.6, 20.0)(316.7, 20.0)(316.7, 185.6)(245.6, 185.6);GATE
Port:(251.7, 25.1)(310.6, 25.1)(310.6, 31.4)(251.7, 31.4);SD
Module:M11
Boundary:(263.8, 631.8)(263.8, 667.6)(263.6, 667.6)(263.6, 682.9)(161.3, 682.9)(161.3, 631.8);GATE
Port:(161.3, 646.3)(165.4, 646.3)(165.4, 668.4)(161.3, 668.4);SD
Port:(263.8, 631.8)(263.8, 667.6)(263.6, 667.6)(263.6, 682.9)(166.5, 682.9)(166.5, 631.8);GATE
Port:(251.3, 637.8)(258.8, 637.8)(258.8, 661.6)(251.3, 661.6);SD
Module:M1
Boundary:(30.0, 30.0)(88.6, 30.0)(88.6, 30.0)(102.4, 30.0)(102.4, 219.9)(30.0, 219.9);GATE
Port:(42.1, 215.5)(90.3, 215.5)(90.3, 219.9)(42.1, 219.9);SD
Port:(30.0, 30.0)(88.6, 30.0)(88.6, 30.0)(102.4, 30.0)(102.4, 214.3)(30.0, 214.3);GATE
Port:(35.5, 34.5)(83.1, 34.5)(83.1, 40.2)(35.5, 40.2);SD
Module:M6
Boundary:(346.7, 10.0)(441.0, 10.0)(441.0, 10.2)(456.9, 10.2)(456.9, 109.4)(346.7, 109.4);GATE
Port:(358.9, 105.0)(444.7, 105.0)(444.7, 109.4)(358.9, 109.4);SD
Port:(346.7, 10.0)(441.0, 10.0)(441.0, 10.2)(456.9, 10.2)(456.9, 102.1)(346.7, 102.1);GATE
Port:(352.1, 14.4)(435.6, 14.4)(435.6, 19.0)(352.1, 19.0);SD
Module:M2
Boundary:(326.6, 375.3)(326.6, 457.6)(147.9, 457.6)(147.9, 375.3);GATE
Port:(147.9, 389.3)(153.6, 389.3)(153.6, 443.6)(147.9, 443.6);SD
Port:(326.6, 375.3)(326.6, 457.6)(155.3, 457.6)(155.3, 375.3);GATE
Port:(314.6, 382.1)(320.8, 382.1)(320.8, 450.8)(314.6, 450.8);SD
Module:M16
Boundary:(349.1, 129.4)(458.2, 129.4)(458.2, 280.8)(349.1, 280.8);GATE
Port:(364.3, 276.1)(443.0, 276.1)(443.0, 280.8)(364.3, 280.8);SD
Port:(349.1, 129.4)(458.2, 129.4)(458.2, 273.8)(349.1, 273.8);GATE
Port:(355.5, 134.8)(451.8, 134.8)(451.8, 141.3)(355.5, 141.3);SD
Module:M13
Boundary:(356.6, 300.8)(452.6, 300.8)(452.6, 301.2)(468.2, 301.2)(468.2, 468.6)(356.6, 468.6);GATE
Port:(369.6, 463.6)(455.2, 463.6)(455.2, 468.6)(369.6, 468.6);SD
Port:(356.6, 300.8)(452.6, 300.8)(452.6, 301.2)(468.2, 301.2)(468.2, 461.7)(356.6, 461.7);GATE
Port:(363.0, 306.2)(446.2, 306.2)(446.2, 312.0)(363.0, 312.0);SD
Module:M10
Boundary:(141.3, 582.4)(141.3, 676.4)(10.0, 676.4)(10.0, 582.4);GATE
Port:(10.0, 595.9)(14.4, 595.9)(14.4, 662.9)(10.0, 662.9);SD
Port:(141.3, 582.4)(141.3, 676.4)(15.8, 676.4)(15.8, 582.4);GATE
Port:(130.3, 587.7)(137.0, 587.7)(137.0, 671.1)(130.3, 671.1);SD
Module:M7
Boundary:(181.3, 497.6)(181.3, 552.4)(20.0, 552.4)(20.0, 497.6);GATE
Port:(20.0, 512.9)(25.4, 512.9)(25.4, 537.1)(20.0, 537.1);SD
Port:(181.3, 497.6)(181.3, 552.4)(27.4, 552.4)(27.4, 497.6);GATE
Port:(169.5, 503.2)(176.7, 503.2)(176.7, 546.8)(169.5, 546.8);SD
Module:M3
Boundary:(148.6, 246.7)(224.9, 246.7)(224.9, 246.8)(240.1, 246.8)(240.1, 345.3)(148.6, 345.3);GATE
Port:(160.4, 341.0)(228.3, 341.0)(228.3, 345.3)(160.4, 345.3);SD
Port:(148.6, 246.7)(224.9, 246.7)(224.9, 246.8)(240.1, 246.8)(240.1, 339.4)(148.6, 339.4);GATE
Port:(153.7, 250.8)(219.8, 250.8)(219.8, 256.7)(153.7, 256.7);SD
Module:M15
Boundary:(260.1, 223.2)(312.7, 223.2)(312.7, 223.4)(329.1, 223.4)(329.1, 335.3)(260.1, 335.3);GATE
Port:(275.0, 330.6)(314.2, 330.6)(314.2, 335.3)(275.0, 335.3);SD
Port:(260.1, 223.2)(312.7, 223.2)(312.7, 223.4)(329.1, 223.4)(329.1, 329.0)(260.1, 329.0);GATE
Port:(266.2, 228.3)(306.6, 228.3)(306.6, 235.3)(266.2, 235.3);SD
Module:M12
Boundary:(142.4, 10.0)(197.2, 10.0)(197.2, 10.1)(215.6, 10.1)(215.6, 226.7)(142.4, 226.7);GATE
Port:(156.7, 220.8)(201.3, 220.8)(201.3, 226.7)(156.7, 226.7);SD
Port:(142.4, 10.0)(197.2, 10.0)(197.2, 10.1)(215.6, 10.1)(215.6, 218.6)(142.4, 218.6);GATE
Port:(148.8, 15.4)(190.8, 15.4)(190.8, 21.3)(148.8, 21.3);SD
Module:M8
Boundary:(118.6, 269.9)(118.6, 304.3)(118.4, 304.3)(118.4, 318.7)(20.0, 318.7)(20.0, 269.9);GATE
Port:(20.0, 283.8)(25.6, 283.8)(25.6, 304.8)(20.0, 304.8);SD
Port:(118.6, 269.9)(118.6, 304.3)(118.4, 304.3)(118.4, 318.7)(26.8, 318.7)(26.8, 269.9);GATE
Port:(106.6, 276.6)(112.9, 276.6)(112.9, 297.6)(106.6, 297.6);SD
Module:M4
Boundary:(107.9, 358.7)(107.9, 434.9)(107.5, 434.9)(107.5, 453.7)(20.0, 453.7)(20.0, 358.7);GATE
Port:(20.0, 374.2)(24.8, 374.2)(24.8, 438.2)(20.0, 438.2);SD
Port:(107.9, 358.7)(107.9, 434.9)(107.5, 434.9)(107.5, 453.7)(27.0, 453.7)(27.0, 358.7);GATE
Port:(95.8, 364.7)(102.9, 364.7)(102.9, 428.9)(95.8, 428.9);SD
