Area:(-30.0, -30.0)(683.2, -30.0)(683.2, 559.2)(-30.0, 559.2)
Rule:GATE(5,5);SD(5,5);GATE_SD(0.5);GATE_ITO(0.5);SD_ITO(0.5)
Module:M14
Boundary:(616.1, 407.2)(616.1, 502.5)(457.2, 502.5)(457.2, 407.2);GATE
Port:(457.2, 421.6)(461.7, 421.6)(461.7, 488.1)(457.2, 488.1);SD
Port:(616.1, 407.2)(616.1, 502.5)(462.7, 502.5)(462.7, 407.2);GATE
Port:(604.1, 413.9)(610.4, 413.9)(610.4, 495.8)(604.1, 495.8);SD
Module:M9
Boundary:(10.0, 10.0)(70.9, 10.0)(70.9, 10.0)(85.8, 10.0)(85.8, 201.6)(10.0, 201.6);GATE
Port:(22.5, 197.0)(73.3, 197.0)(73.3, 201.6)(22.5, 201.6);SD
Port:(10.0, 10.0)(70.9, 10.0)(70.9, 10.0)(85.8, 10.0)(85.8, 195.7)(10.0, 195.7);GATE
Port:(15.7, 14.7)(65.2, 14.7)(65.2, 20.2)(15.7, 20.2);SD
Module:M5
Boundary:(157.1, 262.0)(250.4, 262.0)(250.4, 377.0)(157.1, 377.0);GATE
Port:(169.5, 371.3)(238.0, 371.3)(238.0, 377.0)(169.5, 377.0);SD
Port:(157.1, 262.0)(250.4, 262.0)(250.4, 370.3)(157.1, 370.3);GATE
Port:(162.3, 266.2)(245.2, 266.2)(245.2, 272.8)(162.3, 272.8);SD
Module:M11
Boundary:(436.6, 10.0)(483.9, 10.0)(483.9, 10.1)(497.3, 10.1)(497.3, 126.9)(436.6, 126.9);GATE
Port:(450.5, 122.7)(483.4, 122.7)(483.4, 126.9)(450.5, 126.9);SD
Port:(436.6, 10.0)(483.9, 10.0)(483.9, 10.1)(497.3, 10.1)(497.3, 119.8)(436.6, 119.8);GATE
Port:(443.3, 15.7)(477.2, 15.7)(477.2, 22.2)(443.3, 22.2);SD
Module:M1
Boundary:(300.4, 272.0)(397.2, 272.0)(397.2, 394.1)(300.4, 394.1);GATE
Port:(312.7, 388.6)(384.9, 388.6)(384.9, 394.1)(312.7, 394.1);SD
Port:(300.4, 272.0)(397.2, 272.0)(397.2, 386.0)(300.4, 386.0);GATE
Port:(305.8, 276.4)(391.8, 276.4)(391.8, 281.5)(305.8, 281.5);SD
Module:M6
Boundary:(404.3, 434.1)(404.3, 506.1)(404.2, 506.1)(404.2, 519.2)(280.4, 519.2)(280.4, 434.1);GATE
Port:(280.4, 447.3)(285.0, 447.3)(285.0, 506.0)(280.4, 506.0);SD
Port:(404.3, 434.1)(404.3, 506.1)(404.2, 506.1)(404.2, 519.2)(286.8, 519.2)(286.8, 434.1);GATE
Port:(392.7, 440.7)(398.7, 440.7)(398.7, 499.5)(392.7, 499.5);SD
Module:M2
Boundary:(391.9, 140.1)(391.9, 206.0)(391.8, 206.0)(391.8, 222.0)(221.8, 222.0)(221.8, 140.1);GATE
Port:(221.8, 153.3)(227.5, 153.3)(227.5, 208.8)(221.8, 208.8);SD
Port:(391.9, 140.1)(391.9, 206.0)(391.8, 206.0)(391.8, 222.0)(228.7, 222.0)(228.7, 140.1);GATE
Port:(380.7, 146.3)(386.7, 146.3)(386.7, 199.8)(380.7, 199.8);SD
Module:M16
Boundary:(322.7, 10.0)(322.7, 110.1)(211.8, 110.1)(211.8, 10.0);GATE
Port:(211.8, 22.8)(217.8, 22.8)(217.8, 97.3)(211.8, 97.3);SD
Port:(322.7, 10.0)(322.7, 110.1)(219.2, 110.1)(219.2, 10.0);GATE
Port:(313.2, 15.5)(318.2, 15.5)(318.2, 104.6)(313.2, 104.6);SD
Module:M13
Boundary:(581.5, 137.6)(643.2, 137.6)(643.2, 365.9)(581.5, 365.9);GATE
Port:(594.9, 361.6)(629.8, 361.6)(629.8, 365.9)(594.9, 365.9);SD
Port:(581.5, 137.6)(643.2, 137.6)(643.2, 359.0)(581.5, 359.0);GATE
Port:(588.3, 143.4)(636.4, 143.4)(636.4, 149.0)(588.3, 149.0);SD
Module:M10
Boundary:(105.8, 10.0)(191.8, 10.0)(191.8, 212.5)(105.8, 212.5);GATE
Port:(119.0, 207.3)(178.6, 207.3)(178.6, 212.5)(119.0, 212.5);SD
Port:(105.8, 10.0)(191.8, 10.0)(191.8, 205.9)(105.8, 205.9);GATE
Port:(112.7, 15.9)(184.9, 15.9)(184.9, 21.6)(112.7, 21.6);SD
Module:M7
Boundary:(527.3, 20.0)(626.9, 20.0)(626.9, 107.6)(527.3, 107.6);GATE
Port:(541.5, 102.1)(612.7, 102.1)(612.7, 107.6)(541.5, 107.6);SD
Port:(527.3, 20.0)(626.9, 20.0)(626.9, 100.6)(527.3, 100.6);GATE
Port:(534.0, 25.7)(620.2, 25.7)(620.2, 31.3)(534.0, 31.3);SD
Module:M3
Boundary:(437.2, 250.6)(561.5, 250.6)(561.5, 367.2)(437.2, 367.2);GATE
Port:(451.7, 362.1)(547.0, 362.1)(547.0, 367.2)(451.7, 367.2);SD
Port:(437.2, 250.6)(561.5, 250.6)(561.5, 359.2)(437.2, 359.2);GATE
Port:(443.0, 255.4)(555.7, 255.4)(555.7, 262.0)(443.0, 262.0);SD
Module:M15
Boundary:(550.2, 146.9)(550.2, 213.2)(549.9, 213.2)(549.9, 230.6)(421.9, 230.6)(421.9, 146.9);GATE
Port:(421.9, 159.0)(426.3, 159.0)(426.3, 218.5)(421.9, 218.5);SD
Port:(550.2, 146.9)(550.2, 213.2)(549.9, 213.2)(549.9, 230.6)(429.0, 230.6)(429.0, 146.9);GATE
Port:(541.4, 152.1)(546.0, 152.1)(546.0, 208.0)(541.4, 208.0);SD
Module:M12
Boundary:(235.3, 421.9)(235.3, 518.8)(10.0, 518.8)(10.0, 421.9);GATE
Port:(10.0, 435.5)(14.9, 435.5)(14.9, 505.2)(10.0, 505.2);SD
Port:(235.3, 421.9)(235.3, 518.8)(16.4, 518.8)(16.4, 421.9);GATE
Port:(224.5, 428.2)(230.0, 428.2)(230.0, 512.5)(224.5, 512.5);SD
Module:M8
Boundary:(20.0, 242.5)(117.1, 242.5)(117.1, 391.9)(20.0, 391.9);GATE
Port:(33.2, 386.8)(103.9, 386.8)(103.9, 391.9)(33.2, 391.9);SD
Port:(20.0, 242.5)(117.1, 242.5)(117.1, 384.7)(20.0, 384.7);GATE
Port:(25.8, 247.3)(111.3, 247.3)(111.3, 253.5)(25.8, 253.5);SD
Module:M4
Boundary:(352.7, 20.0)(388.8, 20.0)(388.8, 20.1)(406.6, 20.1)(406.6, 91.9)(352.7, 91.9);GATE
Port:(367.6, 86.3)(391.7, 86.3)(391.7, 91.9)(367.6, 91.9);SD
Port:(352.7, 20.0)(388.8, 20.0)(388.8, 20.1)(406.6, 20.1)(406.6, 83.9)(352.7, 83.9);GATE
Port:(358.1, 24.4)(383.4, 24.4)(383.4, 31.6)(358.1, 31.6);SD
