Area:(-30.0, -30.0)(370.4, -30.0)(370.4, 1088.7)(-30.0, 1088.7)
Rule:GATE(5,5);SD(5,5);GATE_SD(0.5);GATE_ITO(0.5);SD_ITO(0.5)
Module:M14
Boundary:(311.8, 689.5)(311.8, 762.4)(224.1, 762.4)(224.1, 689.5);GATE
Port:(224.1, 703.9)(229.7, 703.9)(229.7, 748.0)(224.1, 748.0);SD
Port:(311.8, 689.5)(311.8, 762.4)(232.6, 762.4)(232.6, 689.5);GATE
Port:(300.3, 695.1)(307.2, 695.1)(307.2, 756.8)(300.3, 756.8);SD
Module:M9
Boundary:(330.1, 10.0)(330.1, 73.1)(330.0, 73.1)(330.0, 87.6)(185.3, 87.6)(185.3, 10.0);GATE
Port:(185.3, 23.5)(190.1, 23.5)(190.1, 74.1)(185.3, 74.1);SD
Port:(330.1, 10.0)(330.1, 73.1)(330.0, 73.1)(330.0, 87.6)(192.1, 87.6)(192.1, 10.0);GATE
Port:(318.2, 15.9)(325.2, 15.9)(325.2, 67.2)(318.2, 67.2);SD
Module:M5
Boundary:(155.4, 240.3)(217.6, 240.3)(217.6, 240.5)(232.6, 240.5)(232.6, 391.3)(155.4, 391.3);GATE
Port:(167.6, 386.3)(220.4, 386.3)(220.4, 391.3)(167.6, 391.3);SD
Port:(155.4, 240.3)(217.6, 240.3)(217.6, 240.5)(232.6, 240.5)(232.6, 384.2)(155.4, 384.2);GATE
Port:(162.2, 246.1)(210.8, 246.1)(210.8, 250.4)(162.2, 250.4);SD
Module:M11
Boundary:(262.6, 230.3)(330.4, 230.3)(330.4, 343.3)(262.6, 343.3);GATE
Port:(275.8, 339.1)(317.2, 339.1)(317.2, 343.3)(275.8, 343.3);SD
Port:(262.6, 230.3)(330.4, 230.3)(330.4, 338.0)(262.6, 338.0);GATE
Port:(267.6, 234.3)(325.4, 234.3)(325.4, 240.1)(267.6, 240.1);SD
Module:M1
Boundary:(209.5, 441.3)(289.9, 441.3)(289.9, 441.6)(306.1, 441.6)(306.1, 629.5)(209.5, 629.5);GATE
Port:(221.6, 624.7)(294.0, 624.7)(294.0, 629.5)(221.6, 629.5);SD
Port:(209.5, 441.3)(289.9, 441.3)(289.9, 441.6)(306.1, 441.6)(306.1, 622.8)(209.5, 622.8);GATE
Port:(215.0, 445.8)(284.4, 445.8)(284.4, 451.2)(215.0, 451.2);SD
Module:M6
Boundary:(10.0, 10.0)(80.1, 10.0)(80.1, 10.1)(96.8, 10.1)(96.8, 212.7)(10.0, 212.7);GATE
Port:(25.2, 208.6)(81.6, 208.6)(81.6, 212.7)(25.2, 212.7);SD
Port:(10.0, 10.0)(80.1, 10.0)(80.1, 10.1)(96.8, 10.1)(96.8, 207.2)(10.0, 207.2);GATE
Port:(16.2, 15.2)(73.9, 15.2)(73.9, 22.0)(16.2, 22.0);SD
Module:M2
Boundary:(149.2, 459.9)(149.2, 546.5)(20.0, 546.5)(20.0, 459.9);GATE
Port:(20.0, 474.8)(24.3, 474.8)(24.3, 531.6)(20.0, 531.6);SD
Port:(149.2, 459.9)(149.2, 546.5)(26.0, 546.5)(26.0, 459.9);GATE
Port:(137.6, 466.9)(143.2, 466.9)(143.2, 539.5)(137.6, 539.5);SD
Module:M16
Boundary:(116.8, 10.0)(150.0, 10.0)(150.0, 10.2)(165.3, 10.2)(165.3, 207.1)(116.8, 207.1);GATE
Port:(129.9, 202.4)(152.2, 202.4)(152.2, 207.1)(129.9, 207.1);SD
Port:(116.8, 10.0)(150.0, 10.0)(150.0, 10.2)(165.3, 10.2)(165.3, 200.5)(116.8, 200.5);GATE
Port:(122.5, 14.7)(144.3, 14.7)(144.3, 20.8)(122.5, 20.8);SD
Module:M13
Boundary:(169.5, 576.5)(169.5, 651.6)(169.3, 651.6)(169.3, 670.1)(10.0, 670.1)(10.0, 576.5);GATE
Port:(10.0, 592.0)(14.8, 592.0)(14.8, 654.6)(10.0, 654.6);SD
Port:(169.5, 576.5)(169.5, 651.6)(169.3, 651.6)(169.3, 670.1)(17.5, 670.1)(17.5, 576.5);GATE
Port:(157.5, 582.4)(164.6, 582.4)(164.6, 645.7)(157.5, 645.7);SD
Module:M10
Boundary:(317.1, 107.6)(317.1, 210.3)(185.3, 210.3)(185.3, 107.6);GATE
Port:(185.3, 122.2)(191.0, 122.2)(191.0, 195.7)(185.3, 195.7);SD
Port:(317.1, 107.6)(317.1, 210.3)(192.8, 210.3)(192.8, 107.6);GATE
Port:(305.4, 114.5)(311.2, 114.5)(311.2, 203.4)(305.4, 203.4);SD
Module:M7
Boundary:(174.1, 700.1)(174.1, 799.7)(20.0, 799.7)(20.0, 700.1);GATE
Port:(20.0, 713.9)(24.0, 713.9)(24.0, 785.9)(20.0, 785.9);SD
Port:(174.1, 700.1)(174.1, 799.7)(25.5, 799.7)(25.5, 700.1);GATE
Port:(163.1, 705.6)(169.6, 705.6)(169.6, 794.2)(163.1, 794.2);SD
Module:M3
Boundary:(125.4, 232.7)(125.4, 301.1)(125.4, 301.1)(125.4, 317.6)(10.0, 317.6)(10.0, 232.7);GATE
Port:(10.0, 246.5)(15.4, 246.5)(15.4, 303.8)(10.0, 303.8);SD
Port:(125.4, 232.7)(125.4, 301.1)(125.4, 301.1)(125.4, 317.6)(16.4, 317.6)(16.4, 232.7);GATE
Port:(113.5, 238.0)(121.1, 238.0)(121.1, 295.8)(113.5, 295.8);SD
Module:M15
Boundary:(279.4, 925.4)(279.4, 1048.7)(142.2, 1048.7)(142.2, 925.4);GATE
Port:(142.2, 939.7)(146.5, 939.7)(146.5, 1034.4)(142.2, 1034.4);SD
Port:(279.4, 925.4)(279.4, 1048.7)(149.4, 1048.7)(149.4, 925.4);GATE
Port:(267.8, 931.2)(274.6, 931.2)(274.6, 1042.9)(267.8, 1042.9);SD
Module:M12
Boundary:(10.0, 829.7)(107.0, 829.7)(107.0, 829.9)(122.2, 829.9)(122.2, 1037.5)(10.0, 1037.5);GATE
Port:(24.6, 1031.9)(107.6, 1031.9)(107.6, 1037.5)(24.6, 1037.5);SD
Port:(10.0, 829.7)(107.0, 829.7)(107.0, 829.9)(122.2, 829.9)(122.2, 1029.0)(10.0, 1029.0);GATE
Port:(16.3, 835.0)(100.7, 835.0)(100.7, 842.7)(16.3, 842.7);SD
Module:M8
Boundary:(214.1, 812.4)(292.9, 812.4)(292.9, 812.5)(307.9, 812.5)(307.9, 895.4)(214.1, 895.4);GATE
Port:(227.9, 889.5)(294.1, 889.5)(294.1, 895.4)(227.9, 895.4);SD
Port:(214.1, 812.4)(292.9, 812.4)(292.9, 812.5)(307.9, 812.5)(307.9, 887.8)(214.1, 887.8);GATE
Port:(219.5, 816.8)(287.5, 816.8)(287.5, 823.8)(219.5, 823.8);SD
Module:M4
Boundary:(20.0, 347.6)(97.5, 347.6)(97.5, 347.7)(112.5, 347.7)(112.5, 419.9)(20.0, 419.9);GATE
Port:(32.6, 414.0)(99.9, 414.0)(99.9, 419.9)(32.6, 419.9);SD
Port:(20.0, 347.6)(97.5, 347.6)(97.5, 347.7)(112.5, 347.7)(112.5, 411.6)(20.0, 411.6);GATE
Port:(26.1, 352.7)(91.4, 352.7)(91.4, 358.2)(26.1, 358.2);SD
