Area:(-30.0, -20.0)(702.4, -20.0)(702.4, 561.6)(-30.0, 561.6)
Rule:GATE(5,5);SD(5,5);GATE_SD(0.5);GATE_ITO(0.5);SD_ITO(0.5)
Module:M14
Boundary:(504.0, 30.0)(504.0, 110.7)(503.9, 110.7)(503.9, 126.0)(341.4, 126.0)(341.4, 30.0);GATE
Port:(341.4, 44.4)(345.9, 44.4)(345.9, 111.6)(341.4, 111.6);SD
Port:(504.0, 30.0)(504.0, 110.7)(503.9, 110.7)(503.9, 126.0)(347.0, 126.0)(347.0, 30.0);GATE
Port:(492.5, 36.0)(499.0, 36.0)(499.0, 104.7)(492.5, 104.7);SD
Module:M9
Boundary:(452.2, 170.3)(452.2, 274.8)(241.3, 274.8)(241.3, 170.3);GATE
Port:(241.3, 184.1)(245.7, 184.1)(245.7, 261.0)(241.3, 261.0);SD
Port:(452.2, 170.3)(452.2, 274.8)(247.9, 274.8)(247.9, 170.3);GATE
Port:(441.4, 176.3)(447.2, 176.3)(447.2, 268.8)(441.4, 268.8);SD
Module:M5
Boundary:(552.1, 330.9)(552.1, 376.5)(551.9, 376.5)(551.9, 390.2)(451.8, 390.2)(451.8, 330.9);GATE
Port:(451.8, 343.3)(456.9, 343.3)(456.9, 377.8)(451.8, 377.8);SD
Port:(552.1, 330.9)(552.1, 376.5)(551.9, 376.5)(551.9, 390.2)(459.3, 390.2)(459.3, 330.9);GATE
Port:(541.5, 336.6)(547.4, 336.6)(547.4, 370.8)(541.5, 370.8);SD
Module:M11
Boundary:(562.4, 191.0)(562.4, 283.1)(562.1, 283.1)(562.1, 300.9)(472.2, 300.9)(472.2, 191.0);GATE
Port:(472.2, 206.5)(476.3, 206.5)(476.3, 285.4)(472.2, 285.4);SD
Port:(562.4, 191.0)(562.4, 283.1)(562.1, 283.1)(562.1, 300.9)(478.3, 300.9)(478.3, 191.0);GATE
Port:(550.1, 197.7)(556.7, 197.7)(556.7, 276.4)(550.1, 276.4);SD
Module:M1
Boundary:(30.0, 30.0)(129.4, 30.0)(129.4, 30.4)(148.6, 30.4)(148.6, 130.7)(30.0, 130.7);GATE
Port:(47.2, 126.3)(131.4, 126.3)(131.4, 130.7)(47.2, 130.7);SD
Port:(30.0, 30.0)(129.4, 30.0)(129.4, 30.4)(148.6, 30.4)(148.6, 125.0)(30.0, 125.0);GATE
Port:(36.9, 35.9)(122.5, 35.9)(122.5, 43.8)(36.9, 43.8);SD
Module:M6
Boundary:(480.3, 422.4)(480.3, 521.6)(371.2, 521.6)(371.2, 422.4);GATE
Port:(371.2, 435.7)(375.2, 435.7)(375.2, 508.3)(371.2, 508.3);SD
Port:(480.3, 422.4)(480.3, 521.6)(377.2, 521.6)(377.2, 422.4);GATE
Port:(469.9, 429.0)(474.7, 429.0)(474.7, 515.0)(469.9, 515.0);SD
Module:M2
Boundary:(411.8, 304.8)(411.8, 378.4)(411.4, 378.4)(411.4, 392.4)(251.3, 392.4)(251.3, 304.8);GATE
Port:(251.3, 317.4)(255.9, 317.4)(255.9, 379.8)(251.3, 379.8);SD
Port:(411.8, 304.8)(411.8, 378.4)(411.4, 378.4)(411.4, 392.4)(257.3, 392.4)(257.3, 304.8);GATE
Port:(401.4, 310.1)(407.5, 310.1)(407.5, 373.1)(401.4, 373.1);SD
Module:M16
Boundary:(582.4, 191.0)(662.4, 191.0)(662.4, 397.6)(582.4, 397.6);GATE
Port:(597.1, 392.2)(647.7, 392.2)(647.7, 397.6)(597.1, 397.6);SD
Port:(582.4, 191.0)(662.4, 191.0)(662.4, 389.6)(582.4, 389.6);GATE
Port:(589.1, 196.7)(655.7, 196.7)(655.7, 203.9)(589.1, 203.9);SD
Module:M13
Boundary:(104.9, 438.3)(104.9, 503.5)(10.0, 503.5)(10.0, 438.3);GATE
Port:(10.0, 452.0)(15.8, 452.0)(15.8, 489.8)(10.0, 489.8);SD
Port:(104.9, 438.3)(104.9, 503.5)(18.1, 503.5)(18.1, 438.3);GATE
Port:(93.3, 444.2)(100.0, 444.2)(100.0, 497.6)(93.3, 497.6);SD
Module:M10
Boundary:(351.2, 429.4)(351.2, 505.0)(350.9, 505.0)(350.9, 518.9)(124.9, 518.9)(124.9, 429.4);GATE
Port:(124.9, 443.0)(130.0, 443.0)(130.0, 505.3)(124.9, 505.3);SD
Port:(351.2, 429.4)(351.2, 505.0)(350.9, 505.0)(350.9, 518.9)(131.0, 518.9)(131.0, 429.4);GATE
Port:(339.1, 435.9)(345.7, 435.9)(345.7, 498.5)(339.1, 498.5);SD
Module:M7
Boundary:(291.4, 20.0)(291.4, 122.9)(290.8, 122.9)(290.8, 140.3)(198.6, 140.3)(198.6, 20.0);GATE
Port:(198.6, 33.0)(203.0, 33.0)(203.0, 127.3)(198.6, 127.3);SD
Port:(291.4, 20.0)(291.4, 122.9)(290.8, 122.9)(290.8, 140.3)(204.7, 140.3)(204.7, 20.0);GATE
Port:(281.6, 25.1)(287.3, 25.1)(287.3, 117.8)(281.6, 117.8);SD
Module:M3
Boundary:(644.4, 420.2)(644.4, 519.7)(500.3, 519.7)(500.3, 420.2);GATE
Port:(500.3, 433.5)(504.6, 433.5)(504.6, 506.4)(500.3, 506.4);SD
Port:(644.4, 420.2)(644.4, 519.7)(505.6, 519.7)(505.6, 420.2);GATE
Port:(633.1, 425.9)(639.7, 425.9)(639.7, 514.0)(633.1, 514.0);SD
Module:M15
Boundary:(203.8, 320.8)(203.8, 409.4)(111.3, 409.4)(111.3, 320.8);GATE
Port:(111.3, 334.8)(116.4, 334.8)(116.4, 395.4)(111.3, 395.4);SD
Port:(203.8, 320.8)(203.8, 409.4)(118.8, 409.4)(118.8, 320.8);GATE
Port:(192.2, 326.7)(198.9, 326.7)(198.9, 403.5)(192.2, 403.5);SD
Module:M12
Boundary:(111.3, 170.7)(221.3, 170.7)(221.3, 300.8)(111.3, 300.8);GATE
Port:(124.5, 295.2)(208.1, 295.2)(208.1, 300.8)(124.5, 300.8);SD
Port:(111.3, 170.7)(221.3, 170.7)(221.3, 292.7)(111.3, 292.7);GATE
Port:(116.7, 175.1)(215.9, 175.1)(215.9, 180.6)(116.7, 180.6);SD
Module:M8
Boundary:(20.0, 180.7)(66.7, 180.7)(66.7, 180.9)(81.3, 180.9)(81.3, 408.3)(20.0, 408.3);GATE
Port:(32.7, 403.9)(68.6, 403.9)(68.6, 408.3)(32.7, 408.3);SD
Port:(20.0, 180.7)(66.7, 180.7)(66.7, 180.9)(81.3, 180.9)(81.3, 401.6)(20.0, 401.6);GATE
Port:(25.5, 185.2)(61.2, 185.2)(61.2, 191.3)(25.5, 191.3);SD
Module:M4
Boundary:(554.0, 20.0)(653.0, 20.0)(653.0, 161.0)(554.0, 161.0);GATE
Port:(567.8, 156.2)(639.2, 156.2)(639.2, 161.0)(567.8, 161.0);SD
Port:(554.0, 20.0)(653.0, 20.0)(653.0, 155.2)(554.0, 155.2);GATE
Port:(560.1, 25.1)(646.9, 25.1)(646.9, 30.6)(560.1, 30.6);SD
