Area:(-30.0, -30.0)(366.4, -30.0)(366.4, 1018.8)(-30.0, 1018.8)
Rule:GATE(5,5);SD(5,5);GATE_SD(0.5);GATE_ITO(0.5);SD_ITO(0.5)
Module:M14
Boundary:(246.4, 340.3)(301.1, 340.3)(301.1, 340.6)(313.9, 340.6)(313.9, 525.6)(246.4, 525.6);GATE
Port:(257.9, 520.4)(302.4, 520.4)(302.4, 525.6)(257.9, 525.6);SD
Port:(246.4, 340.3)(301.1, 340.3)(301.1, 340.6)(313.9, 340.6)(313.9, 519.1)(246.4, 519.1);GATE
Port:(252.1, 345.0)(295.4, 345.0)(295.4, 350.2)(252.1, 350.2);SD
Module:M9
Boundary:(238.4, 697.4)(238.4, 779.7)(10.0, 779.7)(10.0, 697.4);GATE
Port:(10.0, 710.2)(14.2, 710.2)(14.2, 766.9)(10.0, 766.9);SD
Port:(238.4, 697.4)(238.4, 779.7)(17.1, 779.7)(17.1, 697.4);GATE
Port:(228.2, 702.5)(234.3, 702.5)(234.3, 774.6)(228.2, 774.6);SD
Module:M5
Boundary:(161.8, 602.3)(161.8, 667.4)(20.0, 667.4)(20.0, 602.3);GATE
Port:(20.0, 615.5)(24.6, 615.5)(24.6, 654.2)(20.0, 654.2);SD
Port:(161.8, 602.3)(161.8, 667.4)(26.3, 667.4)(26.3, 602.3);GATE
Port:(151.1, 607.9)(157.2, 607.9)(157.2, 661.8)(151.1, 661.8);SD
Module:M11
Boundary:(10.0, 799.7)(80.9, 799.7)(80.9, 799.8)(98.8, 799.8)(98.8, 900.8)(10.0, 900.8);GATE
Port:(23.7, 896.2)(85.1, 896.2)(85.1, 900.8)(23.7, 900.8);SD
Port:(10.0, 799.7)(80.9, 799.7)(80.9, 799.8)(98.8, 799.8)(98.8, 894.3)(10.0, 894.3);GATE
Port:(15.5, 804.2)(75.4, 804.2)(75.4, 810.7)(15.5, 810.7);SD
Module:M1
Boundary:(313.8, 30.0)(313.8, 124.5)(132.4, 124.5)(132.4, 30.0);GATE
Port:(132.4, 42.7)(136.6, 42.7)(136.6, 111.8)(132.4, 111.8);SD
Port:(313.8, 30.0)(313.8, 124.5)(137.9, 124.5)(137.9, 30.0);GATE
Port:(302.9, 35.3)(309.5, 35.3)(309.5, 119.2)(302.9, 119.2);SD
Module:M6
Boundary:(228.2, 164.5)(304.3, 164.5)(304.3, 292.6)(228.2, 292.6);GATE
Port:(240.6, 287.6)(291.9, 287.6)(291.9, 292.6)(240.6, 292.6);SD
Port:(228.2, 164.5)(304.3, 164.5)(304.3, 286.2)(228.2, 286.2);GATE
Port:(234.8, 170.1)(297.7, 170.1)(297.7, 175.4)(234.8, 175.4);SD
Module:M2
Boundary:(314.3, 826.6)(314.3, 895.2)(128.8, 895.2)(128.8, 826.6);GATE
Port:(128.8, 840.9)(133.1, 840.9)(133.1, 880.9)(128.8, 880.9);SD
Port:(314.3, 826.6)(314.3, 895.2)(135.3, 895.2)(135.3, 826.6);GATE
Port:(302.8, 833.1)(308.8, 833.1)(308.8, 888.7)(302.8, 888.7);SD
Module:M16
Boundary:(10.0, 320.3)(95.6, 320.3)(95.6, 424.5)(10.0, 424.5);GATE
Port:(23.6, 419.9)(82.0, 419.9)(82.0, 424.5)(23.6, 424.5);SD
Port:(10.0, 320.3)(95.6, 320.3)(95.6, 417.0)(10.0, 417.0);GATE
Port:(15.9, 325.2)(89.7, 325.2)(89.7, 331.7)(15.9, 331.7);SD
Module:M13
Boundary:(116.3, 925.2)(116.3, 962.1)(116.1, 962.1)(116.1, 978.8)(10.0, 978.8)(10.0, 925.2);GATE
Port:(10.0, 939.9)(15.8, 939.9)(15.8, 964.1)(10.0, 964.1);SD
Port:(116.3, 925.2)(116.3, 962.1)(116.1, 962.1)(116.1, 978.8)(17.0, 978.8)(17.0, 925.2);GATE
Port:(104.3, 931.8)(110.7, 931.8)(110.7, 955.5)(104.3, 955.5);SD
Module:M10
Boundary:(10.0, 10.0)(76.1, 10.0)(76.1, 10.0)(92.4, 10.0)(92.4, 188.0)(10.0, 188.0);GATE
Port:(23.0, 182.7)(79.4, 182.7)(79.4, 188.0)(23.0, 188.0);SD
Port:(10.0, 10.0)(76.1, 10.0)(76.1, 10.0)(92.4, 10.0)(92.4, 180.7)(10.0, 180.7);GATE
Port:(16.5, 15.5)(69.6, 15.5)(69.6, 20.5)(16.5, 20.5);SD
Module:M7
Boundary:(183.6, 481.5)(183.6, 562.3)(20.0, 562.3)(20.0, 481.5);GATE
Port:(20.0, 494.1)(25.2, 494.1)(25.2, 549.7)(20.0, 549.7);SD
Port:(183.6, 481.5)(183.6, 562.3)(26.6, 562.3)(26.6, 481.5);GATE
Port:(173.6, 487.8)(178.3, 487.8)(178.3, 556.0)(173.6, 556.0);SD
Module:M3
Boundary:(208.2, 208.0)(208.2, 282.7)(208.1, 282.7)(208.1, 300.3)(10.0, 300.3)(10.0, 208.0);GATE
Port:(10.0, 223.8)(14.4, 223.8)(14.4, 284.5)(10.0, 284.5);SD
Port:(208.2, 208.0)(208.2, 282.7)(208.1, 282.7)(208.1, 300.3)(16.2, 300.3)(16.2, 208.0);GATE
Port:(194.9, 214.8)(202.4, 214.8)(202.4, 275.9)(194.9, 275.9);SD
Module:M15
Boundary:(326.4, 925.2)(326.4, 978.0)(136.3, 978.0)(136.3, 925.2);GATE
Port:(136.3, 939.4)(141.2, 939.4)(141.2, 963.8)(136.3, 963.8);SD
Port:(326.4, 925.2)(326.4, 978.0)(143.7, 978.0)(143.7, 925.2);GATE
Port:(314.6, 931.2)(321.4, 931.2)(321.4, 972.0)(314.6, 972.0);SD
Module:M12
Boundary:(115.6, 320.3)(206.4, 320.3)(206.4, 451.5)(115.6, 451.5);GATE
Port:(129.7, 447.1)(192.3, 447.1)(192.3, 451.5)(129.7, 451.5);SD
Port:(115.6, 320.3)(206.4, 320.3)(206.4, 446.0)(115.6, 446.0);GATE
Port:(120.9, 324.6)(201.1, 324.6)(201.1, 331.5)(120.9, 331.5);SD
Module:M8
Boundary:(317.6, 575.6)(317.6, 655.4)(223.6, 655.4)(223.6, 575.6);GATE
Port:(223.6, 589.4)(229.3, 589.4)(229.3, 641.6)(223.6, 641.6);SD
Port:(317.6, 575.6)(317.6, 655.4)(230.9, 655.4)(230.9, 575.6);GATE
Port:(306.9, 582.0)(312.2, 582.0)(312.2, 649.0)(306.9, 649.0);SD
Module:M4
Boundary:(268.4, 695.4)(302.0, 695.4)(302.0, 695.5)(319.1, 695.5)(319.1, 786.6)(268.4, 786.6);GATE
Port:(281.6, 781.6)(305.9, 781.6)(305.9, 786.6)(281.6, 786.6);SD
Port:(268.4, 695.4)(302.0, 695.4)(302.0, 695.5)(319.1, 695.5)(319.1, 780.4)(268.4, 780.4);GATE
Port:(273.4, 699.4)(297.0, 699.4)(297.0, 705.3)(273.4, 705.3);SD
