Area:(-30.0, -30.0)(891.6, -30.0)(891.6, 430.2)(-30.0, 430.2)
Rule:GATE(5,5);SD(5,5);GATE_SD(0.5);GATE_ITO(0.5);SD_ITO(0.5)
Module:M14
Boundary:(518.4, 150.5)(518.4, 230.3)(386.0, 230.3)(386.0, 150.5);GATE
Port:(386.0, 163.3)(390.5, 163.3)(390.5, 217.5)(386.0, 217.5);SD
Port:(518.4, 150.5)(518.4, 230.3)(393.4, 230.3)(393.4, 150.5);GATE
Port:(508.4, 155.8)(514.1, 155.8)(514.1, 225.0)(508.4, 225.0);SD
Module:M9
Boundary:(747.6, 142.0)(747.6, 197.0)(747.6, 197.0)(747.6, 215.0)(651.1, 215.0)(651.1, 142.0);GATE
Port:(651.1, 156.6)(656.7, 156.6)(656.7, 200.4)(651.1, 200.4);SD
Port:(747.6, 142.0)(747.6, 197.0)(747.6, 197.0)(747.6, 215.0)(659.0, 215.0)(659.0, 142.0);GATE
Port:(735.9, 147.7)(742.9, 147.7)(742.9, 191.3)(735.9, 191.3);SD
Module:M5
Boundary:(192.4, 20.0)(242.7, 20.0)(242.7, 225.6)(192.4, 225.6);GATE
Port:(206.5, 219.6)(228.6, 219.6)(228.6, 225.6)(206.5, 225.6);SD
Port:(192.4, 20.0)(242.7, 20.0)(242.7, 217.1)(192.4, 217.1);GATE
Port:(199.0, 25.6)(236.1, 25.6)(236.1, 31.3)(199.0, 31.3);SD
Module:M11
Boundary:(156.1, 94.9)(156.1, 205.9)(10.0, 205.9)(10.0, 94.9);GATE
Port:(10.0, 108.4)(15.0, 108.4)(15.0, 192.4)(10.0, 192.4);SD
Port:(156.1, 94.9)(156.1, 205.9)(16.0, 205.9)(16.0, 94.9);GATE
Port:(144.7, 100.8)(151.2, 100.8)(151.2, 200.0)(144.7, 200.0);SD
Module:M1
Boundary:(841.3, 255.0)(841.3, 360.0)(707.0, 360.0)(707.0, 255.0);GATE
Port:(707.0, 271.1)(712.0, 271.1)(712.0, 343.9)(707.0, 343.9);SD
Port:(841.3, 255.0)(841.3, 360.0)(713.2, 360.0)(713.2, 255.0);GATE
Port:(828.0, 261.7)(835.6, 261.7)(835.6, 353.3)(828.0, 353.3);SD
Module:M6
Boundary:(575.3, 264.7)(667.0, 264.7)(667.0, 380.4)(575.3, 380.4);GATE
Port:(588.6, 375.7)(653.7, 375.7)(653.7, 380.4)(588.6, 380.4);SD
Port:(575.3, 264.7)(667.0, 264.7)(667.0, 373.0)(575.3, 373.0);GATE
Port:(581.9, 270.3)(660.4, 270.3)(660.4, 276.5)(581.9, 276.5);SD
Module:M2
Boundary:(282.7, 20.0)(318.7, 20.0)(318.7, 20.2)(336.0, 20.2)(336.0, 244.6)(282.7, 244.6);GATE
Port:(296.9, 238.9)(321.8, 238.9)(321.8, 244.6)(296.9, 244.6);SD
Port:(282.7, 20.0)(318.7, 20.0)(318.7, 20.2)(336.0, 20.2)(336.0, 237.0)(282.7, 237.0);GATE
Port:(289.3, 25.6)(312.1, 25.6)(312.1, 31.5)(289.3, 31.5);SD
Module:M16
Boundary:(162.4, 10.0)(162.4, 58.0)(162.2, 58.0)(162.2, 74.9)(10.0, 74.9)(10.0, 10.0);GATE
Port:(10.0, 21.6)(15.5, 21.6)(15.5, 63.3)(10.0, 63.3);SD
Port:(162.4, 10.0)(162.4, 58.0)(162.2, 58.0)(162.2, 74.9)(17.8, 74.9)(17.8, 10.0);GATE
Port:(153.7, 15.0)(158.4, 15.0)(158.4, 53.0)(153.7, 53.0);SD
Module:M13
Boundary:(265.8, 274.6)(374.5, 274.6)(374.5, 390.2)(265.8, 390.2);GATE
Port:(280.2, 384.4)(360.1, 384.4)(360.1, 390.2)(280.2, 390.2);SD
Port:(265.8, 274.6)(374.5, 274.6)(374.5, 382.4)(265.8, 382.4);GATE
Port:(271.3, 279.1)(369.0, 279.1)(369.0, 286.0)(271.3, 286.0);SD
Module:M10
Boundary:(566.9, 142.0)(631.1, 142.0)(631.1, 244.7)(566.9, 244.7);GATE
Port:(580.0, 240.2)(618.0, 240.2)(618.0, 244.7)(580.0, 244.7);SD
Port:(566.9, 142.0)(631.1, 142.0)(631.1, 238.7)(566.9, 238.7);GATE
Port:(572.5, 146.6)(625.5, 146.6)(625.5, 152.5)(572.5, 152.5);SD
Module:M7
Boundary:(782.7, 20.0)(834.4, 20.0)(834.4, 20.3)(851.6, 20.3)(851.6, 184.7)(782.7, 184.7);GATE
Port:(796.3, 179.3)(838.0, 179.3)(838.0, 184.7)(796.3, 184.7);SD
Port:(782.7, 20.0)(834.4, 20.0)(834.4, 20.3)(851.6, 20.3)(851.6, 176.3)(782.7, 176.3);GATE
Port:(788.7, 25.0)(828.4, 25.0)(828.4, 30.5)(788.7, 30.5);SD
Module:M3
Boundary:(555.3, 270.3)(555.3, 349.4)(555.2, 349.4)(555.2, 369.0)(394.5, 369.0)(394.5, 270.3);GATE
Port:(394.5, 286.4)(399.9, 286.4)(399.9, 352.9)(394.5, 352.9);SD
Port:(555.3, 270.3)(555.3, 349.4)(555.2, 349.4)(555.2, 369.0)(402.0, 369.0)(402.0, 270.3);GATE
Port:(542.7, 276.5)(550.1, 276.5)(550.1, 343.2)(542.7, 343.2);SD
Module:M15
Boundary:(752.7, 10.0)(752.7, 102.7)(752.4, 102.7)(752.4, 122.0)(566.9, 122.0)(566.9, 10.0);GATE
Port:(566.9, 23.5)(571.3, 23.5)(571.3, 108.5)(566.9, 108.5);SD
Port:(752.7, 10.0)(752.7, 102.7)(752.4, 102.7)(752.4, 122.0)(573.2, 122.0)(573.2, 10.0);GATE
Port:(742.6, 15.2)(748.5, 15.2)(748.5, 97.5)(742.6, 97.5);SD
Module:M12
Boundary:(546.9, 10.0)(546.9, 97.1)(546.9, 97.1)(546.9, 110.5)(366.0, 110.5)(366.0, 10.0);GATE
Port:(366.0, 23.3)(371.2, 23.3)(371.2, 97.2)(366.0, 97.2);SD
Port:(546.9, 10.0)(546.9, 97.1)(546.9, 97.1)(546.9, 110.5)(372.3, 110.5)(372.3, 10.0);GATE
Port:(535.1, 16.8)(541.1, 16.8)(541.1, 90.3)(535.1, 90.3);SD
Module:M8
Boundary:(20.0, 235.9)(101.1, 235.9)(101.1, 235.9)(116.7, 235.9)(116.7, 376.2)(20.0, 376.2);GATE
Port:(33.4, 370.8)(103.3, 370.8)(103.3, 376.2)(33.4, 376.2);SD
Port:(20.0, 235.9)(101.1, 235.9)(101.1, 235.9)(116.7, 235.9)(116.7, 367.8)(20.0, 367.8);GATE
Port:(26.1, 241.0)(95.0, 241.0)(95.0, 247.5)(26.1, 247.5);SD
Module:M4
Boundary:(156.7, 265.6)(219.9, 265.6)(219.9, 265.9)(235.8, 265.9)(235.8, 380.3)(156.7, 380.3);GATE
Port:(168.4, 375.3)(224.1, 375.3)(224.1, 380.3)(168.4, 380.3);SD
Port:(156.7, 265.6)(219.9, 265.6)(219.9, 265.9)(235.8, 265.9)(235.8, 372.8)(156.7, 372.8);GATE
Port:(162.1, 270.0)(214.5, 270.0)(214.5, 275.1)(162.1, 275.1);SD
