Area:(-30.0, -30.0)(702.3, -30.0)(702.3, 558.4)(-30.0, 558.4)
Rule:GATE(5,5);SD(5,5);GATE_SD(0.5);GATE_ITO(0.5);SD_ITO(0.5)
Module:M14
Boundary:(293.6, 333.4)(293.6, 382.6)(293.6, 382.6)(293.6, 397.9)(173.5, 397.9)(173.5, 333.4);GATE
Port:(173.5, 346.6)(179.4, 346.6)(179.4, 384.7)(173.5, 384.7);SD
Port:(293.6, 333.4)(293.6, 382.6)(293.6, 382.6)(293.6, 397.9)(181.2, 397.9)(181.2, 333.4);GATE
Port:(282.1, 340.3)(287.7, 340.3)(287.7, 375.7)(282.1, 375.7);SD
Module:M9
Boundary:(539.3, 10.0)(642.9, 10.0)(642.9, 10.2)(660.7, 10.2)(660.7, 232.9)(539.3, 232.9);GATE
Port:(551.6, 228.8)(648.4, 228.8)(648.4, 232.9)(551.6, 232.9);SD
Port:(539.3, 10.0)(642.9, 10.0)(642.9, 10.2)(660.7, 10.2)(660.7, 227.1)(539.3, 227.1);GATE
Port:(544.4, 14.1)(637.8, 14.1)(637.8, 19.1)(544.4, 19.1);SD
Module:M5
Boundary:(547.2, 385.1)(654.0, 385.1)(654.0, 510.9)(547.2, 510.9);GATE
Port:(559.4, 506.9)(641.8, 506.9)(641.8, 510.9)(559.4, 510.9);SD
Port:(547.2, 385.1)(654.0, 385.1)(654.0, 504.8)(547.2, 504.8);GATE
Port:(552.4, 389.3)(648.8, 389.3)(648.8, 395.3)(552.4, 395.3);SD
Module:M11
Boundary:(662.3, 252.9)(662.3, 355.1)(518.7, 355.1)(518.7, 252.9);GATE
Port:(518.7, 268.6)(523.5, 268.6)(523.5, 339.4)(518.7, 339.4);SD
Port:(662.3, 252.9)(662.3, 355.1)(524.6, 355.1)(524.6, 252.9);GATE
Port:(649.4, 259.7)(656.5, 259.7)(656.5, 348.3)(649.4, 348.3);SD
Module:M1
Boundary:(447.5, 30.0)(483.6, 30.0)(483.6, 30.1)(499.3, 30.1)(499.3, 201.9)(447.5, 201.9);GATE
Port:(461.9, 196.5)(484.9, 196.5)(484.9, 201.9)(461.9, 201.9);SD
Port:(447.5, 30.0)(483.6, 30.0)(483.6, 30.1)(499.3, 30.1)(499.3, 194.2)(447.5, 194.2);GATE
Port:(454.0, 35.5)(477.1, 35.5)(477.1, 42.6)(454.0, 42.6);SD
Module:M6
Boundary:(340.3, 10.0)(390.4, 10.0)(390.4, 10.1)(407.5, 10.1)(407.5, 148.9)(340.3, 148.9);GATE
Port:(353.1, 144.8)(394.7, 144.8)(394.7, 148.9)(353.1, 148.9);SD
Port:(340.3, 10.0)(390.4, 10.0)(390.4, 10.1)(407.5, 10.1)(407.5, 142.4)(340.3, 142.4);GATE
Port:(345.8, 14.5)(384.9, 14.5)(384.9, 20.0)(345.8, 20.0);SD
Module:M2
Boundary:(20.0, 142.5)(101.7, 142.5)(101.7, 143.0)(114.9, 143.0)(114.9, 296.0)(20.0, 296.0);GATE
Port:(31.3, 291.6)(103.6, 291.6)(103.6, 296.0)(31.3, 296.0);SD
Port:(20.0, 142.5)(101.7, 142.5)(101.7, 143.0)(114.9, 143.0)(114.9, 290.5)(20.0, 290.5);GATE
Port:(26.1, 147.6)(95.6, 147.6)(95.6, 151.9)(26.1, 151.9);SD
Module:M16
Boundary:(517.2, 435.0)(517.2, 499.0)(380.8, 499.0)(380.8, 435.0);GATE
Port:(380.8, 448.5)(385.8, 448.5)(385.8, 485.5)(380.8, 485.5);SD
Port:(517.2, 435.0)(517.2, 499.0)(388.5, 499.0)(388.5, 435.0);GATE
Port:(506.0, 441.1)(512.1, 441.1)(512.1, 492.9)(506.0, 492.9);SD
Module:M13
Boundary:(314.4, 106.4)(314.4, 164.7)(314.2, 164.7)(314.2, 179.1)(153.5, 179.1)(153.5, 106.4);GATE
Port:(153.5, 117.7)(158.6, 117.7)(158.6, 167.8)(153.5, 167.8);SD
Port:(314.4, 106.4)(314.4, 164.7)(314.2, 164.7)(314.2, 179.1)(160.1, 179.1)(160.1, 106.4);GATE
Port:(304.9, 111.9)(309.9, 111.9)(309.9, 159.2)(304.9, 159.2);SD
Module:M10
Boundary:(133.5, 10.0)(133.5, 112.5)(10.0, 112.5)(10.0, 10.0);GATE
Port:(10.0, 23.5)(15.4, 23.5)(15.4, 99.0)(10.0, 99.0);SD
Port:(133.5, 10.0)(133.5, 112.5)(17.8, 112.5)(17.8, 10.0);GATE
Port:(123.2, 15.8)(128.7, 15.8)(128.7, 106.7)(123.2, 106.7);SD
Module:M7
Boundary:(350.8, 447.9)(350.8, 495.7)(350.7, 495.7)(350.7, 510.8)(132.8, 510.8)(132.8, 447.9);GATE
Port:(132.8, 461.2)(136.9, 461.2)(136.9, 497.5)(132.8, 497.5);SD
Port:(350.8, 447.9)(350.8, 495.7)(350.7, 495.7)(350.7, 510.8)(139.3, 510.8)(139.3, 447.9);GATE
Port:(340.3, 454.5)(345.2, 454.5)(345.2, 489.1)(340.3, 489.1);SD
Module:M3
Boundary:(332.7, 199.1)(332.7, 278.0)(332.5, 278.0)(332.5, 293.4)(153.5, 293.4)(153.5, 199.1);GATE
Port:(153.5, 211.6)(158.1, 211.6)(158.1, 280.9)(153.5, 280.9);SD
Port:(332.7, 199.1)(332.7, 278.0)(332.5, 278.0)(332.5, 293.4)(160.4, 293.4)(160.4, 199.1);GATE
Port:(322.4, 205.5)(327.3, 205.5)(327.3, 271.6)(322.4, 271.6);SD
Module:M15
Boundary:(320.3, 10.0)(320.3, 71.5)(320.0, 71.5)(320.0, 86.4)(153.5, 86.4)(153.5, 10.0);GATE
Port:(153.5, 22.5)(159.3, 22.5)(159.3, 73.9)(153.5, 73.9);SD
Port:(320.3, 10.0)(320.3, 71.5)(320.0, 71.5)(320.0, 86.4)(160.6, 86.4)(160.6, 10.0);GATE
Port:(310.2, 15.9)(315.4, 15.9)(315.4, 65.6)(310.2, 65.6);SD
Module:M12
Boundary:(10.0, 326.0)(102.8, 326.0)(102.8, 518.4)(10.0, 518.4);GATE
Port:(25.4, 513.1)(87.4, 513.1)(87.4, 518.4)(25.4, 518.4);SD
Port:(10.0, 326.0)(102.8, 326.0)(102.8, 511.1)(10.0, 511.1);GATE
Port:(16.9, 331.9)(95.9, 331.9)(95.9, 338.7)(16.9, 338.7);SD
Module:M8
Boundary:(487.1, 334.4)(487.1, 405.0)(343.6, 405.0)(343.6, 334.4);GATE
Port:(343.6, 346.5)(349.5, 346.5)(349.5, 392.9)(343.6, 392.9);SD
Port:(487.1, 334.4)(487.1, 405.0)(350.7, 405.0)(350.7, 334.4);GATE
Port:(476.6, 340.1)(482.4, 340.1)(482.4, 399.3)(476.6, 399.3);SD
Module:M4
Boundary:(488.7, 251.9)(488.7, 294.4)(362.7, 294.4)(362.7, 251.9);GATE
Port:(362.7, 263.4)(368.3, 263.4)(368.3, 282.9)(362.7, 282.9);SD
Port:(488.7, 251.9)(488.7, 294.4)(370.5, 294.4)(370.5, 251.9);GATE
Port:(478.8, 257.0)(484.6, 257.0)(484.6, 289.3)(478.8, 289.3);SD
