Area:(-30.0, -30.0)(723.0, -30.0)(723.0, 526.0)(-30.0, 526.0)
Rule:GATE(5,5);SD(5,5);GATE_SD(0.5);GATE_ITO(0.5);SD_ITO(0.5)
Module:M14
Boundary:(398.6, 235.6)(398.6, 316.0)(398.4, 316.0)(398.4, 331.9)(266.4, 331.9)(266.4, 235.6);GATE
Port:(266.4, 248.4)(272.3, 248.4)(272.3, 319.1)(266.4, 319.1);SD
Port:(398.6, 235.6)(398.6, 316.0)(398.4, 316.0)(398.4, 331.9)(274.0, 331.9)(274.0, 235.6);GATE
Port:(388.5, 241.1)(394.1, 241.1)(394.1, 310.5)(388.5, 310.5);SD
Module:M9
Boundary:(470.5, 128.0)(470.5, 195.6)(328.4, 195.6)(328.4, 128.0);GATE
Port:(328.4, 142.3)(332.6, 142.3)(332.6, 181.3)(328.4, 181.3);SD
Port:(470.5, 128.0)(470.5, 195.6)(335.5, 195.6)(335.5, 128.0);GATE
Port:(458.8, 133.9)(465.6, 133.9)(465.6, 189.7)(458.8, 189.7);SD
Module:M5
Boundary:(448.6, 259.7)(555.4, 259.7)(555.4, 364.3)(448.6, 364.3);GATE
Port:(462.9, 358.9)(541.1, 358.9)(541.1, 364.3)(462.9, 364.3);SD
Port:(448.6, 259.7)(555.4, 259.7)(555.4, 356.0)(448.6, 356.0);GATE
Port:(454.9, 265.0)(549.1, 265.0)(549.1, 270.8)(454.9, 270.8);SD
Module:M11
Boundary:(246.4, 10.0)(308.4, 10.0)(308.4, 169.8)(246.4, 169.8);GATE
Port:(258.7, 165.7)(296.1, 165.7)(296.1, 169.8)(258.7, 169.8);SD
Port:(246.4, 10.0)(308.4, 10.0)(308.4, 163.5)(246.4, 163.5);GATE
Port:(252.0, 14.6)(302.8, 14.6)(302.8, 20.6)(252.0, 20.6);SD
Module:M1
Boundary:(562.4, 414.3)(562.4, 460.8)(562.3, 460.8)(562.3, 475.2)(444.3, 475.2)(444.3, 414.3);GATE
Port:(444.3, 426.4)(449.8, 426.4)(449.8, 463.1)(444.3, 463.1);SD
Port:(562.4, 414.3)(562.4, 460.8)(562.3, 460.8)(562.3, 475.2)(451.6, 475.2)(451.6, 414.3);GATE
Port:(551.9, 420.2)(557.5, 420.2)(557.5, 454.9)(551.9, 454.9);SD
Module:M6
Boundary:(654.7, 10.0)(654.7, 92.0)(654.5, 92.0)(654.5, 108.0)(469.2, 108.0)(469.2, 10.0);GATE
Port:(469.2, 23.7)(473.2, 23.7)(473.2, 94.3)(469.2, 94.3);SD
Port:(654.7, 10.0)(654.7, 92.0)(654.5, 92.0)(654.5, 108.0)(475.1, 108.0)(475.1, 10.0);GATE
Port:(643.5, 16.5)(649.2, 16.5)(649.2, 85.5)(643.5, 85.5);SD
Module:M2
Boundary:(202.0, 404.8)(202.0, 486.0)(20.0, 486.0)(20.0, 404.8);GATE
Port:(20.0, 417.4)(25.8, 417.4)(25.8, 473.4)(20.0, 473.4);SD
Port:(202.0, 404.8)(202.0, 486.0)(28.4, 486.0)(28.4, 404.8);GATE
Port:(192.4, 410.3)(197.5, 410.3)(197.5, 480.5)(192.4, 480.5);SD
Module:M16
Boundary:(602.4, 249.7)(667.2, 249.7)(667.2, 249.8)(683.0, 249.8)(683.0, 466.3)(602.4, 466.3);GATE
Port:(615.1, 460.7)(670.3, 460.7)(670.3, 466.3)(615.1, 466.3);SD
Port:(602.4, 249.7)(667.2, 249.7)(667.2, 249.8)(683.0, 249.8)(683.0, 458.4)(602.4, 458.4);GATE
Port:(607.8, 254.1)(661.8, 254.1)(661.8, 260.5)(607.8, 260.5);SD
Module:M13
Boundary:(672.0, 128.0)(672.0, 229.7)(490.5, 229.7)(490.5, 128.0);GATE
Port:(490.5, 139.8)(494.8, 139.8)(494.8, 217.9)(490.5, 217.9);SD
Port:(672.0, 128.0)(672.0, 229.7)(497.4, 229.7)(497.4, 128.0);GATE
Port:(661.8, 133.6)(667.4, 133.6)(667.4, 224.1)(661.8, 224.1);SD
Module:M10
Boundary:(10.0, 107.9)(58.7, 107.9)(58.7, 108.1)(76.1, 108.1)(76.1, 247.8)(10.0, 247.8);GATE
Port:(21.8, 242.5)(64.3, 242.5)(64.3, 247.8)(21.8, 247.8);SD
Port:(10.0, 107.9)(58.7, 107.9)(58.7, 108.1)(76.1, 108.1)(76.1, 241.0)(10.0, 241.0);GATE
Port:(15.1, 112.0)(53.6, 112.0)(53.6, 116.4)(15.1, 116.4);SD
Module:M7
Boundary:(394.3, 381.9)(394.3, 448.3)(394.3, 448.3)(394.3, 464.4)(256.4, 464.4)(256.4, 381.9);GATE
Port:(256.4, 396.0)(261.2, 396.0)(261.2, 450.3)(256.4, 450.3);SD
Port:(394.3, 381.9)(394.3, 448.3)(394.3, 448.3)(394.3, 464.4)(263.2, 464.4)(263.2, 381.9);GATE
Port:(383.0, 387.1)(390.1, 387.1)(390.1, 443.1)(383.0, 443.1);SD
Module:M3
Boundary:(449.2, 10.0)(449.2, 91.2)(449.2, 91.2)(449.2, 106.6)(328.4, 106.6)(328.4, 10.0);GATE
Port:(328.4, 24.3)(333.5, 24.3)(333.5, 92.3)(328.4, 92.3);SD
Port:(449.2, 10.0)(449.2, 91.2)(449.2, 91.2)(449.2, 106.6)(334.9, 106.6)(334.9, 10.0);GATE
Port:(437.0, 16.3)(443.9, 16.3)(443.9, 84.9)(437.0, 84.9);SD
Module:M15
Boundary:(10.0, 10.0)(84.9, 10.0)(84.9, 10.3)(98.5, 10.3)(98.5, 87.9)(10.0, 87.9);GATE
Port:(24.0, 82.8)(84.5, 82.8)(84.5, 87.9)(24.0, 87.9);SD
Port:(10.0, 10.0)(84.9, 10.0)(84.9, 10.3)(98.5, 10.3)(98.5, 80.5)(10.0, 80.5);GATE
Port:(16.4, 15.4)(78.5, 15.4)(78.5, 22.4)(16.4, 22.4);SD
Module:M12
Boundary:(220.1, 152.1)(220.1, 227.7)(219.7, 227.7)(219.7, 241.5)(96.1, 241.5)(96.1, 152.1);GATE
Port:(96.1, 166.1)(100.6, 166.1)(100.6, 227.5)(96.1, 227.5);SD
Port:(220.1, 152.1)(220.1, 227.7)(219.7, 227.7)(219.7, 241.5)(103.3, 241.5)(103.3, 152.1);GATE
Port:(208.0, 158.7)(214.5, 158.7)(214.5, 221.1)(208.0, 221.1);SD
Module:M8
Boundary:(203.1, 277.8)(203.1, 364.8)(20.0, 364.8)(20.0, 277.8);GATE
Port:(20.0, 290.2)(24.3, 290.2)(24.3, 352.4)(20.0, 352.4);SD
Port:(203.1, 277.8)(203.1, 364.8)(25.4, 364.8)(25.4, 277.8);GATE
Port:(194.2, 283.3)(198.6, 283.3)(198.6, 359.3)(194.2, 359.3);SD
Module:M4
Boundary:(216.4, 20.0)(216.4, 122.1)(128.5, 122.1)(128.5, 20.0);GATE
Port:(128.5, 34.1)(132.8, 34.1)(132.8, 108.0)(128.5, 108.0);SD
Port:(216.4, 20.0)(216.4, 122.1)(134.5, 122.1)(134.5, 20.0);GATE
Port:(204.5, 26.9)(210.5, 26.9)(210.5, 115.2)(204.5, 115.2);SD
