Area:(-30.0, -30.0)(992.2, -30.0)(992.2, 408.7)(-30.0, 408.7)
Rule:GATE(5,5);SD(5,5);GATE_SD(0.5);GATE_ITO(0.5);SD_ITO(0.5)
Module:M14
Boundary:(862.3, 216.7)(929.6, 216.7)(929.6, 336.1)(862.3, 336.1);GATE
Port:(876.4, 331.5)(915.5, 331.5)(915.5, 336.1)(876.4, 336.1);SD
Port:(862.3, 216.7)(929.6, 216.7)(929.6, 330.5)(862.3, 330.5);GATE
Port:(868.4, 221.8)(923.5, 221.8)(923.5, 228.2)(868.4, 228.2);SD
Module:M9
Boundary:(621.5, 10.0)(725.1, 10.0)(725.1, 10.1)(742.5, 10.1)(742.5, 122.8)(621.5, 122.8);GATE
Port:(635.2, 118.3)(728.8, 118.3)(728.8, 122.8)(635.2, 122.8);SD
Port:(621.5, 10.0)(725.1, 10.0)(725.1, 10.1)(742.5, 10.1)(742.5, 116.1)(621.5, 116.1);GATE
Port:(626.6, 14.1)(720.0, 14.1)(720.0, 20.5)(626.6, 20.5);SD
Module:M5
Boundary:(478.1, 20.0)(478.1, 96.8)(343.3, 96.8)(343.3, 20.0);GATE
Port:(343.3, 31.6)(348.9, 31.6)(348.9, 85.2)(343.3, 85.2);SD
Port:(478.1, 20.0)(478.1, 96.8)(350.5, 96.8)(350.5, 20.0);GATE
Port:(468.3, 25.5)(473.6, 25.5)(473.6, 91.3)(468.3, 91.3);SD
Module:M11
Boundary:(222.5, 10.0)(313.3, 10.0)(313.3, 118.4)(222.5, 118.4);GATE
Port:(235.4, 114.3)(300.4, 114.3)(300.4, 118.4)(235.4, 118.4);SD
Port:(222.5, 10.0)(313.3, 10.0)(313.3, 111.9)(222.5, 111.9);GATE
Port:(228.1, 14.6)(307.7, 14.6)(307.7, 21.4)(228.1, 21.4);SD
Module:M1
Boundary:(602.9, 268.8)(602.9, 335.5)(431.8, 335.5)(431.8, 268.8);GATE
Port:(431.8, 282.3)(436.8, 282.3)(436.8, 322.0)(431.8, 322.0);SD
Port:(602.9, 268.8)(602.9, 335.5)(438.9, 335.5)(438.9, 268.8);GATE
Port:(591.3, 274.4)(598.3, 274.4)(598.3, 329.9)(591.3, 329.9);SD
Module:M6
Boundary:(822.3, 145.6)(822.3, 222.7)(621.5, 222.7)(621.5, 145.6);GATE
Port:(621.5, 158.8)(625.9, 158.8)(625.9, 209.5)(621.5, 209.5);SD
Port:(822.3, 145.6)(822.3, 222.7)(627.8, 222.7)(627.8, 145.6);GATE
Port:(811.3, 151.2)(817.7, 151.2)(817.7, 217.1)(811.3, 217.1);SD
Module:M2
Boundary:(868.6, 20.0)(868.6, 100.4)(868.5, 100.4)(868.5, 115.6)(772.5, 115.6)(772.5, 20.0);GATE
Port:(772.5, 34.1)(777.1, 34.1)(777.1, 101.5)(772.5, 101.5);SD
Port:(868.6, 20.0)(868.6, 100.4)(868.5, 100.4)(868.5, 115.6)(778.2, 115.6)(778.2, 20.0);GATE
Port:(856.9, 26.6)(863.0, 26.6)(863.0, 93.8)(856.9, 93.8);SD
Module:M16
Boundary:(398.2, 138.4)(398.2, 201.8)(222.5, 201.8)(222.5, 138.4);GATE
Port:(222.5, 151.4)(226.8, 151.4)(226.8, 188.8)(222.5, 188.8);SD
Port:(398.2, 138.4)(398.2, 201.8)(228.7, 201.8)(228.7, 138.4);GATE
Port:(387.6, 145.0)(392.6, 145.0)(392.6, 195.2)(387.6, 195.2);SD
Module:M13
Boundary:(801.9, 242.7)(801.9, 350.6)(801.5, 350.6)(801.5, 368.7)(642.9, 368.7)(642.9, 242.7);GATE
Port:(642.9, 256.6)(647.7, 256.6)(647.7, 354.8)(642.9, 354.8);SD
Port:(801.9, 242.7)(801.9, 350.6)(801.5, 350.6)(801.5, 368.7)(649.8, 368.7)(649.8, 242.7);GATE
Port:(791.1, 249.1)(796.5, 249.1)(796.5, 344.2)(791.1, 344.2);SD
Module:M10
Boundary:(508.1, 10.0)(601.5, 10.0)(601.5, 107.2)(508.1, 107.2);GATE
Port:(519.8, 102.9)(589.8, 102.9)(589.8, 107.2)(519.8, 107.2);SD
Port:(508.1, 10.0)(601.5, 10.0)(601.5, 100.5)(508.1, 100.5);GATE
Port:(513.1, 14.0)(596.5, 14.0)(596.5, 19.2)(513.1, 19.2);SD
Module:M7
Boundary:(381.8, 231.8)(381.8, 352.0)(232.5, 352.0)(232.5, 231.8);GATE
Port:(232.5, 245.9)(237.1, 245.9)(237.1, 337.9)(232.5, 337.9);SD
Port:(381.8, 231.8)(381.8, 352.0)(239.8, 352.0)(239.8, 231.8);GATE
Port:(370.8, 237.3)(377.3, 237.3)(377.3, 346.5)(370.8, 346.5);SD
Module:M3
Boundary:(597.2, 127.2)(597.2, 228.8)(418.2, 228.8)(418.2, 127.2);GATE
Port:(418.2, 142.8)(422.4, 142.8)(422.4, 213.2)(418.2, 213.2);SD
Port:(597.2, 127.2)(597.2, 228.8)(424.2, 228.8)(424.2, 127.2);GATE
Port:(584.5, 133.6)(591.8, 133.6)(591.8, 222.4)(584.5, 222.4);SD
Module:M15
Boundary:(898.6, 10.0)(952.2, 10.0)(952.2, 176.7)(898.6, 176.7);GATE
Port:(913.2, 170.7)(937.6, 170.7)(937.6, 176.7)(913.2, 176.7);SD
Port:(898.6, 10.0)(952.2, 10.0)(952.2, 167.9)(898.6, 167.9);GATE
Port:(904.0, 14.4)(946.8, 14.4)(946.8, 21.7)(904.0, 21.7);SD
Module:M12
Boundary:(188.0, 158.9)(188.0, 208.6)(187.7, 208.6)(187.7, 224.5)(10.0, 224.5)(10.0, 158.9);GATE
Port:(10.0, 172.3)(15.4, 172.3)(15.4, 211.1)(10.0, 211.1);SD
Port:(188.0, 158.9)(188.0, 208.6)(187.7, 208.6)(187.7, 224.5)(17.9, 224.5)(17.9, 158.9);GATE
Port:(177.3, 164.6)(183.3, 164.6)(183.3, 202.9)(177.3, 202.9);SD
Module:M8
Boundary:(186.3, 254.5)(186.3, 355.5)(20.0, 355.5)(20.0, 254.5);GATE
Port:(20.0, 269.1)(25.6, 269.1)(25.6, 340.9)(20.0, 340.9);SD
Port:(186.3, 254.5)(186.3, 355.5)(28.1, 355.5)(28.1, 254.5);GATE
Port:(174.6, 260.9)(180.9, 260.9)(180.9, 349.1)(174.6, 349.1);SD
Module:M4
Boundary:(192.5, 20.0)(192.5, 113.4)(192.1, 113.4)(192.1, 128.9)(20.0, 128.9)(20.0, 20.0);GATE
Port:(20.0, 32.7)(24.6, 32.7)(24.6, 116.2)(20.0, 116.2);SD
Port:(192.5, 20.0)(192.5, 113.4)(192.1, 113.4)(192.1, 128.9)(27.4, 128.9)(27.4, 20.0);GATE
Port:(182.7, 25.6)(187.9, 25.6)(187.9, 107.8)(182.7, 107.8);SD
