Area:(-30.0, -30.0)(857.1, -30.0)(857.1, 458.4)(-30.0, 458.4)
Rule:GATE(5,5);SD(5,5);GATE_SD(0.5);GATE_ITO(0.5);SD_ITO(0.5)
Module:M14
Boundary:(30.0, 119.9)(112.8, 119.9)(112.8, 322.0)(30.0, 322.0);GATE
Port:(44.0, 317.3)(98.8, 317.3)(98.8, 322.0)(44.0, 322.0);SD
Port:(30.0, 119.9)(112.8, 119.9)(112.8, 314.9)(30.0, 314.9);GATE
Port:(36.1, 125.0)(106.7, 125.0)(106.7, 130.9)(36.1, 130.9);SD
Module:M9
Boundary:(372.6, 10.0)(438.2, 10.0)(438.2, 10.4)(454.6, 10.4)(454.6, 135.0)(372.6, 135.0);GATE
Port:(386.0, 129.8)(441.2, 129.8)(441.2, 135.0)(386.0, 135.0);SD
Port:(372.6, 10.0)(438.2, 10.0)(438.2, 10.4)(454.6, 10.4)(454.6, 127.9)(372.6, 127.9);GATE
Port:(378.5, 14.9)(432.3, 14.9)(432.3, 20.4)(378.5, 20.4);SD
Module:M5
Boundary:(382.0, 331.5)(382.0, 397.7)(381.7, 397.7)(381.7, 414.2)(172.8, 414.2)(172.8, 331.5);GATE
Port:(172.8, 345.1)(177.4, 345.1)(177.4, 400.6)(172.8, 400.6);SD
Port:(382.0, 331.5)(382.0, 397.7)(381.7, 397.7)(381.7, 414.2)(179.1, 414.2)(179.1, 331.5);GATE
Port:(371.7, 336.6)(377.9, 336.6)(377.9, 392.6)(371.7, 392.6);SD
Module:M11
Boundary:(142.8, 362.0)(142.8, 405.7)(142.7, 405.7)(142.7, 418.4)(10.0, 418.4)(10.0, 362.0);GATE
Port:(10.0, 374.5)(15.7, 374.5)(15.7, 405.9)(10.0, 405.9);SD
Port:(142.8, 362.0)(142.8, 405.7)(142.7, 405.7)(142.7, 418.4)(18.0, 418.4)(18.0, 362.0);GATE
Port:(132.1, 368.4)(137.4, 368.4)(137.4, 399.3)(132.1, 399.3);SD
Module:M1
Boundary:(612.5, 30.0)(661.3, 30.0)(661.3, 30.0)(676.0, 30.0)(676.0, 237.0)(612.5, 237.0);GATE
Port:(626.2, 232.6)(662.3, 232.6)(662.3, 237.0)(626.2, 237.0);SD
Port:(612.5, 30.0)(661.3, 30.0)(661.3, 30.0)(676.0, 30.0)(676.0, 230.2)(612.5, 230.2);GATE
Port:(618.6, 35.1)(655.2, 35.1)(655.2, 42.2)(618.6, 42.2);SD
Module:M6
Boundary:(716.0, 10.0)(800.1, 10.0)(800.1, 10.3)(817.1, 10.3)(817.1, 185.2)(716.0, 185.2);GATE
Port:(729.2, 179.2)(803.9, 179.2)(803.9, 185.2)(729.2, 185.2);SD
Port:(716.0, 10.0)(800.1, 10.0)(800.1, 10.3)(817.1, 10.3)(817.1, 176.2)(716.0, 176.2);GATE
Port:(721.2, 14.2)(794.9, 14.2)(794.9, 20.3)(721.2, 20.3);SD
Module:M2
Boundary:(726.0, 215.2)(807.3, 215.2)(807.3, 414.1)(726.0, 414.1);GATE
Port:(739.4, 409.4)(793.9, 409.4)(793.9, 414.1)(739.4, 414.1);SD
Port:(726.0, 215.2)(807.3, 215.2)(807.3, 407.5)(726.0, 407.5);GATE
Port:(731.6, 219.8)(801.7, 219.8)(801.7, 226.8)(731.6, 226.8);SD
Module:M16
Boundary:(152.8, 202.0)(217.4, 202.0)(217.4, 202.1)(232.7, 202.1)(232.7, 291.9)(152.8, 291.9);GATE
Port:(165.9, 286.6)(219.6, 286.6)(219.6, 291.9)(165.9, 291.9);SD
Port:(152.8, 202.0)(217.4, 202.0)(217.4, 202.1)(232.7, 202.1)(232.7, 283.7)(152.8, 283.7);GATE
Port:(158.7, 206.9)(211.5, 206.9)(211.5, 212.9)(158.7, 212.9);SD
Module:M13
Boundary:(166.2, 10.0)(255.8, 10.0)(255.8, 182.0)(166.2, 182.0);GATE
Port:(181.4, 177.5)(240.6, 177.5)(240.6, 182.0)(181.4, 182.0);SD
Port:(166.2, 10.0)(255.8, 10.0)(255.8, 176.0)(166.2, 176.0);GATE
Port:(172.9, 15.7)(249.1, 15.7)(249.1, 22.7)(172.9, 22.7);SD
Module:M10
Boundary:(572.5, 185.5)(572.5, 273.0)(572.0, 273.0)(572.0, 290.1)(362.6, 290.1)(362.6, 185.5);GATE
Port:(362.6, 200.5)(367.9, 200.5)(367.9, 275.1)(362.6, 275.1);SD
Port:(572.5, 185.5)(572.5, 273.0)(572.0, 273.0)(572.0, 290.1)(370.8, 290.1)(370.8, 185.5);GATE
Port:(560.9, 191.5)(567.5, 191.5)(567.5, 267.0)(560.9, 267.0);SD
Module:M7
Boundary:(484.6, 20.0)(543.9, 20.0)(543.9, 145.9)(484.6, 145.9);GATE
Port:(497.5, 141.7)(531.0, 141.7)(531.0, 145.9)(497.5, 145.9);SD
Port:(484.6, 20.0)(543.9, 20.0)(543.9, 139.6)(484.6, 139.6);GATE
Port:(489.9, 24.3)(538.6, 24.3)(538.6, 31.2)(489.9, 31.2);SD
Module:M3
Boundary:(146.2, 10.0)(146.2, 63.2)(145.9, 63.2)(145.9, 79.9)(10.0, 79.9)(10.0, 10.0);GATE
Port:(10.0, 24.8)(14.6, 24.8)(14.6, 65.1)(10.0, 65.1);SD
Port:(146.2, 10.0)(146.2, 63.2)(145.9, 63.2)(145.9, 79.9)(17.3, 79.9)(17.3, 10.0);GATE
Port:(134.4, 16.7)(140.5, 16.7)(140.5, 56.5)(134.4, 56.5);SD
Module:M15
Boundary:(252.7, 202.0)(342.6, 202.0)(342.6, 301.5)(252.7, 301.5);GATE
Port:(265.9, 295.6)(329.4, 295.6)(329.4, 301.5)(265.9, 301.5);SD
Port:(252.7, 202.0)(342.6, 202.0)(342.6, 293.7)(252.7, 293.7);GATE
Port:(258.3, 206.6)(337.0, 206.6)(337.0, 212.9)(258.3, 212.9);SD
Module:M12
Boundary:(275.8, 10.0)(352.6, 10.0)(352.6, 165.5)(275.8, 165.5);GATE
Port:(287.8, 161.4)(340.6, 161.4)(340.6, 165.5)(287.8, 165.5);SD
Port:(275.8, 10.0)(352.6, 10.0)(352.6, 158.6)(275.8, 158.6);GATE
Port:(281.6, 14.8)(346.8, 14.8)(346.8, 20.1)(281.6, 20.1);SD
Module:M8
Boundary:(560.6, 320.1)(560.6, 370.3)(560.3, 370.3)(560.3, 385.4)(422.0, 385.4)(422.0, 320.1);GATE
Port:(422.0, 334.5)(427.9, 334.5)(427.9, 371.0)(422.0, 371.0);SD
Port:(560.6, 320.1)(560.6, 370.3)(560.3, 370.3)(560.3, 385.4)(430.5, 385.4)(430.5, 320.1);GATE
Port:(548.9, 326.6)(555.1, 326.6)(555.1, 363.8)(548.9, 363.8);SD
Module:M4
Boundary:(683.4, 287.0)(683.4, 389.5)(649.7, 389.5)(649.7, 405.1)(602.5, 405.1)(602.5, 287.0);GATE
Port:(602.5, 301.0)(607.5, 301.0)(607.5, 391.1)(602.5, 391.1);SD
Port:(683.4, 287.0)(683.4, 389.5)(649.7, 389.5)(649.7, 405.1)(609.5, 405.1)(609.5, 287.0);GATE
Port:(671.7, 293.2)(678.2, 293.2)(678.2, 382.3)(671.7, 382.3);SD
