Area:(-30.0, -30.0)(523.3, -30.0)(523.3, 774.6)(-30.0, 774.6)
Rule:GATE(5,5);SD(5,5);GATE_SD(0.5);GATE_ITO(0.5);SD_ITO(0.5)
Module:M14
Boundary:(142.9, 352.0)(216.1, 352.0)(216.1, 465.8)(142.9, 465.8);GATE
Port:(154.2, 461.3)(204.8, 461.3)(204.8, 465.8)(154.2, 465.8);SD
Port:(142.9, 352.0)(216.1, 352.0)(216.1, 458.9)(142.9, 458.9);GATE
Port:(148.1, 356.2)(210.9, 356.2)(210.9, 360.8)(148.1, 360.8);SD
Module:M9
Boundary:(328.9, 122.8)(328.9, 203.5)(328.7, 203.5)(328.7, 219.8)(156.4, 219.8)(156.4, 122.8);GATE
Port:(156.4, 134.9)(162.2, 134.9)(162.2, 207.7)(156.4, 207.7);SD
Port:(328.9, 122.8)(328.9, 203.5)(328.7, 203.5)(328.7, 219.8)(163.2, 219.8)(163.2, 122.8);GATE
Port:(318.8, 127.9)(324.8, 127.9)(324.8, 198.4)(318.8, 198.4);SD
Module:M5
Boundary:(20.0, 20.0)(126.4, 20.0)(126.4, 212.2)(20.0, 212.2);GATE
Port:(34.5, 207.3)(111.9, 207.3)(111.9, 212.2)(34.5, 212.2);SD
Port:(20.0, 20.0)(126.4, 20.0)(126.4, 206.0)(20.0, 206.0);GATE
Port:(25.7, 24.7)(120.7, 24.7)(120.7, 31.8)(25.7, 31.8);SD
Module:M11
Boundary:(347.6, 10.0)(347.6, 87.1)(347.2, 87.1)(347.2, 102.8)(156.4, 102.8)(156.4, 10.0);GATE
Port:(156.4, 21.3)(162.2, 21.3)(162.2, 91.5)(156.4, 91.5);SD
Port:(347.6, 10.0)(347.6, 87.1)(347.2, 87.1)(347.2, 102.8)(164.5, 102.8)(164.5, 10.0);GATE
Port:(338.9, 15.3)(343.3, 15.3)(343.3, 81.8)(338.9, 81.8);SD
Module:M1
Boundary:(121.5, 542.2)(121.5, 586.5)(30.0, 586.5)(30.0, 542.2);GATE
Port:(30.0, 554.3)(34.4, 554.3)(34.4, 574.4)(30.0, 574.4);SD
Port:(121.5, 542.2)(121.5, 586.5)(35.8, 586.5)(35.8, 542.2);GATE
Port:(111.5, 547.8)(116.9, 547.8)(116.9, 580.9)(111.5, 580.9);SD
Module:M6
Boundary:(462.9, 320.9)(462.9, 388.6)(462.7, 388.6)(462.7, 405.5)(256.1, 405.5)(256.1, 320.9);GATE
Port:(256.1, 333.9)(261.7, 333.9)(261.7, 392.5)(256.1, 392.5);SD
Port:(462.9, 320.9)(462.9, 388.6)(462.7, 388.6)(462.7, 405.5)(263.5, 405.5)(263.5, 320.9);GATE
Port:(452.2, 327.1)(457.7, 327.1)(457.7, 382.4)(452.2, 382.4);SD
Module:M2
Boundary:(146.5, 636.5)(146.5, 716.3)(20.0, 716.3)(20.0, 636.5);GATE
Port:(20.0, 649.3)(25.6, 649.3)(25.6, 703.5)(20.0, 703.5);SD
Port:(146.5, 636.5)(146.5, 716.3)(28.3, 716.3)(28.3, 636.5);GATE
Port:(136.2, 642.5)(141.5, 642.5)(141.5, 710.3)(136.2, 710.3);SD
Module:M16
Boundary:(189.8, 242.2)(189.8, 294.5)(189.6, 294.5)(189.6, 312.0)(10.0, 312.0)(10.0, 242.2);GATE
Port:(10.0, 255.8)(15.7, 255.8)(15.7, 298.4)(10.0, 298.4);SD
Port:(189.8, 242.2)(189.8, 294.5)(189.6, 294.5)(189.6, 312.0)(16.8, 312.0)(16.8, 242.2);GATE
Port:(179.0, 247.3)(185.7, 247.3)(185.7, 289.4)(179.0, 289.4);SD
Module:M13
Boundary:(361.5, 535.7)(361.5, 631.9)(360.8, 631.9)(360.8, 648.1)(176.5, 648.1)(176.5, 535.7);GATE
Port:(176.5, 548.1)(181.8, 548.1)(181.8, 635.7)(176.5, 635.7);SD
Port:(361.5, 535.7)(361.5, 631.9)(360.8, 631.9)(360.8, 648.1)(183.9, 648.1)(183.9, 535.7);GATE
Port:(352.3, 540.8)(357.4, 540.8)(357.4, 626.8)(352.3, 626.8);SD
Module:M10
Boundary:(466.8, 425.5)(466.8, 515.7)(256.1, 515.7)(256.1, 425.5);GATE
Port:(256.1, 440.2)(261.4, 440.2)(261.4, 501.0)(256.1, 501.0);SD
Port:(466.8, 425.5)(466.8, 515.7)(264.0, 515.7)(264.0, 425.5);GATE
Port:(455.3, 431.3)(462.0, 431.3)(462.0, 509.9)(455.3, 509.9);SD
Module:M7
Boundary:(20.0, 342.0)(79.1, 342.0)(79.1, 342.2)(92.9, 342.2)(92.9, 492.2)(20.0, 492.2);GATE
Port:(32.1, 486.7)(80.8, 486.7)(80.8, 492.2)(32.1, 492.2);SD
Port:(20.0, 342.0)(79.1, 342.0)(79.1, 342.2)(92.9, 342.2)(92.9, 485.2)(20.0, 485.2);GATE
Port:(26.6, 347.6)(72.5, 347.6)(72.5, 352.4)(26.6, 352.4);SD
Module:M3
Boundary:(347.5, 239.8)(347.5, 286.4)(347.3, 286.4)(347.3, 300.9)(209.8, 300.9)(209.8, 239.8);GATE
Port:(209.8, 252.0)(214.1, 252.0)(214.1, 288.7)(209.8, 288.7);SD
Port:(347.5, 239.8)(347.5, 286.4)(347.3, 286.4)(347.3, 300.9)(215.1, 300.9)(215.1, 239.8);GATE
Port:(337.1, 245.8)(342.5, 245.8)(342.5, 280.4)(337.1, 280.4);SD
Module:M15
Boundary:(339.9, 668.1)(339.9, 716.9)(339.9, 716.9)(339.9, 733.0)(176.5, 733.0)(176.5, 668.1);GATE
Port:(176.5, 681.2)(181.1, 681.2)(181.1, 719.9)(176.5, 719.9);SD
Port:(339.9, 668.1)(339.9, 716.9)(339.9, 716.9)(339.9, 733.0)(183.8, 733.0)(183.8, 668.1);GATE
Port:(329.3, 673.7)(335.3, 673.7)(335.3, 711.3)(329.3, 711.3);SD
Module:M12
Boundary:(381.5, 535.7)(483.3, 535.7)(483.3, 734.6)(381.5, 734.6);GATE
Port:(395.1, 729.3)(469.7, 729.3)(469.7, 734.6)(395.1, 734.6);SD
Port:(381.5, 535.7)(483.3, 535.7)(483.3, 727.2)(381.5, 727.2);GATE
Port:(386.5, 539.7)(478.3, 539.7)(478.3, 546.8)(386.5, 546.8);SD
Module:M8
Boundary:(469.1, 170.7)(469.1, 272.6)(377.5, 272.6)(377.5, 170.7);GATE
Port:(377.5, 185.0)(382.8, 185.0)(382.8, 258.3)(377.5, 258.3);SD
Port:(469.1, 170.7)(469.1, 272.6)(384.7, 272.6)(384.7, 170.7);GATE
Port:(457.2, 176.9)(463.9, 176.9)(463.9, 266.4)(457.2, 266.4);SD
Module:M4
Boundary:(377.6, 20.0)(443.7, 20.0)(443.7, 20.3)(458.8, 20.3)(458.8, 130.7)(377.6, 130.7);GATE
Port:(392.1, 125.7)(444.3, 125.7)(444.3, 130.7)(392.1, 130.7);SD
Port:(377.6, 20.0)(443.7, 20.0)(443.7, 20.3)(458.8, 20.3)(458.8, 123.2)(377.6, 123.2);GATE
Port:(384.2, 25.6)(437.1, 25.6)(437.1, 32.4)(384.2, 32.4);SD
