Area:(-30.0, -30.0)(700.9, -30.0)(700.9, 603.7)(-30.0, 603.7)
Rule:GATE(5,5);SD(5,5);GATE_SD(0.5);GATE_ITO(0.5);SD_ITO(0.5)
Module:M14
Boundary:(30.0, 30.0)(145.0, 30.0)(145.0, 204.7)(30.0, 204.7);GATE
Port:(43.0, 200.0)(132.0, 200.0)(132.0, 204.7)(43.0, 204.7);SD
Port:(30.0, 30.0)(145.0, 30.0)(145.0, 197.8)(30.0, 197.8);GATE
Port:(36.7, 35.7)(138.3, 35.7)(138.3, 40.2)(36.7, 40.2);SD
Module:M9
Boundary:(328.4, 10.0)(328.4, 69.2)(185.0, 69.2)(185.0, 10.0);GATE
Port:(185.0, 21.5)(189.2, 21.5)(189.2, 57.7)(185.0, 57.7);SD
Port:(328.4, 10.0)(328.4, 69.2)(191.3, 69.2)(191.3, 10.0);GATE
Port:(318.9, 15.8)(323.6, 15.8)(323.6, 63.4)(318.9, 63.4);SD
Module:M5
Boundary:(649.7, 343.9)(649.7, 438.0)(499.8, 438.0)(499.8, 343.9);GATE
Port:(499.8, 359.6)(504.2, 359.6)(504.2, 422.3)(499.8, 422.3);SD
Port:(649.7, 343.9)(649.7, 438.0)(506.1, 438.0)(506.1, 343.9);GATE
Port:(637.4, 350.5)(644.1, 350.5)(644.1, 431.4)(637.4, 431.4);SD
Module:M11
Boundary:(660.9, 468.0)(660.9, 563.3)(456.4, 563.3)(456.4, 468.0);GATE
Port:(456.4, 480.3)(460.9, 480.3)(460.9, 551.0)(456.4, 551.0);SD
Port:(660.9, 468.0)(660.9, 563.3)(462.2, 563.3)(462.2, 468.0);GATE
Port:(651.1, 473.6)(656.3, 473.6)(656.3, 557.7)(651.1, 557.7);SD
Module:M1
Boundary:(512.4, 178.3)(512.4, 292.9)(358.4, 292.9)(358.4, 178.3);GATE
Port:(358.4, 191.2)(363.4, 191.2)(363.4, 280.0)(358.4, 280.0);SD
Port:(512.4, 178.3)(512.4, 292.9)(364.6, 292.9)(364.6, 178.3);GATE
Port:(502.0, 184.3)(507.4, 184.3)(507.4, 286.9)(502.0, 286.9);SD
Module:M6
Boundary:(180.0, 347.6)(180.0, 413.3)(179.6, 413.3)(179.6, 429.5)(10.0, 429.5)(10.0, 347.6);GATE
Port:(10.0, 360.7)(14.1, 360.7)(14.1, 416.4)(10.0, 416.4);SD
Port:(180.0, 347.6)(180.0, 413.3)(179.6, 413.3)(179.6, 429.5)(16.8, 429.5)(16.8, 347.6);GATE
Port:(169.7, 352.9)(175.7, 352.9)(175.7, 408.0)(169.7, 408.0);SD
Module:M2
Boundary:(308.4, 99.2)(308.4, 233.9)(195.0, 233.9)(195.0, 99.2);GATE
Port:(195.0, 115.9)(199.3, 115.9)(199.3, 217.2)(195.0, 217.2);SD
Port:(308.4, 99.2)(308.4, 233.9)(201.8, 233.9)(201.8, 99.2);GATE
Port:(295.2, 106.0)(302.6, 106.0)(302.6, 227.1)(295.2, 227.1);SD
Module:M16
Boundary:(221.6, 449.9)(221.6, 563.7)(10.0, 563.7)(10.0, 449.9);GATE
Port:(10.0, 462.9)(14.1, 462.9)(14.1, 550.7)(10.0, 550.7);SD
Port:(221.6, 449.9)(221.6, 563.7)(15.7, 563.7)(15.7, 449.9);GATE
Port:(211.2, 455.5)(217.0, 455.5)(217.0, 558.1)(211.2, 558.1);SD
Module:M13
Boundary:(306.3, 263.9)(306.3, 312.0)(306.3, 312.0)(306.3, 327.3)(200.0, 327.3)(200.0, 263.9);GATE
Port:(200.0, 276.5)(204.1, 276.5)(204.1, 314.7)(200.0, 314.7);SD
Port:(306.3, 263.9)(306.3, 312.0)(306.3, 312.0)(306.3, 327.3)(206.9, 327.3)(206.9, 263.9);GATE
Port:(295.9, 270.1)(301.1, 270.1)(301.1, 305.8)(295.9, 305.8);SD
Module:M10
Boundary:(552.4, 166.3)(655.5, 166.3)(655.5, 313.9)(552.4, 313.9);GATE
Port:(565.5, 309.7)(642.4, 309.7)(642.4, 313.9)(565.5, 313.9);SD
Port:(552.4, 166.3)(655.5, 166.3)(655.5, 308.1)(552.4, 308.1);GATE
Port:(558.7, 171.6)(649.2, 171.6)(649.2, 177.7)(558.7, 177.7);SD
Module:M7
Boundary:(568.4, 20.0)(632.1, 20.0)(632.1, 20.3)(646.8, 20.3)(646.8, 136.3)(568.4, 136.3);GATE
Port:(582.3, 131.9)(632.9, 131.9)(632.9, 136.3)(582.3, 136.3);SD
Port:(568.4, 20.0)(632.1, 20.0)(632.1, 20.3)(646.8, 20.3)(646.8, 130.8)(568.4, 130.8);GATE
Port:(575.0, 25.6)(625.5, 25.6)(625.5, 31.6)(575.0, 31.6);SD
Module:M3
Boundary:(360.1, 347.3)(360.1, 413.5)(360.1, 413.5)(360.1, 429.9)(200.0, 429.9)(200.0, 347.3);GATE
Port:(200.0, 360.1)(205.1, 360.1)(205.1, 417.1)(200.0, 417.1);SD
Port:(360.1, 347.3)(360.1, 413.5)(360.1, 413.5)(360.1, 429.9)(207.0, 429.9)(207.0, 347.3);GATE
Port:(350.0, 353.1)(355.3, 353.1)(355.3, 407.7)(350.0, 407.7);SD
Module:M15
Boundary:(380.1, 332.9)(469.8, 332.9)(469.8, 438.7)(380.1, 438.7);GATE
Port:(393.1, 432.8)(456.8, 432.8)(456.8, 438.7)(393.1, 438.7);SD
Port:(380.1, 332.9)(469.8, 332.9)(469.8, 431.0)(380.1, 431.0);GATE
Port:(386.9, 338.7)(463.0, 338.7)(463.0, 343.6)(386.9, 343.6);SD
Module:M12
Boundary:(436.4, 458.7)(436.4, 542.7)(436.0, 542.7)(436.0, 559.4)(241.6, 559.4)(241.6, 458.7);GATE
Port:(241.6, 471.7)(247.4, 471.7)(247.4, 546.4)(241.6, 546.4);SD
Port:(436.4, 458.7)(436.4, 542.7)(436.0, 542.7)(436.0, 559.4)(250.4, 559.4)(250.4, 458.7);GATE
Port:(425.7, 464.5)(431.6, 464.5)(431.6, 536.9)(425.7, 536.9);SD
Module:M8
Boundary:(118.2, 254.7)(118.2, 317.6)(20.0, 317.6)(20.0, 254.7);GATE
Port:(20.0, 267.9)(24.7, 267.9)(24.7, 304.4)(20.0, 304.4);SD
Port:(118.2, 254.7)(118.2, 317.6)(26.7, 317.6)(26.7, 254.7);GATE
Port:(107.4, 261.0)(112.9, 261.0)(112.9, 311.3)(107.4, 311.3);SD
Module:M4
Boundary:(528.4, 20.0)(528.4, 128.3)(358.4, 128.3)(358.4, 20.0);GATE
Port:(358.4, 32.4)(362.9, 32.4)(362.9, 115.9)(358.4, 115.9);SD
Port:(528.4, 20.0)(528.4, 128.3)(365.7, 128.3)(365.7, 20.0);GATE
Port:(518.2, 25.8)(523.6, 25.8)(523.6, 122.5)(518.2, 122.5);SD
