Area:(-30.0, -30.0)(438.1, -30.0)(438.1, 843.2)(-30.0, 843.2)
Rule:GATE(5,5);SD(5,5);GATE_SD(0.5);GATE_ITO(0.5);SD_ITO(0.5)
Module:M14
Boundary:(144.3, 561.0)(144.3, 635.3)(144.1, 635.3)(144.1, 653.2)(30.0, 653.2)(30.0, 561.0);GATE
Port:(30.0, 576.3)(35.6, 576.3)(35.6, 637.9)(30.0, 637.9);SD
Port:(144.3, 561.0)(144.3, 635.3)(144.1, 635.3)(144.1, 653.2)(37.3, 653.2)(37.3, 561.0);GATE
Port:(132.1, 567.6)(138.7, 567.6)(138.7, 628.7)(132.1, 628.7);SD
Module:M9
Boundary:(398.1, 338.5)(398.1, 422.5)(230.7, 422.5)(230.7, 338.5);GATE
Port:(230.7, 352.5)(234.9, 352.5)(234.9, 408.5)(230.7, 408.5);SD
Port:(398.1, 338.5)(398.1, 422.5)(237.6, 422.5)(237.6, 338.5);GATE
Port:(387.0, 344.9)(392.7, 344.9)(392.7, 416.1)(387.0, 416.1);SD
Module:M5
Boundary:(20.0, 130.8)(108.4, 130.8)(108.4, 130.9)(125.9, 130.9)(125.9, 287.0)(20.0, 287.0);GATE
Port:(34.5, 281.5)(111.4, 281.5)(111.4, 287.0)(34.5, 287.0);SD
Port:(20.0, 130.8)(108.4, 130.8)(108.4, 130.9)(125.9, 130.9)(125.9, 279.5)(20.0, 279.5);GATE
Port:(26.5, 136.3)(101.9, 136.3)(101.9, 142.4)(26.5, 142.4);SD
Module:M11
Boundary:(228.4, 220.4)(228.4, 316.5)(155.9, 316.5)(155.9, 220.4);GATE
Port:(155.9, 234.4)(160.5, 234.4)(160.5, 302.5)(155.9, 302.5);SD
Port:(228.4, 220.4)(228.4, 316.5)(161.9, 316.5)(161.9, 220.4);GATE
Port:(217.1, 227.4)(222.4, 227.4)(222.4, 309.5)(217.1, 309.5);SD
Module:M1
Boundary:(373.9, 699.9)(373.9, 767.9)(373.7, 767.9)(373.7, 784.9)(254.8, 784.9)(254.8, 699.9);GATE
Port:(254.8, 713.5)(259.9, 713.5)(259.9, 771.3)(254.8, 771.3);SD
Port:(373.9, 699.9)(373.9, 767.9)(373.7, 767.9)(373.7, 784.9)(261.4, 784.9)(261.4, 699.9);GATE
Port:(363.2, 705.5)(369.3, 705.5)(369.3, 762.3)(363.2, 762.3);SD
Module:M6
Boundary:(214.8, 693.2)(214.8, 803.2)(10.0, 803.2)(10.0, 693.2);GATE
Port:(10.0, 708.1)(14.7, 708.1)(14.7, 788.3)(10.0, 788.3);SD
Port:(214.8, 693.2)(214.8, 803.2)(16.5, 803.2)(16.5, 693.2);GATE
Port:(203.4, 699.8)(209.2, 699.8)(209.2, 796.6)(203.4, 796.6);SD
Module:M2
Boundary:(387.7, 452.5)(387.7, 516.7)(387.6, 516.7)(387.6, 532.2)(245.5, 532.2)(245.5, 452.5);GATE
Port:(245.5, 465.6)(250.1, 465.6)(250.1, 519.1)(245.5, 519.1);SD
Port:(387.7, 452.5)(387.7, 516.7)(387.6, 516.7)(387.6, 532.2)(252.8, 532.2)(252.8, 452.5);GATE
Port:(376.7, 458.8)(382.4, 458.8)(382.4, 510.4)(376.7, 510.4);SD
Module:M16
Boundary:(215.5, 446.3)(215.5, 521.0)(10.0, 521.0)(10.0, 446.3);GATE
Port:(10.0, 458.7)(15.4, 458.7)(15.4, 508.6)(10.0, 508.6);SD
Port:(215.5, 446.3)(215.5, 521.0)(17.6, 521.0)(17.6, 446.3);GATE
Port:(204.8, 451.7)(211.1, 451.7)(211.1, 515.6)(204.8, 515.6);SD
Module:M13
Boundary:(155.9, 336.5)(197.3, 336.5)(197.3, 336.5)(210.7, 336.5)(210.7, 420.8)(155.9, 420.8);GATE
Port:(166.5, 416.1)(200.1, 416.1)(200.1, 420.8)(166.5, 420.8);SD
Port:(155.9, 336.5)(197.3, 336.5)(197.3, 336.5)(210.7, 336.5)(210.7, 415.0)(155.9, 415.0);GATE
Port:(161.4, 341.0)(191.8, 341.0)(191.8, 345.5)(161.4, 345.5);SD
Module:M10
Boundary:(184.3, 562.2)(235.2, 562.2)(235.2, 645.7)(184.3, 645.7);GATE
Port:(197.7, 640.7)(221.8, 640.7)(221.8, 645.7)(197.7, 645.7);SD
Port:(184.3, 562.2)(235.2, 562.2)(235.2, 638.8)(184.3, 638.8);GATE
Port:(190.9, 567.8)(228.6, 567.8)(228.6, 573.1)(190.9, 573.1);SD
Module:M7
Boundary:(307.1, 20.0)(358.7, 20.0)(358.7, 20.3)(375.3, 20.3)(375.3, 223.7)(307.1, 223.7);GATE
Port:(321.2, 218.2)(361.2, 218.2)(361.2, 223.7)(321.2, 223.7);SD
Port:(307.1, 20.0)(358.7, 20.0)(358.7, 20.3)(375.3, 20.3)(375.3, 215.6)(307.1, 215.6);GATE
Port:(312.5, 24.4)(353.3, 24.4)(353.3, 31.1)(312.5, 31.1);SD
Module:M3
Boundary:(140.8, 10.0)(140.8, 82.2)(140.4, 82.2)(140.4, 100.8)(10.0, 100.8)(10.0, 10.0);GATE
Port:(10.0, 23.6)(14.5, 23.6)(14.5, 87.2)(10.0, 87.2);SD
Port:(140.8, 10.0)(140.8, 82.2)(140.4, 82.2)(140.4, 100.8)(16.8, 100.8)(16.8, 10.0);GATE
Port:(130.7, 16.2)(135.6, 16.2)(135.6, 76.0)(130.7, 76.0);SD
Module:M15
Boundary:(160.8, 10.0)(277.1, 10.0)(277.1, 200.4)(160.8, 200.4);GATE
Port:(177.2, 196.3)(260.7, 196.3)(260.7, 200.4)(177.2, 200.4);SD
Port:(160.8, 10.0)(277.1, 10.0)(277.1, 194.0)(160.8, 194.0);GATE
Port:(167.7, 15.9)(270.2, 15.9)(270.2, 22.9)(167.7, 22.9);SD
Module:M12
Boundary:(361.0, 253.7)(361.0, 318.5)(248.4, 318.5)(248.4, 253.7);GATE
Port:(248.4, 267.9)(253.6, 267.9)(253.6, 304.3)(248.4, 304.3);SD
Port:(361.0, 253.7)(361.0, 318.5)(256.5, 318.5)(256.5, 253.7);GATE
Port:(348.8, 260.2)(355.5, 260.2)(355.5, 312.0)(348.8, 312.0);SD
Module:M8
Boundary:(388.2, 572.2)(388.2, 636.1)(378.6, 636.1)(378.6, 649.9)(265.2, 649.9)(265.2, 572.2);GATE
Port:(265.2, 585.7)(270.2, 585.7)(270.2, 636.4)(265.2, 636.4);SD
Port:(388.2, 572.2)(388.2, 636.1)(378.6, 636.1)(378.6, 649.9)(272.4, 649.9)(272.4, 572.2);GATE
Port:(376.5, 577.6)(383.8, 577.6)(383.8, 629.7)(376.5, 629.7);SD
Module:M4
Boundary:(114.6, 327.0)(114.6, 416.3)(20.0, 416.3)(20.0, 327.0);GATE
Port:(20.0, 342.0)(25.9, 342.0)(25.9, 401.3)(20.0, 401.3);SD
Port:(114.6, 327.0)(114.6, 416.3)(27.1, 416.3)(27.1, 327.0);GATE
Port:(102.9, 333.3)(109.3, 333.3)(109.3, 410.0)(102.9, 410.0);SD
