Area:(-30.0, -30.0)(611.3, -30.0)(611.3, 588.5)(-30.0, 588.5)
Rule:GATE(5,5);SD(5,5);GATE_SD(0.5);GATE_ITO(0.5);SD_ITO(0.5)
Module:M14
Boundary:(558.1, 424.1)(558.1, 518.5)(557.6, 518.5)(557.6, 533.6)(457.1, 533.6)(457.1, 424.1);GATE
Port:(457.1, 438.1)(462.0, 438.1)(462.0, 519.6)(457.1, 519.6);SD
Port:(558.1, 424.1)(558.1, 518.5)(557.6, 518.5)(557.6, 533.6)(464.7, 533.6)(464.7, 424.1);GATE
Port:(547.0, 430.2)(553.0, 430.2)(553.0, 512.4)(547.0, 512.4);SD
Module:M9
Boundary:(197.2, 10.0)(197.2, 69.9)(197.0, 69.9)(197.0, 84.6)(10.0, 84.6)(10.0, 10.0);GATE
Port:(10.0, 21.9)(15.3, 21.9)(15.3, 72.7)(10.0, 72.7);SD
Port:(197.2, 10.0)(197.2, 69.9)(197.0, 69.9)(197.0, 84.6)(17.4, 84.6)(17.4, 10.0);GATE
Port:(187.1, 15.1)(193.1, 15.1)(193.1, 64.8)(187.1, 64.8);SD
Module:M5
Boundary:(20.0, 114.6)(110.9, 114.6)(110.9, 300.4)(20.0, 300.4);GATE
Port:(34.2, 295.6)(96.7, 295.6)(96.7, 300.4)(34.2, 300.4);SD
Port:(20.0, 114.6)(110.9, 114.6)(110.9, 293.2)(20.0, 293.2);GATE
Port:(25.8, 119.4)(105.1, 119.4)(105.1, 125.6)(25.8, 125.6);SD
Module:M11
Boundary:(10.0, 330.4)(96.5, 330.4)(96.5, 330.8)(110.7, 330.8)(110.7, 439.6)(10.0, 439.6);GATE
Port:(21.2, 435.2)(99.5, 435.2)(99.5, 439.6)(21.2, 439.6);SD
Port:(10.0, 330.4)(96.5, 330.4)(96.5, 330.8)(110.7, 330.8)(110.7, 432.9)(10.0, 432.9);GATE
Port:(15.1, 334.5)(91.4, 334.5)(91.4, 340.0)(15.1, 340.0);SD
Module:M1
Boundary:(498.7, 220.3)(548.2, 220.3)(548.2, 220.5)(563.7, 220.5)(563.7, 359.8)(498.7, 359.8);GATE
Port:(512.7, 355.6)(549.7, 355.6)(549.7, 359.8)(512.7, 359.8);SD
Port:(498.7, 220.3)(548.2, 220.3)(548.2, 220.5)(563.7, 220.5)(563.7, 353.6)(498.7, 353.6);GATE
Port:(504.2, 224.8)(542.7, 224.8)(542.7, 231.6)(504.2, 231.6);SD
Module:M6
Boundary:(380.6, 10.0)(451.7, 10.0)(451.7, 233.0)(380.6, 233.0);GATE
Port:(391.9, 227.3)(440.4, 227.3)(440.4, 233.0)(391.9, 233.0);SD
Port:(380.6, 10.0)(451.7, 10.0)(451.7, 225.3)(380.6, 225.3);GATE
Port:(386.3, 14.7)(446.0, 14.7)(446.0, 19.7)(386.3, 19.7);SD
Module:M2
Boundary:(407.1, 481.8)(407.1, 548.5)(227.3, 548.5)(227.3, 481.8);GATE
Port:(227.3, 494.6)(232.7, 494.6)(232.7, 535.7)(227.3, 535.7);SD
Port:(407.1, 481.8)(407.1, 548.5)(234.0, 548.5)(234.0, 481.8);GATE
Port:(396.4, 487.3)(402.6, 487.3)(402.6, 543.0)(396.4, 543.0);SD
Module:M16
Boundary:(255.5, 103.2)(340.1, 103.2)(340.1, 103.5)(357.1, 103.5)(357.1, 182.5)(255.5, 182.5);GATE
Port:(268.9, 178.0)(343.7, 178.0)(343.7, 182.5)(268.9, 182.5);SD
Port:(255.5, 103.2)(340.1, 103.2)(340.1, 103.5)(357.1, 103.5)(357.1, 176.7)(255.5, 176.7);GATE
Port:(261.7, 108.4)(333.9, 108.4)(333.9, 113.3)(261.7, 113.3);SD
Module:M13
Boundary:(394.3, 253.0)(442.3, 253.0)(442.3, 253.3)(458.7, 253.3)(458.7, 384.1)(394.3, 384.1);GATE
Port:(406.2, 379.7)(446.8, 379.7)(446.8, 384.1)(406.2, 384.1);SD
Port:(394.3, 253.0)(442.3, 253.0)(442.3, 253.3)(458.7, 253.3)(458.7, 378.4)(394.3, 378.4);GATE
Port:(400.1, 257.8)(436.5, 257.8)(436.5, 262.3)(400.1, 262.3);SD
Module:M10
Boundary:(360.6, 10.0)(360.6, 83.2)(217.2, 83.2)(217.2, 10.0);GATE
Port:(217.2, 22.1)(222.1, 22.1)(222.1, 71.1)(217.2, 71.1);SD
Port:(360.6, 10.0)(360.6, 83.2)(224.8, 83.2)(224.8, 10.0);GATE
Port:(350.0, 15.6)(356.0, 15.6)(356.0, 77.6)(350.0, 77.6);SD
Module:M7
Boundary:(187.3, 474.7)(187.3, 527.2)(187.1, 527.2)(187.1, 545.1)(20.0, 545.1)(20.0, 474.7);GATE
Port:(20.0, 488.4)(25.3, 488.4)(25.3, 531.4)(20.0, 531.4);SD
Port:(187.3, 474.7)(187.3, 527.2)(187.1, 527.2)(187.1, 545.1)(27.4, 545.1)(27.4, 474.7);GATE
Port:(177.0, 479.8)(183.2, 479.8)(183.2, 522.1)(177.0, 522.1);SD
Module:M3
Boundary:(341.5, 202.5)(341.5, 274.4)(341.4, 274.4)(341.4, 292.5)(140.9, 292.5)(140.9, 202.5);GATE
Port:(140.9, 216.8)(145.3, 216.8)(145.3, 278.2)(140.9, 278.2);SD
Port:(341.5, 202.5)(341.5, 274.4)(341.4, 274.4)(341.4, 292.5)(148.2, 292.5)(148.2, 202.5);GATE
Port:(330.2, 208.7)(336.3, 208.7)(336.3, 268.2)(330.2, 268.2);SD
Module:M15
Boundary:(130.7, 330.4)(193.4, 330.4)(193.4, 330.5)(209.6, 330.5)(209.6, 444.7)(130.7, 444.7);GATE
Port:(142.2, 440.1)(198.1, 440.1)(198.1, 444.7)(142.2, 444.7);SD
Port:(130.7, 330.4)(193.4, 330.4)(193.4, 330.5)(209.6, 330.5)(209.6, 438.8)(130.7, 438.8);GATE
Port:(135.7, 334.4)(188.4, 334.4)(188.4, 339.3)(135.7, 339.3);SD
Module:M12
Boundary:(235.5, 104.6)(235.5, 161.2)(140.9, 161.2)(140.9, 104.6);GATE
Port:(140.9, 120.4)(146.1, 120.4)(146.1, 145.4)(140.9, 145.4);SD
Port:(235.5, 104.6)(235.5, 161.2)(148.4, 161.2)(148.4, 104.6);GATE
Port:(222.6, 111.6)(229.5, 111.6)(229.5, 154.2)(222.6, 154.2);SD
Module:M8
Boundary:(481.7, 20.0)(554.3, 20.0)(554.3, 20.3)(571.3, 20.3)(571.3, 170.3)(481.7, 170.3);GATE
Port:(497.9, 165.9)(555.1, 165.9)(555.1, 170.3)(497.9, 170.3);SD
Port:(481.7, 20.0)(554.3, 20.0)(554.3, 20.3)(571.3, 20.3)(571.3, 163.8)(481.7, 163.8);GATE
Port:(488.5, 25.8)(547.5, 25.8)(547.5, 32.8)(488.5, 32.8);SD
Module:M4
Boundary:(364.3, 322.5)(364.3, 424.8)(363.8, 424.8)(363.8, 441.8)(239.6, 441.8)(239.6, 322.5);GATE
Port:(239.6, 336.1)(245.5, 336.1)(245.5, 428.2)(239.6, 428.2);SD
Port:(364.3, 322.5)(364.3, 424.8)(363.8, 424.8)(363.8, 441.8)(248.5, 441.8)(248.5, 322.5);GATE
Port:(353.3, 327.8)(360.0, 327.8)(360.0, 419.5)(353.3, 419.5);SD
