Area:(-30.0, -30.0)(408.2, -30.0)(408.2, 971.2)(-30.0, 971.2)
Rule:GATE(5,5);SD(5,5);GATE_SD(0.5);GATE_ITO(0.5);SD_ITO(0.5)
Module:M14
Boundary:(211.6, 636.7)(243.8, 636.7)(243.8, 636.8)(260.0, 636.8)(260.0, 833.2)(211.6, 833.2);GATE
Port:(224.2, 828.6)(247.4, 828.6)(247.4, 833.2)(224.2, 833.2);SD
Port:(211.6, 636.7)(243.8, 636.7)(243.8, 636.8)(260.0, 636.8)(260.0, 827.5)(211.6, 827.5);GATE
Port:(217.4, 641.5)(238.0, 641.5)(238.0, 646.5)(217.4, 646.5);SD
Module:M9
Boundary:(193.0, 216.9)(193.0, 312.2)(10.0, 312.2)(10.0, 216.9);GATE
Port:(10.0, 232.7)(15.0, 232.7)(15.0, 296.4)(10.0, 296.4);SD
Port:(193.0, 216.9)(193.0, 312.2)(16.3, 312.2)(16.3, 216.9);GATE
Port:(180.3, 223.7)(187.2, 223.7)(187.2, 305.4)(180.3, 305.4);SD
Module:M5
Boundary:(230.0, 342.2)(230.0, 404.8)(20.0, 404.8)(20.0, 342.2);GATE
Port:(20.0, 355.9)(24.5, 355.9)(24.5, 391.1)(20.0, 391.1);SD
Port:(230.0, 342.2)(230.0, 404.8)(26.1, 404.8)(26.1, 342.2);GATE
Port:(217.9, 348.8)(224.4, 348.8)(224.4, 398.2)(217.9, 398.2);SD
Module:M11
Boundary:(171.6, 696.3)(171.6, 768.9)(171.3, 768.9)(171.3, 787.7)(10.0, 787.7)(10.0, 696.3);GATE
Port:(10.0, 710.1)(14.9, 710.1)(14.9, 773.9)(10.0, 773.9);SD
Port:(171.6, 696.3)(171.6, 768.9)(171.3, 768.9)(171.3, 787.7)(16.0, 787.7)(16.0, 696.3);GATE
Port:(161.1, 702.0)(166.9, 702.0)(166.9, 763.2)(161.1, 763.2);SD
Module:M1
Boundary:(280.0, 343.5)(335.5, 343.5)(335.5, 343.7)(353.3, 343.7)(353.3, 496.9)(280.0, 496.9);GATE
Port:(295.2, 491.1)(338.1, 491.1)(338.1, 496.9)(295.2, 496.9);SD
Port:(280.0, 343.5)(335.5, 343.5)(335.5, 343.7)(353.3, 343.7)(353.3, 488.8)(280.0, 488.8);GATE
Port:(286.1, 348.6)(329.4, 348.6)(329.4, 355.9)(286.1, 355.9);SD
Module:M6
Boundary:(362.6, 873.2)(362.6, 917.0)(362.4, 917.0)(362.4, 931.2)(191.6, 931.2)(191.6, 873.2);GATE
Port:(191.6, 885.0)(195.7, 885.0)(195.7, 919.4)(191.6, 919.4);SD
Port:(362.6, 873.2)(362.6, 917.0)(362.4, 917.0)(362.4, 931.2)(197.4, 931.2)(197.4, 873.2);GATE
Port:(353.3, 878.7)(358.1, 878.7)(358.1, 911.5)(353.3, 911.5);SD
Module:M2
Boundary:(223.0, 130.1)(330.3, 130.1)(330.3, 293.5)(223.0, 293.5);GATE
Port:(237.7, 288.5)(315.6, 288.5)(315.6, 293.5)(237.7, 293.5);SD
Port:(223.0, 130.1)(330.3, 130.1)(330.3, 287.4)(223.0, 287.4);GATE
Port:(229.0, 135.1)(324.3, 135.1)(324.3, 141.6)(229.0, 141.6);SD
Module:M16
Boundary:(10.0, 10.0)(45.3, 10.0)(45.3, 10.1)(61.1, 10.1)(61.1, 137.8)(10.0, 137.8);GATE
Port:(23.9, 133.2)(47.2, 133.2)(47.2, 137.8)(23.9, 137.8);SD
Port:(10.0, 10.0)(45.3, 10.0)(45.3, 10.1)(61.1, 10.1)(61.1, 131.2)(10.0, 131.2);GATE
Port:(16.1, 15.1)(39.2, 15.1)(39.2, 22.0)(16.1, 22.0);SD
Module:M13
Boundary:(300.0, 616.7)(350.2, 616.7)(350.2, 616.9)(366.2, 616.9)(366.2, 816.3)(300.0, 816.3);GATE
Port:(313.4, 810.8)(352.8, 810.8)(352.8, 816.3)(313.4, 816.3);SD
Port:(300.0, 616.7)(350.2, 616.7)(350.2, 616.9)(366.2, 616.9)(366.2, 808.0)(300.0, 808.0);GATE
Port:(306.1, 621.8)(344.1, 621.8)(344.1, 628.3)(306.1, 628.3);SD
Module:M10
Boundary:(368.2, 536.9)(368.2, 596.7)(237.4, 596.7)(237.4, 536.9);GATE
Port:(237.4, 549.5)(241.6, 549.5)(241.6, 584.1)(237.4, 584.1);SD
Port:(368.2, 536.9)(368.2, 596.7)(244.3, 596.7)(244.3, 536.9);GATE
Port:(357.5, 543.7)(362.4, 543.7)(362.4, 589.9)(357.5, 589.9);SD
Module:M7
Boundary:(207.4, 444.8)(207.4, 533.4)(207.1, 533.4)(207.1, 547.7)(20.0, 547.7)(20.0, 444.8);GATE
Port:(20.0, 457.4)(26.0, 457.4)(26.0, 535.1)(20.0, 535.1);SD
Port:(207.4, 444.8)(207.4, 533.4)(207.1, 533.4)(207.1, 547.7)(28.5, 547.7)(28.5, 444.8);GATE
Port:(196.9, 450.6)(202.6, 450.6)(202.6, 527.6)(196.9, 527.6);SD
Module:M3
Boundary:(146.5, 807.7)(146.5, 911.5)(146.2, 911.5)(146.2, 929.0)(10.0, 929.0)(10.0, 807.7);GATE
Port:(10.0, 821.3)(14.1, 821.3)(14.1, 915.4)(10.0, 915.4);SD
Port:(146.5, 807.7)(146.5, 911.5)(146.2, 911.5)(146.2, 929.0)(16.4, 929.0)(16.4, 807.7);GATE
Port:(136.3, 813.1)(142.1, 813.1)(142.1, 906.1)(136.3, 906.1);SD
Module:M15
Boundary:(365.5, 10.0)(365.5, 82.6)(365.5, 82.6)(365.5, 100.1)(182.3, 100.1)(182.3, 10.0);GATE
Port:(182.3, 25.0)(187.8, 25.0)(187.8, 85.1)(182.3, 85.1);SD
Port:(365.5, 10.0)(365.5, 82.6)(365.5, 82.6)(365.5, 100.1)(190.0, 100.1)(190.0, 10.0);GATE
Port:(353.4, 16.6)(359.9, 16.6)(359.9, 76.0)(353.4, 76.0);SD
Module:M12
Boundary:(187.0, 124.6)(187.0, 196.9)(81.1, 196.9)(81.1, 124.6);GATE
Port:(81.1, 138.7)(86.0, 138.7)(86.0, 182.8)(81.1, 182.8);SD
Port:(187.0, 124.6)(187.0, 196.9)(87.7, 196.9)(87.7, 124.6);GATE
Port:(176.3, 130.6)(182.0, 130.6)(182.0, 190.9)(176.3, 190.9);SD
Module:M8
Boundary:(158.4, 587.7)(158.4, 651.6)(158.2, 651.6)(158.2, 666.3)(20.0, 666.3)(20.0, 587.7);GATE
Port:(20.0, 601.8)(24.1, 601.8)(24.1, 652.2)(20.0, 652.2);SD
Port:(158.4, 587.7)(158.4, 651.6)(158.2, 651.6)(158.2, 666.3)(26.7, 666.3)(26.7, 587.7);GATE
Port:(146.2, 594.2)(152.9, 594.2)(152.9, 645.1)(146.2, 645.1);SD
Module:M4
Boundary:(91.1, 20.0)(152.3, 20.0)(152.3, 94.6)(91.1, 94.6);GATE
Port:(102.7, 90.4)(140.7, 90.4)(140.7, 94.6)(102.7, 94.6);SD
Port:(91.1, 20.0)(152.3, 20.0)(152.3, 87.4)(91.1, 87.4);GATE
Port:(96.3, 24.2)(147.1, 24.2)(147.1, 28.8)(96.3, 28.8);SD
