Area:(-30.0, -30.0)(604.1, -30.0)(604.1, 684.7)(-30.0, 684.7)
Rule:GATE(5,5);SD(5,5);GATE_SD(0.5);GATE_ITO(0.5);SD_ITO(0.5)
Module:M14
Boundary:(129.4, 245.8)(199.3, 245.8)(199.3, 360.9)(129.4, 360.9);GATE
Port:(144.3, 355.2)(184.4, 355.2)(184.4, 360.9)(144.3, 360.9);SD
Port:(129.4, 245.8)(199.3, 245.8)(199.3, 353.7)(129.4, 353.7);GATE
Port:(135.8, 251.2)(192.9, 251.2)(192.9, 257.6)(135.8, 257.6);SD
Module:M9
Boundary:(400.9, 213.0)(446.7, 213.0)(446.7, 385.6)(400.9, 385.6);GATE
Port:(412.1, 381.1)(435.5, 381.1)(435.5, 385.6)(412.1, 385.6);SD
Port:(400.9, 213.0)(446.7, 213.0)(446.7, 379.0)(400.9, 379.0);GATE
Port:(406.5, 217.6)(441.1, 217.6)(441.1, 222.1)(406.5, 222.1);SD
Module:M5
Boundary:(418.2, 460.3)(418.2, 494.7)(418.1, 494.7)(418.1, 509.0)(251.5, 509.0)(251.5, 460.3);GATE
Port:(251.5, 474.0)(257.2, 474.0)(257.2, 495.3)(251.5, 495.3);SD
Port:(418.2, 460.3)(418.2, 494.7)(418.1, 494.7)(418.1, 509.0)(259.4, 509.0)(259.4, 460.3);GATE
Port:(406.3, 467.2)(412.3, 467.2)(412.3, 487.8)(406.3, 487.8);SD
Module:M11
Boundary:(232.5, 539.0)(232.5, 629.9)(232.2, 629.9)(232.2, 644.3)(10.0, 644.3)(10.0, 539.0);GATE
Port:(10.0, 552.1)(15.1, 552.1)(15.1, 631.2)(10.0, 631.2);SD
Port:(232.5, 539.0)(232.5, 629.9)(232.2, 629.9)(232.2, 644.3)(17.3, 644.3)(17.3, 539.0);GATE
Port:(221.4, 545.4)(227.1, 545.4)(227.1, 623.5)(221.4, 623.5);SD
Module:M1
Boundary:(261.5, 233.0)(360.9, 233.0)(360.9, 410.3)(261.5, 410.3);GATE
Port:(275.0, 404.5)(347.4, 404.5)(347.4, 410.3)(275.0, 410.3);SD
Port:(261.5, 233.0)(360.9, 233.0)(360.9, 402.8)(261.5, 402.8);GATE
Port:(268.4, 238.9)(354.0, 238.9)(354.0, 244.3)(268.4, 244.3);SD
Module:M6
Boundary:(241.5, 10.0)(287.3, 10.0)(287.3, 10.0)(302.3, 10.0)(302.3, 99.2)(241.5, 99.2);GATE
Port:(253.6, 94.2)(290.2, 94.2)(290.2, 99.2)(253.6, 99.2);SD
Port:(241.5, 10.0)(287.3, 10.0)(287.3, 10.0)(302.3, 10.0)(302.3, 91.8)(241.5, 91.8);GATE
Port:(247.6, 15.1)(281.2, 15.1)(281.2, 19.4)(247.6, 19.4);SD
Module:M2
Boundary:(453.8, 20.0)(453.8, 85.4)(332.3, 85.4)(332.3, 20.0);GATE
Port:(332.3, 33.2)(337.2, 33.2)(337.2, 72.2)(332.3, 72.2);SD
Port:(453.8, 20.0)(453.8, 85.4)(338.5, 85.4)(338.5, 20.0);GATE
Port:(443.1, 25.7)(449.1, 25.7)(449.1, 79.7)(443.1, 79.7);SD
Module:M16
Boundary:(450.4, 119.2)(450.4, 174.4)(450.0, 174.4)(450.0, 193.0)(241.5, 193.0)(241.5, 119.2);GATE
Port:(241.5, 133.6)(247.3, 133.6)(247.3, 178.6)(241.5, 178.6);SD
Port:(450.4, 119.2)(450.4, 174.4)(450.0, 174.4)(450.0, 193.0)(248.4, 193.0)(248.4, 119.2);GATE
Port:(439.5, 125.4)(445.2, 125.4)(445.2, 168.2)(439.5, 168.2);SD
Module:M13
Boundary:(441.9, 539.0)(441.9, 644.1)(252.5, 644.1)(252.5, 539.0);GATE
Port:(252.5, 552.0)(257.6, 552.0)(257.6, 631.1)(252.5, 631.1);SD
Port:(441.9, 539.0)(441.9, 644.1)(259.7, 644.1)(259.7, 539.0);GATE
Port:(430.9, 544.6)(437.3, 544.6)(437.3, 638.5)(430.9, 638.5);SD
Module:M10
Boundary:(10.0, 201.6)(74.2, 201.6)(74.2, 201.8)(89.4, 201.8)(89.4, 371.1)(10.0, 371.1);GATE
Port:(23.7, 366.9)(75.7, 366.9)(75.7, 371.1)(23.7, 371.1);SD
Port:(10.0, 201.6)(74.2, 201.6)(74.2, 201.8)(89.4, 201.8)(89.4, 365.3)(10.0, 365.3);GATE
Port:(16.7, 207.3)(67.5, 207.3)(67.5, 213.2)(16.7, 213.2);SD
Module:M7
Boundary:(20.0, 20.0)(84.4, 20.0)(84.4, 171.6)(20.0, 171.6);GATE
Port:(33.1, 167.2)(71.3, 167.2)(71.3, 171.6)(33.1, 171.6);SD
Port:(20.0, 20.0)(84.4, 20.0)(84.4, 165.4)(20.0, 165.4);GATE
Port:(26.5, 25.5)(77.9, 25.5)(77.9, 30.8)(26.5, 30.8);SD
Module:M3
Boundary:(466.7, 267.3)(548.5, 267.3)(548.5, 267.3)(564.1, 267.3)(564.1, 442.5)(466.7, 442.5);GATE
Port:(480.4, 436.9)(550.4, 436.9)(550.4, 442.5)(480.4, 442.5);SD
Port:(466.7, 267.3)(548.5, 267.3)(548.5, 267.3)(564.1, 267.3)(564.1, 435.8)(466.7, 435.8);GATE
Port:(473.1, 272.7)(542.1, 272.7)(542.1, 278.9)(473.1, 278.9);SD
Module:M15
Boundary:(461.9, 462.5)(547.0, 462.5)(547.0, 462.7)(563.8, 462.7)(563.8, 644.7)(461.9, 644.7);GATE
Port:(475.3, 640.4)(550.4, 640.4)(550.4, 644.7)(475.3, 644.7);SD
Port:(461.9, 462.5)(547.0, 462.5)(547.0, 462.7)(563.8, 462.7)(563.8, 638.3)(461.9, 638.3);GATE
Port:(467.6, 467.2)(541.3, 467.2)(541.3, 473.2)(467.6, 473.2);SD
Module:M12
Boundary:(114.4, 10.0)(221.5, 10.0)(221.5, 205.8)(114.4, 205.8);GATE
Port:(129.1, 200.3)(206.8, 200.3)(206.8, 205.8)(129.1, 205.8);SD
Port:(114.4, 10.0)(221.5, 10.0)(221.5, 197.6)(114.4, 197.6);GATE
Port:(120.2, 14.8)(215.7, 14.8)(215.7, 21.4)(120.2, 21.4);SD
Module:M8
Boundary:(210.6, 410.9)(210.6, 479.0)(210.3, 479.0)(210.3, 495.6)(20.0, 495.6)(20.0, 410.9);GATE
Port:(20.0, 424.6)(25.8, 424.6)(25.8, 481.9)(20.0, 481.9);SD
Port:(210.6, 410.9)(210.6, 479.0)(210.3, 479.0)(210.3, 495.6)(27.0, 495.6)(27.0, 410.9);GATE
Port:(199.6, 416.6)(205.9, 416.6)(205.9, 473.3)(199.6, 473.3);SD
Module:M4
Boundary:(493.8, 20.0)(557.1, 20.0)(557.1, 237.3)(493.8, 237.3);GATE
Port:(507.0, 232.1)(543.9, 232.1)(543.9, 237.3)(507.0, 237.3);SD
Port:(493.8, 20.0)(557.1, 20.0)(557.1, 230.5)(493.8, 230.5);GATE
Port:(500.2, 25.4)(550.7, 25.4)(550.7, 31.5)(500.2, 31.5);SD
