Area:(-30.0, -30.0)(422.0, -30.0)(422.0, 995.6)(-30.0, 995.6)
Rule:GATE(5,5);SD(5,5);GATE_SD(0.5);GATE_ITO(0.5);SD_ITO(0.5)
Module:M14
Boundary:(210.3, 590.0)(210.3, 670.8)(30.0, 670.8)(30.0, 590.0);GATE
Port:(30.0, 603.5)(35.0, 603.5)(35.0, 657.3)(30.0, 657.3);SD
Port:(210.3, 590.0)(210.3, 670.8)(38.0, 670.8)(38.0, 590.0);GATE
Port:(199.4, 596.5)(204.8, 596.5)(204.8, 664.3)(199.4, 664.3);SD
Module:M9
Boundary:(250.3, 536.8)(355.1, 536.8)(355.1, 624.9)(250.3, 624.9);GATE
Port:(265.6, 618.9)(339.8, 618.9)(339.8, 624.9)(265.6, 624.9);SD
Port:(250.3, 536.8)(355.1, 536.8)(355.1, 616.8)(250.3, 616.8);GATE
Port:(257.3, 542.8)(348.1, 542.8)(348.1, 549.6)(257.3, 549.6);SD
Module:M5
Boundary:(368.8, 145.0)(368.8, 200.8)(368.6, 200.8)(368.6, 219.5)(231.7, 219.5)(231.7, 145.0);GATE
Port:(231.7, 160.1)(235.7, 160.1)(235.7, 204.4)(231.7, 204.4);SD
Port:(368.8, 145.0)(368.8, 200.8)(368.6, 200.8)(368.6, 219.5)(236.7, 219.5)(236.7, 145.0);GATE
Port:(357.1, 150.8)(364.0, 150.8)(364.0, 195.0)(357.1, 195.0);SD
Module:M11
Boundary:(10.0, 10.0)(73.7, 10.0)(73.7, 10.3)(89.4, 10.3)(89.4, 228.9)(10.0, 228.9);GATE
Port:(22.7, 223.8)(76.7, 223.8)(76.7, 228.9)(22.7, 228.9);SD
Port:(10.0, 10.0)(73.7, 10.0)(73.7, 10.3)(89.4, 10.3)(89.4, 221.8)(10.0, 221.8);GATE
Port:(15.3, 14.3)(68.4, 14.3)(68.4, 20.3)(15.3, 20.3);SD
Module:M1
Boundary:(215.7, 730.8)(215.7, 797.7)(215.3, 797.7)(215.3, 813.3)(30.0, 813.3)(30.0, 730.8);GATE
Port:(30.0, 745.1)(34.3, 745.1)(34.3, 799.0)(30.0, 799.0);SD
Port:(215.7, 730.8)(215.7, 797.7)(215.3, 797.7)(215.3, 813.3)(37.2, 813.3)(37.2, 730.8);GATE
Port:(203.9, 737.3)(210.2, 737.3)(210.2, 791.2)(203.9, 791.2);SD
Module:M6
Boundary:(373.8, 10.0)(373.8, 115.0)(221.7, 115.0)(221.7, 10.0);GATE
Port:(221.7, 24.3)(226.6, 24.3)(226.6, 100.7)(221.7, 100.7);SD
Port:(373.8, 10.0)(373.8, 115.0)(227.8, 115.0)(227.8, 10.0);GATE
Port:(362.4, 16.8)(368.0, 16.8)(368.0, 108.2)(362.4, 108.2);SD
Module:M2
Boundary:(119.4, 237.1)(172.0, 237.1)(172.0, 237.4)(189.1, 237.4)(189.1, 342.6)(119.4, 342.6);GATE
Port:(133.2, 337.3)(175.3, 337.3)(175.3, 342.6)(133.2, 342.6);SD
Port:(119.4, 237.1)(172.0, 237.1)(172.0, 237.4)(189.1, 237.4)(189.1, 335.4)(119.4, 335.4);GATE
Port:(126.3, 243.0)(165.1, 243.0)(165.1, 248.4)(126.3, 248.4);SD
Module:M16
Boundary:(219.1, 249.5)(279.7, 249.5)(279.7, 249.9)(294.5, 249.9)(294.5, 355.6)(219.1, 355.6);GATE
Port:(230.8, 351.1)(282.8, 351.1)(282.8, 355.6)(230.8, 355.6);SD
Port:(219.1, 249.5)(279.7, 249.5)(279.7, 249.9)(294.5, 249.9)(294.5, 349.6)(219.1, 349.6);GATE
Port:(225.4, 254.8)(273.4, 254.8)(273.4, 259.1)(225.4, 259.1);SD
Module:M13
Boundary:(255.7, 644.9)(365.1, 644.9)(365.1, 852.9)(255.7, 852.9);GATE
Port:(268.1, 847.8)(352.7, 847.8)(352.7, 852.9)(268.1, 852.9);SD
Port:(255.7, 644.9)(365.1, 644.9)(365.1, 845.3)(255.7, 845.3);GATE
Port:(261.3, 649.5)(359.5, 649.5)(359.5, 654.3)(261.3, 654.3);SD
Module:M10
Boundary:(314.5, 249.5)(361.3, 249.5)(361.3, 249.6)(376.7, 249.6)(376.7, 388.6)(314.5, 388.6);GATE
Port:(326.7, 382.7)(364.5, 382.7)(364.5, 388.6)(326.7, 388.6);SD
Port:(314.5, 249.5)(361.3, 249.5)(361.3, 249.6)(376.7, 249.6)(376.7, 381.7)(314.5, 381.7);GATE
Port:(319.7, 253.7)(356.1, 253.7)(356.1, 259.7)(319.7, 259.7);SD
Module:M7
Boundary:(119.4, 20.0)(191.7, 20.0)(191.7, 197.1)(119.4, 197.1);GATE
Port:(134.4, 191.5)(176.7, 191.5)(176.7, 197.1)(134.4, 197.1);SD
Port:(119.4, 20.0)(191.7, 20.0)(191.7, 189.2)(119.4, 189.2);GATE
Port:(126.2, 25.8)(184.9, 25.8)(184.9, 32.0)(126.2, 32.0);SD
Module:M3
Boundary:(158.1, 375.6)(272.8, 375.6)(272.8, 498.0)(158.1, 498.0);GATE
Port:(171.8, 493.3)(259.1, 493.3)(259.1, 498.0)(171.8, 498.0);SD
Port:(158.1, 375.6)(272.8, 375.6)(272.8, 490.4)(158.1, 490.4);GATE
Port:(164.6, 381.1)(266.3, 381.1)(266.3, 387.4)(164.6, 387.4);SD
Module:M15
Boundary:(292.8, 408.6)(382.0, 408.6)(382.0, 516.8)(292.8, 516.8);GATE
Port:(307.1, 511.1)(367.7, 511.1)(367.7, 516.8)(307.1, 516.8);SD
Port:(292.8, 408.6)(382.0, 408.6)(382.0, 509.0)(292.8, 509.0);GATE
Port:(299.3, 414.1)(375.5, 414.1)(375.5, 419.7)(299.3, 419.7);SD
Module:M12
Boundary:(231.3, 853.3)(231.3, 955.6)(10.0, 955.6)(10.0, 853.3);GATE
Port:(10.0, 866.3)(14.9, 866.3)(14.9, 942.6)(10.0, 942.6);SD
Port:(231.3, 853.3)(231.3, 955.6)(17.3, 955.6)(17.3, 853.3);GATE
Port:(221.7, 859.1)(226.5, 859.1)(226.5, 949.8)(221.7, 949.8);SD
Module:M8
Boundary:(347.6, 882.9)(347.6, 947.3)(261.3, 947.3)(261.3, 882.9);GATE
Port:(261.3, 895.1)(266.4, 895.1)(266.4, 935.1)(261.3, 935.1);SD
Port:(347.6, 882.9)(347.6, 947.3)(268.4, 947.3)(268.4, 882.9);GATE
Port:(337.9, 887.9)(343.6, 887.9)(343.6, 942.3)(337.9, 942.3);SD
Module:M4
Boundary:(20.0, 382.6)(113.2, 382.6)(113.2, 382.9)(128.1, 382.9)(128.1, 540.0)(20.0, 540.0);GATE
Port:(33.3, 535.3)(114.8, 535.3)(114.8, 540.0)(33.3, 540.0);SD
Port:(20.0, 382.6)(113.2, 382.6)(113.2, 382.9)(128.1, 382.9)(128.1, 532.3)(20.0, 532.3);GATE
Port:(25.8, 387.4)(107.4, 387.4)(107.4, 393.7)(25.8, 393.7);SD
