Area:(-30.0, -30.0)(749.7, -30.0)(749.7, 481.3)(-30.0, 481.3)
Rule:GATE(5,5);SD(5,5);GATE_SD(0.5);GATE_ITO(0.5);SD_ITO(0.5)
Module:M14
Boundary:(583.3, 266.4)(685.8, 266.4)(685.8, 266.9)(702.7, 266.9)(702.7, 440.3)(583.3, 440.3);GATE
Port:(597.2, 435.0)(688.8, 435.0)(688.8, 440.3)(597.2, 440.3);SD
Port:(583.3, 266.4)(685.8, 266.4)(685.8, 266.9)(702.7, 266.9)(702.7, 433.5)(583.3, 433.5);GATE
Port:(589.6, 271.7)(679.5, 271.7)(679.5, 277.2)(589.6, 277.2);SD
Module:M9
Boundary:(507.6, 10.0)(610.0, 10.0)(610.0, 192.5)(507.6, 192.5);GATE
Port:(521.7, 186.6)(595.9, 186.6)(595.9, 192.5)(521.7, 192.5);SD
Port:(507.6, 10.0)(610.0, 10.0)(610.0, 184.8)(507.6, 184.8);GATE
Port:(514.5, 15.9)(603.1, 15.9)(603.1, 21.5)(514.5, 21.5);SD
Module:M5
Boundary:(289.3, 156.5)(289.3, 271.5)(150.5, 271.5)(150.5, 156.5);GATE
Port:(150.5, 169.7)(155.5, 169.7)(155.5, 258.3)(150.5, 258.3);SD
Port:(289.3, 156.5)(289.3, 271.5)(157.0, 271.5)(157.0, 156.5);GATE
Port:(278.8, 161.7)(285.1, 161.7)(285.1, 266.3)(278.8, 266.3);SD
Module:M11
Boundary:(630.0, 10.0)(709.7, 10.0)(709.7, 226.4)(630.0, 226.4);GATE
Port:(643.1, 220.9)(696.6, 220.9)(696.6, 226.4)(643.1, 226.4);SD
Port:(630.0, 10.0)(709.7, 10.0)(709.7, 218.5)(630.0, 218.5);GATE
Port:(635.6, 14.6)(704.1, 14.6)(704.1, 20.5)(635.6, 20.5);SD
Module:M1
Boundary:(438.3, 328.4)(438.3, 435.6)(236.1, 435.6)(236.1, 328.4);GATE
Port:(236.1, 343.9)(240.2, 343.9)(240.2, 420.1)(236.1, 420.1);SD
Port:(438.3, 328.4)(438.3, 435.6)(242.1, 435.6)(242.1, 328.4);GATE
Port:(425.1, 335.3)(432.4, 335.3)(432.4, 428.7)(425.1, 428.7);SD
Module:M6
Boundary:(389.8, 10.0)(389.8, 81.2)(389.4, 81.2)(389.4, 95.1)(317.9, 95.1)(317.9, 10.0);GATE
Port:(317.9, 21.1)(323.9, 21.1)(323.9, 84.0)(317.9, 84.0);SD
Port:(389.8, 10.0)(389.8, 81.2)(389.4, 81.2)(389.4, 95.1)(325.3, 95.1)(325.3, 10.0);GATE
Port:(380.4, 16.1)(384.7, 16.1)(384.7, 75.1)(380.4, 75.1);SD
Module:M2
Boundary:(214.2, 20.0)(270.4, 20.0)(270.4, 20.3)(287.9, 20.3)(287.9, 116.5)(214.2, 116.5);GATE
Port:(230.1, 110.6)(272.0, 110.6)(272.0, 116.5)(230.1, 116.5);SD
Port:(214.2, 20.0)(270.4, 20.0)(270.4, 20.3)(287.9, 20.3)(287.9, 108.0)(214.2, 108.0);GATE
Port:(220.8, 25.6)(263.8, 25.6)(263.8, 33.0)(220.8, 33.0);SD
Module:M16
Boundary:(514.6, 230.0)(514.6, 274.4)(514.4, 274.4)(514.4, 288.4)(319.3, 288.4)(319.3, 230.0);GATE
Port:(319.3, 242.1)(323.9, 242.1)(323.9, 276.3)(319.3, 276.3);SD
Port:(514.6, 230.0)(514.6, 274.4)(514.4, 274.4)(514.4, 288.4)(325.8, 288.4)(325.8, 230.0);GATE
Port:(504.2, 235.0)(510.6, 235.0)(510.6, 269.4)(504.2, 269.4);SD
Module:M13
Boundary:(86.2, 343.6)(86.2, 425.2)(86.0, 425.2)(86.0, 440.8)(10.0, 440.8)(10.0, 343.6);GATE
Port:(10.0, 357.4)(14.1, 357.4)(14.1, 427.0)(10.0, 427.0);SD
Port:(86.2, 343.6)(86.2, 425.2)(86.0, 425.2)(86.0, 440.8)(16.9, 440.8)(16.9, 343.6);GATE
Port:(74.3, 349.0)(81.8, 349.0)(81.8, 419.8)(74.3, 419.8);SD
Module:M10
Boundary:(486.5, 10.0)(486.5, 104.3)(486.0, 104.3)(486.0, 120.0)(409.8, 120.0)(409.8, 10.0);GATE
Port:(409.8, 22.4)(414.6, 22.4)(414.6, 107.6)(409.8, 107.6);SD
Port:(486.5, 10.0)(486.5, 104.3)(486.0, 104.3)(486.0, 120.0)(416.7, 120.0)(416.7, 10.0);GATE
Port:(477.0, 16.2)(481.3, 16.2)(481.3, 98.1)(477.0, 98.1);SD
Module:M7
Boundary:(488.3, 318.4)(520.2, 318.4)(520.2, 318.5)(533.3, 318.5)(533.3, 427.6)(488.3, 427.6);GATE
Port:(500.9, 422.7)(520.7, 422.7)(520.7, 427.6)(500.9, 427.6);SD
Port:(488.3, 318.4)(520.2, 318.4)(520.2, 318.5)(533.3, 318.5)(533.3, 420.7)(488.3, 420.7);GATE
Port:(494.5, 323.6)(514.0, 323.6)(514.0, 329.5)(494.5, 329.5);SD
Module:M3
Boundary:(106.2, 343.6)(196.1, 343.6)(196.1, 441.3)(106.2, 441.3);GATE
Port:(119.4, 435.7)(182.9, 435.7)(182.9, 441.3)(119.4, 441.3);SD
Port:(106.2, 343.6)(196.1, 343.6)(196.1, 433.4)(106.2, 433.4);GATE
Port:(113.2, 349.6)(189.1, 349.6)(189.1, 355.0)(113.2, 355.0);SD
Module:M15
Boundary:(184.2, 10.0)(184.2, 98.6)(10.0, 98.6)(10.0, 10.0);GATE
Port:(10.0, 25.0)(14.6, 25.0)(14.6, 83.6)(10.0, 83.6);SD
Port:(184.2, 10.0)(184.2, 98.6)(17.0, 98.6)(17.0, 10.0);GATE
Port:(172.4, 16.0)(179.2, 16.0)(179.2, 92.6)(172.4, 92.6);SD
Module:M12
Boundary:(10.0, 248.7)(120.4, 248.7)(120.4, 323.6)(10.0, 323.6);GATE
Port:(24.6, 318.7)(105.8, 318.7)(105.8, 323.6)(24.6, 323.6);SD
Port:(10.0, 248.7)(120.4, 248.7)(120.4, 317.5)(10.0, 317.5);GATE
Port:(15.6, 253.3)(114.8, 253.3)(114.8, 260.0)(15.6, 260.0);SD
Module:M8
Boundary:(477.6, 150.0)(477.6, 200.0)(329.3, 200.0)(329.3, 150.0);GATE
Port:(329.3, 164.0)(334.8, 164.0)(334.8, 186.0)(329.3, 186.0);SD
Port:(477.6, 150.0)(477.6, 200.0)(337.5, 200.0)(337.5, 150.0);GATE
Port:(466.1, 156.9)(471.7, 156.9)(471.7, 193.1)(466.1, 193.1);SD
Module:M4
Boundary:(20.0, 128.6)(92.7, 128.6)(92.7, 129.0)(110.5, 129.0)(110.5, 218.7)(20.0, 218.7);GATE
Port:(35.3, 213.1)(95.2, 213.1)(95.2, 218.7)(35.3, 218.7);SD
Port:(20.0, 128.6)(92.7, 128.6)(92.7, 129.0)(110.5, 129.0)(110.5, 212.0)(20.0, 212.0);GATE
Port:(26.0, 133.6)(86.7, 133.6)(86.7, 140.7)(26.0, 140.7);SD
