Area:(-30.0, -30.0)(383.0, -30.0)(383.0, 1074.9)(-30.0, 1074.9)
Rule:GATE(5,5);SD(5,5);GATE_SD(0.5);GATE_ITO(0.5);SD_ITO(0.5)
Module:M14
Boundary:(30.0, 170.2)(65.7, 170.2)(65.7, 170.3)(81.5, 170.3)(81.5, 385.1)(30.0, 385.1);GATE
Port:(44.3, 379.4)(67.2, 379.4)(67.2, 385.1)(44.3, 385.1);SD
Port:(30.0, 170.2)(65.7, 170.2)(65.7, 170.3)(81.5, 170.3)(81.5, 378.3)(30.0, 378.3);GATE
Port:(35.7, 174.9)(60.0, 174.9)(60.0, 182.6)(35.7, 182.6);SD
Module:M9
Boundary:(234.2, 332.0)(341.8, 332.0)(341.8, 510.5)(234.2, 510.5);GATE
Port:(249.1, 505.8)(326.9, 505.8)(326.9, 510.5)(249.1, 510.5);SD
Port:(234.2, 332.0)(341.8, 332.0)(341.8, 504.0)(234.2, 504.0);GATE
Port:(240.9, 337.7)(335.1, 337.7)(335.1, 343.7)(240.9, 343.7);SD
Module:M5
Boundary:(224.9, 148.8)(305.6, 148.8)(305.6, 149.0)(321.3, 149.0)(321.3, 302.0)(224.9, 302.0);GATE
Port:(238.0, 297.8)(308.2, 297.8)(308.2, 302.0)(238.0, 302.0);SD
Port:(224.9, 148.8)(305.6, 148.8)(305.6, 149.0)(321.3, 149.0)(321.3, 296.5)(224.9, 296.5);GATE
Port:(231.3, 154.2)(299.2, 154.2)(299.2, 160.1)(231.3, 160.1);SD
Module:M11
Boundary:(140.6, 150.2)(178.2, 150.2)(178.2, 150.2)(194.9, 150.2)(194.9, 355.7)(140.6, 355.7);GATE
Port:(156.4, 349.9)(179.1, 349.9)(179.1, 355.7)(156.4, 355.7);SD
Port:(140.6, 150.2)(178.2, 150.2)(178.2, 150.2)(194.9, 150.2)(194.9, 347.2)(140.6, 347.2);GATE
Port:(147.4, 156.0)(171.4, 156.0)(171.4, 163.0)(147.4, 163.0);SD
Module:M1
Boundary:(236.2, 827.9)(305.9, 827.9)(305.9, 828.3)(322.9, 828.3)(322.9, 901.1)(236.2, 901.1);GATE
Port:(250.6, 896.1)(308.5, 896.1)(308.5, 901.1)(250.6, 901.1);SD
Port:(236.2, 827.9)(305.9, 827.9)(305.9, 828.3)(322.9, 828.3)(322.9, 894.0)(236.2, 894.0);GATE
Port:(241.9, 832.6)(300.2, 832.6)(300.2, 839.3)(241.9, 839.3);SD
Module:M6
Boundary:(140.6, 375.7)(214.2, 375.7)(214.2, 511.0)(140.6, 511.0);GATE
Port:(152.3, 506.6)(202.5, 506.6)(202.5, 511.0)(152.3, 511.0);SD
Port:(140.6, 375.7)(214.2, 375.7)(214.2, 504.6)(140.6, 504.6);GATE
Port:(145.8, 379.9)(209.0, 379.9)(209.0, 385.6)(145.8, 385.6);SD
Module:M2
Boundary:(20.0, 435.1)(92.3, 435.1)(92.3, 435.3)(110.6, 435.3)(110.6, 641.6)(20.0, 641.6);GATE
Port:(34.1, 637.4)(96.5, 637.4)(96.5, 641.6)(34.1, 641.6);SD
Port:(20.0, 435.1)(92.3, 435.1)(92.3, 435.3)(110.6, 435.3)(110.6, 634.8)(20.0, 634.8);GATE
Port:(25.1, 439.2)(87.2, 439.2)(87.2, 446.1)(25.1, 446.1);SD
Module:M16
Boundary:(10.0, 898.3)(82.4, 898.3)(82.4, 898.6)(100.4, 898.6)(100.4, 1019.4)(10.0, 1019.4);GATE
Port:(24.4, 1014.7)(86.0, 1014.7)(86.0, 1019.4)(24.4, 1019.4);SD
Port:(10.0, 898.3)(82.4, 898.3)(82.4, 898.6)(100.4, 898.6)(100.4, 1012.1)(10.0, 1012.1);GATE
Port:(16.0, 903.3)(76.4, 903.3)(76.4, 909.8)(16.0, 909.8);SD
Module:M13
Boundary:(170.1, 10.0)(291.2, 10.0)(291.2, 118.8)(170.1, 118.8);GATE
Port:(183.0, 114.2)(278.3, 114.2)(278.3, 118.8)(183.0, 118.8);SD
Port:(170.1, 10.0)(291.2, 10.0)(291.2, 112.2)(170.1, 112.2);GATE
Port:(175.7, 14.6)(285.6, 14.6)(285.6, 20.0)(175.7, 20.0);SD
Module:M10
Boundary:(321.4, 942.5)(321.4, 1034.9)(126.7, 1034.9)(126.7, 942.5);GATE
Port:(126.7, 957.8)(130.8, 957.8)(130.8, 1019.6)(126.7, 1019.6);SD
Port:(321.4, 942.5)(321.4, 1034.9)(133.1, 1034.9)(133.1, 942.5);GATE
Port:(308.9, 949.2)(315.7, 949.2)(315.7, 1028.2)(308.9, 1028.2);SD
Module:M7
Boundary:(20.0, 20.0)(140.1, 20.0)(140.1, 120.2)(20.0, 120.2);GATE
Port:(34.4, 115.4)(125.7, 115.4)(125.7, 120.2)(34.4, 120.2);SD
Port:(20.0, 20.0)(140.1, 20.0)(140.1, 114.0)(20.0, 114.0);GATE
Port:(26.5, 25.5)(133.6, 25.5)(133.6, 31.8)(26.5, 31.8);SD
Module:M3
Boundary:(275.1, 604.2)(325.7, 604.2)(325.7, 604.5)(343.0, 604.5)(343.0, 776.9)(275.1, 776.9);GATE
Port:(288.4, 771.0)(329.7, 771.0)(329.7, 776.9)(288.4, 776.9);SD
Port:(275.1, 604.2)(325.7, 604.2)(325.7, 604.5)(343.0, 604.5)(343.0, 769.7)(275.1, 769.7);GATE
Port:(280.2, 608.3)(320.6, 608.3)(320.6, 614.2)(280.2, 614.2);SD
Module:M15
Boundary:(339.5, 531.0)(339.5, 566.2)(339.4, 566.2)(339.4, 584.2)(140.6, 584.2)(140.6, 531.0);GATE
Port:(140.6, 544.6)(145.8, 544.6)(145.8, 570.6)(140.6, 570.6);SD
Port:(339.5, 531.0)(339.5, 566.2)(339.4, 566.2)(339.4, 584.2)(148.6, 584.2)(148.6, 531.0);GATE
Port:(329.0, 537.5)(334.0, 537.5)(334.0, 559.7)(329.0, 559.7);SD
Module:M12
Boundary:(10.0, 671.6)(106.7, 671.6)(106.7, 878.3)(10.0, 878.3);GATE
Port:(22.4, 872.6)(94.3, 872.6)(94.3, 878.3)(22.4, 878.3);SD
Port:(10.0, 671.6)(106.7, 671.6)(106.7, 869.8)(10.0, 869.8);GATE
Port:(15.8, 676.4)(100.9, 676.4)(100.9, 681.9)(15.8, 681.9);SD
Module:M8
Boundary:(136.7, 817.9)(169.1, 817.9)(169.1, 818.1)(186.2, 818.1)(186.2, 912.5)(136.7, 912.5);GATE
Port:(148.9, 907.6)(174.0, 907.6)(174.0, 912.5)(148.9, 912.5);SD
Port:(136.7, 817.9)(169.1, 817.9)(169.1, 818.1)(186.2, 818.1)(186.2, 905.3)(136.7, 905.3);GATE
Port:(142.2, 822.4)(163.6, 822.4)(163.6, 827.3)(142.2, 827.3);SD
Module:M4
Boundary:(150.6, 614.2)(245.1, 614.2)(245.1, 777.9)(150.6, 777.9);GATE
Port:(162.5, 772.2)(233.2, 772.2)(233.2, 777.9)(162.5, 777.9);SD
Port:(150.6, 614.2)(245.1, 614.2)(245.1, 769.7)(150.6, 769.7);GATE
Port:(156.3, 618.9)(239.4, 618.9)(239.4, 623.5)(156.3, 623.5);SD
