Area:(-30.0, -30.0)(510.4, -30.0)(510.4, 743.7)(-30.0, 743.7)
Rule:GATE(5,5);SD(5,5);GATE_SD(0.5);GATE_ITO(0.5);SD_ITO(0.5)
Module:M14
Boundary:(138.6, 379.8)(138.6, 431.9)(138.3, 431.9)(138.3, 449.4)(30.0, 449.4)(30.0, 379.8);GATE
Port:(30.0, 393.6)(34.8, 393.6)(34.8, 435.6)(30.0, 435.6);SD
Port:(138.6, 379.8)(138.6, 431.9)(138.3, 431.9)(138.3, 449.4)(36.7, 449.4)(36.7, 379.8);GATE
Port:(127.6, 385.6)(133.8, 385.6)(133.8, 426.1)(127.6, 426.1);SD
Module:M9
Boundary:(226.4, 276.1)(226.4, 312.4)(226.3, 312.4)(226.3, 329.9)(106.4, 329.9)(106.4, 276.1);GATE
Port:(106.4, 290.7)(110.6, 290.7)(110.6, 315.3)(106.4, 315.3);SD
Port:(226.4, 276.1)(226.4, 312.4)(226.3, 312.4)(226.3, 329.9)(112.5, 329.9)(112.5, 276.1);GATE
Port:(215.0, 281.9)(221.6, 281.9)(221.6, 306.6)(215.0, 306.6);SD
Module:M5
Boundary:(453.5, 20.0)(453.5, 83.6)(453.3, 83.6)(453.3, 99.5)(257.3, 99.5)(257.3, 20.0);GATE
Port:(257.3, 32.0)(262.8, 32.0)(262.8, 87.5)(257.3, 87.5);SD
Port:(453.5, 20.0)(453.5, 83.6)(453.3, 83.6)(453.3, 99.5)(264.4, 99.5)(264.4, 20.0);GATE
Port:(443.3, 25.7)(448.8, 25.7)(448.8, 77.9)(443.3, 77.9);SD
Module:M11
Boundary:(366.2, 327.3)(463.2, 327.3)(463.2, 440.0)(366.2, 440.0);GATE
Port:(379.9, 435.6)(449.5, 435.6)(449.5, 440.0)(379.9, 440.0);SD
Port:(366.2, 327.3)(463.2, 327.3)(463.2, 433.0)(366.2, 433.0);GATE
Port:(371.8, 331.9)(457.6, 331.9)(457.6, 339.0)(371.8, 339.0);SD
Module:M1
Boundary:(326.2, 372.6)(326.2, 422.2)(326.0, 422.2)(326.0, 439.1)(198.6, 439.1)(198.6, 372.6);GATE
Port:(198.6, 385.4)(203.0, 385.4)(203.0, 426.3)(198.6, 426.3);SD
Port:(326.2, 372.6)(326.2, 422.2)(326.0, 422.2)(326.0, 439.1)(204.8, 439.1)(204.8, 372.6);GATE
Port:(316.3, 377.8)(322.0, 377.8)(322.0, 417.0)(316.3, 417.0);SD
Module:M6
Boundary:(254.9, 129.5)(305.7, 129.5)(305.7, 129.8)(322.1, 129.8)(322.1, 332.6)(254.9, 332.6);GATE
Port:(268.2, 328.1)(308.8, 328.1)(308.8, 332.6)(268.2, 332.6);SD
Port:(254.9, 129.5)(305.7, 129.5)(305.7, 129.8)(322.1, 129.8)(322.1, 327.0)(254.9, 327.0);GATE
Port:(261.2, 134.8)(299.4, 134.8)(299.4, 140.2)(261.2, 140.2);SD
Module:M2
Boundary:(247.8, 489.1)(331.7, 489.1)(331.7, 489.2)(347.7, 489.2)(347.7, 612.1)(247.8, 612.1);GATE
Port:(262.3, 606.4)(333.2, 606.4)(333.2, 612.1)(262.3, 612.1);SD
Port:(247.8, 489.1)(331.7, 489.1)(331.7, 489.2)(347.7, 489.2)(347.7, 604.3)(247.8, 604.3);GATE
Port:(253.8, 494.1)(325.7, 494.1)(325.7, 501.1)(253.8, 501.1);SD
Module:M16
Boundary:(10.0, 167.9)(71.8, 167.9)(71.8, 168.0)(86.4, 168.0)(86.4, 339.8)(10.0, 339.8);GATE
Port:(22.7, 334.4)(73.7, 334.4)(73.7, 339.8)(22.7, 339.8);SD
Port:(10.0, 167.9)(71.8, 167.9)(71.8, 168.0)(86.4, 168.0)(86.4, 333.0)(10.0, 333.0);GATE
Port:(15.1, 172.0)(66.7, 172.0)(66.7, 178.8)(15.1, 178.8);SD
Module:M13
Boundary:(444.1, 642.1)(444.1, 703.7)(237.8, 703.7)(237.8, 642.1);GATE
Port:(237.8, 654.2)(242.3, 654.2)(242.3, 691.6)(237.8, 691.6);SD
Port:(444.1, 642.1)(444.1, 703.7)(244.1, 703.7)(244.1, 642.1);GATE
Port:(433.7, 647.1)(440.1, 647.1)(440.1, 698.7)(433.7, 698.7);SD
Module:M10
Boundary:(216.4, 489.4)(216.4, 541.1)(216.3, 541.1)(216.3, 558.1)(10.0, 558.1)(10.0, 489.4);GATE
Port:(10.0, 503.3)(15.1, 503.3)(15.1, 544.2)(10.0, 544.2);SD
Port:(216.4, 489.4)(216.4, 541.1)(216.3, 541.1)(216.3, 558.1)(17.3, 558.1)(17.3, 489.4);GATE
Port:(205.7, 495.9)(210.9, 495.9)(210.9, 534.6)(205.7, 534.6);SD
Module:M7
Boundary:(352.1, 139.5)(470.4, 139.5)(470.4, 297.3)(352.1, 297.3);GATE
Port:(365.8, 293.1)(456.7, 293.1)(456.7, 297.3)(365.8, 297.3);SD
Port:(352.1, 139.5)(470.4, 139.5)(470.4, 290.4)(352.1, 290.4);GATE
Port:(358.0, 144.4)(464.5, 144.4)(464.5, 150.0)(358.0, 150.0);SD
Module:M3
Boundary:(377.7, 460.0)(449.3, 460.0)(449.3, 460.2)(467.4, 460.2)(467.4, 619.3)(377.7, 619.3);GATE
Port:(391.8, 614.9)(453.3, 614.9)(453.3, 619.3)(391.8, 619.3);SD
Port:(377.7, 460.0)(449.3, 460.0)(449.3, 460.2)(467.4, 460.2)(467.4, 612.5)(377.7, 612.5);GATE
Port:(383.0, 464.3)(444.0, 464.3)(444.0, 471.1)(383.0, 471.1);SD
Module:M15
Boundary:(234.9, 167.9)(234.9, 239.2)(234.9, 239.2)(234.9, 256.1)(106.4, 256.1)(106.4, 167.9);GATE
Port:(106.4, 183.0)(111.3, 183.0)(111.3, 241.0)(106.4, 241.0);SD
Port:(234.9, 167.9)(234.9, 239.2)(234.9, 239.2)(234.9, 256.1)(112.8, 256.1)(112.8, 167.9);GATE
Port:(223.1, 174.8)(229.0, 174.8)(229.0, 232.3)(223.1, 232.3);SD
Module:M12
Boundary:(10.0, 10.0)(91.3, 10.0)(91.3, 10.3)(106.4, 10.3)(106.4, 147.9)(10.0, 147.9);GATE
Port:(24.2, 142.4)(92.2, 142.4)(92.2, 147.9)(24.2, 147.9);SD
Port:(10.0, 10.0)(91.3, 10.0)(91.3, 10.3)(106.4, 10.3)(106.4, 141.2)(10.0, 141.2);GATE
Port:(16.9, 15.9)(84.4, 15.9)(84.4, 22.4)(16.9, 22.4);SD
Module:M8
Boundary:(136.4, 20.0)(217.3, 20.0)(217.3, 137.9)(136.4, 137.9);GATE
Port:(150.3, 133.1)(203.4, 133.1)(203.4, 137.9)(150.3, 137.9);SD
Port:(136.4, 20.0)(217.3, 20.0)(217.3, 131.4)(136.4, 131.4);GATE
Port:(142.5, 25.1)(211.2, 25.1)(211.2, 32.0)(142.5, 32.0);SD
Module:M4
Boundary:(207.8, 588.1)(207.8, 677.1)(207.8, 677.1)(207.8, 694.0)(20.0, 694.0)(20.0, 588.1);GATE
Port:(20.0, 603.6)(24.1, 603.6)(24.1, 678.5)(20.0, 678.5);SD
Port:(207.8, 588.1)(207.8, 677.1)(207.8, 677.1)(207.8, 694.0)(25.6, 694.0)(25.6, 588.1);GATE
Port:(195.0, 595.1)(201.8, 595.1)(201.8, 670.1)(195.0, 670.1);SD
