Area:(-30.0, -30.0)(580.7, -30.0)(580.7, 723.2)(-30.0, 723.2)
Rule:GATE(5,5);SD(5,5);GATE_SD(0.5);GATE_ITO(0.5);SD_ITO(0.5)
Module:M14
Boundary:(127.2, 451.4)(221.1, 451.4)(221.1, 451.4)(236.1, 451.4)(236.1, 522.4)(127.2, 522.4);GATE
Port:(140.8, 517.6)(222.5, 517.6)(222.5, 522.4)(140.8, 522.4);SD
Port:(127.2, 451.4)(221.1, 451.4)(221.1, 451.4)(236.1, 451.4)(236.1, 515.9)(127.2, 515.9);GATE
Port:(133.2, 456.4)(215.1, 456.4)(215.1, 463.3)(133.2, 463.3);SD
Module:M9
Boundary:(10.0, 365.1)(63.8, 365.1)(63.8, 365.3)(81.2, 365.3)(81.2, 544.3)(10.0, 544.3);GATE
Port:(24.4, 539.4)(66.8, 539.4)(66.8, 544.3)(24.4, 544.3);SD
Port:(10.0, 365.1)(63.8, 365.1)(63.8, 365.3)(81.2, 365.3)(81.2, 536.4)(10.0, 536.4);GATE
Port:(16.6, 370.7)(57.2, 370.7)(57.2, 376.1)(16.6, 376.1);SD
Module:M5
Boundary:(450.8, 459.0)(523.3, 459.0)(523.3, 669.9)(450.8, 669.9);GATE
Port:(462.4, 665.7)(511.7, 665.7)(511.7, 669.9)(462.4, 669.9);SD
Port:(450.8, 459.0)(523.3, 459.0)(523.3, 664.3)(450.8, 664.3);GATE
Port:(456.3, 463.5)(517.8, 463.5)(517.8, 468.0)(456.3, 468.0);SD
Module:M11
Boundary:(175.4, 10.0)(264.6, 10.0)(264.6, 10.5)(278.7, 10.5)(278.7, 213.1)(175.4, 213.1);GATE
Port:(188.8, 208.9)(265.3, 208.9)(265.3, 213.1)(188.8, 213.1);SD
Port:(175.4, 10.0)(264.6, 10.0)(264.6, 10.5)(278.7, 10.5)(278.7, 206.0)(175.4, 206.0);GATE
Port:(181.4, 15.0)(258.6, 15.0)(258.6, 20.9)(181.4, 20.9);SD
Module:M1
Boundary:(222.0, 584.3)(222.0, 648.6)(222.0, 648.6)(222.0, 664.3)(30.0, 664.3)(30.0, 584.3);GATE
Port:(30.0, 597.2)(34.8, 597.2)(34.8, 651.4)(30.0, 651.4);SD
Port:(222.0, 584.3)(222.0, 648.6)(222.0, 648.6)(222.0, 664.3)(36.1, 664.3)(36.1, 584.3);GATE
Port:(211.1, 589.6)(217.7, 589.6)(217.7, 643.3)(211.1, 643.3);SD
Module:M6
Boundary:(10.0, 216.2)(72.5, 216.2)(72.5, 216.5)(87.2, 216.5)(87.2, 345.1)(10.0, 345.1);GATE
Port:(23.3, 339.2)(73.9, 339.2)(73.9, 345.1)(23.3, 345.1);SD
Port:(10.0, 216.2)(72.5, 216.2)(72.5, 216.5)(87.2, 216.5)(87.2, 337.7)(10.0, 337.7);GATE
Port:(15.1, 220.3)(67.4, 220.3)(67.4, 227.6)(15.1, 227.6);SD
Module:M2
Boundary:(430.8, 20.0)(532.7, 20.0)(532.7, 210.6)(430.8, 210.6);GATE
Port:(443.7, 206.1)(519.8, 206.1)(519.8, 210.6)(443.7, 210.6);SD
Port:(430.8, 20.0)(532.7, 20.0)(532.7, 204.0)(430.8, 204.0);GATE
Port:(436.9, 25.1)(526.6, 25.1)(526.6, 29.8)(436.9, 29.8);SD
Module:M16
Boundary:(398.2, 302.3)(398.2, 370.8)(229.1, 370.8)(229.1, 302.3);GATE
Port:(229.1, 314.9)(233.9, 314.9)(233.9, 358.2)(229.1, 358.2);SD
Port:(398.2, 302.3)(398.2, 370.8)(236.5, 370.8)(236.5, 302.3);GATE
Port:(389.0, 307.3)(394.2, 307.3)(394.2, 365.8)(389.0, 365.8);SD
Module:M13
Boundary:(113.5, 125.2)(113.5, 196.2)(10.0, 196.2)(10.0, 125.2);GATE
Port:(10.0, 140.2)(14.9, 140.2)(14.9, 181.2)(10.0, 181.2);SD
Port:(113.5, 125.2)(113.5, 196.2)(16.3, 196.2)(16.3, 125.2);GATE
Port:(101.2, 131.6)(108.1, 131.6)(108.1, 189.8)(101.2, 189.8);SD
Module:M10
Boundary:(298.7, 149.5)(381.1, 149.5)(381.1, 149.9)(397.5, 149.9)(397.5, 282.3)(298.7, 282.3);GATE
Port:(312.1, 276.4)(384.1, 276.4)(384.1, 282.3)(312.1, 282.3);SD
Port:(298.7, 149.5)(381.1, 149.5)(381.1, 149.9)(397.5, 149.9)(397.5, 274.3)(298.7, 274.3);GATE
Port:(304.0, 153.8)(375.8, 153.8)(375.8, 159.7)(304.0, 159.7);SD
Module:M7
Boundary:(308.7, 20.0)(374.6, 20.0)(374.6, 20.3)(390.8, 20.3)(390.8, 119.5)(308.7, 119.5);GATE
Port:(321.5, 115.1)(378.0, 115.1)(378.0, 119.5)(321.5, 119.5);SD
Port:(308.7, 20.0)(374.6, 20.0)(374.6, 20.3)(390.8, 20.3)(390.8, 114.1)(308.7, 114.1);GATE
Port:(315.6, 25.9)(367.7, 25.9)(367.7, 30.2)(315.6, 30.2);SD
Module:M3
Boundary:(107.2, 233.1)(209.1, 233.1)(209.1, 411.4)(107.2, 411.4);GATE
Port:(121.5, 405.9)(194.8, 405.9)(194.8, 411.4)(121.5, 411.4);SD
Port:(107.2, 233.1)(209.1, 233.1)(209.1, 403.6)(107.2, 403.6);GATE
Port:(113.1, 238.0)(203.2, 238.0)(203.2, 244.5)(113.1, 244.5);SD
Module:M15
Boundary:(418.2, 240.6)(540.7, 240.6)(540.7, 429.0)(418.2, 429.0);GATE
Port:(432.4, 424.5)(526.5, 424.5)(526.5, 429.0)(432.4, 429.0);SD
Port:(418.2, 240.6)(540.7, 240.6)(540.7, 421.7)(418.2, 421.7);GATE
Port:(424.7, 246.1)(534.2, 246.1)(534.2, 251.4)(424.7, 251.4);SD
Module:M12
Boundary:(413.1, 597.4)(413.1, 683.2)(262.0, 683.2)(262.0, 597.4);GATE
Port:(262.0, 610.8)(267.2, 610.8)(267.2, 669.8)(262.0, 669.8);SD
Port:(413.1, 597.4)(413.1, 683.2)(269.1, 683.2)(269.1, 597.4);GATE
Port:(402.3, 603.6)(407.9, 603.6)(407.9, 677.0)(402.3, 677.0);SD
Module:M8
Boundary:(410.8, 459.0)(410.8, 552.5)(410.3, 552.5)(410.3, 567.4)(286.1, 567.4)(286.1, 459.0);GATE
Port:(286.1, 472.8)(291.1, 472.8)(291.1, 553.6)(286.1, 553.6);SD
Port:(410.8, 459.0)(410.8, 552.5)(410.3, 552.5)(410.3, 567.4)(293.5, 567.4)(293.5, 459.0);GATE
Port:(398.8, 465.5)(405.3, 465.5)(405.3, 546.0)(398.8, 546.0);SD
Module:M4
Boundary:(145.4, 20.0)(145.4, 95.2)(20.0, 95.2)(20.0, 20.0);GATE
Port:(20.0, 31.9)(25.3, 31.9)(25.3, 83.3)(20.0, 83.3);SD
Port:(145.4, 20.0)(145.4, 95.2)(27.1, 95.2)(27.1, 20.0);GATE
Port:(135.5, 25.3)(141.1, 25.3)(141.1, 89.9)(135.5, 89.9);SD
