Area:(-30.0, -30.0)(642.1, -30.0)(642.1, 599.1)(-30.0, 599.1)
Rule:GATE(5,5);SD(5,5);GATE_SD(0.5);GATE_ITO(0.5);SD_ITO(0.5)
Module:M14
Boundary:(139.9, 377.4)(204.0, 377.4)(204.0, 512.3)(139.9, 512.3);GATE
Port:(152.5, 507.4)(191.4, 507.4)(191.4, 512.3)(152.5, 512.3);SD
Port:(139.9, 377.4)(204.0, 377.4)(204.0, 504.9)(139.9, 504.9);GATE
Port:(145.3, 381.8)(198.6, 381.8)(198.6, 388.2)(145.3, 388.2);SD
Module:M9
Boundary:(119.9, 10.0)(184.6, 10.0)(184.6, 10.3)(200.5, 10.3)(200.5, 154.1)(119.9, 154.1);GATE
Port:(133.3, 148.4)(187.1, 148.4)(187.1, 154.1)(133.3, 154.1);SD
Port:(119.9, 10.0)(184.6, 10.0)(184.6, 10.3)(200.5, 10.3)(200.5, 146.7)(119.9, 146.7);GATE
Port:(126.8, 15.9)(177.7, 15.9)(177.7, 20.1)(126.8, 20.1);SD
Module:M5
Boundary:(254.0, 367.4)(345.5, 367.4)(345.5, 367.6)(363.7, 367.6)(363.7, 545.1)(254.0, 545.1);GATE
Port:(268.6, 540.0)(349.1, 540.0)(349.1, 545.1)(268.6, 545.1);SD
Port:(254.0, 367.4)(345.5, 367.4)(345.5, 367.6)(363.7, 367.6)(363.7, 537.6)(254.0, 537.6);GATE
Port:(260.3, 372.7)(339.2, 372.7)(339.2, 378.7)(260.3, 378.7);SD
Module:M11
Boundary:(585.4, 478.6)(585.4, 559.1)(393.7, 559.1)(393.7, 478.6);GATE
Port:(393.7, 491.3)(398.7, 491.3)(398.7, 546.4)(393.7, 546.4);SD
Port:(585.4, 478.6)(585.4, 559.1)(401.6, 559.1)(401.6, 478.6);GATE
Port:(575.2, 483.7)(581.3, 483.7)(581.3, 554.0)(575.2, 554.0);SD
Module:M1
Boundary:(280.1, 194.1)(280.1, 317.4)(139.9, 317.4)(139.9, 194.1);GATE
Port:(139.9, 207.3)(144.9, 207.3)(144.9, 304.2)(139.9, 304.2);SD
Port:(280.1, 194.1)(280.1, 317.4)(145.9, 317.4)(145.9, 194.1);GATE
Port:(270.2, 199.3)(275.9, 199.3)(275.9, 312.2)(270.2, 312.2);SD
Module:M6
Boundary:(517.5, 10.0)(602.1, 10.0)(602.1, 177.1)(517.5, 177.1);GATE
Port:(532.0, 172.2)(587.6, 172.2)(587.6, 177.1)(532.0, 177.1);SD
Port:(517.5, 10.0)(602.1, 10.0)(602.1, 171.1)(517.5, 171.1);GATE
Port:(524.0, 15.5)(595.6, 15.5)(595.6, 22.3)(524.0, 22.3);SD
Module:M2
Boundary:(424.2, 215.8)(424.2, 295.9)(424.1, 295.9)(424.1, 311.1)(330.1, 311.1)(330.1, 215.8);GATE
Port:(330.1, 229.6)(334.6, 229.6)(334.6, 297.3)(330.1, 297.3);SD
Port:(424.2, 215.8)(424.2, 295.9)(424.1, 295.9)(424.1, 311.1)(335.6, 311.1)(335.6, 215.8);GATE
Port:(412.4, 222.0)(419.0, 222.0)(419.0, 289.7)(412.4, 289.7);SD
Module:M16
Boundary:(321.7, 10.0)(356.0, 10.0)(356.0, 10.2)(372.1, 10.2)(372.1, 185.8)(321.7, 185.8);GATE
Port:(335.3, 180.9)(358.5, 180.9)(358.5, 185.8)(335.3, 185.8);SD
Port:(321.7, 10.0)(356.0, 10.0)(356.0, 10.2)(372.1, 10.2)(372.1, 178.3)(321.7, 178.3);GATE
Port:(327.9, 15.2)(349.8, 15.2)(349.8, 21.6)(327.9, 21.6);SD
Module:M13
Boundary:(10.0, 415.9)(92.1, 415.9)(92.1, 521.3)(10.0, 521.3);GATE
Port:(23.0, 515.5)(79.1, 515.5)(79.1, 521.3)(23.0, 521.3);SD
Port:(10.0, 415.9)(92.1, 415.9)(92.1, 512.7)(10.0, 512.7);GATE
Port:(16.5, 421.4)(85.6, 421.4)(85.6, 427.1)(16.5, 427.1);SD
Module:M10
Boundary:(301.7, 10.0)(301.7, 108.7)(301.2, 108.7)(301.2, 124.9)(220.5, 124.9)(220.5, 10.0);GATE
Port:(220.5, 23.3)(224.5, 23.3)(224.5, 111.6)(220.5, 111.6);SD
Port:(301.7, 10.0)(301.7, 108.7)(301.2, 108.7)(301.2, 124.9)(226.3, 124.9)(226.3, 10.0);GATE
Port:(290.7, 16.5)(296.2, 16.5)(296.2, 102.2)(290.7, 102.2);SD
Module:M7
Boundary:(20.0, 20.0)(89.9, 20.0)(89.9, 196.9)(20.0, 196.9);GATE
Port:(34.1, 192.6)(75.8, 192.6)(75.8, 196.9)(34.1, 196.9);SD
Port:(20.0, 20.0)(89.9, 20.0)(89.9, 189.6)(20.0, 189.6);GATE
Port:(26.8, 25.8)(83.1, 25.8)(83.1, 31.9)(26.8, 31.9);SD
Module:M3
Boundary:(490.8, 322.6)(584.5, 322.6)(584.5, 458.6)(490.8, 458.6);GATE
Port:(505.0, 453.6)(570.3, 453.6)(570.3, 458.6)(505.0, 458.6);SD
Port:(490.8, 322.6)(584.5, 322.6)(584.5, 452.0)(490.8, 452.0);GATE
Port:(497.5, 328.3)(577.8, 328.3)(577.8, 334.7)(497.5, 334.7);SD
Module:M15
Boundary:(470.8, 341.1)(470.8, 441.1)(393.7, 441.1)(393.7, 341.1);GATE
Port:(393.7, 351.3)(399.1, 351.3)(399.1, 430.9)(393.7, 430.9);SD
Port:(470.8, 341.1)(470.8, 441.1)(401.6, 441.1)(401.6, 341.1);GATE
Port:(462.4, 346.3)(466.6, 346.3)(466.6, 435.9)(462.4, 435.9);SD
Module:M12
Boundary:(10.0, 226.9)(80.7, 226.9)(80.7, 227.0)(97.2, 227.0)(97.2, 395.9)(10.0, 395.9);GATE
Port:(24.9, 391.8)(82.3, 391.8)(82.3, 395.9)(24.9, 395.9);SD
Port:(10.0, 226.9)(80.7, 226.9)(80.7, 227.0)(97.2, 227.0)(97.2, 389.7)(10.0, 389.7);GATE
Port:(16.6, 232.5)(74.1, 232.5)(74.1, 239.8)(16.6, 239.8);SD
Module:M8
Boundary:(402.1, 20.0)(470.5, 20.0)(470.5, 20.3)(487.5, 20.3)(487.5, 154.6)(402.1, 154.6);GATE
Port:(415.8, 150.1)(473.8, 150.1)(473.8, 154.6)(415.8, 154.6);SD
Port:(402.1, 20.0)(470.5, 20.0)(470.5, 20.3)(487.5, 20.3)(487.5, 149.0)(402.1, 149.0);GATE
Port:(408.6, 25.5)(464.0, 25.5)(464.0, 30.7)(408.6, 30.7);SD
Module:M4
Boundary:(588.9, 207.1)(588.9, 278.6)(588.8, 278.6)(588.8, 292.6)(464.2, 292.6)(464.2, 207.1);GATE
Port:(464.2, 218.5)(469.5, 218.5)(469.5, 281.2)(464.2, 281.2);SD
Port:(588.9, 207.1)(588.9, 278.6)(588.8, 278.6)(588.8, 292.6)(472.3, 292.6)(472.3, 207.1);GATE
Port:(579.2, 212.8)(584.2, 212.8)(584.2, 272.9)(579.2, 272.9);SD
