Area:(-30.0, -30.0)(461.0, -30.0)(461.0, 874.5)(-30.0, 874.5)
Rule:GATE(5,5);SD(5,5);GATE_SD(0.5);GATE_ITO(0.5);SD_ITO(0.5)
Module:M14
Boundary:(194.7, 30.0)(194.7, 111.5)(194.3, 111.5)(194.3, 127.8)(30.0, 127.8)(30.0, 30.0);GATE
Port:(30.0, 43.2)(35.3, 43.2)(35.3, 114.6)(30.0, 114.6);SD
Port:(194.7, 30.0)(194.7, 111.5)(194.3, 111.5)(194.3, 127.8)(36.8, 127.8)(36.8, 30.0);GATE
Port:(184.8, 36.4)(189.3, 36.4)(189.3, 105.1)(184.8, 105.1);SD
Module:M9
Boundary:(417.7, 10.0)(417.7, 108.3)(234.7, 108.3)(234.7, 10.0);GATE
Port:(234.7, 23.1)(239.5, 23.1)(239.5, 95.2)(234.7, 95.2);SD
Port:(417.7, 10.0)(417.7, 108.3)(240.6, 108.3)(240.6, 10.0);GATE
Port:(408.0, 15.6)(413.1, 15.6)(413.1, 102.7)(408.0, 102.7);SD
Module:M5
Boundary:(294.6, 347.4)(412.8, 347.4)(412.8, 453.5)(294.6, 453.5);GATE
Port:(308.8, 449.0)(398.6, 449.0)(398.6, 453.5)(308.8, 453.5);SD
Port:(294.6, 347.4)(412.8, 347.4)(412.8, 446.8)(294.6, 446.8);GATE
Port:(301.0, 352.8)(406.4, 352.8)(406.4, 359.3)(301.0, 359.3);SD
Module:M11
Boundary:(10.0, 311.5)(73.8, 311.5)(73.8, 311.9)(89.8, 311.9)(89.8, 491.2)(10.0, 491.2);GATE
Port:(22.5, 485.8)(77.3, 485.8)(77.3, 491.2)(22.5, 491.2);SD
Port:(10.0, 311.5)(73.8, 311.5)(73.8, 311.9)(89.8, 311.9)(89.8, 483.6)(10.0, 483.6);GATE
Port:(15.5, 316.0)(68.3, 316.0)(68.3, 321.0)(15.5, 321.0);SD
Module:M1
Boundary:(131.3, 187.8)(226.2, 187.8)(226.2, 188.2)(241.5, 188.2)(241.5, 386.7)(131.3, 386.7);GATE
Port:(144.9, 380.8)(227.9, 380.8)(227.9, 386.7)(144.9, 386.7);SD
Port:(131.3, 187.8)(226.2, 187.8)(226.2, 188.2)(241.5, 188.2)(241.5, 378.7)(131.3, 378.7);GATE
Port:(137.2, 192.7)(220.3, 192.7)(220.3, 199.0)(137.2, 199.0);SD
Module:M6
Boundary:(141.3, 564.8)(208.5, 564.8)(208.5, 565.2)(225.1, 565.2)(225.1, 691.9)(141.3, 691.9);GATE
Port:(154.9, 686.5)(211.5, 686.5)(211.5, 691.9)(154.9, 691.9);SD
Port:(141.3, 564.8)(208.5, 564.8)(208.5, 565.2)(225.1, 565.2)(225.1, 684.0)(141.3, 684.0);GATE
Port:(147.0, 569.5)(202.8, 569.5)(202.8, 575.9)(147.0, 575.9);SD
Module:M2
Boundary:(143.1, 436.7)(254.6, 436.7)(254.6, 534.8)(143.1, 534.8);GATE
Port:(156.9, 530.0)(240.8, 530.0)(240.8, 534.8)(156.9, 534.8);SD
Port:(143.1, 436.7)(254.6, 436.7)(254.6, 528.9)(143.1, 528.9);GATE
Port:(150.0, 442.6)(247.7, 442.6)(247.7, 447.9)(150.0, 447.9);SD
Module:M16
Boundary:(415.2, 483.5)(415.2, 550.0)(414.8, 550.0)(414.8, 565.9)(284.6, 565.9)(284.6, 483.5);GATE
Port:(284.6, 497.7)(289.6, 497.7)(289.6, 551.7)(284.6, 551.7);SD
Port:(415.2, 483.5)(415.2, 550.0)(414.8, 550.0)(414.8, 565.9)(290.9, 565.9)(290.9, 483.5);GATE
Port:(404.1, 490.0)(409.7, 490.0)(409.7, 543.5)(404.1, 543.5);SD
Module:M13
Boundary:(421.0, 585.9)(421.0, 681.1)(284.6, 681.1)(284.6, 585.9);GATE
Port:(284.6, 599.6)(289.4, 599.6)(289.4, 667.4)(284.6, 667.4);SD
Port:(421.0, 585.9)(421.0, 681.1)(291.1, 681.1)(291.1, 585.9);GATE
Port:(408.8, 591.8)(416.1, 591.8)(416.1, 675.2)(408.8, 675.2);SD
Module:M10
Boundary:(159.4, 739.8)(159.4, 834.0)(10.0, 834.0)(10.0, 739.8);GATE
Port:(10.0, 752.6)(15.9, 752.6)(15.9, 821.2)(10.0, 821.2);SD
Port:(159.4, 739.8)(159.4, 834.0)(17.0, 834.0)(17.0, 739.8);GATE
Port:(148.4, 745.1)(155.1, 745.1)(155.1, 828.7)(148.4, 828.7);SD
Module:M7
Boundary:(322.0, 721.9)(322.0, 819.1)(189.4, 819.1)(189.4, 721.9);GATE
Port:(189.4, 734.9)(195.2, 734.9)(195.2, 806.1)(189.4, 806.1);SD
Port:(322.0, 721.9)(322.0, 819.1)(197.0, 819.1)(197.0, 721.9);GATE
Port:(311.6, 728.4)(316.5, 728.4)(316.5, 812.6)(311.6, 812.6);SD
Module:M3
Boundary:(10.0, 618.3)(102.6, 618.3)(102.6, 618.5)(121.3, 618.5)(121.3, 719.8)(10.0, 719.8);GATE
Port:(24.4, 714.8)(106.9, 714.8)(106.9, 719.8)(24.4, 719.8);SD
Port:(10.0, 618.3)(102.6, 618.3)(102.6, 618.5)(121.3, 618.5)(121.3, 712.5)(10.0, 712.5);GATE
Port:(15.1, 622.4)(97.5, 622.4)(97.5, 629.5)(15.1, 629.5);SD
Module:M15
Boundary:(352.0, 701.1)(398.0, 701.1)(398.0, 701.3)(413.0, 701.3)(413.0, 834.5)(352.0, 834.5);GATE
Port:(364.0, 829.4)(401.0, 829.4)(401.0, 834.5)(364.0, 834.5);SD
Port:(352.0, 701.1)(398.0, 701.1)(398.0, 701.3)(413.0, 701.3)(413.0, 828.2)(352.0, 828.2);GATE
Port:(357.2, 705.3)(392.8, 705.3)(392.8, 710.6)(357.2, 710.6);SD
Module:M12
Boundary:(10.0, 511.2)(113.1, 511.2)(113.1, 598.3)(10.0, 598.3);GATE
Port:(23.2, 592.7)(99.9, 592.7)(99.9, 598.3)(23.2, 598.3);SD
Port:(10.0, 511.2)(113.1, 511.2)(113.1, 591.4)(10.0, 591.4);GATE
Port:(16.8, 517.0)(106.3, 517.0)(106.3, 522.7)(16.8, 522.7);SD
Module:M8
Boundary:(20.0, 177.8)(65.5, 177.8)(65.5, 178.0)(81.3, 178.0)(81.3, 281.5)(20.0, 281.5);GATE
Port:(31.3, 275.7)(70.0, 275.7)(70.0, 281.5)(31.3, 281.5);SD
Port:(20.0, 177.8)(65.5, 177.8)(65.5, 178.0)(81.3, 178.0)(81.3, 274.5)(20.0, 274.5);GATE
Port:(25.1, 181.9)(60.4, 181.9)(60.4, 186.4)(25.1, 186.4);SD
Module:M4
Boundary:(291.5, 138.3)(413.2, 138.3)(413.2, 307.4)(291.5, 307.4);GATE
Port:(306.7, 301.5)(398.0, 301.5)(398.0, 307.4)(306.7, 307.4);SD
Port:(291.5, 138.3)(413.2, 138.3)(413.2, 299.9)(291.5, 299.9);GATE
Port:(297.2, 143.0)(407.5, 143.0)(407.5, 150.3)(297.2, 150.3);SD
