Area:(-30.0, -30.0)(602.7, -30.0)(602.7, 716.0)(-30.0, 716.0)
Rule:GATE(5,5);SD(5,5);GATE_SD(0.5);GATE_ITO(0.5);SD_ITO(0.5)
Module:M14
Boundary:(454.7, 30.0)(454.7, 108.9)(454.4, 108.9)(454.4, 123.7)(310.8, 123.7)(310.8, 30.0);GATE
Port:(310.8, 44.0)(316.0, 44.0)(316.0, 109.7)(310.8, 109.7);SD
Port:(454.7, 30.0)(454.7, 108.9)(454.4, 108.9)(454.4, 123.7)(317.0, 123.7)(317.0, 30.0);GATE
Port:(442.7, 36.1)(449.6, 36.1)(449.6, 102.8)(442.7, 102.8);SD
Module:M9
Boundary:(10.0, 479.6)(86.7, 479.6)(86.7, 629.2)(10.0, 629.2);GATE
Port:(22.3, 623.8)(74.4, 623.8)(74.4, 629.2)(22.3, 629.2);SD
Port:(10.0, 479.6)(86.7, 479.6)(86.7, 621.8)(10.0, 621.8);GATE
Port:(15.9, 484.5)(80.8, 484.5)(80.8, 490.4)(15.9, 490.4);SD
Module:M5
Boundary:(330.0, 259.5)(401.4, 259.5)(401.4, 259.8)(419.5, 259.8)(419.5, 401.3)(330.0, 401.3);GATE
Port:(344.1, 395.7)(405.4, 395.7)(405.4, 401.3)(344.1, 401.3);SD
Port:(330.0, 259.5)(401.4, 259.5)(401.4, 259.8)(419.5, 259.8)(419.5, 394.7)(330.0, 394.7);GATE
Port:(335.3, 263.8)(396.1, 263.8)(396.1, 270.2)(335.3, 270.2);SD
Module:M11
Boundary:(472.0, 163.7)(472.0, 213.0)(471.8, 213.0)(471.8, 229.5)(290.8, 229.5)(290.8, 163.7);GATE
Port:(290.8, 176.4)(296.7, 176.4)(296.7, 216.8)(290.8, 216.8);SD
Port:(472.0, 163.7)(472.0, 213.0)(471.8, 213.0)(471.8, 229.5)(297.8, 229.5)(297.8, 163.7);GATE
Port:(461.8, 169.7)(467.0, 169.7)(467.0, 207.0)(461.8, 207.0);SD
Module:M1
Boundary:(151.9, 30.0)(234.3, 30.0)(234.3, 30.3)(250.8, 30.3)(250.8, 221.1)(151.9, 221.1);GATE
Port:(165.0, 215.7)(237.7, 215.7)(237.7, 221.1)(165.0, 221.1);SD
Port:(151.9, 30.0)(234.3, 30.0)(234.3, 30.3)(250.8, 30.3)(250.8, 214.2)(151.9, 214.2);GATE
Port:(157.8, 34.9)(228.4, 34.9)(228.4, 40.4)(157.8, 40.4);SD
Module:M6
Boundary:(494.7, 10.0)(560.3, 10.0)(560.3, 98.8)(494.7, 98.8);GATE
Port:(508.7, 94.7)(546.3, 94.7)(546.3, 98.8)(508.7, 98.8);SD
Port:(494.7, 10.0)(560.3, 10.0)(560.3, 93.2)(494.7, 93.2);GATE
Port:(501.1, 15.4)(553.9, 15.4)(553.9, 21.7)(501.1, 21.7);SD
Module:M2
Boundary:(177.0, 358.1)(177.0, 449.6)(20.0, 449.6)(20.0, 358.1);GATE
Port:(20.0, 372.0)(24.5, 372.0)(24.5, 435.7)(20.0, 435.7);SD
Port:(177.0, 358.1)(177.0, 449.6)(26.4, 449.6)(26.4, 358.1);GATE
Port:(165.5, 364.4)(171.7, 364.4)(171.7, 443.3)(165.5, 443.3);SD
Module:M16
Boundary:(204.1, 261.1)(204.1, 328.1)(10.0, 328.1)(10.0, 261.1);GATE
Port:(10.0, 274.9)(14.2, 274.9)(14.2, 314.3)(10.0, 314.3);SD
Port:(204.1, 261.1)(204.1, 328.1)(16.8, 328.1)(16.8, 261.1);GATE
Port:(192.9, 267.4)(198.8, 267.4)(198.8, 321.8)(192.9, 321.8);SD
Module:M13
Boundary:(224.1, 261.1)(300.0, 261.1)(300.0, 411.9)(224.1, 411.9);GATE
Port:(236.5, 407.1)(287.6, 407.1)(287.6, 411.9)(236.5, 411.9);SD
Port:(224.1, 261.1)(300.0, 261.1)(300.0, 404.9)(224.1, 404.9);GATE
Port:(230.2, 266.2)(293.9, 266.2)(293.9, 271.8)(230.2, 271.8);SD
Module:M10
Boundary:(289.9, 479.6)(289.9, 573.4)(289.6, 573.4)(289.6, 592.6)(106.7, 592.6)(106.7, 479.6);GATE
Port:(106.7, 493.9)(111.9, 493.9)(111.9, 578.3)(106.7, 578.3);SD
Port:(289.9, 479.6)(289.9, 573.4)(289.6, 573.4)(289.6, 592.6)(113.9, 592.6)(113.9, 479.6);GATE
Port:(279.1, 485.7)(284.8, 485.7)(284.8, 567.3)(279.1, 567.3);SD
Module:M7
Boundary:(20.0, 20.0)(85.8, 20.0)(85.8, 20.1)(101.9, 20.1)(101.9, 203.8)(20.0, 203.8);GATE
Port:(33.8, 198.5)(88.1, 198.5)(88.1, 203.8)(33.8, 203.8);SD
Port:(20.0, 20.0)(85.8, 20.0)(85.8, 20.1)(101.9, 20.1)(101.9, 196.4)(20.0, 196.4);GATE
Port:(26.1, 25.1)(79.7, 25.1)(79.7, 30.4)(26.1, 30.4);SD
Module:M3
Boundary:(494.7, 118.8)(546.3, 118.8)(546.3, 118.9)(562.7, 118.9)(562.7, 268.5)(494.7, 268.5);GATE
Port:(508.9, 263.6)(548.5, 263.6)(548.5, 268.5)(508.9, 268.5);SD
Port:(494.7, 118.8)(546.3, 118.8)(546.3, 118.9)(562.7, 118.9)(562.7, 261.8)(494.7, 261.8);GATE
Port:(501.2, 124.3)(539.8, 124.3)(539.8, 130.6)(501.2, 130.6);SD
Module:M15
Boundary:(449.5, 288.5)(559.3, 288.5)(559.3, 413.1)(449.5, 413.1);GATE
Port:(462.8, 407.5)(546.0, 407.5)(546.0, 413.1)(462.8, 413.1);SD
Port:(449.5, 288.5)(559.3, 288.5)(559.3, 405.3)(449.5, 405.3);GATE
Port:(456.1, 294.1)(552.7, 294.1)(552.7, 300.2)(456.1, 300.2);SD
Module:M12
Boundary:(308.9, 612.6)(308.9, 676.0)(106.7, 676.0)(106.7, 612.6);GATE
Port:(106.7, 625.4)(111.0, 625.4)(111.0, 663.2)(106.7, 663.2);SD
Port:(308.9, 612.6)(308.9, 676.0)(113.3, 676.0)(113.3, 612.6);GATE
Port:(297.9, 619.4)(303.1, 619.4)(303.1, 669.2)(297.9, 669.2);SD
Module:M8
Boundary:(548.5, 443.1)(548.5, 529.8)(548.3, 529.8)(548.3, 546.9)(319.9, 546.9)(319.9, 443.1);GATE
Port:(319.9, 457.0)(324.6, 457.0)(324.6, 533.0)(319.9, 533.0);SD
Port:(548.5, 443.1)(548.5, 529.8)(548.3, 529.8)(548.3, 546.9)(326.6, 546.9)(326.6, 443.1);GATE
Port:(537.8, 449.4)(543.2, 449.4)(543.2, 523.5)(537.8, 523.5);SD
Module:M4
Boundary:(534.6, 586.9)(534.6, 645.3)(534.5, 645.3)(534.5, 660.1)(338.9, 660.1)(338.9, 586.9);GATE
Port:(338.9, 598.1)(344.5, 598.1)(344.5, 648.9)(338.9, 648.9);SD
Port:(534.6, 586.9)(534.6, 645.3)(534.5, 645.3)(534.5, 660.1)(345.9, 660.1)(345.9, 586.9);GATE
Port:(525.8, 592.0)(530.5, 592.0)(530.5, 640.2)(525.8, 640.2);SD
