Area:(-30.0, -30.0)(617.8, -30.0)(617.8, 620.3)(-30.0, 620.3)
Rule:GATE(5,5);SD(5,5);GATE_SD(0.5);GATE_ITO(0.5);SD_ITO(0.5)
Module:M14
Boundary:(455.9, 356.7)(544.8, 356.7)(544.8, 356.9)(562.8, 356.9)(562.8, 465.2)(455.9, 465.2);GATE
Port:(469.8, 459.7)(548.9, 459.7)(548.9, 465.2)(469.8, 465.2);SD
Port:(455.9, 356.7)(544.8, 356.7)(544.8, 356.9)(562.8, 356.9)(562.8, 457.2)(455.9, 457.2);GATE
Port:(462.0, 361.8)(538.7, 361.8)(538.7, 367.2)(462.0, 367.2);SD
Module:M9
Boundary:(138.9, 140.1)(251.2, 140.1)(251.2, 250.2)(138.9, 250.2);GATE
Port:(152.0, 245.2)(238.1, 245.2)(238.1, 250.2)(152.0, 250.2);SD
Port:(138.9, 140.1)(251.2, 140.1)(251.2, 242.9)(138.9, 242.9);GATE
Port:(145.4, 145.6)(244.7, 145.6)(244.7, 151.1)(145.4, 151.1);SD
Module:M5
Boundary:(359.7, 146.9)(359.7, 200.3)(281.2, 200.3)(281.2, 146.9);GATE
Port:(281.2, 161.4)(286.5, 161.4)(286.5, 185.8)(281.2, 185.8);SD
Port:(359.7, 146.9)(359.7, 200.3)(287.5, 200.3)(287.5, 146.9);GATE
Port:(348.2, 153.0)(354.6, 153.0)(354.6, 194.2)(348.2, 194.2);SD
Module:M11
Boundary:(352.1, 230.3)(352.1, 330.9)(271.2, 330.9)(271.2, 230.3);GATE
Port:(271.2, 243.7)(276.2, 243.7)(276.2, 317.5)(271.2, 317.5);SD
Port:(352.1, 230.3)(352.1, 330.9)(278.7, 330.9)(278.7, 230.3);GATE
Port:(341.3, 237.0)(346.4, 237.0)(346.4, 324.2)(341.3, 324.2);SD
Module:M1
Boundary:(30.0, 30.0)(82.6, 30.0)(82.6, 30.1)(98.9, 30.1)(98.9, 237.1)(30.0, 237.1);GATE
Port:(44.3, 232.3)(84.6, 232.3)(84.6, 237.1)(44.3, 237.1);SD
Port:(30.0, 30.0)(82.6, 30.0)(82.6, 30.1)(98.9, 30.1)(98.9, 229.4)(30.0, 229.4);GATE
Port:(36.7, 35.7)(75.9, 35.7)(75.9, 42.4)(36.7, 42.4);SD
Module:M6
Boundary:(209.0, 367.4)(209.0, 449.7)(208.8, 449.7)(208.8, 465.7)(10.0, 465.7)(10.0, 367.4);GATE
Port:(10.0, 380.6)(15.0, 380.6)(15.0, 452.5)(10.0, 452.5);SD
Port:(209.0, 367.4)(209.0, 449.7)(208.8, 449.7)(208.8, 465.7)(17.1, 465.7)(17.1, 367.4);GATE
Port:(197.7, 374.3)(203.1, 374.3)(203.1, 442.8)(197.7, 442.8);SD
Module:M2
Boundary:(384.8, 20.0)(384.8, 106.9)(269.4, 106.9)(269.4, 20.0);GATE
Port:(269.4, 34.8)(273.7, 34.8)(273.7, 92.1)(269.4, 92.1);SD
Port:(384.8, 20.0)(384.8, 106.9)(275.3, 106.9)(275.3, 20.0);GATE
Port:(372.1, 26.6)(379.2, 26.6)(379.2, 100.3)(372.1, 100.3);SD
Module:M16
Boundary:(138.9, 10.0)(222.6, 10.0)(222.6, 10.1)(239.4, 10.1)(239.4, 120.1)(138.9, 120.1);GATE
Port:(152.2, 114.9)(226.1, 114.9)(226.1, 120.1)(152.2, 120.1);SD
Port:(138.9, 10.0)(222.6, 10.0)(222.6, 10.1)(239.4, 10.1)(239.4, 112.5)(138.9, 112.5);GATE
Port:(144.2, 14.3)(217.3, 14.3)(217.3, 20.5)(144.2, 20.5);SD
Module:M13
Boundary:(163.5, 277.1)(163.5, 329.9)(163.4, 329.9)(163.4, 347.4)(10.0, 347.4)(10.0, 277.1);GATE
Port:(10.0, 290.8)(15.1, 290.8)(15.1, 333.7)(10.0, 333.7);SD
Port:(163.5, 277.1)(163.5, 329.9)(163.4, 329.9)(163.4, 347.4)(18.1, 347.4)(18.1, 277.1);GATE
Port:(153.0, 283.1)(158.5, 283.1)(158.5, 323.9)(153.0, 323.9);SD
Module:M10
Boundary:(577.1, 505.2)(577.1, 576.3)(417.0, 576.3)(417.0, 505.2);GATE
Port:(417.0, 519.4)(422.4, 519.4)(422.4, 562.1)(417.0, 562.1);SD
Port:(577.1, 505.2)(577.1, 576.3)(425.3, 576.3)(425.3, 505.2);GATE
Port:(566.2, 510.2)(573.1, 510.2)(573.1, 571.3)(566.2, 571.3);SD
Module:M7
Boundary:(405.9, 360.9)(405.9, 449.4)(405.8, 449.4)(405.8, 466.4)(239.0, 466.4)(239.0, 360.9);GATE
Port:(239.0, 375.9)(243.3, 375.9)(243.3, 451.4)(239.0, 451.4);SD
Port:(405.9, 360.9)(405.9, 449.4)(405.8, 449.4)(405.8, 466.4)(245.2, 466.4)(245.2, 360.9);GATE
Port:(393.6, 367.5)(400.3, 367.5)(400.3, 442.8)(393.6, 442.8);SD
Module:M3
Boundary:(397.0, 496.4)(397.0, 564.2)(396.9, 564.2)(396.9, 580.3)(206.5, 580.3)(206.5, 496.4);GATE
Port:(206.5, 510.4)(211.2, 510.4)(211.2, 566.3)(206.5, 566.3);SD
Port:(397.0, 496.4)(397.0, 564.2)(396.9, 564.2)(396.9, 580.3)(213.0, 580.3)(213.0, 496.4);GATE
Port:(385.5, 502.4)(392.0, 502.4)(392.0, 558.2)(385.5, 558.2);SD
Module:M15
Boundary:(186.5, 485.7)(186.5, 559.9)(186.1, 559.9)(186.1, 577.6)(10.0, 577.6)(10.0, 485.7);GATE
Port:(10.0, 501.6)(15.4, 501.6)(15.4, 561.7)(10.0, 561.7);SD
Port:(186.5, 485.7)(186.5, 559.9)(186.1, 559.9)(186.1, 577.6)(18.2, 577.6)(18.2, 485.7);GATE
Port:(173.6, 492.5)(180.7, 492.5)(180.7, 553.1)(173.6, 553.1);SD
Module:M12
Boundary:(577.8, 147.2)(577.8, 200.1)(577.5, 200.1)(577.5, 217.8)(389.7, 217.8)(389.7, 147.2);GATE
Port:(389.7, 161.4)(395.5, 161.4)(395.5, 203.6)(389.7, 203.6);SD
Port:(577.8, 147.2)(577.8, 200.1)(577.5, 200.1)(577.5, 217.8)(398.2, 217.8)(398.2, 147.2);GATE
Port:(566.8, 152.3)(573.7, 152.3)(573.7, 195.0)(566.8, 195.0);SD
Module:M8
Boundary:(555.5, 20.0)(555.5, 117.2)(424.8, 117.2)(424.8, 20.0);GATE
Port:(424.8, 33.9)(430.1, 33.9)(430.1, 103.3)(424.8, 103.3);SD
Port:(555.5, 20.0)(555.5, 117.2)(431.8, 117.2)(431.8, 20.0);GATE
Port:(543.9, 25.7)(550.8, 25.7)(550.8, 111.5)(543.9, 111.5);SD
Module:M4
Boundary:(572.4, 247.8)(572.4, 292.0)(572.3, 292.0)(572.3, 306.7)(382.1, 306.7)(382.1, 247.8);GATE
Port:(382.1, 259.0)(387.7, 259.0)(387.7, 295.5)(382.1, 295.5);SD
Port:(572.4, 247.8)(572.4, 292.0)(572.3, 292.0)(572.3, 306.7)(390.0, 306.7)(390.0, 247.8);GATE
Port:(563.5, 253.6)(567.6, 253.6)(567.6, 286.2)(563.5, 286.2);SD
