Area:(-30.0, -30.0)(769.9, -30.0)(769.9, 478.2)(-30.0, 478.2)
Rule:GATE(5,5);SD(5,5);GATE_SD(0.5);GATE_ITO(0.5);SD_ITO(0.5)
Module:M14
Boundary:(639.3, 30.0)(639.3, 80.4)(492.4, 80.4)(492.4, 30.0);GATE
Port:(492.4, 44.2)(498.3, 44.2)(498.3, 66.2)(492.4, 66.2);SD
Port:(639.3, 30.0)(639.3, 80.4)(500.5, 80.4)(500.5, 30.0);GATE
Port:(627.5, 36.1)(634.2, 36.1)(634.2, 74.3)(627.5, 74.3);SD
Module:M9
Boundary:(635.3, 120.4)(635.3, 157.2)(635.1, 157.2)(635.1, 175.3)(472.4, 175.3)(472.4, 120.4);GATE
Port:(472.4, 135.2)(477.3, 135.2)(477.3, 160.5)(472.4, 160.5);SD
Port:(635.3, 120.4)(635.3, 157.2)(635.1, 157.2)(635.1, 175.3)(480.3, 175.3)(480.3, 120.4);GATE
Port:(623.5, 127.1)(629.6, 127.1)(629.6, 150.5)(623.5, 150.5);SD
Module:M5
Boundary:(188.8, 20.0)(188.8, 80.8)(188.8, 80.8)(188.8, 95.6)(20.0, 95.6)(20.0, 20.0);GATE
Port:(20.0, 31.7)(25.9, 31.7)(25.9, 83.9)(20.0, 83.9);SD
Port:(188.8, 20.0)(188.8, 80.8)(188.8, 80.8)(188.8, 95.6)(27.8, 95.6)(27.8, 20.0);GATE
Port:(178.9, 25.3)(184.5, 25.3)(184.5, 75.5)(178.9, 75.5);SD
Module:M11
Boundary:(10.0, 125.6)(43.8, 125.6)(43.8, 125.7)(59.5, 125.7)(59.5, 326.5)(10.0, 326.5);GATE
Port:(23.0, 321.4)(46.5, 321.4)(46.5, 326.5)(23.0, 326.5);SD
Port:(10.0, 125.6)(43.8, 125.6)(43.8, 125.7)(59.5, 125.7)(59.5, 320.0)(10.0, 320.0);GATE
Port:(16.6, 131.2)(37.2, 131.2)(37.2, 136.3)(16.6, 136.3);SD
Module:M1
Boundary:(708.2, 215.3)(708.2, 280.1)(708.1, 280.1)(708.1, 295.4)(501.1, 295.4)(501.1, 215.3);GATE
Port:(501.1, 229.4)(506.2, 229.4)(506.2, 281.3)(501.1, 281.3);SD
Port:(708.2, 215.3)(708.2, 280.1)(708.1, 280.1)(708.1, 295.4)(508.3, 295.4)(508.3, 215.3);GATE
Port:(697.1, 222.0)(702.5, 222.0)(702.5, 273.4)(697.1, 273.4);SD
Module:M6
Boundary:(679.3, 10.0)(713.4, 10.0)(713.4, 10.1)(729.9, 10.1)(729.9, 160.6)(679.3, 160.6);GATE
Port:(693.2, 155.4)(716.0, 155.4)(716.0, 160.6)(693.2, 160.6);SD
Port:(679.3, 10.0)(713.4, 10.0)(713.4, 10.1)(729.9, 10.1)(729.9, 154.0)(679.3, 154.0);GATE
Port:(685.0, 14.7)(707.7, 14.7)(707.7, 21.1)(685.0, 21.1);SD
Module:M2
Boundary:(547.2, 345.4)(547.2, 412.4)(457.1, 412.4)(457.1, 345.4);GATE
Port:(457.1, 359.5)(461.5, 359.5)(461.5, 398.3)(457.1, 398.3);SD
Port:(547.2, 345.4)(547.2, 412.4)(462.7, 412.4)(462.7, 345.4);GATE
Port:(536.3, 352.3)(541.3, 352.3)(541.3, 405.5)(536.3, 405.5);SD
Module:M16
Boundary:(370.5, 10.0)(452.4, 10.0)(452.4, 176.9)(370.5, 176.9);GATE
Port:(384.0, 172.4)(438.9, 172.4)(438.9, 176.9)(384.0, 176.9);SD
Port:(370.5, 10.0)(452.4, 10.0)(452.4, 170.9)(370.5, 170.9);GATE
Port:(376.4, 14.9)(446.5, 14.9)(446.5, 21.7)(376.4, 21.7);SD
Module:M13
Boundary:(191.3, 141.7)(324.4, 141.7)(324.4, 293.5)(191.3, 293.5);GATE
Port:(206.3, 288.9)(309.4, 288.9)(309.4, 293.5)(206.3, 293.5);SD
Port:(191.3, 141.7)(324.4, 141.7)(324.4, 286.1)(191.3, 286.1);GATE
Port:(197.5, 146.9)(318.2, 146.9)(318.2, 153.2)(197.5, 153.2);SD
Module:M10
Boundary:(79.5, 125.6)(153.6, 125.6)(153.6, 126.0)(171.3, 126.0)(171.3, 311.7)(79.5, 311.7);GATE
Port:(95.8, 306.0)(155.0, 306.0)(155.0, 311.7)(95.8, 311.7);SD
Port:(79.5, 125.6)(153.6, 125.6)(153.6, 126.0)(171.3, 126.0)(171.3, 303.6)(79.5, 303.6);GATE
Port:(85.7, 130.8)(147.4, 130.8)(147.4, 138.5)(85.7, 138.5);SD
Module:M7
Boundary:(340.5, 20.0)(340.5, 96.5)(340.3, 96.5)(340.3, 111.7)(228.8, 111.7)(228.8, 20.0);GATE
Port:(228.8, 32.2)(234.0, 32.2)(234.0, 99.5)(228.8, 99.5);SD
Port:(340.5, 20.0)(340.5, 96.5)(340.3, 96.5)(340.3, 111.7)(235.4, 111.7)(235.4, 20.0);GATE
Port:(331.1, 25.6)(335.9, 25.6)(335.9, 90.9)(331.1, 90.9);SD
Module:M3
Boundary:(221.0, 313.5)(273.3, 313.5)(273.3, 313.8)(290.8, 313.8)(290.8, 437.6)(221.0, 437.6);GATE
Port:(234.5, 431.7)(277.3, 431.7)(277.3, 437.6)(234.5, 437.6);SD
Port:(221.0, 313.5)(273.3, 313.5)(273.3, 313.8)(290.8, 313.8)(290.8, 428.9)(221.0, 428.9);GATE
Port:(226.3, 317.8)(268.0, 317.8)(268.0, 324.2)(226.3, 324.2);SD
Module:M15
Boundary:(201.0, 346.5)(201.0, 420.4)(200.7, 420.4)(200.7, 435.1)(10.0, 435.1)(10.0, 346.5);GATE
Port:(10.0, 358.1)(15.6, 358.1)(15.6, 423.5)(10.0, 423.5);SD
Port:(201.0, 346.5)(201.0, 420.4)(200.7, 420.4)(200.7, 435.1)(18.3, 435.1)(18.3, 346.5);GATE
Port:(191.3, 351.5)(197.0, 351.5)(197.0, 415.4)(191.3, 415.4);SD
Module:M12
Boundary:(427.1, 326.7)(427.1, 423.0)(426.6, 423.0)(426.6, 438.2)(310.8, 438.2)(310.8, 326.7);GATE
Port:(310.8, 340.5)(316.1, 340.5)(316.1, 424.4)(310.8, 424.4);SD
Port:(427.1, 326.7)(427.1, 423.0)(426.6, 423.0)(426.6, 438.2)(318.6, 438.2)(318.6, 326.7);GATE
Port:(415.4, 333.4)(421.4, 333.4)(421.4, 416.3)(415.4, 416.3);SD
Module:M8
Boundary:(713.7, 345.4)(713.7, 412.5)(713.6, 412.5)(713.6, 429.2)(587.2, 429.2)(587.2, 345.4);GATE
Port:(587.2, 359.1)(591.7, 359.1)(591.7, 415.5)(587.2, 415.5);SD
Port:(713.7, 345.4)(713.7, 412.5)(713.6, 412.5)(713.6, 429.2)(594.5, 429.2)(594.5, 345.4);GATE
Port:(702.8, 350.4)(709.7, 350.4)(709.7, 407.5)(702.8, 407.5);SD
Module:M4
Boundary:(354.4, 206.9)(435.5, 206.9)(435.5, 207.2)(451.1, 207.2)(451.1, 296.7)(354.4, 296.7);GATE
Port:(368.1, 292.0)(437.4, 292.0)(437.4, 296.7)(368.1, 296.7);SD
Port:(354.4, 206.9)(435.5, 206.9)(435.5, 207.2)(451.1, 207.2)(451.1, 290.3)(354.4, 290.3);GATE
Port:(361.1, 212.6)(428.8, 212.6)(428.8, 218.4)(361.1, 218.4);SD
