Area:(-30.0, -30.0)(820.0, -30.0)(820.0, 517.3)(-30.0, 517.3)
Rule:GATE(5,5);SD(5,5);GATE_SD(0.5);GATE_ITO(0.5);SD_ITO(0.5)
Module:M14
Boundary:(185.3, 243.4)(185.3, 294.6)(185.0, 294.6)(185.0, 311.6)(30.0, 311.6)(30.0, 243.4);GATE
Port:(30.0, 257.0)(34.8, 257.0)(34.8, 298.0)(30.0, 298.0);SD
Port:(185.3, 243.4)(185.3, 294.6)(185.0, 294.6)(185.0, 311.6)(37.2, 311.6)(37.2, 243.4);GATE
Port:(175.1, 248.9)(180.8, 248.9)(180.8, 289.1)(175.1, 289.1);SD
Module:M9
Boundary:(189.8, 10.0)(253.9, 10.0)(253.9, 10.0)(269.1, 10.0)(269.1, 98.1)(189.8, 98.1);GATE
Port:(202.8, 93.7)(256.1, 93.7)(256.1, 98.1)(202.8, 98.1);SD
Port:(189.8, 10.0)(253.9, 10.0)(253.9, 10.0)(269.1, 10.0)(269.1, 92.1)(189.8, 92.1);GATE
Port:(195.7, 14.9)(248.0, 14.9)(248.0, 21.3)(195.7, 21.3);SD
Module:M5
Boundary:(382.5, 240.4)(382.5, 308.2)(235.3, 308.2)(235.3, 240.4);GATE
Port:(235.3, 254.7)(240.1, 254.7)(240.1, 293.9)(235.3, 293.9);SD
Port:(382.5, 240.4)(382.5, 308.2)(241.4, 308.2)(241.4, 240.4);GATE
Port:(371.0, 247.3)(376.6, 247.3)(376.6, 301.3)(371.0, 301.3);SD
Module:M11
Boundary:(552.1, 10.0)(600.5, 10.0)(600.5, 10.2)(615.0, 10.2)(615.0, 207.2)(552.1, 207.2);GATE
Port:(565.7, 201.3)(601.4, 201.3)(601.4, 207.2)(565.7, 207.2);SD
Port:(552.1, 10.0)(600.5, 10.0)(600.5, 10.2)(615.0, 10.2)(615.0, 198.7)(552.1, 198.7);GATE
Port:(558.1, 15.0)(594.5, 15.0)(594.5, 21.7)(558.1, 21.7);SD
Module:M1
Boundary:(431.3, 358.2)(431.3, 438.3)(431.1, 438.3)(431.1, 453.1)(273.9, 453.1)(273.9, 358.2);GATE
Port:(273.9, 372.8)(279.2, 372.8)(279.2, 438.5)(273.9, 438.5);SD
Port:(431.3, 358.2)(431.3, 438.3)(431.1, 438.3)(431.1, 453.1)(281.3, 453.1)(281.3, 358.2);GATE
Port:(418.9, 364.8)(425.7, 364.8)(425.7, 431.7)(418.9, 431.7);SD
Module:M6
Boundary:(433.9, 10.0)(532.1, 10.0)(532.1, 181.6)(433.9, 181.6);GATE
Port:(447.9, 176.4)(518.1, 176.4)(518.1, 181.6)(447.9, 181.6);SD
Port:(433.9, 10.0)(532.1, 10.0)(532.1, 173.7)(433.9, 173.7);GATE
Port:(440.6, 15.7)(525.4, 15.7)(525.4, 22.1)(440.6, 22.1);SD
Module:M2
Boundary:(159.8, 20.0)(159.8, 110.8)(20.0, 110.8)(20.0, 20.0);GATE
Port:(20.0, 32.5)(26.0, 32.5)(26.0, 98.3)(20.0, 98.3);SD
Port:(159.8, 20.0)(159.8, 110.8)(28.6, 110.8)(28.6, 20.0);GATE
Port:(149.9, 26.0)(154.8, 26.0)(154.8, 104.8)(149.9, 104.8);SD
Module:M16
Boundary:(698.5, 249.5)(780.0, 249.5)(780.0, 467.4)(698.5, 467.4);GATE
Port:(711.5, 462.9)(767.0, 462.9)(767.0, 467.4)(711.5, 467.4);SD
Port:(698.5, 249.5)(780.0, 249.5)(780.0, 460.5)(698.5, 460.5);GATE
Port:(703.9, 253.9)(774.6, 253.9)(774.6, 260.0)(703.9, 260.0);SD
Module:M13
Boundary:(678.5, 249.5)(678.5, 335.0)(678.2, 335.0)(678.2, 351.7)(520.8, 351.7)(520.8, 249.5);GATE
Port:(520.8, 263.3)(525.1, 263.3)(525.1, 337.9)(520.8, 337.9);SD
Port:(678.5, 249.5)(678.5, 335.0)(678.2, 335.0)(678.2, 351.7)(527.6, 351.7)(527.6, 249.5);GATE
Port:(667.0, 256.1)(672.9, 256.1)(672.9, 328.4)(667.0, 328.4);SD
Module:M10
Boundary:(392.8, 143.7)(392.8, 210.4)(247.5, 210.4)(247.5, 143.7);GATE
Port:(247.5, 157.3)(251.6, 157.3)(251.6, 196.8)(247.5, 196.8);SD
Port:(392.8, 143.7)(392.8, 210.4)(254.6, 210.4)(254.6, 143.7);GATE
Port:(381.8, 149.4)(388.1, 149.4)(388.1, 204.7)(381.8, 204.7);SD
Module:M7
Boundary:(645.0, 20.0)(773.1, 20.0)(773.1, 219.5)(645.0, 219.5);GATE
Port:(660.4, 215.4)(757.7, 215.4)(757.7, 219.5)(660.4, 219.5);SD
Port:(645.0, 20.0)(773.1, 20.0)(773.1, 212.6)(645.0, 212.6);GATE
Port:(651.3, 25.3)(766.8, 25.3)(766.8, 31.9)(651.3, 31.9);SD
Module:M3
Boundary:(412.8, 201.6)(483.3, 201.6)(483.3, 201.7)(500.8, 201.7)(500.8, 312.4)(412.8, 312.4);GATE
Port:(426.8, 307.0)(486.8, 307.0)(486.8, 312.4)(426.8, 312.4);SD
Port:(412.8, 201.6)(483.3, 201.6)(483.3, 201.7)(500.8, 201.7)(500.8, 304.8)(412.8, 304.8);GATE
Port:(418.4, 206.2)(477.7, 206.2)(477.7, 212.2)(418.4, 212.2);SD
Module:M15
Boundary:(227.5, 140.8)(227.5, 187.9)(227.5, 187.9)(227.5, 203.4)(10.0, 203.4)(10.0, 140.8);GATE
Port:(10.0, 153.2)(14.0, 153.2)(14.0, 191.0)(10.0, 191.0);SD
Port:(227.5, 140.8)(227.5, 187.9)(227.5, 187.9)(227.5, 203.4)(16.7, 203.4)(16.7, 140.8);GATE
Port:(217.6, 146.4)(222.9, 146.4)(222.9, 182.3)(217.6, 182.3);SD
Module:M12
Boundary:(677.4, 371.7)(677.4, 459.9)(677.2, 459.9)(677.2, 477.3)(471.3, 477.3)(471.3, 371.7);GATE
Port:(471.3, 385.8)(476.6, 385.8)(476.6, 463.2)(471.3, 463.2);SD
Port:(677.4, 371.7)(677.4, 459.9)(677.2, 459.9)(677.2, 477.3)(477.8, 477.3)(477.8, 371.7);GATE
Port:(666.3, 377.3)(672.8, 377.3)(672.8, 454.3)(666.3, 454.3);SD
Module:M8
Boundary:(223.9, 361.6)(223.9, 451.6)(223.8, 451.6)(223.8, 468.9)(20.0, 468.9)(20.0, 361.6);GATE
Port:(20.0, 377.2)(24.2, 377.2)(24.2, 453.3)(20.0, 453.3);SD
Port:(223.9, 361.6)(223.9, 451.6)(223.8, 451.6)(223.8, 468.9)(27.1, 468.9)(27.1, 361.6);GATE
Port:(211.4, 368.3)(218.2, 368.3)(218.2, 444.9)(211.4, 444.9);SD
Module:M4
Boundary:(299.1, 20.0)(403.9, 20.0)(403.9, 113.7)(299.1, 113.7);GATE
Port:(310.5, 107.9)(392.5, 107.9)(392.5, 113.7)(310.5, 113.7);SD
Port:(299.1, 20.0)(403.9, 20.0)(403.9, 105.5)(299.1, 105.5);GATE
Port:(304.3, 24.2)(398.7, 24.2)(398.7, 28.9)(304.3, 28.9);SD
