Area:(-30.0, -30.0)(913.2, -30.0)(913.2, 459.1)(-30.0, 459.1)
Rule:GATE(5,5);SD(5,5);GATE_SD(0.5);GATE_ITO(0.5);SD_ITO(0.5)
Module:M14
Boundary:(360.6, 30.0)(360.6, 129.1)(257.7, 129.1)(257.7, 30.0);GATE
Port:(257.7, 44.7)(262.5, 44.7)(262.5, 114.4)(257.7, 114.4);SD
Port:(360.6, 30.0)(360.6, 129.1)(264.9, 129.1)(264.9, 30.0);GATE
Port:(347.9, 36.6)(355.0, 36.6)(355.0, 122.5)(347.9, 122.5);SD
Module:M9
Boundary:(148.6, 162.6)(199.4, 162.6)(199.4, 162.6)(215.2, 162.6)(215.2, 389.7)(148.6, 389.7);GATE
Port:(162.8, 385.0)(201.0, 385.0)(201.0, 389.7)(162.8, 389.7);SD
Port:(148.6, 162.6)(199.4, 162.6)(199.4, 162.6)(215.2, 162.6)(215.2, 382.4)(148.6, 382.4);GATE
Port:(155.4, 168.4)(192.6, 168.4)(192.6, 174.5)(155.4, 174.5);SD
Module:M5
Boundary:(207.7, 20.0)(207.7, 132.6)(20.0, 132.6)(20.0, 20.0);GATE
Port:(20.0, 35.3)(24.9, 35.3)(24.9, 117.3)(20.0, 117.3);SD
Port:(207.7, 20.0)(207.7, 132.6)(27.6, 132.6)(27.6, 20.0);GATE
Port:(195.4, 26.5)(202.2, 26.5)(202.2, 126.1)(195.4, 126.1);SD
Module:M11
Boundary:(128.6, 162.6)(128.6, 231.1)(128.4, 231.1)(128.4, 244.4)(10.0, 244.4)(10.0, 162.6);GATE
Port:(10.0, 173.5)(15.8, 173.5)(15.8, 233.5)(10.0, 233.5);SD
Port:(128.6, 162.6)(128.6, 231.1)(128.4, 231.1)(128.4, 244.4)(17.6, 244.4)(17.6, 162.6);GATE
Port:(119.4, 168.6)(123.6, 168.6)(123.6, 225.1)(119.4, 225.1);SD
Module:M1
Boundary:(479.4, 189.1)(479.4, 248.7)(255.2, 248.7)(255.2, 189.1);GATE
Port:(255.2, 201.5)(261.0, 201.5)(261.0, 236.3)(255.2, 236.3);SD
Port:(479.4, 189.1)(479.4, 248.7)(263.6, 248.7)(263.6, 189.1);GATE
Port:(468.7, 194.3)(475.2, 194.3)(475.2, 243.5)(468.7, 243.5);SD
Module:M6
Boundary:(866.5, 130.2)(866.5, 198.6)(866.1, 198.6)(866.1, 215.3)(664.1, 215.3)(664.1, 130.2);GATE
Port:(664.1, 144.2)(668.3, 144.2)(668.3, 201.3)(664.1, 201.3);SD
Port:(866.5, 130.2)(866.5, 198.6)(866.1, 198.6)(866.1, 215.3)(670.9, 215.3)(670.9, 130.2);GATE
Port:(855.2, 135.5)(862.2, 135.5)(862.2, 193.3)(855.2, 193.3);SD
Module:M2
Boundary:(625.2, 20.0)(625.2, 105.4)(410.6, 105.4)(410.6, 20.0);GATE
Port:(410.6, 33.9)(416.0, 33.9)(416.0, 91.5)(410.6, 91.5);SD
Port:(625.2, 20.0)(625.2, 105.4)(418.0, 105.4)(418.0, 20.0);GATE
Port:(614.6, 26.9)(619.3, 26.9)(619.3, 98.5)(614.6, 98.5);SD
Module:M16
Boundary:(644.1, 135.4)(644.1, 224.6)(519.4, 224.6)(519.4, 135.4);GATE
Port:(519.4, 147.5)(525.0, 147.5)(525.0, 212.5)(519.4, 212.5);SD
Port:(644.1, 135.4)(644.1, 224.6)(528.0, 224.6)(528.0, 135.4);GATE
Port:(633.6, 141.4)(639.1, 141.4)(639.1, 218.6)(633.6, 218.6);SD
Module:M13
Boundary:(873.2, 235.3)(873.2, 311.9)(722.6, 311.9)(722.6, 235.3);GATE
Port:(722.6, 248.4)(727.7, 248.4)(727.7, 298.8)(722.6, 298.8);SD
Port:(873.2, 235.3)(873.2, 311.9)(729.1, 311.9)(729.1, 235.3);GATE
Port:(862.4, 241.1)(868.4, 241.1)(868.4, 306.1)(862.4, 306.1);SD
Module:M10
Boundary:(763.3, 10.0)(858.2, 10.0)(858.2, 110.2)(763.3, 110.2);GATE
Port:(776.0, 104.8)(845.5, 104.8)(845.5, 110.2)(776.0, 110.2);SD
Port:(763.3, 10.0)(858.2, 10.0)(858.2, 102.3)(763.3, 102.3);GATE
Port:(769.9, 15.6)(851.6, 15.6)(851.6, 20.5)(769.9, 20.5);SD
Module:M7
Boundary:(20.0, 274.4)(100.1, 274.4)(100.1, 274.9)(116.3, 274.9)(116.3, 402.0)(20.0, 402.0);GATE
Port:(32.0, 397.2)(104.3, 397.2)(104.3, 402.0)(32.0, 402.0);SD
Port:(20.0, 274.4)(100.1, 274.4)(100.1, 274.9)(116.3, 274.9)(116.3, 394.8)(20.0, 394.8);GATE
Port:(25.5, 278.9)(94.6, 278.9)(94.6, 283.9)(25.5, 283.9);SD
Module:M3
Boundary:(702.6, 244.6)(702.6, 275.3)(702.6, 275.3)(702.6, 291.0)(519.4, 291.0)(519.4, 244.6);GATE
Port:(519.4, 256.9)(525.3, 256.9)(525.3, 278.7)(519.4, 278.7);SD
Port:(702.6, 244.6)(702.6, 275.3)(702.6, 275.3)(702.6, 291.0)(526.4, 291.0)(526.4, 244.6);GATE
Port:(693.3, 249.9)(698.3, 249.9)(698.3, 270.0)(693.3, 270.0);SD
Module:M15
Boundary:(462.5, 288.7)(462.5, 386.0)(462.1, 386.0)(462.1, 401.6)(235.2, 401.6)(235.2, 288.7);GATE
Port:(235.2, 303.1)(239.9, 303.1)(239.9, 387.2)(235.2, 387.2);SD
Port:(462.5, 288.7)(462.5, 386.0)(462.1, 386.0)(462.1, 401.6)(242.7, 401.6)(242.7, 288.7);GATE
Port:(450.9, 295.2)(457.0, 295.2)(457.0, 379.5)(450.9, 379.5);SD
Module:M12
Boundary:(693.4, 311.0)(693.4, 419.1)(519.4, 419.1)(519.4, 311.0);GATE
Port:(519.4, 323.9)(525.3, 323.9)(525.3, 406.2)(519.4, 406.2);SD
Port:(693.4, 311.0)(693.4, 419.1)(527.0, 419.1)(527.0, 311.0);GATE
Port:(682.3, 317.2)(688.2, 317.2)(688.2, 412.9)(682.3, 412.9);SD
Module:M8
Boundary:(864.0, 341.9)(864.0, 389.0)(863.8, 389.0)(863.8, 404.0)(723.4, 404.0)(723.4, 341.9);GATE
Port:(723.4, 354.1)(728.7, 354.1)(728.7, 391.8)(723.4, 391.8);SD
Port:(864.0, 341.9)(864.0, 389.0)(863.8, 389.0)(863.8, 404.0)(731.1, 404.0)(731.1, 341.9);GATE
Port:(853.6, 347.4)(859.5, 347.4)(859.5, 383.5)(853.6, 383.5);SD
Module:M4
Boundary:(674.1, 20.0)(719.5, 20.0)(719.5, 20.2)(733.3, 20.2)(733.3, 87.1)(674.1, 87.1);GATE
Port:(686.5, 83.1)(720.9, 83.1)(720.9, 87.1)(686.5, 87.1);SD
Port:(674.1, 20.0)(719.5, 20.0)(719.5, 20.2)(733.3, 20.2)(733.3, 81.4)(674.1, 81.4);GATE
Port:(680.0, 24.9)(713.6, 24.9)(713.6, 30.7)(680.0, 30.7);SD
