Area:(-30.0, -30.0)(618.9, -30.0)(618.9, 554.3)(-30.0, 554.3)
Rule:GATE(5,5);SD(5,5);GATE_SD(0.5);GATE_ITO(0.5);SD_ITO(0.5)
Module:M14
Boundary:(559.9, 416.2)(559.9, 481.3)(559.6, 481.3)(559.6, 496.5)(353.3, 496.5)(353.3, 416.2);GATE
Port:(353.3, 430.1)(359.2, 430.1)(359.2, 482.6)(353.3, 482.6);SD
Port:(559.9, 416.2)(559.9, 481.3)(559.6, 481.3)(559.6, 496.5)(360.8, 496.5)(360.8, 416.2);GATE
Port:(548.1, 423.0)(554.1, 423.0)(554.1, 474.5)(548.1, 474.5);SD
Module:M9
Boundary:(514.3, 189.9)(563.0, 189.9)(563.0, 190.1)(578.9, 190.1)(578.9, 353.8)(514.3, 353.8);GATE
Port:(526.9, 348.1)(566.3, 348.1)(566.3, 353.8)(526.9, 353.8);SD
Port:(514.3, 189.9)(563.0, 189.9)(563.0, 190.1)(578.9, 190.1)(578.9, 346.9)(514.3, 346.9);GATE
Port:(520.7, 195.3)(556.6, 195.3)(556.6, 200.4)(520.7, 200.4);SD
Module:M5
Boundary:(486.6, 20.0)(552.0, 20.0)(552.0, 20.1)(567.7, 20.1)(567.7, 159.9)(486.6, 159.9);GATE
Port:(500.1, 154.8)(554.2, 154.8)(554.2, 159.9)(500.1, 159.9);SD
Port:(486.6, 20.0)(552.0, 20.0)(552.0, 20.1)(567.7, 20.1)(567.7, 153.4)(486.6, 153.4);GATE
Port:(492.4, 24.8)(546.2, 24.8)(546.2, 31.2)(492.4, 31.2);SD
Module:M11
Boundary:(185.4, 283.4)(185.4, 331.2)(10.0, 331.2)(10.0, 283.4);GATE
Port:(10.0, 295.7)(15.7, 295.7)(15.7, 318.9)(10.0, 318.9);SD
Port:(185.4, 283.4)(185.4, 331.2)(17.4, 331.2)(17.4, 283.4);GATE
Port:(174.8, 288.4)(181.4, 288.4)(181.4, 326.2)(174.8, 326.2);SD
Module:M1
Boundary:(380.6, 30.0)(423.3, 30.0)(423.3, 30.2)(436.6, 30.2)(436.6, 149.9)(380.6, 149.9);GATE
Port:(392.3, 144.0)(424.9, 144.0)(424.9, 149.9)(392.3, 149.9);SD
Port:(380.6, 30.0)(423.3, 30.0)(423.3, 30.2)(436.6, 30.2)(436.6, 142.9)(380.6, 142.9);GATE
Port:(386.7, 35.1)(417.2, 35.1)(417.2, 39.8)(386.7, 39.8);SD
Module:M6
Boundary:(10.0, 127.1)(84.0, 127.1)(84.0, 260.8)(10.0, 260.8);GATE
Port:(22.7, 255.6)(71.3, 255.6)(71.3, 260.8)(22.7, 260.8);SD
Port:(10.0, 127.1)(84.0, 127.1)(84.0, 254.1)(10.0, 254.1);GATE
Port:(16.6, 132.7)(77.4, 132.7)(77.4, 138.1)(16.6, 138.1);SD
Module:M2
Boundary:(254.3, 407.9)(301.1, 407.9)(301.1, 498.7)(254.3, 498.7);GATE
Port:(267.2, 492.7)(288.2, 492.7)(288.2, 498.7)(267.2, 498.7);SD
Port:(254.3, 407.9)(301.1, 407.9)(301.1, 490.4)(254.3, 490.4);GATE
Port:(259.8, 412.4)(295.6, 412.4)(295.6, 418.3)(259.8, 418.3);SD
Module:M16
Boundary:(299.2, 179.5)(299.2, 263.4)(104.0, 263.4)(104.0, 179.5);GATE
Port:(104.0, 193.1)(108.9, 193.1)(108.9, 249.8)(104.0, 249.8);SD
Port:(299.2, 179.5)(299.2, 263.4)(110.7, 263.4)(110.7, 179.5);GATE
Port:(288.2, 185.6)(294.1, 185.6)(294.1, 257.3)(288.2, 257.3);SD
Module:M13
Boundary:(333.3, 189.9)(403.1, 189.9)(403.1, 315.7)(333.3, 315.7);GATE
Port:(348.3, 309.8)(388.1, 309.8)(388.1, 315.7)(348.3, 315.7);SD
Port:(333.3, 189.9)(403.1, 189.9)(403.1, 308.0)(333.3, 308.0);GATE
Port:(339.6, 195.2)(396.8, 195.2)(396.8, 201.6)(339.6, 201.6);SD
Module:M10
Boundary:(224.3, 447.3)(224.3, 514.3)(10.0, 514.3)(10.0, 447.3);GATE
Port:(10.0, 461.8)(15.9, 461.8)(15.9, 499.8)(10.0, 499.8);SD
Port:(224.3, 447.3)(224.3, 514.3)(17.5, 514.3)(17.5, 447.3);GATE
Port:(212.6, 453.2)(219.4, 453.2)(219.4, 508.4)(212.6, 508.4);SD
Module:M7
Boundary:(267.0, 20.0)(315.3, 20.0)(315.3, 20.2)(330.6, 20.2)(330.6, 147.8)(267.0, 147.8);GATE
Port:(279.8, 143.7)(317.8, 143.7)(317.8, 147.8)(279.8, 147.8);SD
Port:(267.0, 20.0)(315.3, 20.0)(315.3, 20.2)(330.6, 20.2)(330.6, 142.3)(267.0, 142.3);GATE
Port:(273.3, 25.3)(309.0, 25.3)(309.0, 30.4)(273.3, 30.4);SD
Module:M3
Boundary:(423.1, 189.9)(476.2, 189.9)(476.2, 189.9)(494.3, 189.9)(494.3, 376.2)(423.1, 376.2);GATE
Port:(436.9, 371.3)(480.5, 371.3)(480.5, 376.2)(436.9, 376.2);SD
Port:(423.1, 189.9)(476.2, 189.9)(476.2, 189.9)(494.3, 189.9)(494.3, 369.7)(423.1, 369.7);GATE
Port:(429.0, 194.8)(470.3, 194.8)(470.3, 200.4)(429.0, 200.4);SD
Module:M15
Boundary:(227.3, 283.4)(297.1, 283.4)(297.1, 283.6)(313.3, 283.6)(313.3, 377.9)(227.3, 377.9);GATE
Port:(242.3, 373.9)(298.3, 373.9)(298.3, 377.9)(242.3, 377.9);SD
Port:(227.3, 283.4)(297.1, 283.4)(297.1, 283.6)(313.3, 283.6)(313.3, 372.2)(227.3, 372.2);GATE
Port:(233.6, 288.7)(290.8, 288.7)(290.8, 296.5)(233.6, 296.5);SD
Module:M12
Boundary:(121.0, 10.0)(220.6, 10.0)(220.6, 10.2)(237.0, 10.2)(237.0, 159.5)(121.0, 159.5);GATE
Port:(134.2, 154.2)(223.8, 154.2)(223.8, 159.5)(134.2, 159.5);SD
Port:(121.0, 10.0)(220.6, 10.0)(220.6, 10.2)(237.0, 10.2)(237.0, 152.2)(121.0, 152.2);GATE
Port:(126.1, 14.1)(215.5, 14.1)(215.5, 20.5)(126.1, 20.5);SD
Module:M8
Boundary:(197.3, 361.2)(197.3, 399.5)(197.2, 399.5)(197.2, 417.3)(20.0, 417.3)(20.0, 361.2);GATE
Port:(20.0, 377.1)(25.4, 377.1)(25.4, 401.4)(20.0, 401.4);SD
Port:(197.3, 361.2)(197.3, 399.5)(197.2, 399.5)(197.2, 417.3)(27.3, 417.3)(27.3, 361.2);GATE
Port:(184.6, 367.2)(192.3, 367.2)(192.3, 393.5)(184.6, 393.5);SD
Module:M4
Boundary:(91.0, 20.0)(91.0, 81.7)(90.9, 81.7)(90.9, 97.1)(20.0, 97.1)(20.0, 20.0);GATE
Port:(20.0, 32.3)(24.5, 32.3)(24.5, 84.8)(20.0, 84.8);SD
Port:(91.0, 20.0)(91.0, 81.7)(90.9, 81.7)(90.9, 97.1)(26.0, 97.1)(26.0, 20.0);GATE
Port:(81.7, 25.9)(86.1, 25.9)(86.1, 75.8)(81.7, 75.8);SD
