Area:(-30.0, -30.0)(736.2, -30.0)(736.2, 494.4)(-30.0, 494.4)
Rule:GATE(5,5);SD(5,5);GATE_SD(0.5);GATE_ITO(0.5);SD_ITO(0.5)
Module:M14
Boundary:(30.0, 30.0)(95.2, 30.0)(95.2, 30.2)(110.7, 30.2)(110.7, 186.2)(30.0, 186.2);GATE
Port:(43.2, 180.3)(97.5, 180.3)(97.5, 186.2)(43.2, 186.2);SD
Port:(30.0, 30.0)(95.2, 30.0)(95.2, 30.2)(110.7, 30.2)(110.7, 179.3)(30.0, 179.3);GATE
Port:(36.0, 35.0)(89.2, 35.0)(89.2, 40.9)(36.0, 40.9);SD
Module:M9
Boundary:(10.0, 226.2)(44.4, 226.2)(44.4, 226.2)(61.2, 226.2)(61.2, 358.5)(10.0, 358.5);GATE
Port:(23.6, 353.8)(47.6, 353.8)(47.6, 358.5)(23.6, 358.5);SD
Port:(10.0, 226.2)(44.4, 226.2)(44.4, 226.2)(61.2, 226.2)(61.2, 352.7)(10.0, 352.7);GATE
Port:(16.0, 231.2)(38.4, 231.2)(38.4, 236.7)(16.0, 236.7);SD
Module:M5
Boundary:(419.4, 265.9)(454.6, 265.9)(454.6, 266.0)(469.9, 266.0)(469.9, 445.2)(419.4, 445.2);GATE
Port:(433.3, 440.7)(456.0, 440.7)(456.0, 445.2)(433.3, 445.2);SD
Port:(419.4, 265.9)(454.6, 265.9)(454.6, 266.0)(469.9, 266.0)(469.9, 439.3)(419.4, 439.3);GATE
Port:(425.5, 271.0)(448.5, 271.0)(448.5, 277.8)(425.5, 277.8);SD
Module:M11
Boundary:(608.9, 281.1)(678.9, 281.1)(678.9, 281.4)(696.2, 281.4)(696.2, 452.2)(608.9, 452.2);GATE
Port:(622.9, 446.8)(682.2, 446.8)(682.2, 452.2)(622.9, 452.2);SD
Port:(608.9, 281.1)(678.9, 281.1)(678.9, 281.4)(696.2, 281.4)(696.2, 445.3)(608.9, 445.3);GATE
Port:(615.1, 286.3)(672.7, 286.3)(672.7, 292.6)(615.1, 292.6);SD
Module:M1
Boundary:(683.9, 30.0)(683.9, 86.2)(683.8, 86.2)(683.8, 99.0)(486.1, 99.0)(486.1, 30.0);GATE
Port:(486.1, 42.1)(490.6, 42.1)(490.6, 86.9)(486.1, 86.9);SD
Port:(683.9, 30.0)(683.9, 86.2)(683.8, 86.2)(683.8, 99.0)(492.4, 99.0)(492.4, 30.0);GATE
Port:(673.3, 35.9)(679.0, 35.9)(679.0, 80.3)(673.3, 80.3);SD
Module:M6
Boundary:(306.8, 255.9)(389.4, 255.9)(389.4, 450.1)(306.8, 450.1);GATE
Port:(319.2, 445.8)(377.0, 445.8)(377.0, 450.1)(319.2, 450.1);SD
Port:(306.8, 255.9)(389.4, 255.9)(389.4, 443.4)(306.8, 443.4);GATE
Port:(313.2, 261.3)(383.0, 261.3)(383.0, 266.7)(313.2, 266.7);SD
Module:M2
Boundary:(436.1, 20.0)(436.1, 86.6)(435.9, 86.6)(435.9, 103.6)(286.8, 103.6)(286.8, 20.0);GATE
Port:(286.8, 32.8)(292.2, 32.8)(292.2, 90.8)(286.8, 90.8);SD
Port:(436.1, 20.0)(436.1, 86.6)(435.9, 86.6)(435.9, 103.6)(294.9, 103.6)(294.9, 20.0);GATE
Port:(426.0, 25.1)(432.0, 25.1)(432.0, 81.5)(426.0, 81.5);SD
Module:M16
Boundary:(531.0, 139.0)(531.0, 216.9)(530.8, 216.9)(530.8, 235.9)(383.4, 235.9)(383.4, 139.0);GATE
Port:(383.4, 155.1)(387.6, 155.1)(387.6, 219.8)(383.4, 219.8);SD
Port:(531.0, 139.0)(531.0, 216.9)(530.8, 216.9)(530.8, 235.9)(390.1, 235.9)(390.1, 139.0);GATE
Port:(518.3, 145.9)(525.1, 145.9)(525.1, 210.0)(518.3, 210.0);SD
Module:M13
Boundary:(184.5, 332.1)(262.3, 332.1)(262.3, 332.3)(277.6, 332.3)(277.6, 454.4)(184.5, 454.4);GATE
Port:(197.0, 449.4)(265.1, 449.4)(265.1, 454.4)(197.0, 454.4);SD
Port:(184.5, 332.1)(262.3, 332.1)(262.3, 332.3)(277.6, 332.3)(277.6, 447.1)(184.5, 447.1);GATE
Port:(190.0, 336.6)(256.8, 336.6)(256.8, 342.3)(190.0, 342.3);SD
Module:M10
Boundary:(81.2, 241.8)(118.8, 241.8)(118.8, 242.0)(135.7, 242.0)(135.7, 316.3)(81.2, 316.3);GATE
Port:(96.6, 310.6)(120.3, 310.6)(120.3, 316.3)(96.6, 316.3);SD
Port:(81.2, 241.8)(118.8, 241.8)(118.8, 242.0)(135.7, 242.0)(135.7, 308.0)(81.2, 308.0);GATE
Port:(87.6, 247.2)(112.4, 247.2)(112.4, 254.6)(87.6, 254.6);SD
Module:M7
Boundary:(276.8, 251.8)(276.8, 302.1)(165.7, 302.1)(165.7, 251.8);GATE
Port:(165.7, 264.9)(170.1, 264.9)(170.1, 289.0)(165.7, 289.0);SD
Port:(276.8, 251.8)(276.8, 302.1)(171.6, 302.1)(171.6, 251.8);GATE
Port:(266.5, 257.4)(272.2, 257.4)(272.2, 296.5)(266.5, 296.5);SD
Module:M3
Boundary:(164.5, 378.5)(164.5, 427.5)(164.4, 427.5)(164.4, 443.6)(10.0, 443.6)(10.0, 378.5);GATE
Port:(10.0, 391.3)(14.5, 391.3)(14.5, 430.8)(10.0, 430.8);SD
Port:(164.5, 378.5)(164.5, 427.5)(164.4, 427.5)(164.4, 443.6)(16.5, 443.6)(16.5, 378.5);GATE
Port:(154.1, 384.6)(159.4, 384.6)(159.4, 421.4)(154.1, 421.4);SD
Module:M15
Boundary:(363.4, 142.5)(363.4, 221.8)(150.7, 221.8)(150.7, 142.5);GATE
Port:(150.7, 156.5)(155.3, 156.5)(155.3, 207.8)(150.7, 207.8);SD
Port:(363.4, 142.5)(363.4, 221.8)(157.4, 221.8)(157.4, 142.5);GATE
Port:(351.6, 149.0)(357.9, 149.0)(357.9, 215.3)(351.6, 215.3);SD
Module:M12
Boundary:(256.8, 10.0)(256.8, 122.5)(150.7, 122.5)(150.7, 10.0);GATE
Port:(150.7, 24.0)(155.7, 24.0)(155.7, 108.5)(150.7, 108.5);SD
Port:(256.8, 10.0)(256.8, 122.5)(157.2, 122.5)(157.2, 10.0);GATE
Port:(244.9, 16.9)(250.9, 16.9)(250.9, 115.6)(244.9, 115.6);SD
Module:M8
Boundary:(509.9, 291.1)(562.0, 291.1)(562.0, 291.2)(578.9, 291.2)(578.9, 426.4)(509.9, 426.4);GATE
Port:(523.8, 422.0)(565.0, 422.0)(565.0, 426.4)(523.8, 426.4);SD
Port:(509.9, 291.1)(562.0, 291.1)(562.0, 291.2)(578.9, 291.2)(578.9, 419.3)(509.9, 419.3);GATE
Port:(515.3, 295.5)(556.6, 295.5)(556.6, 302.4)(515.3, 302.4);SD
Module:M4
Boundary:(561.0, 149.0)(672.9, 149.0)(672.9, 251.1)(561.0, 251.1);GATE
Port:(575.9, 246.8)(658.0, 246.8)(658.0, 251.1)(575.9, 251.1);SD
Port:(561.0, 149.0)(672.9, 149.0)(672.9, 244.1)(561.0, 244.1);GATE
Port:(567.6, 154.6)(666.3, 154.6)(666.3, 161.5)(567.6, 161.5);SD
