Area:(-30.0, -30.0)(510.4, -30.0)(510.4, 706.4)(-30.0, 706.4)
Rule:GATE(5,5);SD(5,5);GATE_SD(0.5);GATE_ITO(0.5);SD_ITO(0.5)
Module:M14
Boundary:(30.0, 416.2)(96.0, 416.2)(96.0, 416.4)(111.6, 416.4)(111.6, 536.5)(30.0, 536.5);GATE
Port:(43.9, 532.4)(97.7, 532.4)(97.7, 536.5)(43.9, 536.5);SD
Port:(30.0, 416.2)(96.0, 416.2)(96.0, 416.4)(111.6, 416.4)(111.6, 530.2)(30.0, 530.2);GATE
Port:(36.9, 422.1)(89.1, 422.1)(89.1, 427.7)(36.9, 427.7);SD
Module:M9
Boundary:(326.4, 426.2)(326.4, 534.5)(151.6, 534.5)(151.6, 426.2);GATE
Port:(151.6, 440.1)(155.6, 440.1)(155.6, 520.6)(151.6, 520.6);SD
Port:(326.4, 426.2)(326.4, 534.5)(157.0, 534.5)(157.0, 426.2);GATE
Port:(315.9, 433.0)(320.6, 433.0)(320.6, 527.7)(315.9, 527.7);SD
Module:M5
Boundary:(462.0, 385.3)(462.0, 460.6)(356.4, 460.6)(356.4, 385.3);GATE
Port:(356.4, 398.2)(361.0, 398.2)(361.0, 447.7)(356.4, 447.7);SD
Port:(462.0, 385.3)(462.0, 460.6)(362.0, 460.6)(362.0, 385.3);GATE
Port:(450.7, 392.1)(456.2, 392.1)(456.2, 453.8)(450.7, 453.8);SD
Module:M11
Boundary:(356.1, 490.6)(450.7, 490.6)(450.7, 490.9)(466.9, 490.9)(466.9, 657.5)(356.1, 657.5);GATE
Port:(367.2, 652.0)(455.8, 652.0)(455.8, 657.5)(367.2, 657.5);SD
Port:(356.1, 490.6)(450.7, 490.6)(450.7, 490.9)(466.9, 490.9)(466.9, 650.1)(356.1, 650.1);GATE
Port:(361.1, 494.6)(445.7, 494.6)(445.7, 499.0)(361.1, 499.0);SD
Module:M1
Boundary:(212.3, 275.7)(280.5, 275.7)(280.5, 275.9)(297.0, 275.9)(297.0, 386.2)(212.3, 386.2);GATE
Port:(225.9, 381.1)(283.4, 381.1)(283.4, 386.2)(225.9, 386.2);SD
Port:(212.3, 275.7)(280.5, 275.7)(280.5, 275.9)(297.0, 275.9)(297.0, 379.7)(212.3, 379.7);GATE
Port:(218.9, 281.3)(273.9, 281.3)(273.9, 287.4)(218.9, 287.4);SD
Module:M6
Boundary:(192.3, 10.0)(237.7, 10.0)(237.7, 10.1)(251.1, 10.1)(251.1, 192.0)(192.3, 192.0);GATE
Port:(205.3, 186.2)(238.1, 186.2)(238.1, 192.0)(205.3, 192.0);SD
Port:(192.3, 10.0)(237.7, 10.0)(237.7, 10.1)(251.1, 10.1)(251.1, 183.9)(192.3, 183.9);GATE
Port:(199.0, 15.7)(231.0, 15.7)(231.0, 21.1)(199.0, 21.1);SD
Module:M2
Boundary:(174.6, 586.5)(174.6, 663.9)(20.0, 663.9)(20.0, 586.5);GATE
Port:(20.0, 599.4)(25.7, 599.4)(25.7, 651.0)(20.0, 651.0);SD
Port:(174.6, 586.5)(174.6, 663.9)(27.9, 663.9)(27.9, 586.5);GATE
Port:(163.6, 593.0)(169.1, 593.0)(169.1, 657.4)(163.6, 657.4);SD
Module:M16
Boundary:(10.0, 10.0)(58.6, 10.0)(58.6, 10.3)(73.3, 10.3)(73.3, 174.0)(10.0, 174.0);GATE
Port:(23.7, 169.5)(59.6, 169.5)(59.6, 174.0)(23.7, 174.0);SD
Port:(10.0, 10.0)(58.6, 10.0)(58.6, 10.3)(73.3, 10.3)(73.3, 167.7)(10.0, 167.7);GATE
Port:(16.2, 15.2)(52.4, 15.2)(52.4, 21.3)(16.2, 21.3);SD
Module:M13
Boundary:(93.3, 10.0)(172.3, 10.0)(172.3, 202.1)(93.3, 202.1);GATE
Port:(106.8, 196.4)(158.8, 196.4)(158.8, 202.1)(106.8, 202.1);SD
Port:(93.3, 10.0)(172.3, 10.0)(172.3, 194.4)(93.3, 194.4);GATE
Port:(98.9, 14.6)(166.7, 14.6)(166.7, 21.3)(98.9, 21.3);SD
Module:M10
Boundary:(466.5, 188.1)(466.5, 252.0)(372.9, 252.0)(372.9, 188.1);GATE
Port:(372.9, 201.1)(377.7, 201.1)(377.7, 239.0)(372.9, 239.0);SD
Port:(466.5, 188.1)(466.5, 252.0)(379.4, 252.0)(379.4, 188.1);GATE
Port:(455.2, 194.1)(461.5, 194.1)(461.5, 246.0)(455.2, 246.0);SD
Module:M7
Boundary:(453.4, 282.0)(453.4, 330.2)(453.2, 330.2)(453.2, 345.3)(347.0, 345.3)(347.0, 282.0);GATE
Port:(347.0, 295.5)(351.2, 295.5)(351.2, 331.8)(347.0, 331.8);SD
Port:(453.4, 282.0)(453.4, 330.2)(453.2, 330.2)(453.2, 345.3)(353.1, 345.3)(353.1, 282.0);GATE
Port:(442.2, 288.1)(448.3, 288.1)(448.3, 324.1)(442.2, 324.1);SD
Module:M3
Boundary:(10.0, 194.0)(57.7, 194.0)(57.7, 194.0)(73.0, 194.0)(73.0, 376.2)(10.0, 376.2);GATE
Port:(22.9, 371.9)(60.1, 371.9)(60.1, 376.2)(22.9, 376.2);SD
Port:(10.0, 194.0)(57.7, 194.0)(57.7, 194.0)(73.0, 194.0)(73.0, 370.5)(10.0, 370.5);GATE
Port:(15.6, 198.6)(52.1, 198.6)(52.1, 205.0)(15.6, 205.0);SD
Module:M15
Boundary:(336.1, 554.5)(336.1, 648.0)(335.8, 648.0)(335.8, 666.4)(204.6, 666.4)(204.6, 554.5);GATE
Port:(204.6, 570.1)(209.3, 570.1)(209.3, 650.8)(204.6, 650.8);SD
Port:(336.1, 554.5)(336.1, 648.0)(335.8, 648.0)(335.8, 666.4)(210.7, 666.4)(210.7, 554.5);GATE
Port:(323.7, 560.4)(331.2, 560.4)(331.2, 642.1)(323.7, 642.1);SD
Module:M12
Boundary:(372.9, 10.0)(470.4, 10.0)(470.4, 168.1)(372.9, 168.1);GATE
Port:(386.4, 163.0)(456.9, 163.0)(456.9, 168.1)(386.4, 168.1);SD
Port:(372.9, 10.0)(470.4, 10.0)(470.4, 161.2)(372.9, 161.2);GATE
Port:(379.5, 15.6)(463.8, 15.6)(463.8, 21.8)(379.5, 21.8);SD
Module:M8
Boundary:(103.3, 232.1)(137.9, 232.1)(137.9, 232.2)(154.5, 232.2)(154.5, 364.7)(103.3, 364.7);GATE
Port:(117.6, 359.3)(140.2, 359.3)(140.2, 364.7)(117.6, 364.7);SD
Port:(103.3, 232.1)(137.9, 232.1)(137.9, 232.2)(154.5, 232.2)(154.5, 356.4)(103.3, 356.4);GATE
Port:(109.0, 236.8)(132.2, 236.8)(132.2, 243.1)(109.0, 243.1);SD
Module:M4
Boundary:(281.1, 20.0)(328.1, 20.0)(328.1, 20.1)(342.9, 20.1)(342.9, 225.7)(281.1, 225.7);GATE
Port:(293.2, 220.1)(330.8, 220.1)(330.8, 225.7)(293.2, 225.7);SD
Port:(281.1, 20.0)(328.1, 20.0)(328.1, 20.1)(342.9, 20.1)(342.9, 217.3)(281.1, 217.3);GATE
Port:(287.0, 24.9)(322.2, 24.9)(322.2, 30.4)(287.0, 30.4);SD
