Area:(-30.0, -30.0)(627.7, -30.0)(627.7, 614.6)(-30.0, 614.6)
Rule:GATE(5,5);SD(5,5);GATE_SD(0.5);GATE_ITO(0.5);SD_ITO(0.5)
Module:M14
Boundary:(220.1, 471.9)(220.1, 557.9)(30.0, 557.9)(30.0, 471.9);GATE
Port:(30.0, 486.4)(35.1, 486.4)(35.1, 543.4)(30.0, 543.4);SD
Port:(220.1, 471.9)(220.1, 557.9)(37.8, 557.9)(37.8, 471.9);GATE
Port:(208.1, 478.0)(215.0, 478.0)(215.0, 551.8)(208.1, 551.8);SD
Module:M9
Boundary:(140.8, 311.5)(233.5, 311.5)(233.5, 311.7)(248.6, 311.7)(248.6, 431.9)(140.8, 431.9);GATE
Port:(153.6, 426.9)(235.8, 426.9)(235.8, 431.9)(153.6, 431.9);SD
Port:(140.8, 311.5)(233.5, 311.5)(233.5, 311.7)(248.6, 311.7)(248.6, 425.6)(140.8, 425.6);GATE
Port:(146.2, 315.9)(228.1, 315.9)(228.1, 322.0)(146.2, 322.0);SD
Module:M5
Boundary:(476.2, 488.9)(561.3, 488.9)(561.3, 559.4)(476.2, 559.4);GATE
Port:(487.6, 555.0)(549.9, 555.0)(549.9, 559.4)(487.6, 559.4);SD
Port:(476.2, 488.9)(561.3, 488.9)(561.3, 552.3)(476.2, 552.3);GATE
Port:(481.4, 493.1)(556.1, 493.1)(556.1, 498.5)(481.4, 498.5);SD
Module:M11
Boundary:(586.9, 10.0)(586.9, 93.2)(474.3, 93.2)(474.3, 10.0);GATE
Port:(474.3, 24.3)(478.4, 24.3)(478.4, 78.9)(474.3, 78.9);SD
Port:(586.9, 10.0)(586.9, 93.2)(481.3, 93.2)(481.3, 10.0);GATE
Port:(574.5, 16.3)(581.6, 16.3)(581.6, 86.9)(574.5, 86.9);SD
Module:M1
Boundary:(436.7, 209.8)(436.7, 271.5)(236.8, 271.5)(236.8, 209.8);GATE
Port:(236.8, 222.7)(241.0, 222.7)(241.0, 258.6)(236.8, 258.6);SD
Port:(436.7, 209.8)(436.7, 271.5)(242.6, 271.5)(242.6, 209.8);GATE
Port:(425.4, 216.5)(431.0, 216.5)(431.0, 264.8)(425.4, 264.8);SD
Module:M6
Boundary:(446.2, 456.7)(446.2, 558.2)(445.9, 558.2)(445.9, 574.6)(260.1, 574.6)(260.1, 456.7);GATE
Port:(260.1, 471.2)(265.5, 471.2)(265.5, 560.1)(260.1, 560.1);SD
Port:(446.2, 456.7)(446.2, 558.2)(445.9, 558.2)(445.9, 574.6)(266.5, 574.6)(266.5, 456.7);GATE
Port:(434.4, 462.6)(441.3, 462.6)(441.3, 552.3)(434.4, 552.3);SD
Module:M2
Boundary:(20.0, 310.1)(96.7, 310.1)(96.7, 310.2)(110.8, 310.2)(110.8, 416.4)(20.0, 416.4);GATE
Port:(33.8, 410.8)(97.0, 410.8)(97.0, 416.4)(33.8, 416.4);SD
Port:(20.0, 310.1)(96.7, 310.1)(96.7, 310.2)(110.8, 310.2)(110.8, 409.5)(20.0, 409.5);GATE
Port:(26.9, 316.0)(89.8, 316.0)(89.8, 322.2)(26.9, 322.2);SD
Module:M16
Boundary:(478.2, 236.8)(572.6, 236.8)(572.6, 237.1)(587.7, 237.1)(587.7, 458.9)(478.2, 458.9);GATE
Port:(491.9, 453.1)(574.0, 453.1)(574.0, 458.9)(491.9, 458.9);SD
Port:(478.2, 236.8)(572.6, 236.8)(572.6, 237.1)(587.7, 237.1)(587.7, 451.7)(478.2, 451.7);GATE
Port:(484.5, 242.1)(566.3, 242.1)(566.3, 248.2)(484.5, 248.2);SD
Module:M13
Boundary:(387.4, 105.9)(387.4, 169.8)(179.7, 169.8)(179.7, 105.9);GATE
Port:(179.7, 119.0)(185.5, 119.0)(185.5, 156.7)(179.7, 156.7);SD
Port:(387.4, 105.9)(387.4, 169.8)(187.6, 169.8)(187.6, 105.9);GATE
Port:(376.5, 111.4)(382.9, 111.4)(382.9, 164.3)(376.5, 164.3);SD
Module:M10
Boundary:(159.7, 121.8)(159.7, 166.7)(10.0, 166.7)(10.0, 121.8);GATE
Port:(10.0, 133.9)(15.7, 133.9)(15.7, 154.6)(10.0, 154.6);SD
Port:(159.7, 121.8)(159.7, 166.7)(18.5, 166.7)(18.5, 121.8);GATE
Port:(149.4, 127.2)(155.3, 127.2)(155.3, 161.3)(149.4, 161.3);SD
Module:M7
Boundary:(225.2, 20.0)(225.2, 71.5)(156.7, 71.5)(156.7, 20.0);GATE
Port:(156.7, 33.4)(161.1, 33.4)(161.1, 58.1)(156.7, 58.1);SD
Port:(225.2, 20.0)(225.2, 71.5)(162.2, 71.5)(162.2, 20.0);GATE
Port:(214.5, 25.5)(220.7, 25.5)(220.7, 66.0)(214.5, 66.0);SD
Module:M3
Boundary:(126.7, 10.0)(126.7, 101.8)(10.0, 101.8)(10.0, 10.0);GATE
Port:(10.0, 24.5)(14.9, 24.5)(14.9, 87.3)(10.0, 87.3);SD
Port:(126.7, 10.0)(126.7, 101.8)(16.4, 101.8)(16.4, 10.0);GATE
Port:(115.6, 15.7)(122.0, 15.7)(122.0, 96.1)(115.6, 96.1);SD
Module:M15
Boundary:(454.3, 10.0)(454.3, 71.6)(454.2, 71.6)(454.2, 85.9)(255.2, 85.9)(255.2, 10.0);GATE
Port:(255.2, 22.8)(259.7, 22.8)(259.7, 73.1)(255.2, 73.1);SD
Port:(454.3, 10.0)(454.3, 71.6)(454.2, 71.6)(454.2, 85.9)(261.1, 85.9)(261.1, 10.0);GATE
Port:(443.2, 16.0)(449.3, 16.0)(449.3, 65.6)(443.2, 65.6);SD
Module:M12
Boundary:(196.8, 189.8)(196.8, 280.1)(10.0, 280.1)(10.0, 189.8);GATE
Port:(10.0, 202.6)(14.2, 202.6)(14.2, 267.3)(10.0, 267.3);SD
Port:(196.8, 189.8)(196.8, 280.1)(16.6, 280.1)(16.6, 189.8);GATE
Port:(185.6, 196.1)(191.5, 196.1)(191.5, 273.8)(185.6, 273.8);SD
Module:M8
Boundary:(486.7, 123.2)(573.6, 123.2)(573.6, 206.8)(486.7, 206.8);GATE
Port:(497.9, 202.3)(562.4, 202.3)(562.4, 206.8)(497.9, 206.8);SD
Port:(486.7, 123.2)(573.6, 123.2)(573.6, 200.3)(486.7, 200.3);GATE
Port:(492.1, 127.6)(568.2, 127.6)(568.2, 132.5)(492.1, 132.5);SD
Module:M4
Boundary:(448.2, 321.5)(448.2, 426.7)(278.6, 426.7)(278.6, 321.5);GATE
Port:(278.6, 335.3)(282.6, 335.3)(282.6, 412.9)(278.6, 412.9);SD
Port:(448.2, 321.5)(448.2, 426.7)(284.6, 426.7)(284.6, 321.5);GATE
Port:(436.7, 327.7)(443.0, 327.7)(443.0, 420.5)(436.7, 420.5);SD
