Area:(-30.0, -30.0)(716.1, -30.0)(716.1, 539.7)(-30.0, 539.7)
Rule:GATE(5,5);SD(5,5);GATE_SD(0.5);GATE_ITO(0.5);SD_ITO(0.5)
Module:M14
Boundary:(30.0, 370.1)(93.5, 370.1)(93.5, 484.8)(30.0, 484.8);GATE
Port:(43.8, 480.5)(79.7, 480.5)(79.7, 484.8)(43.8, 484.8);SD
Port:(30.0, 370.1)(93.5, 370.1)(93.5, 477.9)(30.0, 477.9);GATE
Port:(36.5, 375.6)(87.0, 375.6)(87.0, 381.9)(36.5, 381.9);SD
Module:M9
Boundary:(269.3, 309.2)(374.1, 309.2)(374.1, 499.7)(269.3, 499.7);GATE
Port:(282.9, 495.0)(360.5, 495.0)(360.5, 499.7)(282.9, 499.7);SD
Port:(269.3, 309.2)(374.1, 309.2)(374.1, 493.0)(269.3, 493.0);GATE
Port:(275.8, 314.7)(367.6, 314.7)(367.6, 320.5)(275.8, 320.5);SD
Module:M5
Boundary:(404.1, 319.2)(491.6, 319.2)(491.6, 474.7)(404.1, 474.7);GATE
Port:(418.1, 469.3)(477.6, 469.3)(477.6, 474.7)(418.1, 474.7);SD
Port:(404.1, 319.2)(491.6, 319.2)(491.6, 467.9)(404.1, 467.9);GATE
Port:(409.8, 323.9)(485.9, 323.9)(485.9, 330.5)(409.8, 330.5);SD
Module:M11
Boundary:(459.7, 222.4)(459.7, 273.4)(459.6, 273.4)(459.6, 289.2)(269.3, 289.2)(269.3, 222.4);GATE
Port:(269.3, 236.2)(275.2, 236.2)(275.2, 275.4)(269.3, 275.4);SD
Port:(459.7, 222.4)(459.7, 273.4)(459.6, 273.4)(459.6, 289.2)(277.6, 289.2)(277.6, 222.4);GATE
Port:(448.2, 228.5)(454.6, 228.5)(454.6, 267.3)(448.2, 267.3);SD
Module:M1
Boundary:(541.6, 294.4)(656.1, 294.4)(656.1, 482.1)(541.6, 482.1);GATE
Port:(555.0, 477.6)(642.7, 477.6)(642.7, 482.1)(555.0, 482.1);SD
Port:(541.6, 294.4)(656.1, 294.4)(656.1, 475.2)(541.6, 475.2);GATE
Port:(547.4, 299.2)(650.3, 299.2)(650.3, 306.1)(547.4, 306.1);SD
Module:M6
Boundary:(10.0, 254.1)(90.0, 254.1)(90.0, 330.1)(10.0, 330.1);GATE
Port:(24.0, 325.1)(76.0, 325.1)(76.0, 330.1)(24.0, 330.1);SD
Port:(10.0, 254.1)(90.0, 254.1)(90.0, 322.8)(10.0, 322.8);GATE
Port:(15.6, 258.7)(84.4, 258.7)(84.4, 266.0)(15.6, 266.0);SD
Module:M2
Boundary:(676.1, 20.0)(676.1, 120.4)(675.7, 120.4)(675.7, 137.2)(511.8, 137.2)(511.8, 20.0);GATE
Port:(511.8, 32.6)(516.1, 32.6)(516.1, 124.6)(511.8, 124.6);SD
Port:(676.1, 20.0)(676.1, 120.4)(675.7, 120.4)(675.7, 137.2)(517.7, 137.2)(517.7, 20.0);GATE
Port:(666.2, 25.8)(671.3, 25.8)(671.3, 114.6)(666.2, 114.6);SD
Module:M16
Boundary:(319.9, 10.0)(319.9, 70.8)(319.6, 70.8)(319.6, 85.4)(208.1, 85.4)(208.1, 10.0);GATE
Port:(208.1, 22.3)(212.3, 22.3)(212.3, 73.1)(208.1, 73.1);SD
Port:(319.9, 10.0)(319.9, 70.8)(319.6, 70.8)(319.6, 85.4)(214.4, 85.4)(214.4, 10.0);GATE
Port:(309.6, 16.6)(314.3, 16.6)(314.3, 64.2)(309.6, 64.2);SD
Module:M13
Boundary:(122.6, 158.3)(238.3, 158.3)(238.3, 279.9)(122.6, 279.9);GATE
Port:(135.2, 275.4)(225.7, 275.4)(225.7, 279.9)(135.2, 279.9);SD
Port:(122.6, 158.3)(238.3, 158.3)(238.3, 272.7)(122.6, 272.7);GATE
Port:(127.8, 162.5)(233.1, 162.5)(233.1, 168.4)(127.8, 168.4);SD
Module:M10
Boundary:(459.1, 113.8)(459.1, 188.4)(458.7, 188.4)(458.7, 202.4)(258.3, 202.4)(258.3, 113.8);GATE
Port:(258.3, 127.0)(263.5, 127.0)(263.5, 189.2)(258.3, 189.2);SD
Port:(459.1, 113.8)(459.1, 188.4)(458.7, 188.4)(458.7, 202.4)(266.4, 202.4)(266.4, 113.8);GATE
Port:(447.9, 120.5)(453.4, 120.5)(453.4, 181.7)(447.9, 181.7);SD
Module:M7
Boundary:(238.9, 406.0)(238.9, 489.2)(143.5, 489.2)(143.5, 406.0);GATE
Port:(143.5, 418.1)(148.0, 418.1)(148.0, 477.1)(143.5, 477.1);SD
Port:(238.9, 406.0)(238.9, 489.2)(150.3, 489.2)(150.3, 406.0);GATE
Port:(228.3, 412.5)(233.4, 412.5)(233.4, 482.7)(228.3, 482.7);SD
Module:M3
Boundary:(249.3, 299.9)(249.3, 376.0)(133.5, 376.0)(133.5, 299.9);GATE
Port:(133.5, 313.3)(138.7, 313.3)(138.7, 362.6)(133.5, 362.6);SD
Port:(249.3, 299.9)(249.3, 376.0)(141.6, 376.0)(141.6, 299.9);GATE
Port:(237.6, 305.9)(244.3, 305.9)(244.3, 370.0)(237.6, 370.0);SD
Module:M15
Boundary:(10.0, 10.0)(102.6, 10.0)(102.6, 234.1)(10.0, 234.1);GATE
Port:(23.5, 229.0)(89.1, 229.0)(89.1, 234.1)(23.5, 234.1);SD
Port:(10.0, 10.0)(102.6, 10.0)(102.6, 227.7)(10.0, 227.7);GATE
Port:(15.0, 14.0)(97.6, 14.0)(97.6, 21.7)(15.0, 21.7);SD
Module:M12
Boundary:(122.6, 10.0)(188.1, 10.0)(188.1, 138.3)(122.6, 138.3);GATE
Port:(136.9, 133.4)(173.8, 133.4)(173.8, 138.3)(136.9, 138.3);SD
Port:(122.6, 10.0)(188.1, 10.0)(188.1, 131.7)(122.6, 131.7);GATE
Port:(129.5, 15.9)(181.2, 15.9)(181.2, 21.7)(129.5, 21.7);SD
Module:M8
Boundary:(668.6, 177.2)(668.6, 228.6)(668.5, 228.6)(668.5, 244.4)(489.7, 244.4)(489.7, 177.2);GATE
Port:(489.7, 191.8)(494.0, 191.8)(494.0, 229.8)(489.7, 229.8);SD
Port:(668.6, 177.2)(668.6, 228.6)(668.5, 228.6)(668.5, 244.4)(496.3, 244.4)(496.3, 177.2);GATE
Port:(656.7, 183.9)(662.9, 183.9)(662.9, 221.9)(656.7, 221.9);SD
Module:M4
Boundary:(471.8, 20.0)(471.8, 67.6)(471.6, 67.6)(471.6, 83.8)(349.9, 83.8)(349.9, 20.0);GATE
Port:(349.9, 31.9)(354.7, 31.9)(354.7, 71.9)(349.9, 71.9);SD
Port:(471.8, 20.0)(471.8, 67.6)(471.6, 67.6)(471.6, 83.8)(355.9, 83.8)(355.9, 20.0);GATE
Port:(462.2, 25.1)(467.7, 25.1)(467.7, 62.5)(462.2, 62.5);SD
