Area:(-30.0, -30.0)(475.4, -30.0)(475.4, 907.8)(-30.0, 907.8)
Rule:GATE(5,5);SD(5,5);GATE_SD(0.5);GATE_ITO(0.5);SD_ITO(0.5)
Module:M14
Boundary:(166.0, 186.7)(274.9, 186.7)(274.9, 378.5)(166.0, 378.5);GATE
Port:(179.8, 373.6)(261.1, 373.6)(261.1, 378.5)(179.8, 378.5);SD
Port:(166.0, 186.7)(274.9, 186.7)(274.9, 371.6)(166.0, 371.6);GATE
Port:(173.0, 192.7)(267.9, 192.7)(267.9, 199.0)(173.0, 199.0);SD
Module:M9
Boundary:(423.1, 657.2)(423.1, 711.8)(422.8, 711.8)(422.8, 729.5)(275.4, 729.5)(275.4, 657.2);GATE
Port:(275.4, 671.7)(279.8, 671.7)(279.8, 715.0)(275.4, 715.0);SD
Port:(423.1, 657.2)(423.1, 711.8)(422.8, 711.8)(422.8, 729.5)(282.2, 729.5)(282.2, 657.2);GATE
Port:(412.0, 663.4)(417.9, 663.4)(417.9, 705.6)(412.0, 705.6);SD
Module:M5
Boundary:(226.6, 751.5)(226.6, 852.6)(20.0, 852.6)(20.0, 751.5);GATE
Port:(20.0, 763.8)(25.8, 763.8)(25.8, 840.3)(20.0, 840.3);SD
Port:(226.6, 751.5)(226.6, 852.6)(27.1, 852.6)(27.1, 751.5);GATE
Port:(216.1, 756.7)(222.4, 756.7)(222.4, 847.4)(216.1, 847.4);SD
Module:M11
Boundary:(346.3, 442.2)(418.0, 442.2)(418.0, 442.6)(435.4, 442.6)(435.4, 637.2)(346.3, 637.2);GATE
Port:(361.1, 631.7)(420.6, 631.7)(420.6, 637.2)(361.1, 637.2);SD
Port:(346.3, 442.2)(418.0, 442.2)(418.0, 442.6)(435.4, 442.6)(435.4, 630.3)(346.3, 630.3);GATE
Port:(353.1, 448.0)(411.2, 448.0)(411.2, 453.7)(353.1, 453.7);SD
Module:M1
Boundary:(235.4, 657.2)(235.4, 701.5)(30.0, 701.5)(30.0, 657.2);GATE
Port:(30.0, 669.3)(34.3, 669.3)(34.3, 689.4)(30.0, 689.4);SD
Port:(235.4, 657.2)(235.4, 701.5)(35.4, 701.5)(35.4, 657.2);GATE
Port:(225.1, 663.1)(230.5, 663.1)(230.5, 695.6)(225.1, 695.6);SD
Module:M6
Boundary:(420.4, 337.5)(420.4, 422.2)(320.6, 422.2)(320.6, 337.5);GATE
Port:(320.6, 351.0)(326.6, 351.0)(326.6, 408.7)(320.6, 408.7);SD
Port:(420.4, 337.5)(420.4, 422.2)(328.6, 422.2)(328.6, 337.5);GATE
Port:(409.7, 343.8)(415.1, 343.8)(415.1, 415.9)(409.7, 415.9);SD
Module:M2
Boundary:(425.8, 254.7)(425.8, 289.5)(425.7, 289.5)(425.7, 307.5)(324.9, 307.5)(324.9, 254.7);GATE
Port:(324.9, 268.5)(329.9, 268.5)(329.9, 293.7)(324.9, 293.7);SD
Port:(425.8, 254.7)(425.8, 289.5)(425.7, 289.5)(425.7, 307.5)(330.9, 307.5)(330.9, 254.7);GATE
Port:(415.3, 260.3)(421.2, 260.3)(421.2, 283.9)(415.3, 283.9);SD
Module:M16
Boundary:(326.3, 531.9)(326.3, 617.2)(255.3, 617.2)(255.3, 531.9);GATE
Port:(255.3, 545.4)(260.2, 545.4)(260.2, 603.7)(255.3, 603.7);SD
Port:(326.3, 531.9)(326.3, 617.2)(263.0, 617.2)(263.0, 531.9);GATE
Port:(315.6, 537.9)(321.3, 537.9)(321.3, 611.2)(315.6, 611.2);SD
Module:M13
Boundary:(212.2, 10.0)(317.2, 10.0)(317.2, 146.7)(212.2, 146.7);GATE
Port:(226.7, 142.6)(302.7, 142.6)(302.7, 146.7)(226.7, 146.7);SD
Port:(212.2, 10.0)(317.2, 10.0)(317.2, 141.3)(212.2, 141.3);GATE
Port:(219.0, 15.8)(310.4, 15.8)(310.4, 21.7)(219.0, 21.7);SD
Module:M10
Boundary:(337.2, 10.0)(424.7, 10.0)(424.7, 224.7)(337.2, 224.7);GATE
Port:(349.3, 218.9)(412.6, 218.9)(412.6, 224.7)(349.3, 224.7);SD
Port:(337.2, 10.0)(424.7, 10.0)(424.7, 217.7)(337.2, 217.7);GATE
Port:(343.1, 14.9)(418.8, 14.9)(418.8, 19.8)(343.1, 19.8);SD
Module:M7
Boundary:(20.0, 132.0)(100.4, 132.0)(100.4, 132.4)(116.0, 132.4)(116.0, 302.8)(20.0, 302.8);GATE
Port:(33.1, 298.1)(102.9, 298.1)(102.9, 302.8)(33.1, 302.8);SD
Port:(20.0, 132.0)(100.4, 132.0)(100.4, 132.4)(116.0, 132.4)(116.0, 295.6)(20.0, 295.6);GATE
Port:(25.5, 136.5)(94.9, 136.5)(94.9, 143.0)(25.5, 143.0);SD
Module:M3
Boundary:(300.6, 418.5)(300.6, 497.0)(300.4, 497.0)(300.4, 511.9)(99.3, 511.9)(99.3, 418.5);GATE
Port:(99.3, 431.9)(104.4, 431.9)(104.4, 498.5)(99.3, 498.5);SD
Port:(300.6, 418.5)(300.6, 497.0)(300.4, 497.0)(300.4, 511.9)(105.7, 511.9)(105.7, 418.5);GATE
Port:(289.4, 425.3)(294.8, 425.3)(294.8, 490.2)(289.4, 490.2);SD
Module:M15
Boundary:(192.2, 10.0)(192.2, 87.0)(192.1, 87.0)(192.1, 102.0)(10.0, 102.0)(10.0, 10.0);GATE
Port:(10.0, 23.0)(14.2, 23.0)(14.2, 89.0)(10.0, 89.0);SD
Port:(192.2, 10.0)(192.2, 87.0)(192.1, 87.0)(192.1, 102.0)(16.5, 102.0)(16.5, 10.0);GATE
Port:(181.5, 15.1)(188.1, 15.1)(188.1, 81.9)(181.5, 81.9);SD
Module:M12
Boundary:(410.5, 749.5)(410.5, 852.2)(332.6, 852.2)(332.6, 867.8)(256.6, 867.8)(256.6, 749.5);GATE
Port:(256.6, 763.3)(260.7, 763.3)(260.7, 854.0)(256.6, 854.0);SD
Port:(410.5, 749.5)(410.5, 852.2)(332.6, 852.2)(332.6, 867.8)(261.9, 867.8)(261.9, 749.5);GATE
Port:(399.0, 756.3)(404.7, 756.3)(404.7, 844.4)(399.0, 844.4);SD
Module:M8
Boundary:(225.3, 545.1)(225.3, 603.7)(20.0, 603.7)(20.0, 545.1);GATE
Port:(20.0, 556.7)(24.2, 556.7)(24.2, 592.1)(20.0, 592.1);SD
Port:(225.3, 545.1)(225.3, 603.7)(26.1, 603.7)(26.1, 545.1);GATE
Port:(215.4, 550.5)(220.9, 550.5)(220.9, 598.3)(215.4, 598.3);SD
Module:M4
Boundary:(20.0, 342.8)(69.3, 342.8)(69.3, 505.1)(20.0, 505.1);GATE
Port:(33.9, 500.4)(55.4, 500.4)(55.4, 505.1)(33.9, 505.1);SD
Port:(20.0, 342.8)(69.3, 342.8)(69.3, 498.4)(20.0, 498.4);GATE
Port:(26.9, 348.7)(62.4, 348.7)(62.4, 354.2)(26.9, 354.2);SD
