Area:(-30.0, -30.0)(824.0, -30.0)(824.0, 407.2)(-30.0, 407.2)
Rule:GATE(5,5);SD(5,5);GATE_SD(0.5);GATE_ITO(0.5);SD_ITO(0.5)
Module:M14
Boundary:(659.5, 140.5)(659.5, 255.7)(491.8, 255.7)(491.8, 140.5);GATE
Port:(491.8, 155.0)(497.0, 155.0)(497.0, 241.2)(491.8, 241.2);SD
Port:(659.5, 140.5)(659.5, 255.7)(498.6, 255.7)(498.6, 140.5);GATE
Port:(647.4, 145.9)(655.1, 145.9)(655.1, 250.3)(647.4, 250.3);SD
Module:M9
Boundary:(343.6, 265.7)(424.1, 265.7)(424.1, 265.9)(439.3, 265.9)(439.3, 367.2)(343.6, 367.2);GATE
Port:(357.1, 361.7)(425.8, 361.7)(425.8, 367.2)(357.1, 367.2);SD
Port:(343.6, 265.7)(424.1, 265.7)(424.1, 265.9)(439.3, 265.9)(439.3, 358.8)(343.6, 358.8);GATE
Port:(350.3, 271.4)(417.4, 271.4)(417.4, 277.1)(350.3, 277.1);SD
Module:M5
Boundary:(592.5, 305.7)(592.5, 339.4)(592.5, 339.4)(592.5, 355.0)(475.0, 355.0)(475.0, 305.7);GATE
Port:(475.0, 319.4)(479.7, 319.4)(479.7, 341.3)(475.0, 341.3);SD
Port:(592.5, 305.7)(592.5, 339.4)(592.5, 339.4)(592.5, 355.0)(481.0, 355.0)(481.0, 305.7);GATE
Port:(581.5, 312.5)(586.7, 312.5)(586.7, 332.6)(581.5, 332.6);SD
Module:M11
Boundary:(323.6, 265.7)(323.6, 356.5)(244.4, 356.5)(244.4, 265.7);GATE
Port:(244.4, 276.1)(248.5, 276.1)(248.5, 346.1)(244.4, 346.1);SD
Port:(323.6, 265.7)(323.6, 356.5)(250.9, 356.5)(250.9, 265.7);GATE
Port:(314.8, 270.7)(319.6, 270.7)(319.6, 351.5)(314.8, 351.5);SD
Module:M1
Boundary:(662.2, 30.0)(662.2, 80.5)(491.8, 80.5)(491.8, 30.0);GATE
Port:(491.8, 44.2)(497.5, 44.2)(497.5, 66.3)(491.8, 66.3);SD
Port:(662.2, 30.0)(662.2, 80.5)(499.9, 80.5)(499.9, 30.0);GATE
Port:(650.8, 36.1)(657.1, 36.1)(657.1, 74.4)(650.8, 74.4);SD
Module:M6
Boundary:(702.2, 10.0)(767.9, 10.0)(767.9, 10.0)(784.0, 10.0)(784.0, 146.4)(702.2, 146.4);GATE
Port:(715.5, 142.3)(770.7, 142.3)(770.7, 146.4)(715.5, 146.4);SD
Port:(702.2, 10.0)(767.9, 10.0)(767.9, 10.0)(784.0, 10.0)(784.0, 141.0)(702.2, 141.0);GATE
Port:(707.5, 14.3)(762.6, 14.3)(762.6, 21.0)(707.5, 21.0);SD
Module:M2
Boundary:(210.7, 274.7)(210.7, 357.7)(20.0, 357.7)(20.0, 274.7);GATE
Port:(20.0, 288.8)(25.1, 288.8)(25.1, 343.6)(20.0, 343.6);SD
Port:(210.7, 274.7)(210.7, 357.7)(26.4, 357.7)(26.4, 274.7);GATE
Port:(199.0, 281.5)(204.9, 281.5)(204.9, 350.9)(199.0, 350.9);SD
Module:M16
Boundary:(752.1, 295.7)(752.1, 349.2)(751.9, 349.2)(751.9, 366.7)(622.5, 366.7)(622.5, 295.7);GATE
Port:(622.5, 310.1)(627.9, 310.1)(627.9, 352.3)(622.5, 352.3);SD
Port:(752.1, 295.7)(752.1, 349.2)(751.9, 349.2)(751.9, 366.7)(630.4, 366.7)(630.4, 295.7);GATE
Port:(740.6, 301.7)(747.1, 301.7)(747.1, 343.2)(740.6, 343.2);SD
Module:M13
Boundary:(223.1, 137.1)(223.1, 244.7)(10.0, 244.7)(10.0, 137.1);GATE
Port:(10.0, 149.5)(14.6, 149.5)(14.6, 232.3)(10.0, 232.3);SD
Port:(223.1, 137.1)(223.1, 244.7)(16.5, 244.7)(16.5, 137.1);GATE
Port:(212.7, 142.8)(218.4, 142.8)(218.4, 239.0)(212.7, 239.0);SD
Module:M10
Boundary:(783.0, 166.4)(783.0, 254.9)(699.5, 254.9)(699.5, 166.4);GATE
Port:(699.5, 181.1)(704.3, 181.1)(704.3, 240.2)(699.5, 240.2);SD
Port:(783.0, 166.4)(783.0, 254.9)(707.1, 254.9)(707.1, 166.4);GATE
Port:(770.7, 172.4)(778.0, 172.4)(778.0, 248.9)(770.7, 248.9);SD
Module:M7
Boundary:(214.4, 20.0)(214.4, 85.9)(214.2, 85.9)(214.2, 102.7)(117.5, 102.7)(117.5, 20.0);GATE
Port:(117.5, 33.1)(123.1, 33.1)(123.1, 89.6)(117.5, 89.6);SD
Port:(214.4, 20.0)(214.4, 85.9)(214.2, 85.9)(214.2, 102.7)(124.6, 102.7)(124.6, 20.0);GATE
Port:(204.6, 25.4)(210.0, 25.4)(210.0, 80.5)(204.6, 80.5);SD
Module:M3
Boundary:(316.7, 141.1)(316.7, 244.2)(244.4, 244.2)(244.4, 141.1);GATE
Port:(244.4, 152.6)(250.2, 152.6)(250.2, 232.7)(244.4, 232.7);SD
Port:(316.7, 141.1)(316.7, 244.2)(251.6, 244.2)(251.6, 141.1);GATE
Port:(307.3, 146.9)(311.9, 146.9)(311.9, 238.4)(307.3, 238.4);SD
Module:M15
Boundary:(10.0, 10.0)(72.9, 10.0)(72.9, 10.3)(87.5, 10.3)(87.5, 117.1)(10.0, 117.1);GATE
Port:(23.5, 112.3)(74.0, 112.3)(74.0, 117.1)(23.5, 117.1);SD
Port:(10.0, 10.0)(72.9, 10.0)(72.9, 10.3)(87.5, 10.3)(87.5, 109.7)(10.0, 109.7);GATE
Port:(16.8, 15.8)(66.1, 15.8)(66.1, 21.8)(16.8, 21.8);SD
Module:M12
Boundary:(244.4, 10.0)(314.4, 10.0)(314.4, 10.1)(331.3, 10.1)(331.3, 121.1)(244.4, 121.1);GATE
Port:(259.5, 115.9)(316.2, 115.9)(316.2, 121.1)(259.5, 121.1);SD
Port:(244.4, 10.0)(314.4, 10.0)(314.4, 10.1)(331.3, 10.1)(331.3, 114.0)(244.4, 114.0);GATE
Port:(250.7, 15.3)(308.1, 15.3)(308.1, 22.0)(250.7, 22.0);SD
Module:M8
Boundary:(361.3, 20.0)(441.8, 20.0)(441.8, 128.7)(361.3, 128.7);GATE
Port:(371.6, 122.9)(431.5, 122.9)(431.5, 128.7)(371.6, 128.7);SD
Port:(361.3, 20.0)(441.8, 20.0)(441.8, 119.9)(361.3, 119.9);GATE
Port:(366.6, 24.3)(436.5, 24.3)(436.5, 28.6)(366.6, 28.6);SD
Module:M4
Boundary:(435.0, 168.7)(435.0, 219.6)(434.8, 219.6)(434.8, 235.7)(346.7, 235.7)(346.7, 168.7);GATE
Port:(346.7, 182.5)(350.7, 182.5)(350.7, 221.9)(346.7, 221.9);SD
Port:(435.0, 168.7)(435.0, 219.6)(434.8, 219.6)(434.8, 235.7)(352.3, 235.7)(352.3, 168.7);GATE
Port:(423.2, 173.7)(431.0, 173.7)(431.0, 214.6)(423.2, 214.6);SD
