Area:(-30.0, -30.0)(860.2, -30.0)(860.2, 446.3)(-30.0, 446.3)
Rule:GATE(5,5);SD(5,5);GATE_SD(0.5);GATE_ITO(0.5);SD_ITO(0.5)
Module:M14
Boundary:(544.0, 30.0)(544.0, 93.8)(395.8, 93.8)(395.8, 30.0);GATE
Port:(395.8, 42.7)(400.3, 42.7)(400.3, 81.1)(395.8, 81.1);SD
Port:(544.0, 30.0)(544.0, 93.8)(402.9, 93.8)(402.9, 30.0);GATE
Port:(533.6, 35.0)(540.0, 35.0)(540.0, 88.8)(533.6, 88.8);SD
Module:M9
Boundary:(559.5, 227.0)(666.3, 227.0)(666.3, 302.6)(559.5, 302.6);GATE
Port:(572.4, 298.0)(653.4, 298.0)(653.4, 302.6)(572.4, 302.6);SD
Port:(559.5, 227.0)(666.3, 227.0)(666.3, 296.7)(559.5, 296.7);GATE
Port:(564.9, 231.4)(660.9, 231.4)(660.9, 237.5)(564.9, 237.5);SD
Module:M5
Boundary:(131.1, 195.3)(131.1, 233.0)(130.9, 233.0)(130.9, 250.7)(20.0, 250.7)(20.0, 195.3);GATE
Port:(20.0, 210.3)(25.7, 210.3)(25.7, 235.7)(20.0, 235.7);SD
Port:(131.1, 195.3)(131.1, 233.0)(130.9, 233.0)(130.9, 250.7)(28.0, 250.7)(28.0, 195.3);GATE
Port:(118.8, 201.0)(126.4, 201.0)(126.4, 227.3)(118.8, 227.3);SD
Module:M11
Boundary:(270.1, 119.9)(337.0, 119.9)(337.0, 120.0)(353.0, 120.0)(353.0, 228.3)(270.1, 228.3);GATE
Port:(283.6, 223.1)(339.5, 223.1)(339.5, 228.3)(283.6, 228.3);SD
Port:(270.1, 119.9)(337.0, 119.9)(337.0, 120.0)(353.0, 120.0)(353.0, 221.8)(270.1, 221.8);GATE
Port:(277.0, 125.8)(330.1, 125.8)(330.1, 131.4)(277.0, 131.4);SD
Module:M1
Boundary:(393.0, 153.8)(519.5, 153.8)(519.5, 267.6)(393.0, 267.6);GATE
Port:(405.8, 263.4)(506.7, 263.4)(506.7, 267.6)(405.8, 267.6);SD
Port:(393.0, 153.8)(519.5, 153.8)(519.5, 262.4)(393.0, 262.4);GATE
Port:(398.0, 157.8)(514.5, 157.8)(514.5, 163.4)(398.0, 163.4);SD
Module:M6
Boundary:(690.8, 322.6)(690.8, 369.1)(690.6, 369.1)(690.6, 383.8)(498.9, 383.8)(498.9, 322.6);GATE
Port:(498.9, 335.0)(504.2, 335.0)(504.2, 371.4)(498.9, 371.4);SD
Port:(690.8, 322.6)(690.8, 369.1)(690.6, 369.1)(690.6, 383.8)(506.7, 383.8)(506.7, 322.6);GATE
Port:(680.5, 327.7)(686.7, 327.7)(686.7, 364.0)(680.5, 364.0);SD
Module:M2
Boundary:(129.0, 290.7)(129.0, 381.4)(128.4, 381.4)(128.4, 399.5)(20.0, 399.5)(20.0, 290.7);GATE
Port:(20.0, 305.4)(25.2, 305.4)(25.2, 384.8)(20.0, 384.8);SD
Port:(129.0, 290.7)(129.0, 381.4)(128.4, 381.4)(128.4, 399.5)(27.3, 399.5)(27.3, 290.7);GATE
Port:(117.7, 296.1)(124.6, 296.1)(124.6, 376.0)(117.7, 376.0);SD
Module:M16
Boundary:(584.0, 127.4)(669.3, 127.4)(669.3, 127.5)(686.6, 127.5)(686.6, 207.0)(584.0, 207.0);GATE
Port:(597.2, 202.0)(673.4, 202.0)(673.4, 207.0)(597.2, 207.0);SD
Port:(584.0, 127.4)(669.3, 127.4)(669.3, 127.5)(686.6, 127.5)(686.6, 200.4)(584.0, 200.4);GATE
Port:(589.9, 132.3)(663.4, 132.3)(663.4, 137.1)(589.9, 137.1);SD
Module:M13
Boundary:(10.0, 10.0)(136.3, 10.0)(136.3, 165.3)(10.0, 165.3);GATE
Port:(25.5, 161.1)(120.8, 161.1)(120.8, 165.3)(25.5, 165.3);SD
Port:(10.0, 10.0)(136.3, 10.0)(136.3, 159.1)(10.0, 159.1);GATE
Port:(16.3, 15.3)(130.0, 15.3)(130.0, 23.0)(16.3, 23.0);SD
Module:M10
Boundary:(761.0, 10.0)(807.6, 10.0)(807.6, 142.6)(761.0, 142.6);GATE
Port:(772.8, 136.8)(795.8, 136.8)(795.8, 142.6)(772.8, 142.6);SD
Port:(761.0, 10.0)(807.6, 10.0)(807.6, 134.9)(761.0, 134.9);GATE
Port:(766.1, 14.1)(802.5, 14.1)(802.5, 19.3)(766.1, 19.3);SD
Module:M7
Boundary:(720.8, 172.6)(820.2, 172.6)(820.2, 358.0)(720.8, 358.0);GATE
Port:(733.3, 352.0)(807.7, 352.0)(807.7, 358.0)(733.3, 358.0);SD
Port:(720.8, 172.6)(820.2, 172.6)(820.2, 350.1)(720.8, 350.1);GATE
Port:(727.2, 178.0)(813.8, 178.0)(813.8, 183.2)(727.2, 183.2);SD
Module:M3
Boundary:(478.9, 307.6)(478.9, 386.7)(478.8, 386.7)(478.8, 406.3)(318.1, 406.3)(318.1, 307.6);GATE
Port:(318.1, 323.7)(323.5, 323.7)(323.5, 390.2)(318.1, 390.2);SD
Port:(478.9, 307.6)(478.9, 386.7)(478.8, 386.7)(478.8, 406.3)(325.6, 406.3)(325.6, 307.6);GATE
Port:(466.3, 313.8)(473.7, 313.8)(473.7, 380.5)(466.3, 380.5);SD
Module:M15
Boundary:(355.8, 10.0)(355.8, 85.1)(355.7, 85.1)(355.7, 99.9)(156.3, 99.9)(156.3, 10.0);GATE
Port:(156.3, 21.5)(161.2, 21.5)(161.2, 88.4)(156.3, 88.4);SD
Port:(355.8, 10.0)(355.8, 85.1)(355.7, 85.1)(355.7, 99.9)(162.7, 99.9)(162.7, 10.0);GATE
Port:(346.0, 15.3)(351.5, 15.3)(351.5, 79.8)(346.0, 79.8);SD
Module:M12
Boundary:(741.0, 10.0)(741.0, 107.4)(584.0, 107.4)(584.0, 10.0);GATE
Port:(584.0, 21.9)(588.7, 21.9)(588.7, 95.5)(584.0, 95.5);SD
Port:(741.0, 10.0)(741.0, 107.4)(590.5, 107.4)(590.5, 10.0);GATE
Port:(731.9, 15.3)(736.7, 15.3)(736.7, 102.1)(731.9, 102.1);SD
Module:M8
Boundary:(288.1, 302.8)(288.1, 372.0)(287.9, 372.0)(287.9, 387.9)(171.1, 387.9)(171.1, 302.8);GATE
Port:(171.1, 317.6)(175.4, 317.6)(175.4, 373.1)(171.1, 373.1);SD
Port:(288.1, 302.8)(288.1, 372.0)(287.9, 372.0)(287.9, 387.9)(176.6, 387.9)(176.6, 302.8);GATE
Port:(275.0, 309.8)(282.1, 309.8)(282.1, 365.0)(275.0, 365.0);SD
Module:M4
Boundary:(171.1, 129.9)(223.6, 129.9)(223.6, 130.1)(240.1, 130.1)(240.1, 262.8)(171.1, 262.8);GATE
Port:(185.7, 258.7)(225.5, 258.7)(225.5, 262.8)(185.7, 262.8);SD
Port:(171.1, 129.9)(223.6, 129.9)(223.6, 130.1)(240.1, 130.1)(240.1, 257.6)(171.1, 257.6);GATE
Port:(177.7, 135.5)(217.0, 135.5)(217.0, 141.2)(177.7, 141.2);SD
