Area:(-30.0, -30.0)(483.5, -30.0)(483.5, 781.1)(-30.0, 781.1)
Rule:GATE(5,5);SD(5,5);GATE_SD(0.5);GATE_ITO(0.5);SD_ITO(0.5)
Module:M14
Boundary:(231.0, 426.7)(231.0, 489.9)(134.8, 489.9)(134.8, 426.7);GATE
Port:(134.8, 440.4)(140.5, 440.4)(140.5, 476.2)(134.8, 476.2);SD
Port:(231.0, 426.7)(231.0, 489.9)(142.1, 489.9)(142.1, 426.7);GATE
Port:(219.6, 433.6)(225.1, 433.6)(225.1, 483.0)(219.6, 483.0);SD
Module:M9
Boundary:(212.2, 532.5)(324.8, 532.5)(324.8, 740.3)(212.2, 740.3);GATE
Port:(226.3, 735.1)(310.7, 735.1)(310.7, 740.3)(226.3, 740.3);SD
Port:(212.2, 532.5)(324.8, 532.5)(324.8, 733.3)(212.2, 733.3);GATE
Port:(217.8, 537.1)(319.2, 537.1)(319.2, 543.9)(217.8, 543.9);SD
Module:M5
Boundary:(118.0, 152.9)(118.0, 242.5)(20.0, 242.5)(20.0, 152.9);GATE
Port:(20.0, 164.0)(25.9, 164.0)(25.9, 231.4)(20.0, 231.4);SD
Port:(118.0, 152.9)(118.0, 242.5)(27.7, 242.5)(27.7, 152.9);GATE
Port:(108.8, 158.2)(113.7, 158.2)(113.7, 237.2)(108.8, 237.2);SD
Module:M11
Boundary:(163.8, 541.4)(163.8, 596.9)(163.5, 596.9)(163.5, 614.8)(10.0, 614.8)(10.0, 541.4);GATE
Port:(10.0, 556.4)(15.3, 556.4)(15.3, 599.8)(10.0, 599.8);SD
Port:(163.8, 541.4)(163.8, 596.9)(163.5, 596.9)(163.5, 614.8)(17.4, 614.8)(17.4, 541.4);GATE
Port:(152.0, 547.6)(158.6, 547.6)(158.6, 590.7)(152.0, 590.7);SD
Module:M1
Boundary:(430.5, 323.1)(430.5, 357.3)(430.4, 357.3)(430.4, 373.8)(312.7, 373.8)(312.7, 323.1);GATE
Port:(312.7, 336.5)(317.3, 336.5)(317.3, 360.4)(312.7, 360.4);SD
Port:(430.5, 323.1)(430.5, 357.3)(430.4, 357.3)(430.4, 373.8)(318.7, 373.8)(318.7, 323.1);GATE
Port:(419.8, 329.5)(425.1, 329.5)(425.1, 350.9)(419.8, 350.9);SD
Module:M6
Boundary:(344.8, 532.5)(438.9, 532.5)(438.9, 738.8)(344.8, 738.8);GATE
Port:(357.3, 733.1)(426.4, 733.1)(426.4, 738.8)(357.3, 738.8);SD
Port:(344.8, 532.5)(438.9, 532.5)(438.9, 732.0)(344.8, 732.0);GATE
Port:(350.3, 537.0)(433.4, 537.0)(433.4, 542.9)(350.3, 542.9);SD
Module:M2
Boundary:(121.2, 20.0)(121.2, 112.9)(20.0, 112.9)(20.0, 20.0);GATE
Port:(20.0, 32.4)(25.8, 32.4)(25.8, 100.5)(20.0, 100.5);SD
Port:(121.2, 20.0)(121.2, 112.9)(27.6, 112.9)(27.6, 20.0);GATE
Port:(111.9, 26.1)(116.1, 26.1)(116.1, 106.8)(111.9, 106.8);SD
Module:M16
Boundary:(292.7, 142.5)(340.2, 142.5)(340.2, 283.1)(292.7, 283.1);GATE
Port:(305.0, 278.8)(327.9, 278.8)(327.9, 283.1)(305.0, 283.1);SD
Port:(292.7, 142.5)(340.2, 142.5)(340.2, 277.6)(292.7, 277.6);GATE
Port:(298.1, 146.9)(334.8, 146.9)(334.8, 152.2)(298.1, 152.2);SD
Module:M13
Boundary:(186.4, 194.1)(272.7, 194.1)(272.7, 386.7)(186.4, 386.7);GATE
Port:(198.4, 381.6)(260.7, 381.6)(260.7, 386.7)(198.4, 386.7);SD
Port:(186.4, 194.1)(272.7, 194.1)(272.7, 379.6)(186.4, 379.6);GATE
Port:(191.6, 198.3)(267.5, 198.3)(267.5, 204.1)(191.6, 204.1);SD
Module:M10
Boundary:(440.1, 413.8)(440.1, 496.9)(440.0, 496.9)(440.0, 512.5)(271.0, 512.5)(271.0, 413.8);GATE
Port:(271.0, 428.1)(276.6, 428.1)(276.6, 498.2)(271.0, 498.2);SD
Port:(440.1, 413.8)(440.1, 496.9)(440.0, 496.9)(440.0, 512.5)(278.9, 512.5)(278.9, 413.8);GATE
Port:(427.7, 420.3)(434.6, 420.3)(434.6, 490.4)(427.7, 490.4);SD
Module:M7
Boundary:(20.0, 414.7)(69.5, 414.7)(69.5, 415.0)(84.8, 415.0)(84.8, 511.4)(20.0, 511.4);GATE
Port:(34.1, 507.2)(70.7, 507.2)(70.7, 511.4)(34.1, 511.4);SD
Port:(20.0, 414.7)(69.5, 414.7)(69.5, 415.0)(84.8, 415.0)(84.8, 505.7)(20.0, 505.7);GATE
Port:(26.4, 420.1)(63.1, 420.1)(63.1, 425.8)(26.4, 425.8);SD
Module:M3
Boundary:(151.2, 10.0)(264.3, 10.0)(264.3, 174.1)(151.2, 174.1);GATE
Port:(165.7, 169.0)(249.8, 169.0)(249.8, 174.1)(165.7, 174.1);SD
Port:(151.2, 10.0)(264.3, 10.0)(264.3, 166.5)(151.2, 166.5);GATE
Port:(158.2, 16.0)(257.3, 16.0)(257.3, 22.3)(158.2, 22.3);SD
Module:M15
Boundary:(192.2, 634.8)(192.2, 741.1)(10.0, 741.1)(10.0, 634.8);GATE
Port:(10.0, 647.8)(14.6, 647.8)(14.6, 728.1)(10.0, 728.1);SD
Port:(192.2, 634.8)(192.2, 741.1)(17.4, 741.1)(17.4, 634.8);GATE
Port:(181.8, 640.2)(187.8, 640.2)(187.8, 735.7)(181.8, 735.7);SD
Module:M12
Boundary:(360.2, 142.5)(406.4, 142.5)(406.4, 142.5)(420.8, 142.5)(420.8, 259.5)(360.2, 259.5);GATE
Port:(372.7, 253.8)(408.3, 253.8)(408.3, 259.5)(372.7, 259.5);SD
Port:(360.2, 142.5)(406.4, 142.5)(406.4, 142.5)(420.8, 142.5)(420.8, 251.7)(360.2, 251.7);GATE
Port:(366.0, 147.3)(400.6, 147.3)(400.6, 153.3)(366.0, 153.3);SD
Module:M8
Boundary:(443.5, 20.0)(443.5, 112.5)(294.3, 112.5)(294.3, 20.0);GATE
Port:(294.3, 35.4)(299.7, 35.4)(299.7, 97.1)(294.3, 97.1);SD
Port:(443.5, 20.0)(443.5, 112.5)(301.0, 112.5)(301.0, 20.0);GATE
Port:(431.2, 26.9)(437.6, 26.9)(437.6, 105.6)(431.2, 105.6);SD
Module:M4
Boundary:(156.4, 282.5)(156.4, 374.7)(20.0, 374.7)(20.0, 282.5);GATE
Port:(20.0, 297.0)(24.4, 297.0)(24.4, 360.2)(20.0, 360.2);SD
Port:(156.4, 282.5)(156.4, 374.7)(26.3, 374.7)(26.3, 282.5);GATE
Port:(145.3, 287.9)(152.0, 287.9)(152.0, 369.3)(145.3, 369.3);SD
