Area:(-30.0, -30.0)(943.4, -30.0)(943.4, 476.6)(-30.0, 476.6)
Rule:GATE(5,5);SD(5,5);GATE_SD(0.5);GATE_ITO(0.5);SD_ITO(0.5)
Module:M14
Boundary:(215.8, 30.0)(316.3, 30.0)(316.3, 30.5)(332.6, 30.5)(332.6, 219.1)(215.8, 219.1);GATE
Port:(229.8, 213.8)(318.6, 213.8)(318.6, 219.1)(229.8, 219.1);SD
Port:(215.8, 30.0)(316.3, 30.0)(316.3, 30.5)(332.6, 30.5)(332.6, 211.6)(215.8, 211.6);GATE
Port:(221.9, 35.1)(310.2, 35.1)(310.2, 41.4)(221.9, 41.4);SD
Module:M9
Boundary:(903.4, 237.9)(903.4, 309.4)(903.1, 309.4)(903.1, 326.9)(724.7, 326.9)(724.7, 237.9);GATE
Port:(724.7, 252.7)(729.0, 252.7)(729.0, 312.1)(724.7, 312.1);SD
Port:(903.4, 237.9)(903.4, 309.4)(903.1, 309.4)(903.1, 326.9)(731.1, 326.9)(731.1, 237.9);GATE
Port:(892.0, 243.8)(898.5, 243.8)(898.5, 303.5)(892.0, 303.5);SD
Module:M5
Boundary:(734.7, 20.0)(771.0, 20.0)(771.0, 20.1)(788.8, 20.1)(788.8, 167.7)(734.7, 167.7);GATE
Port:(749.3, 163.3)(774.2, 163.3)(774.2, 167.7)(749.3, 167.7);SD
Port:(734.7, 20.0)(771.0, 20.0)(771.0, 20.1)(788.8, 20.1)(788.8, 162.3)(734.7, 162.3);GATE
Port:(740.1, 24.4)(765.6, 24.4)(765.6, 31.4)(740.1, 31.4);SD
Module:M11
Boundary:(175.8, 10.0)(175.8, 54.3)(175.7, 54.3)(175.7, 69.1)(10.0, 69.1)(10.0, 10.0);GATE
Port:(10.0, 21.4)(14.7, 21.4)(14.7, 57.7)(10.0, 57.7);SD
Port:(175.8, 10.0)(175.8, 54.3)(175.7, 54.3)(175.7, 69.1)(17.4, 69.1)(17.4, 10.0);GATE
Port:(166.6, 15.2)(171.6, 15.2)(171.6, 49.1)(166.6, 49.1);SD
Module:M1
Boundary:(590.4, 30.0)(684.7, 30.0)(684.7, 248.7)(590.4, 248.7);GATE
Port:(605.7, 244.5)(669.4, 244.5)(669.4, 248.7)(605.7, 248.7);SD
Port:(590.4, 30.0)(684.7, 30.0)(684.7, 242.4)(590.4, 242.4);GATE
Port:(596.6, 35.2)(678.5, 35.2)(678.5, 42.4)(596.6, 42.4);SD
Module:M6
Boundary:(550.4, 10.0)(550.4, 113.0)(372.6, 113.0)(372.6, 10.0);GATE
Port:(372.6, 23.7)(377.6, 23.7)(377.6, 99.3)(372.6, 99.3);SD
Port:(550.4, 10.0)(550.4, 113.0)(379.7, 113.0)(379.7, 10.0);GATE
Port:(540.1, 15.5)(545.9, 15.5)(545.9, 107.5)(540.1, 107.5);SD
Module:M2
Boundary:(115.1, 99.1)(163.5, 99.1)(163.5, 314.7)(115.1, 314.7);GATE
Port:(128.1, 309.8)(150.5, 309.8)(150.5, 314.7)(128.1, 314.7);SD
Port:(115.1, 99.1)(163.5, 99.1)(163.5, 308.6)(115.1, 308.6);GATE
Port:(120.4, 103.4)(158.2, 103.4)(158.2, 110.1)(120.4, 110.1);SD
Module:M16
Boundary:(869.0, 346.9)(869.0, 436.6)(661.6, 436.6)(661.6, 346.9);GATE
Port:(661.6, 360.6)(667.0, 360.6)(667.0, 422.9)(661.6, 422.9);SD
Port:(869.0, 346.9)(869.0, 436.6)(668.6, 436.6)(668.6, 346.9);GATE
Port:(858.7, 352.4)(864.5, 352.4)(864.5, 431.1)(858.7, 431.1);SD
Module:M13
Boundary:(10.0, 344.7)(93.1, 344.7)(93.1, 344.9)(109.5, 344.9)(109.5, 433.9)(10.0, 433.9);GATE
Port:(23.2, 429.3)(96.3, 429.3)(96.3, 433.9)(23.2, 433.9);SD
Port:(10.0, 344.7)(93.1, 344.7)(93.1, 344.9)(109.5, 344.9)(109.5, 427.8)(10.0, 427.8);GATE
Port:(15.7, 349.4)(87.4, 349.4)(87.4, 355.9)(15.7, 355.9);SD
Module:M10
Boundary:(10.0, 89.1)(85.1, 89.1)(85.1, 293.6)(10.0, 293.6);GATE
Port:(25.7, 288.9)(69.4, 288.9)(69.4, 293.6)(25.7, 293.6);SD
Port:(10.0, 89.1)(85.1, 89.1)(85.1, 287.0)(10.0, 287.0);GATE
Port:(16.4, 94.5)(78.7, 94.5)(78.7, 102.0)(16.4, 102.0);SD
Module:M7
Boundary:(537.7, 143.0)(537.7, 247.1)(537.7, 247.1)(537.7, 264.4)(382.6, 264.4)(382.6, 143.0);GATE
Port:(382.6, 156.7)(386.9, 156.7)(386.9, 250.7)(382.6, 250.7);SD
Port:(537.7, 143.0)(537.7, 247.1)(537.7, 247.1)(537.7, 264.4)(388.6, 264.4)(388.6, 143.0);GATE
Port:(527.2, 148.4)(533.3, 148.4)(533.3, 241.7)(527.2, 241.7);SD
Module:M3
Boundary:(570.4, 288.7)(641.6, 288.7)(641.6, 419.5)(570.4, 419.5);GATE
Port:(581.6, 415.4)(630.4, 415.4)(630.4, 419.5)(581.6, 419.5);SD
Port:(570.4, 288.7)(641.6, 288.7)(641.6, 413.6)(570.4, 413.6);GATE
Port:(576.1, 293.4)(635.9, 293.4)(635.9, 298.4)(576.1, 298.4);SD
Module:M15
Boundary:(304.2, 259.1)(304.2, 330.5)(195.8, 330.5)(195.8, 259.1);GATE
Port:(195.8, 271.7)(199.9, 271.7)(199.9, 317.9)(195.8, 317.9);SD
Port:(304.2, 259.1)(304.2, 330.5)(202.2, 330.5)(202.2, 259.1);GATE
Port:(293.5, 264.6)(299.7, 264.6)(299.7, 325.0)(293.5, 325.0);SD
Module:M12
Boundary:(277.8, 350.5)(277.8, 426.4)(129.5, 426.4)(129.5, 350.5);GATE
Port:(129.5, 362.1)(135.2, 362.1)(135.2, 414.8)(129.5, 414.8);SD
Port:(277.8, 350.5)(277.8, 426.4)(137.9, 426.4)(137.9, 350.5);GATE
Port:(268.0, 356.2)(273.1, 356.2)(273.1, 420.7)(268.0, 420.7);SD
Module:M8
Boundary:(828.8, 20.0)(894.5, 20.0)(894.5, 207.9)(828.8, 207.9);GATE
Port:(841.9, 203.3)(881.4, 203.3)(881.4, 207.9)(841.9, 207.9);SD
Port:(828.8, 20.0)(894.5, 20.0)(894.5, 202.0)(828.8, 202.0);GATE
Port:(834.3, 24.5)(889.0, 24.5)(889.0, 30.3)(834.3, 30.3);SD
Module:M4
Boundary:(526.7, 304.4)(526.7, 410.1)(334.2, 410.1)(334.2, 304.4);GATE
Port:(334.2, 319.2)(338.9, 319.2)(338.9, 395.3)(334.2, 395.3);SD
Port:(526.7, 304.4)(526.7, 410.1)(340.3, 410.1)(340.3, 304.4);GATE
Port:(514.9, 311.0)(521.1, 311.0)(521.1, 403.5)(514.9, 403.5);SD
