Area:(-30.0, -30.0)(740.7, -30.0)(740.7, 521.1)(-30.0, 521.1)
Rule:GATE(5,5);SD(5,5);GATE_SD(0.5);GATE_ITO(0.5);SD_ITO(0.5)
Module:M14
Boundary:(327.1, 291.8)(327.1, 321.3)(327.0, 321.3)(327.0, 336.3)(152.7, 336.3)(152.7, 291.8);GATE
Port:(152.7, 303.3)(157.5, 303.3)(157.5, 324.8)(152.7, 324.8);SD
Port:(327.1, 291.8)(327.1, 321.3)(327.0, 321.3)(327.0, 336.3)(159.5, 336.3)(159.5, 291.8);GATE
Port:(318.2, 297.4)(322.5, 297.4)(322.5, 315.7)(318.2, 315.7);SD
Module:M9
Boundary:(376.3, 380.3)(376.3, 469.2)(222.7, 469.2)(222.7, 380.3);GATE
Port:(222.7, 391.7)(228.4, 391.7)(228.4, 457.8)(222.7, 457.8);SD
Port:(376.3, 380.3)(376.3, 469.2)(230.6, 469.2)(230.6, 380.3);GATE
Port:(367.2, 385.8)(371.8, 385.8)(371.8, 463.7)(367.2, 463.7);SD
Module:M5
Boundary:(619.6, 20.0)(677.9, 20.0)(677.9, 20.1)(691.4, 20.1)(691.4, 213.8)(619.6, 213.8);GATE
Port:(632.2, 208.8)(678.8, 208.8)(678.8, 213.8)(632.2, 213.8);SD
Port:(619.6, 20.0)(677.9, 20.0)(677.9, 20.1)(691.4, 20.1)(691.4, 206.9)(619.6, 206.9);GATE
Port:(624.7, 24.1)(672.8, 24.1)(672.8, 31.0)(624.7, 31.0);SD
Module:M11
Boundary:(10.0, 275.7)(96.0, 275.7)(96.0, 276.2)(112.7, 276.2)(112.7, 348.4)(10.0, 348.4);GATE
Port:(24.2, 344.2)(98.5, 344.2)(98.5, 348.4)(24.2, 348.4);SD
Port:(10.0, 275.7)(96.0, 275.7)(96.0, 276.2)(112.7, 276.2)(112.7, 342.0)(10.0, 342.0);GATE
Port:(16.6, 281.3)(89.4, 281.3)(89.4, 287.2)(16.6, 287.2);SD
Module:M1
Boundary:(350.2, 30.0)(436.8, 30.0)(436.8, 30.0)(454.1, 30.0)(454.1, 227.8)(350.2, 227.8);GATE
Port:(364.0, 223.5)(440.3, 223.5)(440.3, 227.8)(364.0, 227.8);SD
Port:(350.2, 30.0)(436.8, 30.0)(436.8, 30.0)(454.1, 30.0)(454.1, 222.5)(350.2, 222.5);GATE
Port:(355.6, 34.4)(431.4, 34.4)(431.4, 41.1)(355.6, 41.1);SD
Module:M6
Boundary:(700.7, 412.8)(700.7, 463.6)(700.6, 463.6)(700.6, 481.1)(533.3, 481.1)(533.3, 412.8);GATE
Port:(533.3, 425.5)(539.1, 425.5)(539.1, 468.4)(533.3, 468.4);SD
Port:(700.7, 412.8)(700.7, 463.6)(700.6, 463.6)(700.6, 481.1)(540.2, 481.1)(540.2, 412.8);GATE
Port:(690.8, 417.9)(696.6, 417.9)(696.6, 458.5)(690.8, 458.5);SD
Module:M2
Boundary:(20.0, 20.0)(70.8, 20.0)(70.8, 20.2)(86.1, 20.2)(86.1, 245.7)(20.0, 245.7);GATE
Port:(34.5, 240.5)(71.6, 240.5)(71.6, 245.7)(34.5, 245.7);SD
Port:(20.0, 20.0)(70.8, 20.0)(70.8, 20.2)(86.1, 20.2)(86.1, 238.4)(20.0, 238.4);GATE
Port:(26.4, 25.4)(64.4, 25.4)(64.4, 32.1)(26.4, 32.1);SD
Module:M16
Boundary:(699.2, 313.3)(699.2, 392.8)(538.1, 392.8)(538.1, 313.3);GATE
Port:(538.1, 326.6)(543.3, 326.6)(543.3, 379.5)(538.1, 379.5);SD
Port:(699.2, 313.3)(699.2, 392.8)(546.2, 392.8)(546.2, 313.3);GATE
Port:(688.0, 319.0)(694.5, 319.0)(694.5, 387.1)(688.0, 387.1);SD
Module:M13
Boundary:(678.3, 243.8)(678.3, 278.4)(678.1, 278.4)(678.1, 293.3)(538.1, 293.3)(538.1, 243.8);GATE
Port:(538.1, 257.5)(542.4, 257.5)(542.4, 279.6)(538.1, 279.6);SD
Port:(678.3, 243.8)(678.3, 278.4)(678.1, 278.4)(678.1, 293.3)(544.9, 293.3)(544.9, 243.8);GATE
Port:(666.7, 250.6)(672.5, 250.6)(672.5, 271.6)(666.7, 271.6);SD
Module:M10
Boundary:(589.6, 10.0)(589.6, 75.5)(494.1, 75.5)(494.1, 10.0);GATE
Port:(494.1, 22.2)(500.1, 22.2)(500.1, 63.3)(494.1, 63.3);SD
Port:(589.6, 10.0)(589.6, 75.5)(501.5, 75.5)(501.5, 10.0);GATE
Port:(580.9, 15.2)(585.4, 15.2)(585.4, 70.3)(580.9, 70.3);SD
Module:M7
Boundary:(217.6, 20.0)(300.2, 20.0)(300.2, 223.5)(217.6, 223.5);GATE
Port:(231.2, 219.2)(286.6, 219.2)(286.6, 223.5)(231.2, 223.5);SD
Port:(217.6, 20.0)(300.2, 20.0)(300.2, 217.6)(217.6, 217.6);GATE
Port:(223.3, 24.7)(294.5, 24.7)(294.5, 30.2)(223.3, 30.2);SD
Module:M3
Boundary:(513.3, 380.3)(513.3, 476.1)(396.3, 476.1)(396.3, 380.3);GATE
Port:(396.3, 393.0)(400.6, 393.0)(400.6, 463.4)(396.3, 463.4);SD
Port:(513.3, 380.3)(513.3, 476.1)(402.6, 476.1)(402.6, 380.3);GATE
Port:(502.8, 386.6)(508.0, 386.6)(508.0, 469.8)(502.8, 469.8);SD
Module:M15
Boundary:(202.7, 376.3)(202.7, 446.5)(202.6, 446.5)(202.6, 459.6)(10.0, 459.6)(10.0, 376.3);GATE
Port:(10.0, 388.6)(15.9, 388.6)(15.9, 447.3)(10.0, 447.3);SD
Port:(202.7, 376.3)(202.7, 446.5)(202.6, 446.5)(202.6, 459.6)(17.7, 459.6)(17.7, 376.3);GATE
Port:(192.2, 382.0)(198.0, 382.0)(198.0, 440.8)(192.2, 440.8);SD
Module:M12
Boundary:(518.1, 267.8)(518.1, 345.2)(518.1, 345.2)(518.1, 360.3)(367.1, 360.3)(367.1, 267.8);GATE
Port:(367.1, 280.8)(371.3, 280.8)(371.3, 347.3)(367.1, 347.3);SD
Port:(518.1, 267.8)(518.1, 345.2)(518.1, 345.2)(518.1, 360.3)(373.0, 360.3)(373.0, 267.8);GATE
Port:(507.6, 272.9)(514.0, 272.9)(514.0, 340.1)(507.6, 340.1);SD
Module:M8
Boundary:(504.1, 105.5)(577.2, 105.5)(577.2, 198.2)(504.1, 198.2);GATE
Port:(519.2, 193.5)(562.1, 193.5)(562.1, 198.2)(519.2, 198.2);SD
Port:(504.1, 105.5)(577.2, 105.5)(577.2, 192.2)(504.1, 192.2);GATE
Port:(510.2, 110.6)(571.1, 110.6)(571.1, 117.3)(510.2, 117.3);SD
Module:M4
Boundary:(126.1, 20.0)(159.5, 20.0)(159.5, 20.1)(177.6, 20.1)(177.6, 241.8)(126.1, 241.8);GATE
Port:(139.1, 237.1)(164.6, 237.1)(164.6, 241.8)(139.1, 241.8);SD
Port:(126.1, 20.0)(159.5, 20.0)(159.5, 20.1)(177.6, 20.1)(177.6, 235.4)(126.1, 235.4);GATE
Port:(131.3, 24.2)(154.3, 24.2)(154.3, 29.9)(131.3, 29.9);SD
