Area:(-30.0, -30.0)(468.8, -30.0)(468.8, 926.9)(-30.0, 926.9)
Rule:GATE(5,5);SD(5,5);GATE_SD(0.5);GATE_ITO(0.5);SD_ITO(0.5)
Module:M14
Boundary:(411.9, 174.9)(411.9, 267.4)(203.1, 267.4)(203.1, 174.9);GATE
Port:(203.1, 191.3)(208.9, 191.3)(208.9, 251.0)(203.1, 251.0);SD
Port:(411.9, 174.9)(411.9, 267.4)(210.1, 267.4)(210.1, 174.9);GATE
Port:(398.8, 181.2)(406.6, 181.2)(406.6, 261.1)(398.8, 261.1);SD
Module:M9
Boundary:(235.0, 10.0)(235.0, 91.5)(235.0, 91.5)(235.0, 108.0)(130.9, 108.0)(130.9, 10.0);GATE
Port:(130.9, 22.8)(134.9, 22.8)(134.9, 95.2)(130.9, 95.2);SD
Port:(235.0, 10.0)(235.0, 91.5)(235.0, 91.5)(235.0, 108.0)(137.5, 108.0)(137.5, 10.0);GATE
Port:(225.6, 15.3)(230.7, 15.3)(230.7, 86.2)(225.6, 86.2);SD
Module:M5
Boundary:(161.6, 319.6)(161.6, 423.5)(161.1, 423.5)(161.1, 440.8)(20.0, 440.8)(20.0, 319.6);GATE
Port:(20.0, 333.6)(24.4, 333.6)(24.4, 426.8)(20.0, 426.8);SD
Port:(161.6, 319.6)(161.6, 423.5)(161.1, 423.5)(161.1, 440.8)(25.9, 440.8)(25.9, 319.6);GATE
Port:(150.4, 325.3)(156.9, 325.3)(156.9, 417.8)(150.4, 417.8);SD
Module:M11
Boundary:(328.9, 800.6)(415.0, 800.6)(415.0, 800.7)(428.8, 800.7)(428.8, 886.9)(328.9, 886.9);GATE
Port:(341.2, 882.4)(416.5, 882.4)(416.5, 886.9)(341.2, 886.9);SD
Port:(328.9, 800.6)(415.0, 800.6)(415.0, 800.7)(428.8, 800.7)(428.8, 880.7)(328.9, 880.7);GATE
Port:(333.9, 804.6)(410.0, 804.6)(410.0, 811.3)(333.9, 811.3);SD
Module:M1
Boundary:(30.0, 148.0)(143.1, 148.0)(143.1, 269.6)(30.0, 269.6);GATE
Port:(43.0, 265.2)(130.1, 265.2)(130.1, 269.6)(43.0, 269.6);SD
Port:(30.0, 148.0)(143.1, 148.0)(143.1, 263.1)(30.0, 263.1);GATE
Port:(35.3, 152.3)(137.8, 152.3)(137.8, 158.2)(35.3, 158.2);SD
Module:M6
Boundary:(412.8, 10.0)(412.8, 117.0)(412.4, 117.0)(412.4, 134.9)(255.0, 134.9)(255.0, 10.0);GATE
Port:(255.0, 24.2)(259.9, 24.2)(259.9, 120.7)(255.0, 120.7);SD
Port:(412.8, 10.0)(412.8, 117.0)(412.4, 117.0)(412.4, 134.9)(262.9, 134.9)(262.9, 10.0);GATE
Port:(401.7, 15.8)(408.0, 15.8)(408.0, 111.2)(401.7, 111.2);SD
Module:M2
Boundary:(127.0, 553.3)(236.1, 553.3)(236.1, 553.4)(253.8, 553.4)(253.8, 772.4)(127.0, 772.4);GATE
Port:(142.4, 767.5)(238.4, 767.5)(238.4, 772.4)(142.4, 772.4);SD
Port:(127.0, 553.3)(236.1, 553.3)(236.1, 553.4)(253.8, 553.4)(253.8, 765.8)(127.0, 765.8);GATE
Port:(133.9, 559.2)(229.2, 559.2)(229.2, 566.0)(133.9, 566.0);SD
Module:M16
Boundary:(10.0, 723.4)(97.0, 723.4)(97.0, 868.1)(10.0, 868.1);GATE
Port:(23.6, 863.5)(83.4, 863.5)(83.4, 868.1)(23.6, 868.1);SD
Port:(10.0, 723.4)(97.0, 723.4)(97.0, 861.1)(10.0, 861.1);GATE
Port:(16.4, 728.8)(90.6, 728.8)(90.6, 735.4)(16.4, 735.4);SD
Module:M13
Boundary:(321.4, 492.7)(426.5, 492.7)(426.5, 606.7)(321.4, 606.7);GATE
Port:(332.0, 602.7)(415.9, 602.7)(415.9, 606.7)(332.0, 606.7);SD
Port:(321.4, 492.7)(426.5, 492.7)(426.5, 601.5)(321.4, 601.5);GATE
Port:(326.4, 496.7)(421.5, 496.7)(421.5, 500.9)(326.4, 500.9);SD
Module:M10
Boundary:(110.9, 10.0)(110.9, 83.1)(110.5, 83.1)(110.5, 101.5)(10.0, 101.5)(10.0, 10.0);GATE
Port:(10.0, 24.3)(15.8, 24.3)(15.8, 87.2)(10.0, 87.2);SD
Port:(110.9, 10.0)(110.9, 83.1)(110.5, 83.1)(110.5, 101.5)(18.5, 101.5)(18.5, 10.0);GATE
Port:(99.5, 15.7)(106.2, 15.7)(106.2, 77.4)(99.5, 77.4);SD
Module:M7
Boundary:(223.3, 317.4)(274.6, 317.4)(274.6, 317.5)(291.4, 317.5)(291.4, 501.6)(223.3, 501.6);GATE
Port:(237.3, 496.8)(277.4, 496.8)(277.4, 501.6)(237.3, 501.6);SD
Port:(223.3, 317.4)(274.6, 317.4)(274.6, 317.5)(291.4, 317.5)(291.4, 494.3)(223.3, 494.3);GATE
Port:(229.7, 322.8)(268.2, 322.8)(268.2, 328.3)(229.7, 328.3);SD
Module:M3
Boundary:(10.0, 543.3)(76.7, 543.3)(76.7, 543.5)(93.2, 543.5)(93.2, 703.4)(10.0, 703.4);GATE
Port:(23.1, 699.1)(80.1, 699.1)(80.1, 703.4)(23.1, 703.4);SD
Port:(10.0, 543.3)(76.7, 543.3)(76.7, 543.5)(93.2, 543.5)(93.2, 697.9)(10.0, 697.9);GATE
Port:(16.1, 548.4)(70.6, 548.4)(70.6, 554.0)(16.1, 554.0);SD
Module:M15
Boundary:(193.3, 470.8)(193.3, 506.0)(193.2, 506.0)(193.2, 523.3)(10.0, 523.3)(10.0, 470.8);GATE
Port:(10.0, 484.6)(14.4, 484.6)(14.4, 509.5)(10.0, 509.5);SD
Port:(193.3, 470.8)(193.3, 506.0)(193.2, 506.0)(193.2, 523.3)(16.5, 523.3)(16.5, 470.8);GATE
Port:(182.2, 477.4)(187.7, 477.4)(187.7, 499.4)(182.2, 499.4);SD
Module:M12
Boundary:(283.8, 626.7)(386.5, 626.7)(386.5, 704.6)(402.1, 704.6)(402.1, 780.6)(283.8, 780.6);GATE
Port:(297.6, 776.5)(388.3, 776.5)(388.3, 780.6)(297.6, 780.6);SD
Port:(283.8, 626.7)(386.5, 626.7)(386.5, 704.6)(402.1, 704.6)(402.1, 775.3)(283.8, 775.3);GATE
Port:(290.6, 632.5)(378.7, 632.5)(378.7, 638.2)(290.6, 638.2);SD
Module:M8
Boundary:(331.4, 317.4)(403.6, 317.4)(403.6, 317.6)(421.2, 317.6)(421.2, 462.7)(331.4, 462.7);GATE
Port:(346.2, 457.3)(406.4, 457.3)(406.4, 462.7)(346.2, 462.7);SD
Port:(331.4, 317.4)(403.6, 317.4)(403.6, 317.6)(421.2, 317.6)(421.2, 454.5)(331.4, 454.5);GATE
Port:(337.5, 322.5)(397.5, 322.5)(397.5, 329.1)(337.5, 329.1);SD
Module:M4
Boundary:(298.9, 812.4)(298.9, 874.3)(127.0, 874.3)(127.0, 812.4);GATE
Port:(127.0, 825.6)(131.2, 825.6)(131.2, 861.1)(127.0, 861.1);SD
Port:(298.9, 812.4)(298.9, 874.3)(132.5, 874.3)(132.5, 812.4);GATE
Port:(288.3, 817.8)(294.5, 817.8)(294.5, 868.9)(288.3, 868.9);SD
