Area:(-30.0, -30.0)(535.4, -30.0)(535.4, 771.0)(-30.0, 771.0)
Rule:GATE(5,5);SD(5,5);GATE_SD(0.5);GATE_ITO(0.5);SD_ITO(0.5)
Module:M14
Boundary:(349.2, 438.2)(455.5, 438.2)(455.5, 587.6)(349.2, 587.6);GATE
Port:(363.8, 582.7)(440.9, 582.7)(440.9, 587.6)(363.8, 587.6);SD
Port:(349.2, 438.2)(455.5, 438.2)(455.5, 581.4)(349.2, 581.4);GATE
Port:(356.0, 444.0)(448.7, 444.0)(448.7, 450.2)(356.0, 450.2);SD
Module:M9
Boundary:(272.8, 108.9)(378.6, 108.9)(378.6, 245.8)(272.8, 245.8);GATE
Port:(287.0, 241.2)(364.4, 241.2)(364.4, 245.8)(287.0, 245.8);SD
Port:(272.8, 108.9)(378.6, 108.9)(378.6, 239.7)(272.8, 239.7);GATE
Port:(279.0, 114.1)(372.4, 114.1)(372.4, 120.3)(279.0, 120.3);SD
Module:M5
Boundary:(242.6, 237.0)(242.6, 338.8)(143.6, 338.8)(143.6, 237.0);GATE
Port:(143.6, 250.6)(149.0, 250.6)(149.0, 325.2)(143.6, 325.2);SD
Port:(242.6, 237.0)(242.6, 338.8)(150.6, 338.8)(150.6, 237.0);GATE
Port:(232.0, 242.1)(238.5, 242.1)(238.5, 333.7)(232.0, 333.7);SD
Module:M11
Boundary:(381.5, 10.0)(381.5, 73.5)(381.3, 73.5)(381.3, 88.9)(272.8, 88.9)(272.8, 10.0);GATE
Port:(272.8, 22.7)(278.2, 22.7)(278.2, 76.2)(272.8, 76.2);SD
Port:(381.5, 10.0)(381.5, 73.5)(381.3, 73.5)(381.3, 88.9)(279.8, 88.9)(279.8, 10.0);GATE
Port:(371.0, 16.7)(375.8, 16.7)(375.8, 66.8)(371.0, 66.8);SD
Module:M1
Boundary:(30.0, 30.0)(93.6, 30.0)(93.6, 210.1)(30.0, 210.1);GATE
Port:(44.5, 204.3)(79.1, 204.3)(79.1, 210.1)(44.5, 210.1);SD
Port:(30.0, 30.0)(93.6, 30.0)(93.6, 202.1)(30.0, 202.1);GATE
Port:(37.0, 36.0)(86.6, 36.0)(86.6, 42.7)(37.0, 42.7);SD
Module:M6
Boundary:(490.0, 273.8)(490.0, 380.3)(489.6, 380.3)(489.6, 398.2)(353.3, 398.2)(353.3, 273.8);GATE
Port:(353.3, 287.4)(357.5, 287.4)(357.5, 384.6)(353.3, 384.6);SD
Port:(490.0, 273.8)(490.0, 380.3)(489.6, 380.3)(489.6, 398.2)(359.1, 398.2)(359.1, 273.8);GATE
Port:(479.8, 279.3)(485.5, 279.3)(485.5, 374.8)(479.8, 374.8);SD
Module:M2
Boundary:(104.1, 395.3)(104.1, 519.6)(20.0, 519.6)(20.0, 395.3);GATE
Port:(20.0, 411.0)(25.3, 411.0)(25.3, 503.9)(20.0, 503.9);SD
Port:(104.1, 395.3)(104.1, 519.6)(28.1, 519.6)(28.1, 395.3);GATE
Port:(91.4, 401.9)(98.5, 401.9)(98.5, 513.0)(91.4, 513.0);SD
Module:M16
Boundary:(309.2, 377.9)(309.2, 484.3)(309.2, 484.3)(309.2, 502.4)(134.1, 502.4)(134.1, 377.9);GATE
Port:(134.1, 391.5)(140.1, 391.5)(140.1, 488.8)(134.1, 488.8);SD
Port:(309.2, 377.9)(309.2, 484.3)(309.2, 484.3)(309.2, 502.4)(142.7, 502.4)(142.7, 377.9);GATE
Port:(298.9, 382.9)(305.2, 382.9)(305.2, 479.3)(298.9, 479.3);SD
Module:M13
Boundary:(495.4, 627.6)(495.4, 712.0)(495.1, 712.0)(495.1, 728.1)(325.6, 728.1)(325.6, 627.6);GATE
Port:(325.6, 642.5)(330.5, 642.5)(330.5, 713.2)(325.6, 713.2);SD
Port:(495.4, 627.6)(495.4, 712.0)(495.1, 712.0)(495.1, 728.1)(333.0, 728.1)(333.0, 627.6);GATE
Port:(483.2, 634.5)(489.5, 634.5)(489.5, 705.1)(483.2, 705.1);SD
Module:M10
Boundary:(289.6, 522.4)(289.6, 600.8)(289.2, 600.8)(289.2, 615.8)(134.1, 615.8)(134.1, 522.4);GATE
Port:(134.1, 536.1)(139.4, 536.1)(139.4, 602.1)(134.1, 602.1);SD
Port:(289.6, 522.4)(289.6, 600.8)(289.2, 600.8)(289.2, 615.8)(142.4, 615.8)(142.4, 522.4);GATE
Port:(278.8, 528.7)(284.3, 528.7)(284.3, 594.5)(278.8, 594.5);SD
Module:M7
Boundary:(143.6, 20.0)(242.8, 20.0)(242.8, 197.0)(143.6, 197.0);GATE
Port:(155.2, 191.9)(231.2, 191.9)(231.2, 197.0)(155.2, 197.0);SD
Port:(143.6, 20.0)(242.8, 20.0)(242.8, 190.2)(143.6, 190.2);GATE
Port:(149.8, 25.2)(236.6, 25.2)(236.6, 30.1)(149.8, 30.1);SD
Module:M3
Boundary:(10.0, 549.6)(89.1, 549.6)(89.1, 549.7)(108.7, 549.7)(108.7, 710.4)(10.0, 710.4);GATE
Port:(26.1, 705.0)(92.6, 705.0)(92.6, 710.4)(26.1, 710.4);SD
Port:(10.0, 549.6)(89.1, 549.6)(89.1, 549.7)(108.7, 549.7)(108.7, 702.9)(10.0, 702.9);GATE
Port:(16.2, 554.8)(82.9, 554.8)(82.9, 562.2)(16.2, 562.2);SD
Module:M15
Boundary:(272.6, 265.8)(318.6, 265.8)(318.6, 265.9)(333.3, 265.9)(333.3, 357.9)(272.6, 357.9);GATE
Port:(284.4, 352.3)(321.5, 352.3)(321.5, 357.9)(284.4, 357.9);SD
Port:(272.6, 265.8)(318.6, 265.8)(318.6, 265.9)(333.3, 265.9)(333.3, 350.7)(272.6, 350.7);GATE
Port:(278.2, 270.4)(313.0, 270.4)(313.0, 276.1)(278.2, 276.1);SD
Module:M12
Boundary:(305.6, 635.8)(305.6, 715.5)(305.4, 715.5)(305.4, 731.0)(128.7, 731.0)(128.7, 635.8);GATE
Port:(128.7, 648.6)(133.5, 648.6)(133.5, 718.2)(128.7, 718.2);SD
Port:(305.6, 635.8)(305.6, 715.5)(305.4, 715.5)(305.4, 731.0)(134.8, 731.0)(134.8, 635.8);GATE
Port:(294.6, 642.1)(300.3, 642.1)(300.3, 709.2)(294.6, 709.2);SD
Module:M8
Boundary:(20.0, 260.1)(98.1, 260.1)(98.1, 355.3)(20.0, 355.3);GATE
Port:(33.1, 350.9)(85.0, 350.9)(85.0, 355.3)(33.1, 355.3);SD
Port:(20.0, 260.1)(98.1, 260.1)(98.1, 349.3)(20.0, 349.3);GATE
Port:(25.8, 264.9)(92.3, 264.9)(92.3, 271.0)(25.8, 271.0);SD
Module:M4
Boundary:(411.5, 20.0)(485.8, 20.0)(485.8, 243.8)(411.5, 243.8);GATE
Port:(425.9, 239.1)(471.4, 239.1)(471.4, 243.8)(425.9, 243.8);SD
Port:(411.5, 20.0)(485.8, 20.0)(485.8, 236.4)(411.5, 236.4);GATE
Port:(417.3, 24.8)(480.0, 24.8)(480.0, 31.1)(417.3, 31.1);SD
