Area:(-30.0, -30.0)(687.6, -30.0)(687.6, 571.5)(-30.0, 571.5)
Rule:GATE(5,5);SD(5,5);GATE_SD(0.5);GATE_ITO(0.5);SD_ITO(0.5)
Module:M14
Boundary:(630.0, 446.9)(630.0, 516.2)(405.8, 516.2)(405.8, 446.9);GATE
Port:(405.8, 461.4)(411.1, 461.4)(411.1, 501.7)(405.8, 501.7);SD
Port:(630.0, 446.9)(630.0, 516.2)(413.9, 516.2)(413.9, 446.9);GATE
Port:(617.8, 453.6)(624.3, 453.6)(624.3, 509.5)(617.8, 509.5);SD
Module:M9
Boundary:(202.2, 479.7)(202.2, 531.5)(10.0, 531.5)(10.0, 479.7);GATE
Port:(10.0, 493.4)(15.0, 493.4)(15.0, 517.8)(10.0, 517.8);SD
Port:(202.2, 479.7)(202.2, 531.5)(17.6, 531.5)(17.6, 479.7);GATE
Port:(191.5, 486.6)(196.3, 486.6)(196.3, 524.6)(191.5, 524.6);SD
Module:M5
Boundary:(587.3, 346.6)(587.3, 380.8)(587.2, 380.8)(587.2, 396.9)(432.9, 396.9)(432.9, 346.6);GATE
Port:(432.9, 359.7)(437.6, 359.7)(437.6, 383.8)(432.9, 383.8);SD
Port:(587.3, 346.6)(587.3, 380.8)(587.2, 380.8)(587.2, 396.9)(439.0, 396.9)(439.0, 346.6);GATE
Port:(576.7, 353.5)(581.4, 353.5)(581.4, 373.9)(576.7, 373.9);SD
Module:M11
Boundary:(198.9, 259.7)(198.9, 351.9)(198.9, 351.9)(198.9, 366.6)(10.0, 366.6)(10.0, 259.7);GATE
Port:(10.0, 273.0)(15.9, 273.0)(15.9, 353.3)(10.0, 353.3);SD
Port:(198.9, 259.7)(198.9, 351.9)(198.9, 351.9)(198.9, 366.6)(18.4, 366.6)(18.4, 259.7);GATE
Port:(187.3, 265.4)(194.2, 265.4)(194.2, 346.2)(187.3, 346.2);SD
Module:M1
Boundary:(244.2, 160.0)(244.2, 219.7)(30.0, 219.7)(30.0, 160.0);GATE
Port:(30.0, 171.7)(34.9, 171.7)(34.9, 208.0)(30.0, 208.0);SD
Port:(244.2, 160.0)(244.2, 219.7)(37.2, 219.7)(37.2, 160.0);GATE
Port:(234.3, 165.8)(239.4, 165.8)(239.4, 213.9)(234.3, 213.9);SD
Module:M6
Boundary:(336.7, 459.9)(336.7, 510.5)(336.6, 510.5)(336.6, 526.6)(222.2, 526.6)(222.2, 459.9);GATE
Port:(222.2, 473.8)(226.3, 473.8)(226.3, 512.7)(222.2, 512.7);SD
Port:(336.7, 459.9)(336.7, 510.5)(336.6, 510.5)(336.6, 526.6)(229.2, 526.6)(229.2, 459.9);GATE
Port:(325.0, 466.1)(331.5, 466.1)(331.5, 504.3)(325.0, 504.3);SD
Module:M2
Boundary:(432.9, 168.1)(509.8, 168.1)(509.8, 306.6)(432.9, 306.6);GATE
Port:(445.5, 301.1)(497.2, 301.1)(497.2, 306.6)(445.5, 306.6);SD
Port:(432.9, 168.1)(509.8, 168.1)(509.8, 299.4)(432.9, 299.4);GATE
Port:(438.8, 173.0)(503.9, 173.0)(503.9, 178.7)(438.8, 178.7);SD
Module:M16
Boundary:(395.0, 158.1)(395.0, 233.3)(394.9, 233.3)(394.9, 247.6)(284.2, 247.6)(284.2, 158.1);GATE
Port:(284.2, 170.6)(289.4, 170.6)(289.4, 235.1)(284.2, 235.1);SD
Port:(395.0, 158.1)(395.0, 233.3)(394.9, 233.3)(394.9, 247.6)(291.9, 247.6)(291.9, 158.1);GATE
Port:(384.4, 164.6)(389.5, 164.6)(389.5, 226.8)(384.4, 226.8);SD
Module:M13
Boundary:(365.8, 379.6)(365.8, 425.7)(365.6, 425.7)(365.6, 439.9)(220.7, 439.9)(220.7, 379.6);GATE
Port:(220.7, 391.8)(225.8, 391.8)(225.8, 427.7)(220.7, 427.7);SD
Port:(365.8, 379.6)(365.8, 425.7)(365.6, 425.7)(365.6, 439.9)(228.1, 439.9)(228.1, 379.6);GATE
Port:(355.2, 386.3)(360.1, 386.3)(360.1, 419.0)(355.2, 419.0);SD
Module:M10
Boundary:(200.7, 386.6)(200.7, 441.2)(200.5, 441.2)(200.5, 459.7)(10.0, 459.7)(10.0, 386.6);GATE
Port:(10.0, 400.7)(15.7, 400.7)(15.7, 445.6)(10.0, 445.6);SD
Port:(200.7, 386.6)(200.7, 441.2)(200.5, 441.2)(200.5, 459.7)(17.9, 459.7)(17.9, 386.6);GATE
Port:(189.9, 391.7)(196.6, 391.7)(196.6, 436.1)(189.9, 436.1);SD
Module:M7
Boundary:(206.5, 20.0)(267.6, 20.0)(267.6, 110.0)(206.5, 110.0);GATE
Port:(218.6, 104.0)(255.5, 104.0)(255.5, 110.0)(218.6, 110.0);SD
Port:(206.5, 20.0)(267.6, 20.0)(267.6, 102.2)(206.5, 102.2);GATE
Port:(212.6, 25.1)(261.5, 25.1)(261.5, 30.0)(212.6, 30.0);SD
Module:M3
Boundary:(647.6, 218.4)(647.6, 290.5)(647.3, 290.5)(647.3, 307.5)(539.8, 307.5)(539.8, 218.4);GATE
Port:(539.8, 233.7)(545.2, 233.7)(545.2, 292.2)(539.8, 292.2);SD
Port:(647.6, 218.4)(647.6, 290.5)(647.3, 290.5)(647.3, 307.5)(547.3, 307.5)(547.3, 218.4);GATE
Port:(634.8, 225.1)(641.9, 225.1)(641.9, 283.8)(634.8, 283.8);SD
Module:M15
Boundary:(176.5, 10.0)(176.5, 104.2)(176.0, 104.2)(176.0, 119.1)(10.0, 119.1)(10.0, 10.0);GATE
Port:(10.0, 24.0)(15.3, 24.0)(15.3, 105.1)(10.0, 105.1);SD
Port:(176.5, 10.0)(176.5, 104.2)(176.0, 104.2)(176.0, 119.1)(18.1, 119.1)(18.1, 10.0);GATE
Port:(164.5, 16.4)(171.1, 16.4)(171.1, 97.8)(164.5, 97.8);SD
Module:M12
Boundary:(402.9, 267.6)(402.9, 359.6)(220.7, 359.6)(220.7, 267.6);GATE
Port:(220.7, 282.8)(225.2, 282.8)(225.2, 344.4)(220.7, 344.4);SD
Port:(402.9, 267.6)(402.9, 359.6)(226.4, 359.6)(226.4, 267.6);GATE
Port:(390.9, 272.9)(398.6, 272.9)(398.6, 354.3)(390.9, 354.3);SD
Module:M8
Boundary:(560.3, 20.0)(615.5, 20.0)(615.5, 20.1)(633.4, 20.1)(633.4, 188.4)(560.3, 188.4);GATE
Port:(575.1, 183.5)(618.6, 183.5)(618.6, 188.4)(575.1, 188.4);SD
Port:(560.3, 20.0)(615.5, 20.0)(615.5, 20.1)(633.4, 20.1)(633.4, 182.0)(560.3, 182.0);GATE
Port:(566.4, 25.1)(609.4, 25.1)(609.4, 32.0)(566.4, 32.0);SD
Module:M4
Boundary:(520.3, 20.0)(520.3, 113.3)(519.8, 113.3)(519.8, 128.1)(307.6, 128.1)(307.6, 20.0);GATE
Port:(307.6, 34.0)(312.8, 34.0)(312.8, 114.1)(307.6, 114.1);SD
Port:(520.3, 20.0)(520.3, 113.3)(519.8, 113.3)(519.8, 128.1)(315.5, 128.1)(315.5, 20.0);GATE
Port:(508.5, 26.9)(514.4, 26.9)(514.4, 106.4)(508.5, 106.4);SD
