Area:(-30.0, -30.0)(419.8, -30.0)(419.8, 994.0)(-30.0, 994.0)
Rule:GATE(5,5);SD(5,5);GATE_SD(0.5);GATE_ITO(0.5);SD_ITO(0.5)
Module:M14
Boundary:(322.6, 822.2)(322.6, 927.5)(202.0, 927.5)(202.0, 822.2);GATE
Port:(202.0, 835.9)(207.9, 835.9)(207.9, 913.8)(202.0, 913.8);SD
Port:(322.6, 822.2)(322.6, 927.5)(209.2, 927.5)(209.2, 822.2);GATE
Port:(312.2, 828.3)(317.5, 828.3)(317.5, 921.4)(312.2, 921.4);SD
Module:M9
Boundary:(289.0, 511.6)(355.8, 511.6)(355.8, 512.0)(373.0, 512.0)(373.0, 629.2)(289.0, 629.2);GATE
Port:(301.4, 624.6)(360.6, 624.6)(360.6, 629.2)(301.4, 629.2);SD
Port:(289.0, 511.6)(355.8, 511.6)(355.8, 512.0)(373.0, 512.0)(373.0, 622.7)(289.0, 622.7);GATE
Port:(294.6, 516.2)(350.2, 516.2)(350.2, 520.8)(294.6, 520.8);SD
Module:M5
Boundary:(355.0, 671.9)(355.0, 753.6)(354.8, 753.6)(354.8, 769.6)(277.4, 769.6)(277.4, 671.9);GATE
Port:(277.4, 685.0)(282.1, 685.0)(282.1, 756.5)(277.4, 756.5);SD
Port:(355.0, 671.9)(355.0, 753.6)(354.8, 753.6)(354.8, 769.6)(283.8, 769.6)(283.8, 671.9);GATE
Port:(344.6, 678.6)(349.3, 678.6)(349.3, 746.9)(344.6, 746.9);SD
Module:M11
Boundary:(10.0, 10.0)(54.9, 10.0)(54.9, 10.0)(69.7, 10.0)(69.7, 224.3)(10.0, 224.3);GATE
Port:(21.6, 218.6)(58.1, 218.6)(58.1, 224.3)(21.6, 224.3);SD
Port:(10.0, 10.0)(54.9, 10.0)(54.9, 10.0)(69.7, 10.0)(69.7, 216.0)(10.0, 216.0);GATE
Port:(15.5, 14.5)(49.4, 14.5)(49.4, 19.7)(15.5, 19.7);SD
Module:M1
Boundary:(30.0, 706.0)(128.5, 706.0)(128.5, 797.9)(30.0, 797.9);GATE
Port:(43.7, 793.0)(114.8, 793.0)(114.8, 797.9)(43.7, 797.9);SD
Port:(30.0, 706.0)(128.5, 706.0)(128.5, 791.7)(30.0, 791.7);GATE
Port:(36.3, 711.3)(122.2, 711.3)(122.2, 717.6)(36.3, 717.6);SD
Module:M6
Boundary:(157.2, 460.5)(269.0, 460.5)(269.0, 641.9)(157.2, 641.9);GATE
Port:(169.9, 636.5)(256.3, 636.5)(256.3, 641.9)(169.9, 641.9);SD
Port:(157.2, 460.5)(269.0, 460.5)(269.0, 633.8)(157.2, 633.8);GATE
Port:(162.3, 464.6)(263.9, 464.6)(263.9, 470.3)(162.3, 470.3);SD
Module:M2
Boundary:(188.9, 268.4)(269.8, 268.4)(269.8, 430.5)(188.9, 430.5);GATE
Port:(201.9, 424.9)(256.8, 424.9)(256.8, 430.5)(201.9, 430.5);SD
Port:(188.9, 268.4)(269.8, 268.4)(269.8, 421.9)(188.9, 421.9);GATE
Port:(194.2, 272.7)(264.5, 272.7)(264.5, 278.7)(194.2, 278.7);SD
Module:M16
Boundary:(301.4, 121.9)(301.4, 238.4)(89.7, 238.4)(89.7, 121.9);GATE
Port:(89.7, 135.2)(94.7, 135.2)(94.7, 225.1)(89.7, 225.1);SD
Port:(301.4, 121.9)(301.4, 238.4)(96.6, 238.4)(96.6, 121.9);GATE
Port:(290.9, 127.7)(296.6, 127.7)(296.6, 232.6)(290.9, 232.6);SD
Module:M13
Boundary:(299.8, 290.7)(379.8, 290.7)(379.8, 491.6)(299.8, 491.6);GATE
Port:(312.9, 486.5)(366.7, 486.5)(366.7, 491.6)(312.9, 491.6);SD
Port:(299.8, 290.7)(379.8, 290.7)(379.8, 484.8)(299.8, 484.8);GATE
Port:(305.3, 295.2)(374.3, 295.2)(374.3, 301.4)(305.3, 301.4);SD
Module:M10
Boundary:(162.0, 837.9)(162.0, 938.3)(122.9, 938.3)(122.9, 954.0)(10.0, 954.0)(10.0, 837.9);GATE
Port:(10.0, 850.4)(15.2, 850.4)(15.2, 941.5)(10.0, 941.5);SD
Port:(162.0, 837.9)(162.0, 938.3)(122.9, 938.3)(122.9, 954.0)(18.0, 954.0)(18.0, 837.9);GATE
Port:(152.3, 843.5)(157.4, 843.5)(157.4, 931.7)(152.3, 931.7);SD
Module:M7
Boundary:(331.4, 111.0)(374.9, 111.0)(374.9, 260.7)(331.4, 260.7);GATE
Port:(342.6, 256.5)(363.7, 256.5)(363.7, 260.7)(342.6, 260.7);SD
Port:(331.4, 111.0)(374.9, 111.0)(374.9, 255.2)(331.4, 255.2);GATE
Port:(336.8, 115.4)(369.5, 115.4)(369.5, 120.3)(336.8, 120.3);SD
Module:M3
Boundary:(365.1, 10.0)(365.1, 81.0)(227.9, 81.0)(227.9, 10.0);GATE
Port:(227.9, 21.3)(232.9, 21.3)(232.9, 69.7)(227.9, 69.7);SD
Port:(365.1, 10.0)(365.1, 81.0)(235.7, 81.0)(235.7, 10.0);GATE
Port:(355.6, 15.6)(360.5, 15.6)(360.5, 75.4)(355.6, 75.4);SD
Module:M15
Boundary:(89.7, 258.4)(140.8, 258.4)(140.8, 258.4)(158.9, 258.4)(158.9, 423.2)(89.7, 423.2);GATE
Port:(102.4, 419.1)(146.2, 419.1)(146.2, 423.2)(102.4, 423.2);SD
Port:(89.7, 258.4)(140.8, 258.4)(140.8, 258.4)(158.9, 258.4)(158.9, 416.5)(89.7, 416.5);GATE
Port:(94.8, 262.5)(135.7, 262.5)(135.7, 268.2)(94.8, 268.2);SD
Module:M12
Boundary:(207.9, 10.0)(207.9, 86.6)(207.8, 86.6)(207.8, 101.9)(89.7, 101.9)(89.7, 10.0);GATE
Port:(89.7, 21.6)(95.0, 21.6)(95.0, 90.3)(89.7, 90.3);SD
Port:(207.9, 10.0)(207.9, 86.6)(207.8, 86.6)(207.8, 101.9)(97.2, 101.9)(97.2, 10.0);GATE
Port:(198.5, 15.3)(203.6, 15.3)(203.6, 81.3)(198.5, 81.3);SD
Module:M8
Boundary:(20.0, 453.2)(112.4, 453.2)(112.4, 453.3)(127.2, 453.3)(127.2, 656.0)(20.0, 656.0);GATE
Port:(33.6, 651.9)(113.6, 651.9)(113.6, 656.0)(33.6, 656.0);SD
Port:(20.0, 453.2)(112.4, 453.2)(112.4, 453.3)(127.2, 453.3)(127.2, 650.2)(20.0, 650.2);GATE
Port:(26.8, 459.0)(105.6, 459.0)(105.6, 464.5)(26.8, 464.5);SD
Module:M4
Boundary:(178.5, 671.9)(237.4, 671.9)(237.4, 772.2)(178.5, 772.2);GATE
Port:(190.1, 766.4)(225.8, 766.4)(225.8, 772.2)(190.1, 772.2);SD
Port:(178.5, 671.9)(237.4, 671.9)(237.4, 764.3)(178.5, 764.3);GATE
Port:(183.8, 676.2)(232.1, 676.2)(232.1, 681.3)(183.8, 681.3);SD
