Area:(-30.0, -30.0)(591.2, -30.0)(591.2, 625.8)(-30.0, 625.8)
Rule:GATE(5,5);SD(5,5);GATE_SD(0.5);GATE_ITO(0.5);SD_ITO(0.5)
Module:M14
Boundary:(162.8, 371.2)(216.6, 371.2)(216.6, 371.4)(234.7, 371.4)(234.7, 461.8)(162.8, 461.8);GATE
Port:(177.3, 456.3)(220.2, 456.3)(220.2, 461.8)(177.3, 461.8);SD
Port:(162.8, 371.2)(216.6, 371.2)(216.6, 371.4)(234.7, 371.4)(234.7, 453.6)(162.8, 453.6);GATE
Port:(168.7, 376.1)(210.7, 376.1)(210.7, 382.2)(168.7, 382.2);SD
Module:M9
Boundary:(196.9, 10.0)(305.0, 10.0)(305.0, 120.9)(196.9, 120.9);GATE
Port:(210.7, 115.0)(291.2, 115.0)(291.2, 120.9)(210.7, 120.9);SD
Port:(196.9, 10.0)(305.0, 10.0)(305.0, 112.7)(196.9, 112.7);GATE
Port:(202.1, 14.2)(299.8, 14.2)(299.8, 21.0)(202.1, 21.0);SD
Module:M5
Boundary:(20.0, 262.9)(98.3, 262.9)(98.3, 410.9)(20.0, 410.9);GATE
Port:(32.0, 405.7)(86.3, 405.7)(86.3, 410.9)(32.0, 410.9);SD
Port:(20.0, 262.9)(98.3, 262.9)(98.3, 404.0)(20.0, 404.0);GATE
Port:(25.9, 267.8)(92.4, 267.8)(92.4, 272.7)(25.9, 272.7);SD
Module:M11
Boundary:(373.1, 371.8)(373.1, 464.3)(372.9, 464.3)(372.9, 479.3)(274.7, 479.3)(274.7, 371.8);GATE
Port:(274.7, 384.7)(280.4, 384.7)(280.4, 466.4)(274.7, 466.4);SD
Port:(373.1, 371.8)(373.1, 464.3)(372.9, 464.3)(372.9, 479.3)(283.0, 479.3)(283.0, 371.8);GATE
Port:(362.3, 377.7)(368.2, 377.7)(368.2, 458.4)(362.3, 458.4);SD
Module:M1
Boundary:(102.8, 460.9)(102.8, 532.2)(102.6, 532.2)(102.6, 549.9)(30.0, 549.9)(30.0, 460.9);GATE
Port:(30.0, 475.6)(35.6, 475.6)(35.6, 535.2)(30.0, 535.2);SD
Port:(102.8, 460.9)(102.8, 532.2)(102.6, 532.2)(102.6, 549.9)(38.1, 549.9)(38.1, 460.9);GATE
Port:(91.5, 466.6)(98.1, 466.6)(98.1, 526.5)(91.5, 526.5);SD
Module:M6
Boundary:(128.3, 194.4)(156.7, 194.4)(156.7, 194.5)(170.6, 194.5)(170.6, 331.2)(128.3, 331.2);GATE
Port:(139.1, 326.8)(159.8, 326.8)(159.8, 331.2)(139.1, 331.2);SD
Port:(128.3, 194.4)(156.7, 194.4)(156.7, 194.5)(170.6, 194.5)(170.6, 324.2)(128.3, 324.2);GATE
Port:(133.3, 198.4)(151.7, 198.4)(151.7, 203.3)(133.3, 203.3);SD
Module:M2
Boundary:(108.4, 20.0)(166.9, 20.0)(166.9, 164.4)(108.4, 164.4);GATE
Port:(119.8, 160.3)(155.5, 160.3)(155.5, 164.4)(119.8, 164.4);SD
Port:(108.4, 20.0)(166.9, 20.0)(166.9, 157.6)(108.4, 157.6);GATE
Port:(113.5, 24.1)(161.8, 24.1)(161.8, 29.2)(113.5, 29.2);SD
Module:M16
Boundary:(519.6, 499.3)(519.6, 585.8)(357.2, 585.8)(357.2, 499.3);GATE
Port:(357.2, 513.5)(362.2, 513.5)(362.2, 571.6)(357.2, 571.6);SD
Port:(519.6, 499.3)(519.6, 585.8)(365.1, 585.8)(365.1, 499.3);GATE
Port:(508.4, 504.4)(515.5, 504.4)(515.5, 580.7)(508.4, 580.7);SD
Module:M13
Boundary:(458.4, 10.0)(548.9, 10.0)(548.9, 174.9)(458.4, 174.9);GATE
Port:(472.8, 170.2)(534.5, 170.2)(534.5, 174.9)(472.8, 174.9);SD
Port:(458.4, 10.0)(548.9, 10.0)(548.9, 168.0)(458.4, 168.0);GATE
Port:(465.3, 15.9)(542.0, 15.9)(542.0, 21.2)(465.3, 21.2);SD
Module:M10
Boundary:(458.4, 194.9)(546.6, 194.9)(546.6, 365.5)(458.4, 365.5);GATE
Port:(472.2, 361.4)(532.8, 361.4)(532.8, 365.5)(472.2, 365.5);SD
Port:(458.4, 194.9)(546.6, 194.9)(546.6, 360.0)(458.4, 360.0);GATE
Port:(464.9, 200.4)(540.1, 200.4)(540.1, 205.6)(464.9, 205.6);SD
Module:M7
Boundary:(335.0, 20.0)(428.4, 20.0)(428.4, 193.6)(335.0, 193.6);GATE
Port:(348.5, 189.6)(414.9, 189.6)(414.9, 193.6)(348.5, 193.6);SD
Port:(335.0, 20.0)(428.4, 20.0)(428.4, 188.4)(335.0, 188.4);GATE
Port:(341.8, 25.8)(421.6, 25.8)(421.6, 31.7)(341.8, 31.7);SD
Module:M3
Boundary:(337.2, 501.8)(337.2, 569.0)(337.1, 569.0)(337.1, 585.6)(142.8, 585.6)(142.8, 501.8);GATE
Port:(142.8, 515.0)(148.0, 515.0)(148.0, 572.4)(142.8, 572.4);SD
Port:(337.2, 501.8)(337.2, 569.0)(337.1, 569.0)(337.1, 585.6)(150.4, 585.6)(150.4, 501.8);GATE
Port:(327.0, 507.4)(332.6, 507.4)(332.6, 563.4)(327.0, 563.4);SD
Module:M15
Boundary:(10.0, 10.0)(61.3, 10.0)(61.3, 10.0)(78.4, 10.0)(78.4, 232.9)(10.0, 232.9);GATE
Port:(23.5, 228.8)(64.9, 228.8)(64.9, 232.9)(23.5, 232.9);SD
Port:(10.0, 10.0)(61.3, 10.0)(61.3, 10.0)(78.4, 10.0)(78.4, 226.5)(10.0, 226.5);GATE
Port:(16.0, 15.0)(55.3, 15.0)(55.3, 20.7)(16.0, 20.7);SD
Module:M12
Boundary:(551.2, 385.5)(551.2, 461.9)(551.1, 461.9)(551.1, 477.0)(393.1, 477.0)(393.1, 385.5);GATE
Port:(393.1, 398.0)(398.9, 398.0)(398.9, 464.5)(393.1, 464.5);SD
Port:(551.2, 385.5)(551.2, 461.9)(551.1, 461.9)(551.1, 477.0)(400.4, 477.0)(400.4, 385.5);GATE
Port:(541.3, 390.8)(546.9, 390.8)(546.9, 456.6)(541.3, 456.6);SD
Module:M8
Boundary:(206.9, 150.9)(253.8, 150.9)(253.8, 151.0)(268.0, 151.0)(268.0, 319.7)(206.9, 319.7);GATE
Port:(220.1, 314.2)(254.8, 314.2)(254.8, 319.7)(220.1, 319.7);SD
Port:(206.9, 150.9)(253.8, 150.9)(253.8, 151.0)(268.0, 151.0)(268.0, 312.5)(206.9, 312.5);GATE
Port:(213.2, 156.2)(247.5, 156.2)(247.5, 162.3)(213.2, 162.3);SD
Module:M4
Boundary:(308.0, 233.6)(423.6, 233.6)(423.6, 341.8)(308.0, 341.8);GATE
Port:(322.2, 337.4)(409.4, 337.4)(409.4, 341.8)(322.2, 341.8);SD
Port:(308.0, 233.6)(423.6, 233.6)(423.6, 334.8)(308.0, 334.8);GATE
Port:(314.2, 238.8)(417.4, 238.8)(417.4, 245.0)(314.2, 245.0);SD
