Area:(-30.0, -30.0)(834.3, -30.0)(834.3, 515.1)(-30.0, 515.1)
Rule:GATE(5,5);SD(5,5);GATE_SD(0.5);GATE_ITO(0.5);SD_ITO(0.5)
Module:M14
Boundary:(272.4, 161.4)(359.1, 161.4)(359.1, 352.0)(272.4, 352.0);GATE
Port:(286.0, 346.5)(345.5, 346.5)(345.5, 352.0)(286.0, 352.0);SD
Port:(272.4, 161.4)(359.1, 161.4)(359.1, 345.5)(272.4, 345.5);GATE
Port:(278.6, 166.6)(352.9, 166.6)(352.9, 172.4)(278.6, 172.4);SD
Module:M9
Boundary:(116.6, 140.3)(212.8, 140.3)(212.8, 140.6)(232.4, 140.6)(232.4, 318.6)(116.6, 318.6);GATE
Port:(131.4, 313.8)(217.6, 313.8)(217.6, 318.6)(131.4, 318.6);SD
Port:(116.6, 140.3)(212.8, 140.3)(212.8, 140.6)(232.4, 140.6)(232.4, 311.2)(116.6, 311.2);GATE
Port:(122.6, 145.3)(206.8, 145.3)(206.8, 151.6)(122.6, 151.6);SD
Module:M5
Boundary:(559.5, 20.0)(559.5, 93.9)(559.2, 93.9)(559.2, 111.4)(364.0, 111.4)(364.0, 20.0);GATE
Port:(364.0, 35.7)(368.1, 35.7)(368.1, 95.7)(364.0, 95.7);SD
Port:(559.5, 20.0)(559.5, 93.9)(559.2, 93.9)(559.2, 111.4)(370.5, 111.4)(370.5, 20.0);GATE
Port:(546.6, 26.8)(553.7, 26.8)(553.7, 87.1)(546.6, 87.1);SD
Module:M11
Boundary:(504.8, 141.4)(623.1, 141.4)(623.1, 297.6)(504.8, 297.6);GATE
Port:(517.9, 292.3)(610.0, 292.3)(610.0, 297.6)(517.9, 297.6);SD
Port:(504.8, 141.4)(623.1, 141.4)(623.1, 290.8)(504.8, 290.8);GATE
Port:(510.3, 145.9)(617.6, 145.9)(617.6, 151.5)(510.3, 151.5);SD
Module:M1
Boundary:(764.8, 240.3)(764.8, 273.3)(764.6, 273.3)(764.6, 289.9)(663.1, 289.9)(663.1, 240.3);GATE
Port:(663.1, 253.2)(667.9, 253.2)(667.9, 277.0)(663.1, 277.0);SD
Port:(764.8, 240.3)(764.8, 273.3)(764.6, 273.3)(764.6, 289.9)(669.6, 289.9)(669.6, 240.3);GATE
Port:(754.7, 245.3)(760.8, 245.3)(760.8, 268.3)(754.7, 268.3);SD
Module:M6
Boundary:(226.8, 353.6)(226.8, 473.4)(10.0, 473.4)(10.0, 353.6);GATE
Port:(10.0, 368.2)(14.2, 368.2)(14.2, 458.8)(10.0, 458.8);SD
Port:(226.8, 353.6)(226.8, 473.4)(16.1, 473.4)(16.1, 353.6);GATE
Port:(215.6, 360.4)(221.0, 360.4)(221.0, 466.6)(215.6, 466.6);SD
Module:M2
Boundary:(582.0, 338.5)(582.0, 439.8)(581.7, 439.8)(581.7, 456.4)(409.1, 456.4)(409.1, 338.5);GATE
Port:(409.1, 352.3)(413.2, 352.3)(413.2, 442.6)(409.1, 442.6);SD
Port:(582.0, 338.5)(582.0, 439.8)(581.7, 439.8)(581.7, 456.4)(414.9, 456.4)(414.9, 338.5);GATE
Port:(570.7, 345.1)(576.4, 345.1)(576.4, 433.2)(570.7, 433.2);SD
Module:M16
Boundary:(786.1, 133.7)(786.1, 184.5)(786.0, 184.5)(786.0, 200.3)(643.1, 200.3)(643.1, 133.7);GATE
Port:(643.1, 147.4)(648.6, 147.4)(648.6, 186.6)(643.1, 186.6);SD
Port:(786.1, 133.7)(786.1, 184.5)(786.0, 184.5)(786.0, 200.3)(650.4, 200.3)(650.4, 133.7);GATE
Port:(774.4, 139.9)(780.9, 139.9)(780.9, 178.3)(774.4, 178.3);SD
Module:M13
Boundary:(246.8, 392.0)(348.6, 392.0)(348.6, 475.1)(246.8, 475.1);GATE
Port:(261.5, 469.6)(333.9, 469.6)(333.9, 475.1)(261.5, 475.1);SD
Port:(246.8, 392.0)(348.6, 392.0)(348.6, 468.1)(246.8, 468.1);GATE
Port:(253.1, 397.3)(342.3, 397.3)(342.3, 404.1)(253.1, 404.1);SD
Module:M10
Boundary:(334.0, 10.0)(334.0, 102.3)(333.9, 102.3)(333.9, 120.3)(133.1, 120.3)(133.1, 10.0);GATE
Port:(133.1, 25.3)(138.2, 25.3)(138.2, 105.0)(133.1, 105.0);SD
Port:(334.0, 10.0)(334.0, 102.3)(333.9, 102.3)(333.9, 120.3)(140.5, 120.3)(140.5, 10.0);GATE
Port:(321.7, 16.6)(328.4, 16.6)(328.4, 95.7)(321.7, 95.7);SD
Module:M7
Boundary:(20.0, 20.0)(86.4, 20.0)(86.4, 20.2)(103.1, 20.2)(103.1, 94.1)(20.0, 94.1);GATE
Port:(32.6, 89.3)(90.5, 89.3)(90.5, 94.1)(32.6, 94.1);SD
Port:(20.0, 20.0)(86.4, 20.0)(86.4, 20.2)(103.1, 20.2)(103.1, 88.1)(20.0, 88.1);GATE
Port:(25.5, 24.5)(80.9, 24.5)(80.9, 30.1)(25.5, 30.1);SD
Module:M3
Boundary:(81.7, 124.1)(81.7, 202.6)(10.0, 202.6)(10.0, 124.1);GATE
Port:(10.0, 137.1)(14.9, 137.1)(14.9, 189.6)(10.0, 189.6);SD
Port:(81.7, 124.1)(81.7, 202.6)(17.4, 202.6)(17.4, 124.1);GATE
Port:(70.4, 129.6)(77.2, 129.6)(77.2, 197.1)(70.4, 197.1);SD
Module:M15
Boundary:(10.0, 222.6)(82.7, 222.6)(82.7, 222.8)(96.6, 222.8)(96.6, 333.6)(10.0, 333.6);GATE
Port:(22.0, 328.2)(84.6, 328.2)(84.6, 333.6)(22.0, 333.6);SD
Port:(10.0, 222.6)(82.7, 222.6)(82.7, 222.8)(96.6, 222.8)(96.6, 326.1)(10.0, 326.1);GATE
Port:(16.3, 227.9)(76.4, 227.9)(76.4, 232.9)(16.3, 232.9);SD
Module:M12
Boundary:(793.2, 10.0)(793.2, 113.7)(589.5, 113.7)(589.5, 10.0);GATE
Port:(589.5, 24.5)(593.8, 24.5)(593.8, 99.2)(589.5, 99.2);SD
Port:(793.2, 10.0)(793.2, 113.7)(594.9, 113.7)(594.9, 10.0);GATE
Port:(781.4, 16.4)(787.8, 16.4)(787.8, 107.3)(781.4, 107.3);SD
Module:M8
Boundary:(794.3, 339.9)(794.3, 465.0)(622.0, 465.0)(622.0, 339.9);GATE
Port:(622.0, 354.3)(627.7, 354.3)(627.7, 450.6)(622.0, 450.6);SD
Port:(794.3, 339.9)(794.3, 465.0)(630.7, 465.0)(630.7, 339.9);GATE
Port:(782.4, 345.2)(790.0, 345.2)(790.0, 459.7)(782.4, 459.7);SD
Module:M4
Boundary:(409.1, 151.4)(474.8, 151.4)(474.8, 298.5)(409.1, 298.5);GATE
Port:(422.8, 293.2)(461.1, 293.2)(461.1, 298.5)(422.8, 298.5);SD
Port:(409.1, 151.4)(474.8, 151.4)(474.8, 291.7)(409.1, 291.7);GATE
Port:(414.4, 155.7)(469.5, 155.7)(469.5, 163.2)(414.4, 163.2);SD
