Area:(-30.0, -30.0)(529.1, -30.0)(529.1, 740.5)(-30.0, 740.5)
Rule:GATE(5,5);SD(5,5);GATE_SD(0.5);GATE_ITO(0.5);SD_ITO(0.5)
Module:M14
Boundary:(30.0, 30.0)(79.0, 30.0)(79.0, 131.9)(30.0, 131.9);GATE
Port:(43.4, 127.4)(65.6, 127.4)(65.6, 131.9)(43.4, 131.9);SD
Port:(30.0, 30.0)(79.0, 30.0)(79.0, 125.8)(30.0, 125.8);GATE
Port:(36.9, 35.9)(72.1, 35.9)(72.1, 41.2)(36.9, 41.2);SD
Module:M9
Boundary:(219.2, 480.1)(219.2, 533.6)(219.2, 533.6)(219.2, 552.3)(120.8, 552.3)(120.8, 480.1);GATE
Port:(120.8, 493.8)(125.6, 493.8)(125.6, 538.6)(120.8, 538.6);SD
Port:(219.2, 480.1)(219.2, 533.6)(219.2, 533.6)(219.2, 552.3)(128.2, 552.3)(128.2, 480.1);GATE
Port:(208.7, 485.5)(214.8, 485.5)(214.8, 528.2)(208.7, 528.2);SD
Module:M5
Boundary:(352.5, 264.0)(352.5, 355.4)(352.2, 355.4)(352.2, 369.8)(235.2, 369.8)(235.2, 264.0);GATE
Port:(235.2, 277.8)(239.9, 277.8)(239.9, 356.0)(235.2, 356.0);SD
Port:(352.5, 264.0)(352.5, 355.4)(352.2, 355.4)(352.2, 369.8)(242.9, 369.8)(242.9, 264.0);GATE
Port:(340.4, 269.4)(348.1, 269.4)(348.1, 350.0)(340.4, 350.0);SD
Module:M11
Boundary:(273.9, 480.1)(308.1, 480.1)(308.1, 480.3)(325.3, 480.3)(325.3, 611.7)(273.9, 611.7);GATE
Port:(287.6, 607.3)(311.6, 607.3)(311.6, 611.7)(287.6, 611.7);SD
Port:(273.9, 480.1)(308.1, 480.1)(308.1, 480.3)(325.3, 480.3)(325.3, 604.6)(273.9, 604.6);GATE
Port:(280.3, 485.5)(301.7, 485.5)(301.7, 490.7)(280.3, 490.7);SD
Module:M1
Boundary:(168.0, 244.0)(168.0, 329.9)(167.8, 329.9)(167.8, 347.1)(30.0, 347.1)(30.0, 244.0);GATE
Port:(30.0, 257.4)(34.2, 257.4)(34.2, 333.7)(30.0, 333.7);SD
Port:(168.0, 244.0)(168.0, 329.9)(167.8, 329.9)(167.8, 347.1)(35.5, 347.1)(35.5, 244.0);GATE
Port:(157.4, 250.1)(162.9, 250.1)(162.9, 323.8)(157.4, 323.8);SD
Module:M6
Boundary:(323.1, 399.8)(323.1, 446.2)(322.9, 446.2)(322.9, 460.1)(120.8, 460.1)(120.8, 399.8);GATE
Port:(120.8, 413.0)(126.5, 413.0)(126.5, 446.9)(120.8, 446.9);SD
Port:(323.1, 399.8)(323.1, 446.2)(322.9, 446.2)(322.9, 460.1)(128.1, 460.1)(128.1, 399.8);GATE
Port:(312.2, 406.7)(317.2, 406.7)(317.2, 439.3)(312.2, 439.3);SD
Module:M2
Boundary:(409.8, 127.5)(409.8, 224.0)(235.2, 224.0)(235.2, 127.5);GATE
Port:(235.2, 141.8)(241.1, 141.8)(241.1, 209.7)(235.2, 209.7);SD
Port:(409.8, 127.5)(409.8, 224.0)(242.7, 224.0)(242.7, 127.5);GATE
Port:(398.1, 134.4)(403.9, 134.4)(403.9, 217.1)(398.1, 217.1);SD
Module:M16
Boundary:(225.2, 10.0)(290.6, 10.0)(290.6, 82.5)(225.2, 82.5);GATE
Port:(238.9, 77.3)(276.9, 77.3)(276.9, 82.5)(238.9, 82.5);SD
Port:(225.2, 10.0)(290.6, 10.0)(290.6, 75.6)(225.2, 75.6);GATE
Port:(230.4, 14.2)(285.4, 14.2)(285.4, 20.8)(230.4, 20.8);SD
Module:M13
Boundary:(119.0, 10.0)(191.2, 10.0)(191.2, 10.3)(205.2, 10.3)(205.2, 204.0)(119.0, 204.0);GATE
Port:(131.0, 198.4)(193.2, 198.4)(193.2, 204.0)(131.0, 204.0);SD
Port:(119.0, 10.0)(191.2, 10.0)(191.2, 10.3)(205.2, 10.3)(205.2, 195.4)(119.0, 195.4);GATE
Port:(124.3, 14.3)(185.9, 14.3)(185.9, 20.2)(124.3, 20.2);SD
Module:M10
Boundary:(10.0, 574.1)(77.1, 574.1)(77.1, 685.3)(10.0, 685.3);GATE
Port:(23.1, 680.5)(64.0, 680.5)(64.0, 685.3)(23.1, 685.3);SD
Port:(10.0, 574.1)(77.1, 574.1)(77.1, 678.0)(10.0, 678.0);GATE
Port:(15.9, 579.0)(71.2, 579.0)(71.2, 584.0)(15.9, 584.0);SD
Module:M7
Boundary:(20.0, 397.1)(90.8, 397.1)(90.8, 544.1)(20.0, 544.1);GATE
Port:(34.5, 539.2)(76.3, 539.2)(76.3, 544.1)(34.5, 544.1);SD
Port:(20.0, 397.1)(90.8, 397.1)(90.8, 537.7)(20.0, 537.7);GATE
Port:(26.8, 402.9)(84.0, 402.9)(84.0, 408.3)(26.8, 408.3);SD
Module:M3
Boundary:(382.5, 254.0)(471.6, 254.0)(471.6, 254.3)(489.1, 254.3)(489.1, 456.6)(382.5, 456.6);GATE
Port:(397.2, 452.5)(474.4, 452.5)(474.4, 456.6)(397.2, 456.6);SD
Port:(382.5, 254.0)(471.6, 254.0)(471.6, 254.3)(489.1, 254.3)(489.1, 450.6)(382.5, 450.6);GATE
Port:(389.1, 259.6)(465.0, 259.6)(465.0, 265.3)(389.1, 265.3);SD
Module:M15
Boundary:(266.8, 654.1)(266.8, 686.3)(266.6, 686.3)(266.6, 700.5)(97.1, 700.5)(97.1, 654.1);GATE
Port:(97.1, 667.0)(102.0, 667.0)(102.0, 687.6)(97.1, 687.6);SD
Port:(266.8, 654.1)(266.8, 686.3)(266.6, 686.3)(266.6, 700.5)(103.1, 700.5)(103.1, 654.1);GATE
Port:(256.1, 659.8)(262.1, 659.8)(262.1, 680.6)(256.1, 680.6);SD
Module:M12
Boundary:(253.9, 574.1)(253.9, 619.7)(253.7, 619.7)(253.7, 634.1)(97.1, 634.1)(97.1, 574.1);GATE
Port:(97.1, 586.2)(101.9, 586.2)(101.9, 622.0)(97.1, 622.0);SD
Port:(253.9, 574.1)(253.9, 619.7)(253.7, 619.7)(253.7, 634.1)(104.1, 634.1)(104.1, 574.1);GATE
Port:(243.6, 579.1)(249.9, 579.1)(249.9, 614.7)(243.6, 614.7);SD
Module:M8
Boundary:(355.3, 486.6)(477.0, 486.6)(477.0, 688.3)(355.3, 688.3);GATE
Port:(369.7, 682.5)(462.6, 682.5)(462.6, 688.3)(369.7, 688.3);SD
Port:(355.3, 486.6)(477.0, 486.6)(477.0, 680.7)(355.3, 680.7);GATE
Port:(361.5, 491.8)(470.8, 491.8)(470.8, 498.0)(361.5, 498.0);SD
Module:M4
Boundary:(458.6, 20.0)(458.6, 87.5)(320.6, 87.5)(320.6, 20.0);GATE
Port:(320.6, 33.5)(325.1, 33.5)(325.1, 74.0)(320.6, 74.0);SD
Port:(458.6, 20.0)(458.6, 87.5)(326.1, 87.5)(326.1, 20.0);GATE
Port:(447.5, 25.6)(454.0, 25.6)(454.0, 81.9)(447.5, 81.9);SD
