Area:(-30.0, -30.0)(556.4, -30.0)(556.4, 670.1)(-30.0, 670.1)
Rule:GATE(5,5);SD(5,5);GATE_SD(0.5);GATE_ITO(0.5);SD_ITO(0.5)
Module:M14
Boundary:(413.2, 257.7)(483.7, 257.7)(483.7, 356.6)(413.2, 356.6);GATE
Port:(428.9, 352.3)(468.0, 352.3)(468.0, 356.6)(428.9, 356.6);SD
Port:(413.2, 257.7)(483.7, 257.7)(483.7, 350.2)(413.2, 350.2);GATE
Port:(420.0, 263.5)(476.9, 263.5)(476.9, 270.4)(420.0, 270.4);SD
Module:M9
Boundary:(306.3, 10.0)(380.7, 10.0)(380.7, 10.3)(399.5, 10.3)(399.5, 138.9)(306.3, 138.9);GATE
Port:(321.2, 133.1)(384.6, 133.1)(384.6, 138.9)(321.2, 138.9);SD
Port:(306.3, 10.0)(380.7, 10.0)(380.7, 10.3)(399.5, 10.3)(399.5, 131.6)(306.3, 131.6);GATE
Port:(312.0, 14.7)(375.0, 14.7)(375.0, 21.5)(312.0, 21.5);SD
Module:M5
Boundary:(186.8, 20.0)(186.8, 115.0)(20.0, 115.0)(20.0, 20.0);GATE
Port:(20.0, 35.6)(25.3, 35.6)(25.3, 99.4)(20.0, 99.4);SD
Port:(186.8, 20.0)(186.8, 115.0)(26.3, 115.0)(26.3, 20.0);GATE
Port:(174.0, 26.7)(181.1, 26.7)(181.1, 108.3)(174.0, 108.3);SD
Module:M11
Boundary:(419.5, 10.0)(489.8, 10.0)(489.8, 10.3)(506.7, 10.3)(506.7, 217.7)(419.5, 217.7);GATE
Port:(433.9, 212.5)(492.3, 212.5)(492.3, 217.7)(433.9, 217.7);SD
Port:(419.5, 10.0)(489.8, 10.0)(489.8, 10.3)(506.7, 10.3)(506.7, 210.4)(419.5, 210.4);GATE
Port:(425.6, 15.1)(483.7, 15.1)(483.7, 21.5)(425.6, 21.5);SD
Module:M1
Boundary:(160.5, 381.8)(248.0, 381.8)(248.0, 381.9)(262.4, 381.9)(262.4, 481.7)(160.5, 481.7);GATE
Port:(171.8, 476.4)(251.1, 476.4)(251.1, 481.7)(171.8, 481.7);SD
Port:(160.5, 381.8)(248.0, 381.8)(248.0, 381.9)(262.4, 381.9)(262.4, 474.7)(160.5, 474.7);GATE
Port:(166.0, 386.3)(242.5, 386.3)(242.5, 391.5)(166.0, 391.5);SD
Module:M6
Boundary:(196.2, 145.0)(196.2, 216.3)(196.0, 216.3)(196.0, 229.8)(10.0, 229.8)(10.0, 145.0);GATE
Port:(10.0, 157.1)(15.5, 157.1)(15.5, 217.7)(10.0, 217.7);SD
Port:(196.2, 145.0)(196.2, 216.3)(196.0, 216.3)(196.0, 229.8)(17.9, 229.8)(17.9, 145.0);GATE
Port:(185.9, 150.1)(192.1, 150.1)(192.1, 211.2)(185.9, 211.2);SD
Module:M2
Boundary:(171.1, 259.8)(171.1, 311.9)(170.8, 311.9)(170.8, 328.6)(20.0, 328.6)(20.0, 259.8);GATE
Port:(20.0, 273.5)(25.1, 273.5)(25.1, 314.9)(20.0, 314.9);SD
Port:(171.1, 259.8)(171.1, 311.9)(170.8, 311.9)(170.8, 328.6)(26.6, 328.6)(26.6, 259.8);GATE
Port:(160.2, 266.7)(165.2, 266.7)(165.2, 305.0)(160.2, 305.0);SD
Module:M16
Boundary:(120.5, 358.6)(120.5, 406.6)(10.0, 406.6)(10.0, 358.6);GATE
Port:(10.0, 371.1)(14.2, 371.1)(14.2, 394.1)(10.0, 394.1);SD
Port:(120.5, 358.6)(120.5, 406.6)(15.7, 406.6)(15.7, 358.6);GATE
Port:(109.5, 365.0)(115.1, 365.0)(115.1, 400.2)(109.5, 400.2);SD
Module:M13
Boundary:(515.7, 485.9)(515.7, 538.3)(352.8, 538.3)(352.8, 485.9);GATE
Port:(352.8, 500.9)(358.6, 500.9)(358.6, 523.3)(352.8, 523.3);SD
Port:(515.7, 485.9)(515.7, 538.3)(359.9, 538.3)(359.9, 485.9);GATE
Port:(503.7, 492.4)(510.2, 492.4)(510.2, 531.8)(503.7, 531.8);SD
Module:M10
Boundary:(306.3, 158.9)(373.2, 158.9)(373.2, 355.0)(306.3, 355.0);GATE
Port:(319.5, 351.0)(360.0, 351.0)(360.0, 355.0)(319.5, 355.0);SD
Port:(306.3, 158.9)(373.2, 158.9)(373.2, 349.7)(306.3, 349.7);GATE
Port:(311.9, 163.5)(367.6, 163.5)(367.6, 169.3)(311.9, 169.3);SD
Module:M7
Boundary:(20.0, 436.6)(69.6, 436.6)(69.6, 436.7)(86.0, 436.7)(86.0, 600.9)(20.0, 600.9);GATE
Port:(33.1, 596.0)(72.9, 596.0)(72.9, 600.9)(33.1, 600.9);SD
Port:(20.0, 436.6)(69.6, 436.6)(69.6, 436.7)(86.0, 436.7)(86.0, 593.2)(20.0, 593.2);GATE
Port:(25.7, 441.3)(63.9, 441.3)(63.9, 446.9)(25.7, 446.9);SD
Module:M3
Boundary:(216.8, 10.0)(286.3, 10.0)(286.3, 232.8)(216.8, 232.8);GATE
Port:(230.9, 227.5)(272.2, 227.5)(272.2, 232.8)(230.9, 232.8);SD
Port:(216.8, 10.0)(286.3, 10.0)(286.3, 225.7)(216.8, 225.7);GATE
Port:(222.8, 15.0)(280.3, 15.0)(280.3, 20.9)(222.8, 20.9);SD
Module:M15
Boundary:(516.4, 558.3)(516.4, 612.5)(516.1, 612.5)(516.1, 630.1)(352.8, 630.1)(352.8, 558.3);GATE
Port:(352.8, 572.9)(357.0, 572.9)(357.0, 615.5)(352.8, 615.5);SD
Port:(516.4, 558.3)(516.4, 612.5)(516.1, 612.5)(516.1, 630.1)(359.1, 630.1)(359.1, 558.3);GATE
Port:(504.8, 565.3)(510.4, 565.3)(510.4, 605.5)(504.8, 605.5);SD
Module:M12
Boundary:(476.5, 396.6)(476.5, 453.0)(476.2, 453.0)(476.2, 465.9)(306.3, 465.9)(306.3, 396.6);GATE
Port:(306.3, 408.9)(311.8, 408.9)(311.8, 453.6)(306.3, 453.6);SD
Port:(476.5, 396.6)(476.5, 453.0)(476.2, 453.0)(476.2, 465.9)(314.7, 465.9)(314.7, 396.6);GATE
Port:(466.1, 403.3)(470.8, 403.3)(470.8, 446.3)(466.1, 446.3);SD
Module:M8
Boundary:(211.1, 262.8)(257.1, 262.8)(257.1, 263.0)(273.0, 263.0)(273.0, 331.8)(211.1, 331.8);GATE
Port:(222.7, 326.3)(261.4, 326.3)(261.4, 331.8)(222.7, 331.8);SD
Port:(211.1, 262.8)(257.1, 262.8)(257.1, 263.0)(273.0, 263.0)(273.0, 324.9)(211.1, 324.9);GATE
Port:(216.5, 267.2)(251.7, 267.2)(251.7, 271.5)(216.5, 271.5);SD
Module:M4
Boundary:(322.8, 531.7)(322.8, 597.2)(322.5, 597.2)(322.5, 614.1)(126.0, 614.1)(126.0, 531.7);GATE
Port:(126.0, 544.3)(130.1, 544.3)(130.1, 601.5)(126.0, 601.5);SD
Port:(322.8, 531.7)(322.8, 597.2)(322.5, 597.2)(322.5, 614.1)(131.7, 614.1)(131.7, 531.7);GATE
Port:(313.4, 537.1)(318.4, 537.1)(318.4, 591.8)(313.4, 591.8);SD
