Area:(-20.0, -30.0)(766.7, -30.0)(766.7, 453.5)(-20.0, 453.5)
Rule:GATE(5,5);SD(5,5);GATE_SD(0.5);GATE_ITO(0.5);SD_ITO(0.5)
Module:M14
Boundary:(422.8, 165.5)(461.2, 165.5)(461.2, 165.5)(478.6, 165.5)(478.6, 273.4)(422.8, 273.4);GATE
Port:(438.2, 267.5)(463.2, 267.5)(463.2, 273.4)(438.2, 273.4);SD
Port:(422.8, 165.5)(461.2, 165.5)(461.2, 165.5)(478.6, 165.5)(478.6, 265.9)(422.8, 265.9);GATE
Port:(429.2, 170.9)(454.8, 170.9)(454.8, 178.4)(429.2, 178.4);SD
Module:M9
Boundary:(636.2, 10.0)(707.4, 10.0)(707.4, 10.4)(725.6, 10.4)(725.6, 102.3)(636.2, 102.3);GATE
Port:(649.8, 96.8)(712.0, 96.8)(712.0, 102.3)(649.8, 102.3);SD
Port:(636.2, 10.0)(707.4, 10.0)(707.4, 10.4)(725.6, 10.4)(725.6, 94.3)(636.2, 94.3);GATE
Port:(641.8, 14.6)(701.8, 14.6)(701.8, 20.7)(641.8, 20.7);SD
Module:M5
Boundary:(20.0, 20.0)(107.6, 20.0)(107.6, 169.0)(20.0, 169.0);GATE
Port:(35.0, 163.6)(92.6, 163.6)(92.6, 169.0)(35.0, 169.0);SD
Port:(20.0, 20.0)(107.6, 20.0)(107.6, 162.0)(20.0, 162.0);GATE
Port:(26.7, 25.7)(100.9, 25.7)(100.9, 32.1)(26.7, 32.1);SD
Module:M11
Boundary:(616.2, 10.0)(616.2, 104.1)(539.4, 104.1)(539.4, 10.0);GATE
Port:(539.4, 23.6)(545.2, 23.6)(545.2, 90.5)(539.4, 90.5);SD
Port:(616.2, 10.0)(616.2, 104.1)(548.1, 104.1)(548.1, 10.0);GATE
Port:(604.8, 16.4)(610.8, 16.4)(610.8, 97.7)(604.8, 97.7);SD
Module:M1
Boundary:(362.8, 165.1)(362.8, 275.7)(278.1, 275.7)(278.1, 165.1);GATE
Port:(278.1, 178.2)(282.4, 178.2)(282.4, 262.6)(278.1, 262.6);SD
Port:(362.8, 165.1)(362.8, 275.7)(283.6, 275.7)(283.6, 165.1);GATE
Port:(351.7, 172.0)(356.9, 172.0)(356.9, 268.8)(351.7, 268.8);SD
Module:M6
Boundary:(137.6, 10.0)(185.4, 10.0)(185.4, 10.0)(200.9, 10.0)(200.9, 176.2)(137.6, 176.2);GATE
Port:(150.1, 171.9)(188.4, 171.9)(188.4, 176.2)(150.1, 176.2);SD
Port:(137.6, 10.0)(185.4, 10.0)(185.4, 10.0)(200.9, 10.0)(200.9, 169.7)(137.6, 169.7);GATE
Port:(143.0, 14.4)(180.0, 14.4)(180.0, 20.5)(143.0, 20.5);SD
Module:M2
Boundary:(695.4, 312.9)(695.4, 378.6)(695.2, 378.6)(695.2, 394.9)(567.0, 394.9)(567.0, 312.9);GATE
Port:(567.0, 325.5)(572.5, 325.5)(572.5, 382.3)(567.0, 382.3);SD
Port:(695.4, 312.9)(695.4, 378.6)(695.2, 378.6)(695.2, 394.9)(574.5, 394.9)(574.5, 312.9);GATE
Port:(684.9, 319.1)(690.2, 319.1)(690.2, 372.4)(684.9, 372.4);SD
Module:M16
Boundary:(726.7, 204.0)(726.7, 282.9)(518.6, 282.9)(518.6, 204.0);GATE
Port:(518.6, 216.2)(524.3, 216.2)(524.3, 270.7)(518.6, 270.7);SD
Port:(726.7, 204.0)(726.7, 282.9)(527.1, 282.9)(527.1, 204.0);GATE
Port:(717.2, 209.0)(722.7, 209.0)(722.7, 277.9)(717.2, 277.9);SD
Module:M13
Boundary:(723.1, 124.1)(723.1, 170.3)(723.1, 170.3)(723.1, 184.0)(539.4, 184.0)(539.4, 124.1);GATE
Port:(539.4, 136.6)(543.8, 136.6)(543.8, 171.5)(539.4, 171.5);SD
Port:(723.1, 124.1)(723.1, 170.3)(723.1, 170.3)(723.1, 184.0)(545.5, 184.0)(545.5, 124.1);GATE
Port:(712.2, 130.4)(717.8, 130.4)(717.8, 164.0)(712.2, 164.0);SD
Module:M10
Boundary:(373.0, 316.7)(373.0, 413.5)(156.9, 413.5)(156.9, 316.7);GATE
Port:(156.9, 329.4)(161.2, 329.4)(161.2, 400.8)(156.9, 400.8);SD
Port:(373.0, 316.7)(373.0, 413.5)(163.0, 413.5)(163.0, 316.7);GATE
Port:(362.1, 322.7)(368.0, 322.7)(368.0, 407.5)(362.1, 407.5);SD
Module:M7
Boundary:(166.9, 206.2)(228.1, 206.2)(228.1, 286.7)(166.9, 286.7);GATE
Port:(179.4, 281.5)(215.6, 281.5)(215.6, 286.7)(179.4, 286.7);SD
Port:(166.9, 206.2)(228.1, 206.2)(228.1, 278.5)(166.9, 278.5);GATE
Port:(172.8, 211.1)(222.2, 211.1)(222.2, 217.1)(172.8, 217.1);SD
Module:M3
Boundary:(220.9, 10.0)(289.9, 10.0)(289.9, 10.1)(306.2, 10.1)(306.2, 125.1)(220.9, 125.1);GATE
Port:(235.7, 119.1)(291.4, 119.1)(291.4, 125.1)(235.7, 125.1);SD
Port:(220.9, 10.0)(289.9, 10.0)(289.9, 10.1)(306.2, 10.1)(306.2, 116.3)(220.9, 116.3);GATE
Port:(227.2, 15.3)(283.6, 15.3)(283.6, 21.9)(227.2, 21.9);SD
Module:M15
Boundary:(450.0, 10.0)(503.0, 10.0)(503.0, 10.0)(519.4, 10.0)(519.4, 125.5)(450.0, 125.5);GATE
Port:(464.6, 120.3)(504.8, 120.3)(504.8, 125.5)(464.6, 125.5);SD
Port:(450.0, 10.0)(503.0, 10.0)(503.0, 10.0)(519.4, 10.0)(519.4, 118.0)(450.0, 118.0);GATE
Port:(456.9, 15.9)(496.1, 15.9)(496.1, 21.9)(456.9, 21.9);SD
Module:M12
Boundary:(326.2, 10.0)(430.0, 10.0)(430.0, 120.8)(326.2, 120.8);GATE
Port:(338.0, 115.1)(418.2, 115.1)(418.2, 120.8)(338.0, 120.8);SD
Port:(326.2, 10.0)(430.0, 10.0)(430.0, 113.6)(326.2, 113.6);GATE
Port:(331.7, 14.5)(424.5, 14.5)(424.5, 20.0)(331.7, 20.0);SD
Module:M8
Boundary:(527.0, 325.7)(527.0, 390.1)(526.8, 390.1)(526.8, 405.8)(403.0, 405.8)(403.0, 325.7);GATE
Port:(403.0, 338.9)(407.4, 338.9)(407.4, 392.6)(403.0, 392.6);SD
Port:(527.0, 325.7)(527.0, 390.1)(526.8, 390.1)(526.8, 405.8)(409.0, 405.8)(409.0, 325.7);GATE
Port:(516.5, 331.4)(522.3, 331.4)(522.3, 384.4)(516.5, 384.4);SD
Module:M4
Boundary:(20.0, 209.0)(126.9, 209.0)(126.9, 378.4)(20.0, 378.4);GATE
Port:(31.6, 374.2)(115.3, 374.2)(115.3, 378.4)(31.6, 378.4);SD
Port:(20.0, 209.0)(126.9, 209.0)(126.9, 371.6)(20.0, 371.6);GATE
Port:(26.0, 214.0)(120.9, 214.0)(120.9, 218.6)(26.0, 218.6);SD
