Area:(-30.0, -20.0)(525.6, -20.0)(525.6, 705.1)(-30.0, 705.1)
Rule:GATE(5,5);SD(5,5);GATE_SD(0.5);GATE_ITO(0.5);SD_ITO(0.5)
Module:M14
Boundary:(30.0, 475.7)(124.3, 475.7)(124.3, 576.3)(30.0, 576.3);GATE
Port:(44.2, 570.4)(110.1, 570.4)(110.1, 576.3)(44.2, 576.3);SD
Port:(30.0, 475.7)(124.3, 475.7)(124.3, 568.0)(30.0, 568.0);GATE
Port:(36.0, 480.7)(118.3, 480.7)(118.3, 487.9)(36.0, 487.9);SD
Module:M9
Boundary:(422.8, 173.0)(485.6, 173.0)(485.6, 293.6)(422.8, 293.6);GATE
Port:(435.7, 289.0)(472.7, 289.0)(472.7, 293.6)(435.7, 293.6);SD
Port:(422.8, 173.0)(485.6, 173.0)(485.6, 286.8)(422.8, 286.8);GATE
Port:(428.2, 177.4)(480.2, 177.4)(480.2, 184.1)(428.2, 184.1);SD
Module:M5
Boundary:(287.6, 262.4)(287.6, 382.3)(143.6, 382.3)(143.6, 262.4);GATE
Port:(143.6, 276.3)(147.9, 276.3)(147.9, 368.4)(143.6, 368.4);SD
Port:(287.6, 262.4)(287.6, 382.3)(149.2, 382.3)(149.2, 262.4);GATE
Port:(276.9, 268.2)(282.8, 268.2)(282.8, 376.5)(276.9, 376.5);SD
Module:M11
Boundary:(402.8, 252.4)(402.8, 339.6)(317.6, 339.6)(317.6, 252.4);GATE
Port:(317.6, 266.3)(323.1, 266.3)(323.1, 325.7)(317.6, 325.7);SD
Port:(402.8, 252.4)(402.8, 339.6)(326.1, 339.6)(326.1, 252.4);GATE
Port:(390.4, 258.8)(397.4, 258.8)(397.4, 333.2)(390.4, 333.2);SD
Module:M1
Boundary:(267.2, 30.0)(329.3, 30.0)(329.3, 30.3)(344.3, 30.3)(344.3, 124.1)(267.2, 124.1);GATE
Port:(279.5, 118.1)(332.0, 118.1)(332.0, 124.1)(279.5, 124.1);SD
Port:(267.2, 30.0)(329.3, 30.0)(329.3, 30.3)(344.3, 30.3)(344.3, 116.9)(267.2, 116.9);GATE
Port:(272.4, 34.2)(324.1, 34.2)(324.1, 40.4)(272.4, 40.4);SD
Module:M6
Boundary:(290.0, 412.3)(323.6, 412.3)(323.6, 412.4)(339.5, 412.4)(339.5, 516.0)(290.0, 516.0);GATE
Port:(303.0, 511.9)(326.5, 511.9)(326.5, 516.0)(303.0, 516.0);SD
Port:(290.0, 412.3)(323.6, 412.3)(323.6, 412.4)(339.5, 412.4)(339.5, 509.7)(290.0, 509.7);GATE
Port:(296.2, 417.5)(317.4, 417.5)(317.4, 423.2)(296.2, 423.2);SD
Module:M2
Boundary:(20.0, 20.0)(94.5, 20.0)(94.5, 20.0)(108.7, 20.0)(108.7, 116.4)(20.0, 116.4);GATE
Port:(32.5, 112.3)(96.2, 112.3)(96.2, 116.4)(32.5, 116.4);SD
Port:(20.0, 20.0)(94.5, 20.0)(94.5, 20.0)(108.7, 20.0)(108.7, 109.4)(20.0, 109.4);GATE
Port:(25.9, 24.9)(88.6, 24.9)(88.6, 30.5)(25.9, 30.5);SD
Module:M16
Boundary:(396.3, 173.0)(396.3, 219.0)(396.2, 219.0)(396.2, 232.4)(212.9, 232.4)(212.9, 173.0);GATE
Port:(212.9, 186.1)(218.6, 186.1)(218.6, 219.3)(212.9, 219.3);SD
Port:(396.3, 173.0)(396.3, 219.0)(396.2, 219.0)(396.2, 232.4)(220.0, 232.4)(220.0, 173.0);GATE
Port:(385.0, 179.0)(391.3, 179.0)(391.3, 213.0)(385.0, 213.0);SD
Module:M13
Boundary:(164.3, 412.3)(270.0, 412.3)(270.0, 596.0)(164.3, 596.0);GATE
Port:(178.9, 591.7)(255.4, 591.7)(255.4, 596.0)(178.9, 596.0);SD
Port:(164.3, 412.3)(270.0, 412.3)(270.0, 589.7)(164.3, 589.7);GATE
Port:(170.9, 417.9)(263.4, 417.9)(263.4, 423.5)(170.9, 423.5);SD
Module:M10
Boundary:(192.9, 147.6)(192.9, 212.3)(10.0, 212.3)(10.0, 147.6);GATE
Port:(10.0, 162.0)(15.1, 162.0)(15.1, 197.9)(10.0, 197.9);SD
Port:(192.9, 147.6)(192.9, 212.3)(17.6, 212.3)(17.6, 147.6);GATE
Port:(180.9, 154.5)(187.0, 154.5)(187.0, 205.4)(180.9, 205.4);SD
Module:M7
Boundary:(369.5, 369.6)(468.6, 369.6)(468.6, 537.6)(369.5, 537.6);GATE
Port:(383.2, 533.4)(454.9, 533.4)(454.9, 537.6)(383.2, 537.6);SD
Port:(369.5, 369.6)(468.6, 369.6)(468.6, 531.5)(369.5, 531.5);GATE
Port:(376.3, 375.4)(461.8, 375.4)(461.8, 380.4)(376.3, 380.4);SD
Module:M3
Boundary:(485.3, 567.6)(485.3, 642.9)(485.3, 642.9)(485.3, 661.8)(290.0, 661.8)(290.0, 567.6);GATE
Port:(290.0, 582.8)(295.2, 582.8)(295.2, 646.6)(290.0, 646.6);SD
Port:(485.3, 567.6)(485.3, 642.9)(485.3, 642.9)(485.3, 661.8)(297.6, 661.8)(297.6, 567.6);GATE
Port:(473.5, 574.1)(479.8, 574.1)(479.8, 636.4)(473.5, 636.4);SD
Module:M15
Boundary:(10.0, 232.3)(113.6, 232.3)(113.6, 435.7)(10.0, 435.7);GATE
Port:(23.6, 430.6)(100.0, 430.6)(100.0, 435.7)(23.6, 435.7);SD
Port:(10.0, 232.3)(113.6, 232.3)(113.6, 429.1)(10.0, 429.1);GATE
Port:(15.2, 236.5)(108.4, 236.5)(108.4, 243.7)(15.2, 243.7);SD
Module:M12
Boundary:(192.9, 616.3)(192.9, 648.3)(192.9, 648.3)(192.9, 665.1)(10.0, 665.1)(10.0, 616.3);GATE
Port:(10.0, 628.7)(15.5, 628.7)(15.5, 652.7)(10.0, 652.7);SD
Port:(192.9, 616.3)(192.9, 648.3)(192.9, 648.3)(192.9, 665.1)(16.6, 665.1)(16.6, 616.3);GATE
Port:(183.1, 621.5)(188.7, 621.5)(188.7, 643.1)(183.1, 643.1);SD
Module:M8
Boundary:(394.3, 20.0)(458.2, 20.0)(458.2, 29.6)(472.0, 29.6)(472.0, 143.0)(394.3, 143.0);GATE
Port:(407.8, 138.0)(458.5, 138.0)(458.5, 143.0)(407.8, 143.0);SD
Port:(394.3, 20.0)(458.2, 20.0)(458.2, 29.6)(472.0, 29.6)(472.0, 135.8)(394.3, 135.8);GATE
Port:(399.7, 24.4)(451.8, 24.4)(451.8, 31.7)(399.7, 31.7);SD
Module:M4
Boundary:(148.7, 20.0)(204.2, 20.0)(204.2, 20.0)(217.2, 20.0)(217.2, 117.6)(148.7, 117.6);GATE
Port:(160.2, 113.3)(205.7, 113.3)(205.7, 117.6)(160.2, 117.6);SD
Port:(148.7, 20.0)(204.2, 20.0)(204.2, 20.0)(217.2, 20.0)(217.2, 111.2)(148.7, 111.2);GATE
Port:(154.7, 25.0)(198.2, 25.0)(198.2, 29.8)(154.7, 29.8);SD
