Area:(-30.0, -30.0)(657.1, -30.0)(657.1, 567.6)(-30.0, 567.6)
Rule:GATE(5,5);SD(5,5);GATE_SD(0.5);GATE_ITO(0.5);SD_ITO(0.5)
Module:M14
Boundary:(302.2, 30.0)(390.3, 30.0)(390.3, 30.2)(407.5, 30.2)(407.5, 139.9)(302.2, 139.9);GATE
Port:(316.5, 135.0)(393.2, 135.0)(393.2, 139.9)(316.5, 139.9);SD
Port:(302.2, 30.0)(390.3, 30.0)(390.3, 30.2)(407.5, 30.2)(407.5, 133.9)(302.2, 133.9);GATE
Port:(308.7, 35.5)(383.8, 35.5)(383.8, 42.1)(308.7, 42.1);SD
Module:M9
Boundary:(354.9, 404.9)(390.8, 404.9)(390.8, 405.0)(407.0, 405.0)(407.0, 522.5)(354.9, 522.5);GATE
Port:(369.5, 518.1)(392.4, 518.1)(392.4, 522.5)(369.5, 522.5);SD
Port:(354.9, 404.9)(390.8, 404.9)(390.8, 405.0)(407.0, 405.0)(407.0, 516.0)(354.9, 516.0);GATE
Port:(361.0, 410.0)(384.7, 410.0)(384.7, 417.1)(361.0, 417.1);SD
Module:M5
Boundary:(483.5, 264.5)(579.5, 264.5)(579.5, 264.9)(595.4, 264.9)(595.4, 429.1)(483.5, 429.1);GATE
Port:(495.8, 423.8)(583.1, 423.8)(583.1, 429.1)(495.8, 429.1);SD
Port:(483.5, 264.5)(579.5, 264.5)(579.5, 264.9)(595.4, 264.9)(595.4, 422.6)(483.5, 422.6);GATE
Port:(488.7, 268.7)(574.3, 268.7)(574.3, 275.0)(488.7, 275.0);SD
Module:M11
Boundary:(616.7, 126.3)(616.7, 219.3)(616.3, 219.3)(616.3, 234.5)(447.5, 234.5)(447.5, 126.3);GATE
Port:(447.5, 138.7)(452.7, 138.7)(452.7, 222.1)(447.5, 222.1);SD
Port:(616.7, 126.3)(616.7, 219.3)(616.3, 219.3)(616.3, 234.5)(455.3, 234.5)(455.3, 126.3);GATE
Port:(606.6, 132.3)(611.7, 132.3)(611.7, 213.3)(606.6, 213.3);SD
Module:M1
Boundary:(433.5, 305.9)(433.5, 351.3)(433.4, 351.3)(433.4, 364.9)(302.2, 364.9)(302.2, 305.9);GATE
Port:(302.2, 318.5)(307.0, 318.5)(307.0, 352.3)(302.2, 352.3);SD
Port:(433.5, 305.9)(433.5, 351.3)(433.4, 351.3)(433.4, 364.9)(309.8, 364.9)(309.8, 305.9);GATE
Port:(422.5, 311.8)(428.6, 311.8)(428.6, 345.4)(422.5, 345.4);SD
Module:M6
Boundary:(617.1, 10.0)(617.1, 90.3)(616.6, 90.3)(616.6, 106.3)(447.5, 106.3)(447.5, 10.0);GATE
Port:(447.5, 22.6)(451.8, 22.6)(451.8, 93.7)(447.5, 93.7);SD
Port:(617.1, 10.0)(617.1, 90.3)(616.6, 90.3)(616.6, 106.3)(454.7, 106.3)(454.7, 10.0);GATE
Port:(607.3, 15.6)(612.5, 15.6)(612.5, 84.7)(607.3, 84.7);SD
Module:M2
Boundary:(403.4, 189.9)(403.4, 255.9)(292.2, 255.9)(292.2, 189.9);GATE
Port:(292.2, 203.8)(296.2, 203.8)(296.2, 242.0)(292.2, 242.0);SD
Port:(403.4, 189.9)(403.4, 255.9)(299.1, 255.9)(299.1, 189.9);GATE
Port:(392.2, 196.4)(397.9, 196.4)(397.9, 249.4)(392.2, 249.4);SD
Module:M16
Boundary:(10.0, 10.0)(64.9, 10.0)(64.9, 10.2)(82.7, 10.2)(82.7, 90.3)(10.0, 90.3);GATE
Port:(24.6, 86.2)(68.1, 86.2)(68.1, 90.3)(24.6, 90.3);SD
Port:(10.0, 10.0)(64.9, 10.0)(64.9, 10.2)(82.7, 10.2)(82.7, 84.9)(10.0, 84.9);GATE
Port:(16.2, 15.2)(58.7, 15.2)(58.7, 21.7)(16.2, 21.7);SD
Module:M13
Boundary:(188.7, 451.3)(188.7, 513.0)(188.5, 513.0)(188.5, 527.3)(10.0, 527.3)(10.0, 451.3);GATE
Port:(10.0, 464.2)(14.2, 464.2)(14.2, 514.4)(10.0, 514.4);SD
Port:(188.7, 451.3)(188.7, 513.0)(188.5, 513.0)(188.5, 527.3)(16.5, 527.3)(16.5, 451.3);GATE
Port:(177.6, 457.1)(183.9, 457.1)(183.9, 507.2)(177.6, 507.2);SD
Module:M10
Boundary:(262.2, 10.0)(262.2, 100.7)(102.7, 100.7)(102.7, 10.0);GATE
Port:(102.7, 25.1)(108.7, 25.1)(108.7, 85.6)(102.7, 85.6);SD
Port:(262.2, 10.0)(262.2, 100.7)(110.9, 100.7)(110.9, 10.0);GATE
Port:(250.3, 16.2)(257.0, 16.2)(257.0, 94.5)(250.3, 94.5);SD
Module:M7
Boundary:(126.9, 320.2)(126.9, 417.7)(20.0, 417.7)(20.0, 320.2);GATE
Port:(20.0, 332.5)(24.0, 332.5)(24.0, 405.4)(20.0, 405.4);SD
Port:(126.9, 320.2)(126.9, 417.7)(25.6, 417.7)(25.6, 320.2);GATE
Port:(116.7, 325.8)(122.3, 325.8)(122.3, 412.1)(116.7, 412.1);SD
Module:M3
Boundary:(156.9, 252.2)(242.9, 252.2)(242.9, 252.4)(259.3, 252.4)(259.3, 431.3)(156.9, 431.3);GATE
Port:(172.0, 426.5)(244.2, 426.5)(244.2, 431.3)(172.0, 431.3);SD
Port:(156.9, 252.2)(242.9, 252.2)(242.9, 252.4)(259.3, 252.4)(259.3, 425.0)(156.9, 425.0);GATE
Port:(163.3, 257.6)(236.5, 257.6)(236.5, 264.4)(163.3, 264.4);SD
Module:M15
Boundary:(140.4, 120.7)(259.9, 120.7)(259.9, 232.2)(140.4, 232.2);GATE
Port:(153.7, 228.1)(246.6, 228.1)(246.6, 232.2)(153.7, 232.2);SD
Port:(140.4, 120.7)(259.9, 120.7)(259.9, 226.2)(140.4, 226.2);GATE
Port:(146.8, 126.1)(253.5, 126.1)(253.5, 131.3)(146.8, 131.3);SD
Module:M12
Boundary:(610.2, 459.1)(610.2, 511.3)(610.0, 511.3)(610.0, 527.6)(427.0, 527.6)(427.0, 459.1);GATE
Port:(427.0, 473.2)(432.1, 473.2)(432.1, 513.5)(427.0, 513.5);SD
Port:(610.2, 459.1)(610.2, 511.3)(610.0, 511.3)(610.0, 527.6)(434.5, 527.6)(434.5, 459.1);GATE
Port:(598.2, 465.7)(604.6, 465.7)(604.6, 504.7)(598.2, 504.7);SD
Module:M8
Boundary:(324.9, 461.3)(324.9, 511.7)(218.7, 511.7)(218.7, 461.3);GATE
Port:(218.7, 475.3)(223.9, 475.3)(223.9, 497.7)(218.7, 497.7);SD
Port:(324.9, 461.3)(324.9, 511.7)(225.9, 511.7)(225.9, 461.3);GATE
Port:(314.0, 467.8)(319.4, 467.8)(319.4, 505.2)(314.0, 505.2);SD
Module:M4
Boundary:(20.0, 130.7)(110.4, 130.7)(110.4, 280.2)(20.0, 280.2);GATE
Port:(33.6, 274.3)(96.8, 274.3)(96.8, 280.2)(33.6, 280.2);SD
Port:(20.0, 130.7)(110.4, 130.7)(110.4, 271.6)(20.0, 271.6);GATE
Port:(25.6, 135.3)(104.8, 135.3)(104.8, 141.0)(25.6, 141.0);SD
