Area:(-30.0, -30.0)(517.0, -30.0)(517.0, 769.5)(-30.0, 769.5)
Rule:GATE(5,5);SD(5,5);GATE_SD(0.5);GATE_ITO(0.5);SD_ITO(0.5)
Module:M14
Boundary:(301.6, 154.7)(301.6, 239.2)(142.7, 239.2)(142.7, 154.7);GATE
Port:(142.7, 167.7)(147.8, 167.7)(147.8, 226.2)(142.7, 226.2);SD
Port:(301.6, 154.7)(301.6, 239.2)(150.5, 239.2)(150.5, 154.7);GATE
Port:(291.0, 160.5)(296.8, 160.5)(296.8, 233.4)(291.0, 233.4);SD
Module:M9
Boundary:(151.3, 447.5)(151.3, 503.1)(10.0, 503.1)(10.0, 447.5);GATE
Port:(10.0, 458.9)(15.8, 458.9)(15.8, 491.7)(10.0, 491.7);SD
Port:(151.3, 447.5)(151.3, 503.1)(18.4, 503.1)(18.4, 447.5);GATE
Port:(141.6, 452.9)(146.9, 452.9)(146.9, 497.7)(141.6, 497.7);SD
Module:M5
Boundary:(260.3, 20.0)(260.3, 103.8)(132.7, 103.8)(132.7, 20.0);GATE
Port:(132.7, 33.7)(137.9, 33.7)(137.9, 90.1)(132.7, 90.1);SD
Port:(260.3, 20.0)(260.3, 103.8)(138.9, 103.8)(138.9, 20.0);GATE
Port:(249.2, 26.5)(254.8, 26.5)(254.8, 97.3)(249.2, 97.3);SD
Module:M11
Boundary:(10.0, 10.0)(102.7, 10.0)(102.7, 165.3)(10.0, 165.3);GATE
Port:(24.0, 160.5)(88.7, 160.5)(88.7, 165.3)(24.0, 165.3);SD
Port:(10.0, 10.0)(102.7, 10.0)(102.7, 159.4)(10.0, 159.4);GATE
Port:(16.9, 15.9)(95.8, 15.9)(95.8, 21.7)(16.9, 21.7);SD
Module:M1
Boundary:(374.5, 233.1)(463.4, 233.1)(463.4, 438.9)(374.5, 438.9);GATE
Port:(387.3, 433.9)(450.6, 433.9)(450.6, 438.9)(387.3, 438.9);SD
Port:(374.5, 233.1)(463.4, 233.1)(463.4, 432.3)(374.5, 432.3);GATE
Port:(380.6, 238.2)(457.3, 238.2)(457.3, 243.9)(380.6, 243.9);SD
Module:M6
Boundary:(371.7, 10.0)(477.0, 10.0)(477.0, 193.1)(371.7, 193.1);GATE
Port:(384.2, 188.6)(464.5, 188.6)(464.5, 193.1)(384.2, 193.1);SD
Port:(371.7, 10.0)(477.0, 10.0)(477.0, 187.3)(371.7, 187.3);GATE
Port:(376.9, 14.2)(471.8, 14.2)(471.8, 20.8)(376.9, 20.8);SD
Module:M2
Boundary:(363.9, 488.9)(476.3, 488.9)(476.3, 616.1)(363.9, 616.1);GATE
Port:(377.1, 611.2)(463.1, 611.2)(463.1, 616.1)(377.1, 616.1);SD
Port:(363.9, 488.9)(476.3, 488.9)(476.3, 609.5)(363.9, 609.5);GATE
Port:(370.3, 494.3)(469.9, 494.3)(469.9, 500.0)(370.3, 500.0);SD
Module:M16
Boundary:(10.0, 185.3)(81.0, 185.3)(81.0, 185.6)(98.1, 185.6)(98.1, 356.8)(10.0, 356.8);GATE
Port:(24.7, 351.7)(83.4, 351.7)(83.4, 356.8)(24.7, 356.8);SD
Port:(10.0, 185.3)(81.0, 185.3)(81.0, 185.6)(98.1, 185.6)(98.1, 350.6)(10.0, 350.6);GATE
Port:(16.4, 190.7)(74.6, 190.7)(74.6, 196.8)(16.4, 196.8);SD
Module:M13
Boundary:(457.9, 646.1)(457.9, 713.0)(457.9, 713.0)(457.9, 729.5)(275.0, 729.5)(275.0, 646.1);GATE
Port:(275.0, 659.6)(280.0, 659.6)(280.0, 716.0)(275.0, 716.0);SD
Port:(457.9, 646.1)(457.9, 713.0)(457.9, 713.0)(457.9, 729.5)(282.5, 729.5)(282.5, 646.1);GATE
Port:(447.0, 651.1)(453.9, 651.1)(453.9, 708.0)(447.0, 708.0);SD
Module:M10
Boundary:(334.1, 373.3)(334.1, 446.9)(189.7, 446.9)(189.7, 373.3);GATE
Port:(189.7, 389.6)(195.5, 389.6)(195.5, 430.6)(189.7, 430.6);SD
Port:(334.1, 373.3)(334.1, 446.9)(196.7, 446.9)(196.7, 373.3);GATE
Port:(320.5, 380.2)(328.2, 380.2)(328.2, 440.0)(320.5, 440.0);SD
Module:M7
Boundary:(220.2, 476.9)(323.9, 476.9)(323.9, 565.1)(220.2, 565.1);GATE
Port:(233.8, 560.3)(310.3, 560.3)(310.3, 565.1)(233.8, 565.1);SD
Port:(220.2, 476.9)(323.9, 476.9)(323.9, 558.7)(220.2, 558.7);GATE
Port:(226.6, 482.3)(317.5, 482.3)(317.5, 487.3)(226.6, 487.3);SD
Module:M3
Boundary:(169.7, 376.8)(169.7, 427.5)(10.0, 427.5)(10.0, 376.8);GATE
Port:(10.0, 390.3)(15.2, 390.3)(15.2, 414.0)(10.0, 414.0);SD
Port:(169.7, 376.8)(169.7, 427.5)(16.5, 427.5)(16.5, 376.8);GATE
Port:(158.8, 382.1)(165.4, 382.1)(165.4, 422.2)(158.8, 422.2);SD
Module:M15
Boundary:(190.2, 523.1)(190.2, 573.0)(10.0, 573.0)(10.0, 523.1);GATE
Port:(10.0, 537.5)(15.4, 537.5)(15.4, 558.6)(10.0, 558.6);SD
Port:(190.2, 523.1)(190.2, 573.0)(16.9, 573.0)(16.9, 523.1);GATE
Port:(178.0, 529.2)(185.1, 529.2)(185.1, 566.9)(178.0, 566.9);SD
Module:M12
Boundary:(290.3, 10.0)(337.6, 10.0)(337.6, 10.2)(351.7, 10.2)(351.7, 114.7)(290.3, 114.7);GATE
Port:(303.8, 110.5)(338.2, 110.5)(338.2, 114.7)(303.8, 114.7);SD
Port:(290.3, 10.0)(337.6, 10.0)(337.6, 10.2)(351.7, 10.2)(351.7, 109.3)(290.3, 109.3);GATE
Port:(297.3, 16.0)(330.6, 16.0)(330.6, 21.5)(297.3, 21.5);SD
Module:M8
Boundary:(324.5, 289.2)(324.5, 326.2)(324.3, 326.2)(324.3, 343.3)(128.1, 343.3)(128.1, 289.2);GATE
Port:(128.1, 304.5)(133.3, 304.5)(133.3, 328.0)(128.1, 328.0);SD
Port:(324.5, 289.2)(324.5, 326.2)(324.3, 326.2)(324.3, 343.3)(134.5, 343.3)(134.5, 289.2);GATE
Port:(312.1, 295.2)(319.5, 295.2)(319.5, 320.2)(312.1, 320.2);SD
Module:M4
Boundary:(245.0, 605.1)(245.0, 712.8)(20.0, 712.8)(20.0, 605.1);GATE
Port:(20.0, 620.1)(24.8, 620.1)(24.8, 697.8)(20.0, 697.8);SD
Port:(245.0, 605.1)(245.0, 712.8)(26.8, 712.8)(26.8, 605.1);GATE
Port:(232.8, 612.1)(239.0, 612.1)(239.0, 705.8)(232.8, 705.8);SD
