Area:(-30.0, -30.0)(552.5, -30.0)(552.5, 655.5)(-30.0, 655.5)
Rule:GATE(5,5);SD(5,5);GATE_SD(0.5);GATE_ITO(0.5);SD_ITO(0.5)
Module:M14
Boundary:(356.8, 30.0)(406.6, 30.0)(406.6, 154.6)(356.8, 154.6);GATE
Port:(370.9, 149.8)(392.5, 149.8)(392.5, 154.6)(370.9, 154.6);SD
Port:(356.8, 30.0)(406.6, 30.0)(406.6, 147.6)(356.8, 147.6);GATE
Port:(363.0, 35.2)(400.4, 35.2)(400.4, 42.3)(363.0, 42.3);SD
Module:M9
Boundary:(350.5, 250.9)(350.5, 352.4)(241.5, 352.4)(241.5, 250.9);GATE
Port:(241.5, 263.0)(247.3, 263.0)(247.3, 340.3)(241.5, 340.3);SD
Port:(350.5, 250.9)(350.5, 352.4)(249.4, 352.4)(249.4, 250.9);GATE
Port:(340.1, 257.5)(344.9, 257.5)(344.9, 345.8)(340.1, 345.8);SD
Module:M5
Boundary:(288.1, 479.0)(358.7, 479.0)(358.7, 603.0)(288.1, 603.0);GATE
Port:(302.7, 598.6)(344.1, 598.6)(344.1, 603.0)(302.7, 603.0);SD
Port:(288.1, 479.0)(358.7, 479.0)(358.7, 596.9)(288.1, 596.9);GATE
Port:(293.8, 483.7)(353.0, 483.7)(353.0, 490.2)(293.8, 490.2);SD
Module:M11
Boundary:(388.7, 462.3)(499.8, 462.3)(499.8, 615.5)(388.7, 615.5);GATE
Port:(401.5, 609.9)(487.0, 609.9)(487.0, 615.5)(401.5, 615.5);SD
Port:(388.7, 462.3)(499.8, 462.3)(499.8, 608.3)(388.7, 608.3);GATE
Port:(394.3, 466.9)(494.2, 466.9)(494.2, 473.1)(394.3, 473.1);SD
Module:M1
Boundary:(238.1, 505.2)(238.1, 605.2)(30.0, 605.2)(30.0, 505.2);GATE
Port:(30.0, 518.1)(35.3, 518.1)(35.3, 592.3)(30.0, 592.3);SD
Port:(238.1, 505.2)(238.1, 605.2)(38.0, 605.2)(38.0, 505.2);GATE
Port:(227.9, 510.5)(233.8, 510.5)(233.8, 599.9)(227.9, 599.9);SD
Module:M6
Boundary:(241.5, 132.4)(302.5, 132.4)(302.5, 132.4)(316.8, 132.4)(316.8, 230.9)(241.5, 230.9);GATE
Port:(254.7, 226.6)(303.6, 226.6)(303.6, 230.9)(254.7, 230.9);SD
Port:(241.5, 132.4)(302.5, 132.4)(302.5, 132.4)(316.8, 132.4)(316.8, 224.3)(241.5, 224.3);GATE
Port:(247.4, 137.3)(296.6, 137.3)(296.6, 143.0)(247.4, 143.0);SD
Module:M2
Boundary:(170.6, 20.0)(170.6, 128.3)(170.3, 128.3)(170.3, 146.1)(20.0, 146.1)(20.0, 20.0);GATE
Port:(20.0, 35.3)(24.6, 35.3)(24.6, 130.8)(20.0, 130.8);SD
Port:(170.6, 20.0)(170.6, 128.3)(170.3, 128.3)(170.3, 146.1)(26.6, 146.1)(26.6, 20.0);GATE
Port:(158.6, 26.1)(165.5, 26.1)(165.5, 122.2)(158.6, 122.2);SD
Module:M16
Boundary:(231.8, 411.3)(231.8, 448.1)(231.6, 448.1)(231.6, 465.2)(133.5, 465.2)(133.5, 411.3);GATE
Port:(133.5, 426.1)(139.2, 426.1)(139.2, 450.4)(133.5, 450.4);SD
Port:(231.8, 411.3)(231.8, 448.1)(231.6, 448.1)(231.6, 465.2)(141.1, 465.2)(141.1, 411.3);GATE
Port:(219.5, 417.4)(226.7, 417.4)(226.7, 442.0)(219.5, 442.0);SD
Module:M13
Boundary:(343.7, 372.4)(343.7, 433.7)(343.6, 433.7)(343.6, 449.0)(251.8, 449.0)(251.8, 372.4);GATE
Port:(251.8, 384.0)(256.0, 384.0)(256.0, 437.4)(251.8, 437.4);SD
Port:(343.7, 372.4)(343.7, 433.7)(343.6, 433.7)(343.6, 449.0)(258.0, 449.0)(258.0, 372.4);GATE
Port:(334.2, 377.4)(339.7, 377.4)(339.7, 428.7)(334.2, 428.7);SD
Module:M10
Boundary:(446.6, 10.0)(496.1, 10.0)(496.1, 10.2)(512.5, 10.2)(512.5, 179.2)(446.6, 179.2);GATE
Port:(459.3, 174.5)(499.8, 174.5)(499.8, 179.2)(459.3, 179.2);SD
Port:(446.6, 10.0)(496.1, 10.0)(496.1, 10.2)(512.5, 10.2)(512.5, 172.1)(446.6, 172.1);GATE
Port:(452.3, 14.7)(490.4, 14.7)(490.4, 20.6)(452.3, 20.6);SD
Module:M7
Boundary:(20.0, 186.1)(81.4, 186.1)(81.4, 186.2)(96.0, 186.2)(96.0, 260.6)(20.0, 260.6);GATE
Port:(32.7, 255.6)(83.3, 255.6)(83.3, 260.6)(32.7, 260.6);SD
Port:(20.0, 186.1)(81.4, 186.1)(81.4, 186.2)(96.0, 186.2)(96.0, 252.7)(20.0, 252.7);GATE
Port:(26.3, 191.4)(75.1, 191.4)(75.1, 197.0)(26.3, 197.0);SD
Module:M3
Boundary:(314.4, 10.0)(314.4, 95.9)(314.2, 95.9)(314.2, 112.4)(200.6, 112.4)(200.6, 10.0);GATE
Port:(200.6, 25.2)(205.8, 25.2)(205.8, 97.2)(200.6, 97.2);SD
Port:(314.4, 10.0)(314.4, 95.9)(314.2, 95.9)(314.2, 112.4)(207.2, 112.4)(207.2, 10.0);GATE
Port:(302.2, 16.8)(308.6, 16.8)(308.6, 89.1)(302.2, 89.1);SD
Module:M15
Boundary:(511.7, 199.2)(511.7, 287.5)(511.3, 287.5)(511.3, 304.3)(370.5, 304.3)(370.5, 199.2);GATE
Port:(370.5, 214.7)(375.2, 214.7)(375.2, 288.8)(370.5, 288.8);SD
Port:(511.7, 199.2)(511.7, 287.5)(511.3, 287.5)(511.3, 304.3)(377.4, 304.3)(377.4, 199.2);GATE
Port:(499.3, 206.0)(505.9, 206.0)(505.9, 280.7)(499.3, 280.7);SD
Module:M12
Boundary:(10.0, 290.6)(113.5, 290.6)(113.5, 456.3)(10.0, 456.3);GATE
Port:(23.6, 451.9)(99.9, 451.9)(99.9, 456.3)(23.6, 456.3);SD
Port:(10.0, 290.6)(113.5, 290.6)(113.5, 449.4)(10.0, 449.4);GATE
Port:(15.2, 294.8)(108.3, 294.8)(108.3, 302.0)(15.2, 302.0);SD
Module:M8
Boundary:(143.5, 186.1)(194.8, 186.1)(194.8, 186.2)(211.5, 186.2)(211.5, 381.3)(143.5, 381.3);GATE
Port:(156.8, 375.9)(198.2, 375.9)(198.2, 381.3)(156.8, 381.3);SD
Port:(143.5, 186.1)(194.8, 186.1)(194.8, 186.2)(211.5, 186.2)(211.5, 374.1)(143.5, 374.1);GATE
Port:(148.5, 190.1)(189.8, 190.1)(189.8, 197.1)(148.5, 197.1);SD
Module:M4
Boundary:(501.8, 334.3)(501.8, 432.3)(380.5, 432.3)(380.5, 334.3);GATE
Port:(380.5, 348.0)(386.2, 348.0)(386.2, 418.6)(380.5, 418.6);SD
Port:(501.8, 334.3)(501.8, 432.3)(387.2, 432.3)(387.2, 334.3);GATE
Port:(491.1, 340.3)(496.8, 340.3)(496.8, 426.3)(491.1, 426.3);SD
