Area:(-20.0, -30.0)(843.5, -30.0)(843.5, 424.3)(-20.0, 424.3)
Rule:GATE(5,5);SD(5,5);GATE_SD(0.5);GATE_ITO(0.5);SD_ITO(0.5)
Module:M14
Boundary:(516.9, 30.0)(516.9, 117.8)(420.7, 117.8)(420.7, 30.0);GATE
Port:(420.7, 41.9)(425.4, 41.9)(425.4, 105.9)(420.7, 105.9);SD
Port:(516.9, 30.0)(516.9, 117.8)(428.3, 117.8)(428.3, 30.0);GATE
Port:(506.6, 35.1)(512.8, 35.1)(512.8, 112.7)(506.6, 112.7);SD
Module:M9
Boundary:(597.8, 257.0)(597.8, 290.4)(597.7, 290.4)(597.7, 306.6)(393.2, 306.6)(393.2, 257.0);GATE
Port:(393.2, 270.4)(397.4, 270.4)(397.4, 293.2)(393.2, 293.2);SD
Port:(597.8, 257.0)(597.8, 290.4)(597.7, 290.4)(597.7, 306.6)(398.6, 306.6)(398.6, 257.0);GATE
Port:(587.5, 263.8)(592.0, 263.8)(592.0, 283.6)(587.5, 283.6);SD
Module:M5
Boundary:(786.9, 230.4)(786.9, 280.9)(786.8, 280.9)(786.8, 298.4)(710.0, 298.4)(710.0, 230.4);GATE
Port:(710.0, 243.0)(715.0, 243.0)(715.0, 285.8)(710.0, 285.8);SD
Port:(786.9, 230.4)(786.9, 280.9)(786.8, 280.9)(786.8, 298.4)(716.3, 298.4)(716.3, 230.4);GATE
Port:(776.9, 235.8)(782.5, 235.8)(782.5, 275.5)(776.9, 275.5);SD
Module:M11
Boundary:(380.7, 10.0)(380.7, 110.0)(380.5, 110.0)(380.5, 125.8)(198.2, 125.8)(198.2, 10.0);GATE
Port:(198.2, 25.2)(202.8, 25.2)(202.8, 110.6)(198.2, 110.6);SD
Port:(380.7, 10.0)(380.7, 110.0)(380.5, 110.0)(380.5, 125.8)(205.6, 125.8)(205.6, 10.0);GATE
Port:(367.8, 16.8)(374.9, 16.8)(374.9, 103.2)(367.8, 103.2);SD
Module:M1
Boundary:(188.9, 293.6)(188.9, 344.1)(188.7, 344.1)(188.7, 361.0)(30.0, 361.0)(30.0, 293.6);GATE
Port:(30.0, 306.5)(35.1, 306.5)(35.1, 348.1)(30.0, 348.1);SD
Port:(188.9, 293.6)(188.9, 344.1)(188.7, 344.1)(188.7, 361.0)(38.0, 361.0)(38.0, 293.6);GATE
Port:(179.0, 299.5)(184.0, 299.5)(184.0, 338.2)(179.0, 338.2);SD
Module:M6
Boundary:(594.0, 326.6)(594.0, 370.4)(593.8, 370.4)(593.8, 384.3)(393.2, 384.3)(393.2, 326.6);GATE
Port:(393.2, 338.5)(397.9, 338.5)(397.9, 372.4)(393.2, 372.4);SD
Port:(594.0, 326.6)(594.0, 370.4)(593.8, 370.4)(593.8, 384.3)(399.1, 384.3)(399.1, 326.6);GATE
Port:(584.1, 332.0)(589.6, 332.0)(589.6, 365.0)(584.1, 365.0);SD
Module:M2
Boundary:(717.5, 20.0)(780.1, 20.0)(780.1, 20.2)(794.9, 20.2)(794.9, 190.4)(717.5, 190.4);GATE
Port:(730.3, 184.6)(782.1, 184.6)(782.1, 190.4)(730.3, 190.4);SD
Port:(717.5, 20.0)(780.1, 20.0)(780.1, 20.2)(794.9, 20.2)(794.9, 181.9)(717.5, 181.9);GATE
Port:(723.0, 24.5)(774.6, 24.5)(774.6, 31.2)(723.0, 31.2);SD
Module:M16
Boundary:(569.8, 157.8)(569.8, 237.0)(357.2, 237.0)(357.2, 157.8);GATE
Port:(357.2, 169.1)(362.7, 169.1)(362.7, 225.7)(357.2, 225.7);SD
Port:(569.8, 157.8)(569.8, 237.0)(363.9, 237.0)(363.9, 157.8);GATE
Port:(561.0, 162.9)(565.7, 162.9)(565.7, 231.9)(561.0, 231.9);SD
Module:M13
Boundary:(617.8, 155.0)(680.0, 155.0)(680.0, 250.9)(617.8, 250.9);GATE
Port:(629.8, 245.1)(668.0, 245.1)(668.0, 250.9)(629.8, 250.9);SD
Port:(617.8, 155.0)(680.0, 155.0)(680.0, 243.1)(617.8, 243.1);GATE
Port:(623.9, 160.1)(673.9, 160.1)(673.9, 164.7)(623.9, 164.7);SD
Module:M10
Boundary:(803.5, 328.4)(803.5, 377.2)(614.0, 377.2)(614.0, 328.4);GATE
Port:(614.0, 341.1)(619.2, 341.1)(619.2, 364.5)(614.0, 364.5);SD
Port:(803.5, 328.4)(803.5, 377.2)(620.9, 377.2)(620.9, 328.4);GATE
Port:(793.7, 334.3)(798.6, 334.3)(798.6, 371.3)(793.7, 371.3);SD
Module:M7
Boundary:(363.2, 275.9)(363.2, 355.0)(363.0, 355.0)(363.0, 369.9)(238.9, 369.9)(238.9, 275.9);GATE
Port:(238.9, 289.3)(244.2, 289.3)(244.2, 356.5)(238.9, 356.5);SD
Port:(363.2, 275.9)(363.2, 355.0)(363.0, 355.0)(363.0, 369.9)(245.3, 369.9)(245.3, 275.9);GATE
Port:(351.4, 282.6)(357.5, 282.6)(357.5, 348.3)(351.4, 348.3);SD
Module:M3
Boundary:(556.9, 10.0)(617.8, 10.0)(617.8, 130.0)(556.9, 130.0);GATE
Port:(568.6, 124.4)(606.1, 124.4)(606.1, 130.0)(568.6, 130.0);SD
Port:(556.9, 10.0)(617.8, 10.0)(617.8, 122.6)(556.9, 122.6);GATE
Port:(562.5, 14.6)(612.2, 14.6)(612.2, 19.3)(562.5, 19.3);SD
Module:M15
Boundary:(637.8, 10.0)(687.5, 10.0)(687.5, 135.0)(637.8, 135.0);GATE
Port:(652.0, 130.6)(673.3, 130.6)(673.3, 135.0)(652.0, 135.0);SD
Port:(637.8, 10.0)(687.5, 10.0)(687.5, 127.7)(637.8, 127.7);GATE
Port:(644.4, 15.6)(680.9, 15.6)(680.9, 22.1)(644.4, 22.1);SD
Module:M12
Boundary:(103.6, 10.0)(163.8, 10.0)(163.8, 10.2)(178.2, 10.2)(178.2, 212.1)(103.6, 212.1);GATE
Port:(116.1, 206.2)(165.7, 206.2)(165.7, 212.1)(116.1, 212.1);SD
Port:(103.6, 10.0)(163.8, 10.0)(163.8, 10.2)(178.2, 10.2)(178.2, 203.8)(103.6, 203.8);GATE
Port:(109.0, 14.4)(158.4, 14.4)(158.4, 20.5)(109.0, 20.5);SD
Module:M8
Boundary:(327.2, 155.8)(327.2, 235.9)(208.2, 235.9)(208.2, 155.8);GATE
Port:(208.2, 170.1)(212.3, 170.1)(212.3, 221.6)(208.2, 221.6);SD
Port:(327.2, 155.8)(327.2, 235.9)(214.9, 235.9)(214.9, 155.8);GATE
Port:(314.9, 161.2)(322.8, 161.2)(322.8, 230.5)(314.9, 230.5);SD
Module:M4
Boundary:(20.0, 20.0)(56.3, 20.0)(56.3, 20.2)(73.6, 20.2)(73.6, 243.6)(20.0, 243.6);GATE
Port:(34.4, 239.1)(59.2, 239.1)(59.2, 243.6)(34.4, 243.6);SD
Port:(20.0, 20.0)(56.3, 20.0)(56.3, 20.2)(73.6, 20.2)(73.6, 237.7)(20.0, 237.7);GATE
Port:(27.0, 26.0)(49.3, 26.0)(49.3, 31.5)(27.0, 31.5);SD
