Area:(-30.0, -30.0)(592.5, -30.0)(592.5, 574.1)(-30.0, 574.1)
Rule:GATE(5,5);SD(5,5);GATE_SD(0.5);GATE_ITO(0.5);SD_ITO(0.5)
Module:M14
Boundary:(446.0, 292.2)(514.5, 292.2)(514.5, 390.4)(446.0, 390.4);GATE
Port:(460.3, 385.5)(500.2, 385.5)(500.2, 390.4)(460.3, 390.4);SD
Port:(446.0, 292.2)(514.5, 292.2)(514.5, 384.2)(446.0, 384.2);GATE
Port:(451.8, 297.0)(508.7, 297.0)(508.7, 303.3)(451.8, 303.3);SD
Module:M9
Boundary:(220.1, 318.0)(220.1, 383.2)(220.1, 383.2)(220.1, 398.4)(106.2, 398.4)(106.2, 318.0);GATE
Port:(106.2, 331.9)(111.1, 331.9)(111.1, 384.5)(106.2, 384.5);SD
Port:(220.1, 318.0)(220.1, 383.2)(220.1, 383.2)(220.1, 398.4)(113.4, 398.4)(113.4, 318.0);GATE
Port:(208.0, 324.7)(214.4, 324.7)(214.4, 376.5)(208.0, 376.5);SD
Module:M5
Boundary:(113.7, 428.5)(113.7, 511.9)(113.4, 511.9)(113.4, 527.9)(20.0, 527.9)(20.0, 428.5);GATE
Port:(20.0, 442.2)(25.5, 442.2)(25.5, 514.2)(20.0, 514.2);SD
Port:(113.7, 428.5)(113.7, 511.9)(113.4, 511.9)(113.4, 527.9)(27.1, 527.9)(27.1, 428.5);GATE
Port:(101.6, 434.6)(108.6, 434.6)(108.6, 505.8)(101.6, 505.8);SD
Module:M11
Boundary:(270.9, 149.9)(332.0, 149.9)(332.0, 247.7)(270.9, 247.7);GATE
Port:(283.3, 243.0)(319.6, 243.0)(319.6, 247.7)(283.3, 247.7);SD
Port:(270.9, 149.9)(332.0, 149.9)(332.0, 241.7)(270.9, 241.7);GATE
Port:(277.7, 155.7)(325.2, 155.7)(325.2, 160.2)(277.7, 160.2);SD
Module:M1
Boundary:(368.3, 453.5)(368.3, 521.9)(163.7, 521.9)(163.7, 453.5);GATE
Port:(163.7, 466.3)(168.1, 466.3)(168.1, 509.1)(163.7, 509.1);SD
Port:(368.3, 453.5)(368.3, 521.9)(171.1, 521.9)(171.1, 453.5);GATE
Port:(358.9, 458.5)(364.3, 458.5)(364.3, 516.9)(358.9, 516.9);SD
Module:M6
Boundary:(527.8, 433.5)(527.8, 534.1)(408.3, 534.1)(408.3, 433.5);GATE
Port:(408.3, 447.1)(413.3, 447.1)(413.3, 520.5)(408.3, 520.5);SD
Port:(527.8, 433.5)(527.8, 534.1)(415.1, 534.1)(415.1, 433.5);GATE
Port:(517.0, 439.5)(522.8, 439.5)(522.8, 528.1)(517.0, 528.1);SD
Module:M2
Boundary:(196.5, 20.0)(321.5, 20.0)(321.5, 119.9)(196.5, 119.9);GATE
Port:(210.0, 114.6)(308.0, 114.6)(308.0, 119.9)(210.0, 119.9);SD
Port:(196.5, 20.0)(321.5, 20.0)(321.5, 113.0)(196.5, 113.0);GATE
Port:(202.4, 24.9)(315.6, 24.9)(315.6, 30.3)(202.4, 30.3);SD
Module:M16
Boundary:(106.2, 158.3)(165.7, 158.3)(165.7, 298.0)(106.2, 298.0);GATE
Port:(118.3, 293.4)(153.6, 293.4)(153.6, 298.0)(118.3, 298.0);SD
Port:(106.2, 158.3)(165.7, 158.3)(165.7, 292.0)(106.2, 292.0);GATE
Port:(111.7, 162.8)(160.2, 162.8)(160.2, 168.8)(111.7, 168.8);SD
Module:M13
Boundary:(106.2, 10.0)(166.5, 10.0)(166.5, 138.3)(106.2, 138.3);GATE
Port:(118.7, 133.7)(154.0, 133.7)(154.0, 138.3)(118.7, 138.3);SD
Port:(106.2, 10.0)(166.5, 10.0)(166.5, 131.5)(106.2, 131.5);GATE
Port:(111.3, 14.1)(161.4, 14.1)(161.4, 20.6)(111.3, 20.6);SD
Module:M10
Boundary:(405.5, 351.5)(405.5, 413.5)(240.1, 413.5)(240.1, 351.5);GATE
Port:(240.1, 363.9)(244.6, 363.9)(244.6, 401.1)(240.1, 401.1);SD
Port:(405.5, 351.5)(405.5, 413.5)(247.1, 413.5)(247.1, 351.5);GATE
Port:(395.6, 356.8)(401.2, 356.8)(401.2, 408.2)(395.6, 408.2);SD
Module:M7
Boundary:(196.5, 159.9)(226.6, 159.9)(226.6, 160.0)(240.9, 160.0)(240.9, 279.9)(196.5, 279.9);GATE
Port:(207.9, 274.0)(229.5, 274.0)(229.5, 279.9)(207.9, 279.9);SD
Port:(196.5, 159.9)(226.6, 159.9)(226.6, 160.0)(240.9, 160.0)(240.9, 272.9)(196.5, 272.9);GATE
Port:(202.2, 164.6)(220.9, 164.6)(220.9, 169.8)(202.2, 169.8);SD
Module:M3
Boundary:(552.5, 133.3)(552.5, 235.6)(551.9, 235.6)(551.9, 252.2)(352.0, 252.2)(352.0, 133.3);GATE
Port:(352.0, 148.0)(356.1, 148.0)(356.1, 237.5)(352.0, 237.5);SD
Port:(552.5, 133.3)(552.5, 235.6)(551.9, 235.6)(551.9, 252.2)(357.6, 252.2)(357.6, 133.3);GATE
Port:(541.1, 140.1)(546.7, 140.1)(546.7, 228.8)(541.1, 228.8);SD
Module:M15
Boundary:(10.0, 279.3)(85.7, 279.3)(85.7, 398.5)(10.0, 398.5);GATE
Port:(22.4, 392.5)(73.3, 392.5)(73.3, 398.5)(22.4, 398.5);SD
Port:(10.0, 279.3)(85.7, 279.3)(85.7, 390.5)(10.0, 390.5);GATE
Port:(16.0, 284.3)(79.7, 284.3)(79.7, 290.0)(16.0, 290.0);SD
Module:M12
Boundary:(406.0, 272.2)(406.0, 317.3)(405.9, 317.3)(405.9, 331.5)(270.9, 331.5)(270.9, 272.2);GATE
Port:(270.9, 284.5)(276.4, 284.5)(276.4, 319.2)(270.9, 319.2);SD
Port:(406.0, 272.2)(406.0, 317.3)(405.9, 317.3)(405.9, 331.5)(277.8, 331.5)(277.8, 272.2);GATE
Port:(396.0, 277.3)(401.9, 277.3)(401.9, 312.2)(396.0, 312.2);SD
Module:M8
Boundary:(20.0, 20.0)(57.2, 20.0)(57.2, 20.1)(76.2, 20.1)(76.2, 249.3)(20.0, 249.3);GATE
Port:(34.9, 244.7)(61.3, 244.7)(61.3, 249.3)(34.9, 249.3);SD
Port:(20.0, 20.0)(57.2, 20.0)(57.2, 20.1)(76.2, 20.1)(76.2, 242.0)(20.0, 242.0);GATE
Port:(25.7, 24.7)(51.5, 24.7)(51.5, 31.5)(25.7, 31.5);SD
Module:M4
Boundary:(542.7, 20.0)(542.7, 103.3)(361.5, 103.3)(361.5, 20.0);GATE
Port:(361.5, 32.2)(366.6, 32.2)(366.6, 91.1)(361.5, 91.1);SD
Port:(542.7, 20.0)(542.7, 103.3)(368.8, 103.3)(368.8, 20.0);GATE
Port:(533.3, 25.2)(538.5, 25.2)(538.5, 98.1)(533.3, 98.1);SD
