Area:(-30.0, -30.0)(509.5, -30.0)(509.5, 751.0)(-30.0, 751.0)
Rule:GATE(5,5);SD(5,5);GATE_SD(0.5);GATE_ITO(0.5);SD_ITO(0.5)
Module:M14
Boundary:(326.2, 415.3)(326.2, 515.9)(325.7, 515.9)(325.7, 531.9)(223.2, 531.9)(223.2, 415.3);GATE
Port:(223.2, 430.2)(227.9, 430.2)(227.9, 517.0)(223.2, 517.0);SD
Port:(326.2, 415.3)(326.2, 515.9)(325.7, 515.9)(325.7, 531.9)(230.6, 531.9)(230.6, 415.3);GATE
Port:(313.5, 422.3)(320.2, 422.3)(320.2, 508.9)(313.5, 508.9);SD
Module:M9
Boundary:(161.8, 392.5)(161.8, 443.5)(161.5, 443.5)(161.5, 459.9)(10.0, 459.9)(10.0, 392.5);GATE
Port:(10.0, 406.5)(14.5, 406.5)(14.5, 445.9)(10.0, 445.9);SD
Port:(161.8, 392.5)(161.8, 443.5)(161.5, 443.5)(161.5, 459.9)(15.9, 459.9)(15.9, 392.5);GATE
Port:(150.7, 399.3)(156.0, 399.3)(156.0, 436.7)(150.7, 436.7);SD
Module:M5
Boundary:(454.4, 405.3)(454.4, 451.3)(454.4, 451.3)(454.4, 465.4)(376.2, 465.4)(376.2, 405.3);GATE
Port:(376.2, 417.9)(381.3, 417.9)(381.3, 452.8)(376.2, 452.8);SD
Port:(454.4, 405.3)(454.4, 451.3)(454.4, 451.3)(454.4, 465.4)(384.2, 465.4)(384.2, 405.3);GATE
Port:(443.8, 411.4)(449.3, 411.4)(449.3, 445.2)(443.8, 445.2);SD
Module:M11
Boundary:(239.1, 10.0)(291.6, 10.0)(291.6, 10.2)(309.5, 10.2)(309.5, 212.6)(239.1, 212.6);GATE
Port:(252.6, 207.5)(296.0, 207.5)(296.0, 212.6)(252.6, 212.6);SD
Port:(239.1, 10.0)(291.6, 10.0)(291.6, 10.2)(309.5, 10.2)(309.5, 204.5)(239.1, 204.5);GATE
Port:(244.7, 14.6)(286.0, 14.6)(286.0, 20.8)(244.7, 20.8);SD
Module:M1
Boundary:(349.5, 30.0)(449.7, 30.0)(449.7, 251.6)(349.5, 251.6);GATE
Port:(361.8, 245.9)(437.4, 245.9)(437.4, 251.6)(361.8, 251.6);SD
Port:(349.5, 30.0)(449.7, 30.0)(449.7, 244.2)(349.5, 244.2);GATE
Port:(355.1, 34.6)(444.1, 34.6)(444.1, 40.4)(355.1, 40.4);SD
Module:M6
Boundary:(465.2, 291.6)(465.2, 375.3)(265.0, 375.3)(265.0, 291.6);GATE
Port:(265.0, 304.6)(269.5, 304.6)(269.5, 362.3)(265.0, 362.3);SD
Port:(465.2, 291.6)(465.2, 375.3)(270.6, 375.3)(270.6, 291.6);GATE
Port:(455.1, 298.1)(459.7, 298.1)(459.7, 368.8)(455.1, 368.8);SD
Module:M2
Boundary:(124.6, 242.6)(235.0, 242.6)(235.0, 362.5)(124.6, 362.5);GATE
Port:(140.4, 356.7)(219.2, 356.7)(219.2, 362.5)(140.4, 362.5);SD
Port:(124.6, 242.6)(235.0, 242.6)(235.0, 354.7)(124.6, 354.7);GATE
Port:(131.5, 248.5)(228.1, 248.5)(228.1, 255.0)(131.5, 255.0);SD
Module:M16
Boundary:(158.0, 10.0)(219.1, 10.0)(219.1, 191.8)(158.0, 191.8);GATE
Port:(170.8, 187.8)(206.3, 187.8)(206.3, 191.8)(170.8, 191.8);SD
Port:(158.0, 10.0)(219.1, 10.0)(219.1, 186.7)(158.0, 186.7);GATE
Port:(164.5, 15.5)(212.6, 15.5)(212.6, 20.8)(164.5, 20.8);SD
Module:M13
Boundary:(468.7, 608.0)(468.7, 683.4)(349.0, 683.4)(349.0, 608.0);GATE
Port:(349.0, 621.3)(353.7, 621.3)(353.7, 670.1)(349.0, 670.1);SD
Port:(468.7, 608.0)(468.7, 683.4)(356.2, 683.4)(356.2, 608.0);GATE
Port:(457.0, 614.8)(462.9, 614.8)(462.9, 676.6)(457.0, 676.6);SD
Module:M10
Boundary:(10.0, 587.9)(99.8, 587.9)(99.8, 711.0)(10.0, 711.0);GATE
Port:(22.7, 705.4)(87.1, 705.4)(87.1, 711.0)(22.7, 711.0);SD
Port:(10.0, 587.9)(99.8, 587.9)(99.8, 703.9)(10.0, 703.9);GATE
Port:(15.9, 592.8)(93.9, 592.8)(93.9, 598.3)(15.9, 598.3);SD
Module:M7
Boundary:(20.0, 171.4)(84.6, 171.4)(84.6, 351.7)(20.0, 351.7);GATE
Port:(31.6, 346.9)(73.0, 346.9)(73.0, 351.7)(31.6, 351.7);SD
Port:(20.0, 171.4)(84.6, 171.4)(84.6, 345.3)(20.0, 345.3);GATE
Port:(25.0, 175.4)(79.6, 175.4)(79.6, 180.3)(25.0, 180.3);SD
Module:M3
Boundary:(366.2, 495.4)(469.5, 495.4)(469.5, 588.0)(366.2, 588.0);GATE
Port:(378.9, 582.6)(456.8, 582.6)(456.8, 588.0)(378.9, 588.0);SD
Port:(366.2, 495.4)(469.5, 495.4)(469.5, 580.6)(366.2, 580.6);GATE
Port:(371.2, 499.4)(464.5, 499.4)(464.5, 505.0)(371.2, 505.0);SD
Module:M15
Boundary:(183.2, 479.9)(183.2, 567.9)(10.0, 567.9)(10.0, 479.9);GATE
Port:(10.0, 494.7)(15.8, 494.7)(15.8, 553.1)(10.0, 553.1);SD
Port:(183.2, 479.9)(183.2, 567.9)(18.8, 567.9)(18.8, 479.9);GATE
Port:(171.2, 486.4)(177.7, 486.4)(177.7, 561.4)(171.2, 561.4);SD
Module:M12
Boundary:(197.5, 587.9)(197.5, 689.7)(119.8, 689.7)(119.8, 587.9);GATE
Port:(119.8, 601.1)(124.5, 601.1)(124.5, 676.5)(119.8, 676.5);SD
Port:(197.5, 587.9)(197.5, 689.7)(126.9, 689.7)(126.9, 587.9);GATE
Port:(187.5, 593.4)(193.0, 593.4)(193.0, 684.2)(187.5, 684.2);SD
Module:M8
Boundary:(227.5, 581.9)(319.0, 581.9)(319.0, 697.6)(227.5, 697.6);GATE
Port:(240.2, 693.6)(306.3, 693.6)(306.3, 697.6)(240.2, 697.6);SD
Port:(227.5, 581.9)(319.0, 581.9)(319.0, 691.3)(227.5, 691.3);GATE
Port:(233.9, 587.3)(312.6, 587.3)(312.6, 592.5)(233.9, 592.5);SD
Module:M4
Boundary:(128.0, 20.0)(128.0, 131.4)(20.0, 131.4)(20.0, 20.0);GATE
Port:(20.0, 33.8)(24.2, 33.8)(24.2, 117.6)(20.0, 117.6);SD
Port:(128.0, 20.0)(128.0, 131.4)(26.6, 131.4)(26.6, 20.0);GATE
Port:(116.2, 27.0)(122.0, 27.0)(122.0, 124.4)(116.2, 124.4);SD
