Area:(-30.0, -30.0)(713.3, -30.0)(713.3, 542.2)(-30.0, 542.2)
Rule:GATE(5,5);SD(5,5);GATE_SD(0.5);GATE_ITO(0.5);SD_ITO(0.5)
Module:M14
Boundary:(212.4, 430.6)(212.4, 481.4)(30.0, 481.4)(30.0, 430.6);GATE
Port:(30.0, 443.6)(34.7, 443.6)(34.7, 468.4)(30.0, 468.4);SD
Port:(212.4, 430.6)(212.4, 481.4)(37.7, 481.4)(37.7, 430.6);GATE
Port:(202.4, 435.6)(208.4, 435.6)(208.4, 476.4)(202.4, 476.4);SD
Module:M9
Boundary:(229.3, 10.0)(229.3, 86.7)(229.0, 86.7)(229.0, 101.4)(10.0, 101.4)(10.0, 10.0);GATE
Port:(10.0, 23.1)(14.5, 23.1)(14.5, 88.3)(10.0, 88.3);SD
Port:(229.3, 10.0)(229.3, 86.7)(229.0, 86.7)(229.0, 101.4)(16.8, 101.4)(16.8, 10.0);GATE
Port:(218.0, 15.7)(224.6, 15.7)(224.6, 81.0)(218.0, 81.0);SD
Module:M5
Boundary:(644.7, 151.3)(644.7, 251.6)(523.9, 251.6)(523.9, 151.3);GATE
Port:(523.9, 162.0)(528.7, 162.0)(528.7, 240.9)(523.9, 240.9);SD
Port:(644.7, 151.3)(644.7, 251.6)(531.2, 251.6)(531.2, 151.3);GATE
Port:(635.5, 156.9)(640.1, 156.9)(640.1, 246.0)(635.5, 246.0);SD
Module:M11
Boundary:(445.4, 159.2)(493.9, 159.2)(493.9, 357.3)(445.4, 357.3);GATE
Port:(457.4, 352.4)(481.9, 352.4)(481.9, 357.3)(457.4, 357.3);SD
Port:(445.4, 159.2)(493.9, 159.2)(493.9, 350.8)(445.4, 350.8);GATE
Port:(451.2, 164.0)(488.1, 164.0)(488.1, 168.2)(451.2, 168.2);SD
Module:M1
Boundary:(190.8, 141.4)(190.8, 215.1)(190.7, 215.1)(190.7, 232.9)(30.0, 232.9)(30.0, 141.4);GATE
Port:(30.0, 156.5)(34.3, 156.5)(34.3, 217.8)(30.0, 217.8);SD
Port:(190.8, 141.4)(190.8, 215.1)(190.7, 215.1)(190.7, 232.9)(36.8, 232.9)(36.8, 141.4);GATE
Port:(178.4, 148.4)(184.8, 148.4)(184.8, 208.1)(178.4, 208.1);SD
Module:M6
Boundary:(664.3, 412.1)(664.3, 487.9)(664.3, 487.9)(664.3, 502.2)(492.1, 502.2)(492.1, 412.1);GATE
Port:(492.1, 425.1)(497.2, 425.1)(497.2, 489.2)(492.1, 489.2);SD
Port:(664.3, 412.1)(664.3, 487.9)(664.3, 487.9)(664.3, 502.2)(498.4, 502.2)(498.4, 412.1);GATE
Port:(652.8, 417.8)(659.6, 417.8)(659.6, 482.2)(652.8, 482.2);SD
Module:M2
Boundary:(415.4, 270.5)(415.4, 351.8)(415.0, 351.8)(415.0, 367.8)(299.6, 367.8)(299.6, 270.5);GATE
Port:(299.6, 283.8)(305.4, 283.8)(305.4, 354.5)(299.6, 354.5);SD
Port:(415.4, 270.5)(415.4, 351.8)(415.0, 351.8)(415.0, 367.8)(307.9, 367.8)(307.9, 270.5);GATE
Port:(404.8, 277.0)(409.9, 277.0)(409.9, 345.3)(404.8, 345.3);SD
Module:M16
Boundary:(341.5, 159.2)(422.8, 159.2)(422.8, 240.5)(341.5, 240.5);GATE
Port:(353.1, 235.6)(411.2, 235.6)(411.2, 240.5)(353.1, 240.5);SD
Port:(341.5, 159.2)(422.8, 159.2)(422.8, 234.4)(341.5, 234.4);GATE
Port:(347.2, 163.9)(417.1, 163.9)(417.1, 169.2)(347.2, 169.2);SD
Module:M13
Boundary:(370.3, 10.0)(370.3, 72.3)(370.1, 72.3)(370.1, 87.1)(249.3, 87.1)(249.3, 10.0);GATE
Port:(249.3, 23.3)(253.7, 23.3)(253.7, 73.8)(249.3, 73.8);SD
Port:(370.3, 10.0)(370.3, 72.3)(370.1, 72.3)(370.1, 87.1)(255.0, 87.1)(255.0, 10.0);GATE
Port:(358.9, 16.0)(365.3, 16.0)(365.3, 66.3)(358.9, 66.3);SD
Module:M10
Boundary:(390.3, 10.0)(450.3, 10.0)(450.3, 139.2)(390.3, 139.2);GATE
Port:(402.2, 133.9)(438.4, 133.9)(438.4, 139.2)(402.2, 139.2);SD
Port:(390.3, 10.0)(450.3, 10.0)(450.3, 132.7)(390.3, 132.7);GATE
Port:(395.5, 14.2)(445.1, 14.2)(445.1, 19.9)(395.5, 19.9);SD
Module:M7
Boundary:(259.3, 117.1)(295.3, 117.1)(295.3, 117.1)(311.5, 117.1)(311.5, 213.1)(259.3, 213.1);GATE
Port:(274.0, 207.9)(296.8, 207.9)(296.8, 213.1)(274.0, 213.1);SD
Port:(259.3, 117.1)(295.3, 117.1)(295.3, 117.1)(311.5, 117.1)(311.5, 205.2)(259.3, 205.2);GATE
Port:(265.6, 122.4)(289.0, 122.4)(289.0, 128.8)(265.6, 128.8);SD
Module:M3
Boundary:(673.3, 281.6)(673.3, 374.0)(672.7, 374.0)(672.7, 392.1)(513.9, 392.1)(513.9, 281.6);GATE
Port:(513.9, 297.1)(518.9, 297.1)(518.9, 376.6)(513.9, 376.6);SD
Port:(673.3, 281.6)(673.3, 374.0)(672.7, 374.0)(672.7, 392.1)(521.0, 392.1)(521.0, 281.6);GATE
Port:(661.0, 288.3)(667.6, 288.3)(667.6, 367.3)(661.0, 367.3);SD
Module:M15
Boundary:(472.1, 397.8)(472.1, 497.3)(252.4, 497.3)(252.4, 397.8);GATE
Port:(252.4, 410.5)(256.8, 410.5)(256.8, 484.6)(252.4, 484.6);SD
Port:(472.1, 397.8)(472.1, 497.3)(259.2, 497.3)(259.2, 397.8);GATE
Port:(461.1, 404.6)(466.3, 404.6)(466.3, 490.5)(461.1, 490.5);SD
Module:M12
Boundary:(125.8, 272.9)(125.8, 374.1)(125.2, 374.1)(125.2, 390.6)(10.0, 390.6)(10.0, 272.9);GATE
Port:(10.0, 287.2)(15.4, 287.2)(15.4, 376.3)(10.0, 376.3);SD
Port:(125.8, 272.9)(125.8, 374.1)(125.2, 374.1)(125.2, 390.6)(17.4, 390.6)(17.4, 272.9);GATE
Port:(114.1, 278.1)(121.6, 278.1)(121.6, 368.9)(114.1, 368.9);SD
Module:M8
Boundary:(259.6, 282.9)(259.6, 337.1)(259.5, 337.1)(259.5, 354.7)(155.8, 354.7)(155.8, 282.9);GATE
Port:(155.8, 297.5)(159.9, 297.5)(159.9, 340.1)(155.8, 340.1);SD
Port:(259.6, 282.9)(259.6, 337.1)(259.5, 337.1)(259.5, 354.7)(161.3, 354.7)(161.3, 282.9);GATE
Port:(247.9, 288.4)(255.1, 288.4)(255.1, 331.6)(247.9, 331.6);SD
Module:M4
Boundary:(659.5, 20.0)(659.5, 111.3)(480.3, 111.3)(480.3, 20.0);GATE
Port:(480.3, 34.9)(484.7, 34.9)(484.7, 96.4)(480.3, 96.4);SD
Port:(659.5, 20.0)(659.5, 111.3)(486.9, 111.3)(486.9, 20.0);GATE
Port:(647.6, 26.9)(653.6, 26.9)(653.6, 104.4)(647.6, 104.4);SD
