Area:(-30.0, -30.0)(788.6, -30.0)(788.6, 460.7)(-30.0, 460.7)
Rule:GATE(5,5);SD(5,5);GATE_SD(0.5);GATE_ITO(0.5);SD_ITO(0.5)
Module:M14
Boundary:(423.1, 276.4)(423.1, 364.2)(422.7, 364.2)(422.7, 381.6)(339.7, 381.6)(339.7, 276.4);GATE
Port:(339.7, 290.5)(345.2, 290.5)(345.2, 367.5)(339.7, 367.5);SD
Port:(423.1, 276.4)(423.1, 364.2)(422.7, 364.2)(422.7, 381.6)(346.9, 381.6)(346.9, 276.4);GATE
Port:(412.3, 282.0)(418.5, 282.0)(418.5, 358.6)(412.3, 358.6);SD
Module:M9
Boundary:(10.0, 318.0)(90.3, 318.0)(90.3, 411.1)(10.0, 411.1);GATE
Port:(23.3, 405.5)(77.0, 405.5)(77.0, 411.1)(23.3, 411.1);SD
Port:(10.0, 318.0)(90.3, 318.0)(90.3, 404.3)(10.0, 404.3);GATE
Port:(15.1, 322.1)(85.2, 322.1)(85.2, 329.0)(15.1, 329.0);SD
Module:M5
Boundary:(247.8, 145.0)(289.7, 145.0)(289.7, 357.1)(247.8, 357.1);GATE
Port:(258.5, 351.5)(279.0, 351.5)(279.0, 357.1)(258.5, 357.1);SD
Port:(247.8, 145.0)(289.7, 145.0)(289.7, 348.5)(247.8, 348.5);GATE
Port:(253.2, 149.4)(284.3, 149.4)(284.3, 153.9)(253.2, 153.9);SD
Module:M11
Boundary:(567.6, 157.0)(617.7, 157.0)(617.7, 283.9)(567.6, 283.9);GATE
Port:(581.7, 279.4)(603.6, 279.4)(603.6, 283.9)(581.7, 283.9);SD
Port:(567.6, 157.0)(617.7, 157.0)(617.7, 278.2)(567.6, 278.2);GATE
Port:(573.9, 162.3)(611.4, 162.3)(611.4, 168.9)(573.9, 168.9);SD
Module:M1
Boundary:(695.6, 30.0)(727.4, 30.0)(727.4, 30.1)(743.0, 30.1)(743.0, 173.4)(695.6, 173.4);GATE
Port:(707.8, 167.6)(730.8, 167.6)(730.8, 173.4)(707.8, 173.4);SD
Port:(695.6, 30.0)(727.4, 30.0)(727.4, 30.1)(743.0, 30.1)(743.0, 165.9)(695.6, 165.9);GATE
Port:(701.6, 35.0)(721.4, 35.0)(721.4, 40.0)(701.6, 40.0);SD
Module:M6
Boundary:(452.0, 10.0)(525.3, 10.0)(525.3, 146.7)(452.0, 146.7);GATE
Port:(467.5, 140.8)(509.8, 140.8)(509.8, 146.7)(467.5, 146.7);SD
Port:(452.0, 10.0)(525.3, 10.0)(525.3, 138.4)(452.0, 138.4);GATE
Port:(458.4, 15.4)(518.9, 15.4)(518.9, 22.4)(458.4, 22.4);SD
Module:M2
Boundary:(473.1, 176.7)(521.5, 176.7)(521.5, 176.7)(537.6, 176.7)(537.6, 279.0)(473.1, 279.0);GATE
Port:(485.5, 275.0)(525.2, 275.0)(525.2, 279.0)(485.5, 279.0);SD
Port:(473.1, 176.7)(521.5, 176.7)(521.5, 176.7)(537.6, 176.7)(537.6, 272.3)(473.1, 272.3);GATE
Port:(478.4, 181.0)(516.2, 181.0)(516.2, 187.2)(478.4, 187.2);SD
Module:M16
Boundary:(655.6, 10.0)(655.6, 118.9)(655.6, 118.9)(655.6, 137.0)(545.3, 137.0)(545.3, 10.0);GATE
Port:(545.3, 24.3)(549.6, 24.3)(549.6, 122.7)(545.3, 122.7);SD
Port:(655.6, 10.0)(655.6, 118.9)(655.6, 118.9)(655.6, 137.0)(551.7, 137.0)(551.7, 10.0);GATE
Port:(644.0, 16.0)(650.6, 16.0)(650.6, 112.9)(644.0, 112.9);SD
Module:M13
Boundary:(299.7, 10.0)(299.7, 98.1)(299.5, 98.1)(299.5, 115.0)(120.4, 115.0)(120.4, 10.0);GATE
Port:(120.4, 25.7)(125.0, 25.7)(125.0, 99.3)(120.4, 99.3);SD
Port:(299.7, 10.0)(299.7, 98.1)(299.5, 98.1)(299.5, 115.0)(127.9, 115.0)(127.9, 10.0);GATE
Port:(287.2, 16.8)(293.9, 16.8)(293.9, 91.3)(287.2, 91.3);SD
Module:M10
Boundary:(120.4, 135.0)(201.8, 135.0)(201.8, 135.2)(217.8, 135.2)(217.8, 299.6)(120.4, 299.6);GATE
Port:(133.9, 294.3)(204.3, 294.3)(204.3, 299.6)(133.9, 299.6);SD
Port:(120.4, 135.0)(201.8, 135.0)(201.8, 135.2)(217.8, 135.2)(217.8, 291.4)(120.4, 291.4);GATE
Port:(125.5, 139.1)(196.7, 139.1)(196.7, 146.1)(125.5, 146.1);SD
Module:M7
Boundary:(121.4, 329.6)(203.4, 329.6)(203.4, 416.7)(121.4, 416.7);GATE
Port:(133.9, 411.0)(190.9, 411.0)(190.9, 416.7)(133.9, 416.7);SD
Port:(121.4, 329.6)(203.4, 329.6)(203.4, 409.7)(121.4, 409.7);GATE
Port:(126.4, 333.6)(198.4, 333.6)(198.4, 339.4)(126.4, 339.4);SD
Module:M3
Boundary:(10.0, 155.2)(75.5, 155.2)(75.5, 155.3)(91.4, 155.3)(91.4, 298.0)(10.0, 298.0);GATE
Port:(23.7, 293.5)(77.7, 293.5)(77.7, 298.0)(23.7, 298.0);SD
Port:(10.0, 155.2)(75.5, 155.2)(75.5, 155.3)(91.4, 155.3)(91.4, 291.2)(10.0, 291.2);GATE
Port:(16.1, 160.3)(69.4, 160.3)(69.4, 166.5)(16.1, 166.5);SD
Module:M15
Boundary:(10.0, 10.0)(85.5, 10.0)(85.5, 10.1)(100.4, 10.1)(100.4, 135.2)(10.0, 135.2);GATE
Port:(21.4, 130.1)(89.0, 130.1)(89.0, 135.2)(21.4, 135.2);SD
Port:(10.0, 10.0)(85.5, 10.0)(85.5, 10.1)(100.4, 10.1)(100.4, 127.4)(10.0, 127.4);GATE
Port:(16.3, 15.3)(79.2, 15.3)(79.2, 19.5)(16.3, 19.5);SD
Module:M12
Boundary:(319.7, 10.0)(432.0, 10.0)(432.0, 236.4)(319.7, 236.4);GATE
Port:(333.8, 232.2)(417.9, 232.2)(417.9, 236.4)(333.8, 236.4);SD
Port:(319.7, 10.0)(432.0, 10.0)(432.0, 230.2)(319.7, 230.2);GATE
Port:(325.6, 14.9)(426.1, 14.9)(426.1, 22.1)(325.6, 22.1);SD
Module:M8
Boundary:(647.7, 223.4)(748.6, 223.4)(748.6, 420.7)(647.7, 420.7);GATE
Port:(662.1, 416.0)(734.2, 416.0)(734.2, 420.7)(662.1, 420.7);SD
Port:(647.7, 223.4)(748.6, 223.4)(748.6, 413.6)(647.7, 413.6);GATE
Port:(653.9, 228.6)(742.4, 228.6)(742.4, 234.8)(653.9, 234.8);SD
Module:M4
Boundary:(593.6, 319.0)(593.6, 403.0)(593.5, 403.0)(593.5, 419.0)(473.1, 419.0)(473.1, 319.0);GATE
Port:(473.1, 333.2)(478.5, 333.2)(478.5, 404.8)(473.1, 404.8);SD
Port:(593.6, 319.0)(593.6, 403.0)(593.5, 403.0)(593.5, 419.0)(481.0, 419.0)(481.0, 319.0);GATE
Port:(582.0, 325.6)(588.0, 325.6)(588.0, 396.4)(582.0, 396.4);SD
