Area:(-30.0, -30.0)(377.7, -30.0)(377.7, 1074.6)(-30.0, 1074.6)
Rule:GATE(5,5);SD(5,5);GATE_SD(0.5);GATE_ITO(0.5);SD_ITO(0.5)
Module:M14
Boundary:(302.7, 616.6)(302.7, 697.5)(302.5, 697.5)(302.5, 713.3)(155.6, 713.3)(155.6, 616.6);GATE
Port:(155.6, 629.9)(161.0, 629.9)(161.0, 700.0)(155.6, 700.0);SD
Port:(302.7, 616.6)(302.7, 697.5)(302.5, 697.5)(302.5, 713.3)(163.1, 713.3)(163.1, 616.6);GATE
Port:(291.7, 622.9)(297.4, 622.9)(297.4, 691.2)(291.7, 691.2);SD
Module:M9
Boundary:(199.4, 189.9)(199.4, 284.1)(101.5, 284.1)(101.5, 189.9);GATE
Port:(101.5, 202.7)(106.5, 202.7)(106.5, 271.3)(101.5, 271.3);SD
Port:(199.4, 189.9)(199.4, 284.1)(108.5, 284.1)(108.5, 189.9);GATE
Port:(188.3, 195.9)(194.4, 195.9)(194.4, 278.1)(188.3, 278.1);SD
Module:M5
Boundary:(20.0, 597.3)(88.9, 597.3)(88.9, 597.5)(105.6, 597.5)(105.6, 731.1)(20.0, 731.1);GATE
Port:(33.9, 726.9)(91.7, 726.9)(91.7, 731.1)(33.9, 731.1);SD
Port:(20.0, 597.3)(88.9, 597.3)(88.9, 597.5)(105.6, 597.5)(105.6, 724.0)(20.0, 724.0);GATE
Port:(25.6, 601.9)(83.3, 601.9)(83.3, 608.7)(25.6, 608.7);SD
Module:M11
Boundary:(248.7, 753.3)(337.7, 753.3)(337.7, 858.0)(248.7, 858.0);GATE
Port:(261.0, 852.7)(325.4, 852.7)(325.4, 858.0)(261.0, 858.0);SD
Port:(248.7, 753.3)(337.7, 753.3)(337.7, 850.6)(248.7, 850.6);GATE
Port:(253.8, 757.4)(332.6, 757.4)(332.6, 763.5)(253.8, 763.5);SD
Module:M1
Boundary:(203.5, 898.0)(273.6, 898.0)(273.6, 898.0)(290.8, 898.0)(290.8, 1015.5)(203.5, 1015.5);GATE
Port:(217.4, 1010.3)(276.9, 1010.3)(276.9, 1015.5)(217.4, 1015.5);SD
Port:(203.5, 898.0)(273.6, 898.0)(273.6, 898.0)(290.8, 898.0)(290.8, 1009.0)(203.5, 1009.0);GATE
Port:(209.1, 902.6)(268.0, 902.6)(268.0, 909.4)(209.1, 909.4);SD
Module:M6
Boundary:(228.7, 761.1)(228.7, 814.4)(228.6, 814.4)(228.6, 831.4)(10.0, 831.4)(10.0, 761.1);GATE
Port:(10.0, 775.3)(14.7, 775.3)(14.7, 817.2)(10.0, 817.2);SD
Port:(228.7, 761.1)(228.7, 814.4)(228.6, 814.4)(228.6, 831.4)(16.5, 831.4)(16.5, 761.1);GATE
Port:(217.0, 767.5)(223.3, 767.5)(223.3, 808.0)(217.0, 808.0);SD
Module:M2
Boundary:(319.1, 239.2)(319.1, 355.5)(229.4, 355.5)(229.4, 239.2);GATE
Port:(229.4, 253.2)(233.7, 253.2)(233.7, 341.5)(229.4, 341.5);SD
Port:(319.1, 239.2)(319.1, 355.5)(236.3, 355.5)(236.3, 239.2);GATE
Port:(307.6, 245.9)(313.4, 245.9)(313.4, 348.8)(307.6, 348.8);SD
Module:M16
Boundary:(10.0, 239.2)(61.9, 239.2)(61.9, 300.3)(75.8, 300.3)(75.8, 352.6)(10.0, 352.6);GATE
Port:(24.9, 348.4)(60.9, 348.4)(60.9, 352.6)(24.9, 352.6);SD
Port:(10.0, 239.2)(61.9, 239.2)(61.9, 300.3)(75.8, 300.3)(75.8, 346.1)(10.0, 346.1);GATE
Port:(16.8, 245.0)(54.1, 245.0)(54.1, 251.5)(16.8, 251.5);SD
Module:M13
Boundary:(228.2, 10.0)(315.7, 10.0)(315.7, 10.3)(332.3, 10.3)(332.3, 209.2)(228.2, 209.2);GATE
Port:(243.9, 203.6)(316.6, 203.6)(316.6, 209.2)(243.9, 209.2);SD
Port:(228.2, 10.0)(315.7, 10.0)(315.7, 10.3)(332.3, 10.3)(332.3, 202.0)(228.2, 202.0);GATE
Port:(234.9, 15.7)(309.0, 15.7)(309.0, 22.7)(234.9, 22.7);SD
Module:M10
Boundary:(101.5, 10.0)(208.2, 10.0)(208.2, 169.9)(101.5, 169.9);GATE
Port:(115.7, 164.9)(194.0, 164.9)(194.0, 169.9)(115.7, 169.9);SD
Port:(101.5, 10.0)(208.2, 10.0)(208.2, 162.6)(101.5, 162.6);GATE
Port:(107.2, 14.7)(202.5, 14.7)(202.5, 20.9)(107.2, 20.9);SD
Module:M7
Boundary:(105.8, 314.1)(189.1, 314.1)(189.1, 431.6)(105.8, 431.6);GATE
Port:(120.5, 426.1)(174.4, 426.1)(174.4, 431.6)(120.5, 431.6);SD
Port:(105.8, 314.1)(189.1, 314.1)(189.1, 423.2)(105.8, 423.2);GATE
Port:(112.7, 320.0)(182.2, 320.0)(182.2, 326.0)(112.7, 326.0);SD
Module:M3
Boundary:(10.0, 10.0)(81.5, 10.0)(81.5, 219.2)(10.0, 219.2);GATE
Port:(23.4, 215.0)(68.1, 215.0)(68.1, 219.2)(23.4, 219.2);SD
Port:(10.0, 10.0)(81.5, 10.0)(81.5, 212.5)(10.0, 212.5);GATE
Port:(15.8, 14.8)(75.7, 14.8)(75.7, 20.4)(15.8, 20.4);SD
Module:M15
Boundary:(155.4, 851.4)(155.4, 931.9)(10.0, 931.9)(10.0, 851.4);GATE
Port:(10.0, 864.5)(14.5, 864.5)(14.5, 918.8)(10.0, 918.8);SD
Port:(155.4, 851.4)(155.4, 931.9)(17.2, 931.9)(17.2, 851.4);GATE
Port:(144.6, 856.7)(151.1, 856.7)(151.1, 926.6)(144.6, 926.6);SD
Module:M12
Boundary:(163.5, 951.9)(163.5, 1019.0)(163.4, 1019.0)(163.4, 1034.6)(10.0, 1034.6)(10.0, 951.9);GATE
Port:(10.0, 966.1)(14.1, 966.1)(14.1, 1020.4)(10.0, 1020.4);SD
Port:(163.5, 951.9)(163.5, 1019.0)(163.4, 1019.0)(163.4, 1034.6)(16.4, 1034.6)(16.4, 951.9);GATE
Port:(151.0, 958.6)(157.8, 958.6)(157.8, 1012.3)(151.0, 1012.3);SD
Module:M8
Boundary:(189.9, 471.6)(189.9, 540.2)(189.8, 540.2)(189.8, 557.3)(20.0, 557.3)(20.0, 471.6);GATE
Port:(20.0, 485.0)(24.5, 485.0)(24.5, 543.9)(20.0, 543.9);SD
Port:(189.9, 471.6)(189.9, 540.2)(189.8, 540.2)(189.8, 557.3)(25.6, 557.3)(25.6, 471.6);GATE
Port:(179.4, 478.0)(184.5, 478.0)(184.5, 533.8)(179.4, 533.8);SD
Module:M4
Boundary:(229.9, 395.5)(312.3, 395.5)(312.3, 566.6)(229.9, 566.6);GATE
Port:(244.8, 561.0)(297.4, 561.0)(297.4, 566.6)(244.8, 566.6);SD
Port:(229.9, 395.5)(312.3, 395.5)(312.3, 559.3)(229.9, 559.3);GATE
Port:(236.8, 401.4)(305.4, 401.4)(305.4, 407.3)(236.8, 407.3);SD
