Area:(-30.0, -30.0)(842.6, -30.0)(842.6, 465.6)(-30.0, 465.6)
Rule:GATE(5,5);SD(5,5);GATE_SD(0.5);GATE_ITO(0.5);SD_ITO(0.5)
Module:M14
Boundary:(664.5, 165.4)(771.2, 165.4)(771.2, 165.9)(788.2, 165.9)(788.2, 284.4)(664.5, 284.4);GATE
Port:(680.1, 279.3)(772.6, 279.3)(772.6, 284.4)(680.1, 284.4);SD
Port:(664.5, 165.4)(771.2, 165.4)(771.2, 165.9)(788.2, 165.9)(788.2, 278.0)(664.5, 278.0);GATE
Port:(671.3, 171.2)(764.4, 171.2)(764.4, 178.4)(671.3, 178.4);SD
Module:M9
Boundary:(10.0, 188.4)(45.2, 188.4)(45.2, 188.4)(60.2, 188.4)(60.2, 324.3)(10.0, 324.3);GATE
Port:(24.5, 318.8)(45.7, 318.8)(45.7, 324.3)(24.5, 324.3);SD
Port:(10.0, 188.4)(45.2, 188.4)(45.2, 188.4)(60.2, 188.4)(60.2, 316.7)(10.0, 316.7);GATE
Port:(16.0, 193.4)(39.2, 193.4)(39.2, 200.6)(16.0, 200.6);SD
Module:M5
Boundary:(520.0, 155.4)(595.6, 155.4)(595.6, 155.9)(614.5, 155.9)(614.5, 288.2)(520.0, 288.2);GATE
Port:(535.1, 283.5)(599.4, 283.5)(599.4, 288.2)(535.1, 288.2);SD
Port:(520.0, 155.4)(595.6, 155.4)(595.6, 155.9)(614.5, 155.9)(614.5, 280.5)(520.0, 280.5);GATE
Port:(526.3, 160.7)(589.3, 160.7)(589.3, 167.2)(526.3, 167.2);SD
Module:M11
Boundary:(247.6, 214.9)(247.6, 309.6)(80.2, 309.6)(80.2, 214.9);GATE
Port:(80.2, 228.8)(86.1, 228.8)(86.1, 295.7)(80.2, 295.7);SD
Port:(247.6, 214.9)(247.6, 309.6)(88.1, 309.6)(88.1, 214.9);GATE
Port:(236.0, 221.4)(242.1, 221.4)(242.1, 303.1)(236.0, 303.1);SD
Module:M1
Boundary:(307.0, 349.6)(307.0, 385.5)(306.9, 385.5)(306.9, 401.5)(190.0, 401.5)(190.0, 349.6);GATE
Port:(190.0, 364.1)(194.1, 364.1)(194.1, 387.0)(190.0, 387.0);SD
Port:(307.0, 349.6)(307.0, 385.5)(306.9, 385.5)(306.9, 401.5)(197.1, 401.5)(197.1, 349.6);GATE
Port:(295.3, 356.3)(301.3, 356.3)(301.3, 378.8)(295.3, 378.8);SD
Module:M6
Boundary:(484.7, 117.4)(484.7, 167.5)(484.6, 167.5)(484.6, 183.4)(368.1, 183.4)(368.1, 117.4);GATE
Port:(368.1, 131.0)(373.8, 131.0)(373.8, 169.8)(368.1, 169.8);SD
Port:(484.7, 117.4)(484.7, 167.5)(484.6, 167.5)(484.6, 183.4)(374.9, 183.4)(374.9, 117.4);GATE
Port:(473.6, 122.8)(480.3, 122.8)(480.3, 162.1)(473.6, 162.1);SD
Module:M2
Boundary:(802.6, 334.4)(802.6, 415.8)(591.6, 415.8)(591.6, 334.4);GATE
Port:(591.6, 348.4)(595.7, 348.4)(595.7, 401.8)(591.6, 401.8);SD
Port:(802.6, 334.4)(802.6, 415.8)(597.5, 415.8)(597.5, 334.4);GATE
Port:(791.1, 340.7)(797.3, 340.7)(797.3, 409.5)(791.1, 409.5);SD
Module:M16
Boundary:(118.9, 10.0)(226.5, 10.0)(226.5, 10.4)(244.3, 10.4)(244.3, 194.9)(118.9, 194.9);GATE
Port:(133.8, 190.6)(229.4, 190.6)(229.4, 194.9)(133.8, 194.9);SD
Port:(118.9, 10.0)(226.5, 10.0)(226.5, 10.4)(244.3, 10.4)(244.3, 189.3)(118.9, 189.3);GATE
Port:(124.7, 14.8)(220.7, 14.8)(220.7, 21.6)(124.7, 21.6);SD
Module:M13
Boundary:(10.0, 10.0)(83.8, 10.0)(83.8, 10.3)(98.9, 10.3)(98.9, 168.4)(10.0, 168.4);GATE
Port:(21.2, 162.6)(87.7, 162.6)(87.7, 168.4)(21.2, 168.4);SD
Port:(10.0, 10.0)(83.8, 10.0)(83.8, 10.3)(98.9, 10.3)(98.9, 160.2)(10.0, 160.2);GATE
Port:(15.2, 14.2)(78.6, 14.2)(78.6, 18.2)(15.2, 18.2);SD
Module:M10
Boundary:(525.9, 10.0)(650.8, 10.0)(650.8, 125.4)(525.9, 125.4);GATE
Port:(541.0, 121.4)(635.7, 121.4)(635.7, 125.4)(541.0, 125.4);SD
Port:(525.9, 10.0)(650.8, 10.0)(650.8, 119.0)(525.9, 119.0);GATE
Port:(532.2, 15.3)(644.5, 15.3)(644.5, 22.1)(532.2, 22.1);SD
Module:M7
Boundary:(786.7, 20.0)(786.7, 86.3)(786.6, 86.3)(786.6, 102.3)(680.8, 102.3)(680.8, 20.0);GATE
Port:(680.8, 33.5)(686.6, 33.5)(686.6, 88.8)(680.8, 88.8);SD
Port:(786.7, 20.0)(786.7, 86.3)(786.6, 86.3)(786.6, 102.3)(689.5, 102.3)(689.5, 20.0);GATE
Port:(775.3, 26.5)(781.2, 26.5)(781.2, 79.8)(775.3, 79.8);SD
Module:M3
Boundary:(505.9, 10.0)(505.9, 97.4)(368.1, 97.4)(368.1, 10.0);GATE
Port:(368.1, 21.3)(373.2, 21.3)(373.2, 86.1)(368.1, 86.1);SD
Port:(505.9, 10.0)(505.9, 97.4)(375.4, 97.4)(375.4, 10.0);GATE
Port:(496.6, 15.7)(501.2, 15.7)(501.2, 91.7)(496.6, 91.7);SD
Module:M15
Boundary:(264.3, 10.0)(348.1, 10.0)(348.1, 181.6)(264.3, 181.6);GATE
Port:(277.8, 176.8)(334.6, 176.8)(334.6, 181.6)(277.8, 181.6);SD
Port:(264.3, 10.0)(348.1, 10.0)(348.1, 174.0)(264.3, 174.0);GATE
Port:(269.8, 14.5)(342.6, 14.5)(342.6, 21.4)(269.8, 21.4);SD
Module:M12
Boundary:(150.0, 344.3)(150.0, 409.9)(149.7, 409.9)(149.7, 425.6)(10.0, 425.6)(10.0, 344.3);GATE
Port:(10.0, 358.4)(14.5, 358.4)(14.5, 411.5)(10.0, 411.5);SD
Port:(150.0, 344.3)(150.0, 409.9)(149.7, 409.9)(149.7, 425.6)(15.5, 425.6)(15.5, 344.3);GATE
Port:(138.6, 349.5)(145.8, 349.5)(145.8, 404.7)(138.6, 404.7);SD
Module:M8
Boundary:(551.6, 337.3)(551.6, 415.3)(357.0, 415.3)(357.0, 337.3);GATE
Port:(357.0, 350.5)(362.2, 350.5)(362.2, 402.1)(357.0, 402.1);SD
Port:(551.6, 337.3)(551.6, 415.3)(363.9, 415.3)(363.9, 337.3);GATE
Port:(540.5, 342.6)(547.3, 342.6)(547.3, 410.0)(540.5, 410.0);SD
Module:M4
Boundary:(480.0, 213.4)(480.0, 280.7)(479.8, 280.7)(479.8, 297.3)(277.6, 297.3)(277.6, 213.4);GATE
Port:(277.6, 227.4)(282.5, 227.4)(282.5, 283.3)(277.6, 283.3);SD
Port:(480.0, 213.4)(480.0, 280.7)(479.8, 280.7)(479.8, 297.3)(284.6, 297.3)(284.6, 213.4);GATE
Port:(469.4, 218.7)(475.7, 218.7)(475.7, 275.4)(469.4, 275.4);SD
