Area:(-30.0, -30.0)(441.3, -30.0)(441.3, 867.1)(-30.0, 867.1)
Rule:GATE(5,5);SD(5,5);GATE_SD(0.5);GATE_ITO(0.5);SD_ITO(0.5)
Module:M14
Boundary:(376.8, 171.4)(376.8, 250.3)(245.1, 250.3)(245.1, 171.4);GATE
Port:(245.1, 184.2)(250.2, 184.2)(250.2, 237.5)(245.1, 237.5);SD
Port:(376.8, 171.4)(376.8, 250.3)(251.9, 250.3)(251.9, 171.4);GATE
Port:(366.3, 176.6)(372.6, 176.6)(372.6, 245.1)(366.3, 245.1);SD
Module:M9
Boundary:(159.9, 310.4)(159.9, 360.2)(159.6, 360.2)(159.6, 376.3)(10.0, 376.3)(10.0, 310.4);GATE
Port:(10.0, 323.8)(15.0, 323.8)(15.0, 362.9)(10.0, 362.9);SD
Port:(159.9, 310.4)(159.9, 360.2)(159.6, 360.2)(159.6, 376.3)(18.0, 376.3)(18.0, 310.4);GATE
Port:(149.5, 316.6)(154.7, 316.6)(154.7, 354.0)(149.5, 354.0);SD
Module:M5
Boundary:(396.9, 20.0)(396.9, 104.1)(396.6, 104.1)(396.6, 121.4)(229.4, 121.4)(229.4, 20.0);GATE
Port:(229.4, 32.1)(234.7, 32.1)(234.7, 109.3)(229.4, 109.3);SD
Port:(396.9, 20.0)(396.9, 104.1)(396.6, 104.1)(396.6, 121.4)(236.7, 121.4)(236.7, 20.0);GATE
Port:(387.6, 25.0)(392.9, 25.0)(392.9, 99.1)(387.6, 99.1);SD
Module:M11
Boundary:(123.8, 553.7)(123.8, 630.2)(123.4, 630.2)(123.4, 644.9)(10.0, 644.9)(10.0, 553.7);GATE
Port:(10.0, 566.5)(14.7, 566.5)(14.7, 632.1)(10.0, 632.1);SD
Port:(123.8, 553.7)(123.8, 630.2)(123.4, 630.2)(123.4, 644.9)(17.5, 644.9)(17.5, 553.7);GATE
Port:(112.9, 560.1)(118.4, 560.1)(118.4, 623.8)(112.9, 623.8);SD
Module:M1
Boundary:(308.9, 700.4)(308.9, 791.3)(308.5, 791.3)(308.5, 808.9)(173.0, 808.9)(173.0, 700.4);GATE
Port:(173.0, 716.0)(178.6, 716.0)(178.6, 793.3)(173.0, 793.3);SD
Port:(308.9, 700.4)(308.9, 791.3)(308.5, 791.3)(308.5, 808.9)(181.0, 808.9)(181.0, 700.4);GATE
Port:(296.4, 707.1)(303.2, 707.1)(303.2, 784.6)(296.4, 784.6);SD
Module:M6
Boundary:(142.5, 436.9)(242.2, 436.9)(242.2, 531.9)(142.5, 531.9);GATE
Port:(156.6, 526.7)(228.1, 526.7)(228.1, 531.9)(156.6, 531.9);SD
Port:(142.5, 436.9)(242.2, 436.9)(242.2, 523.7)(142.5, 523.7);GATE
Port:(148.0, 441.4)(236.7, 441.4)(236.7, 448.4)(148.0, 448.4);SD
Module:M2
Boundary:(279.0, 446.9)(395.2, 446.9)(395.2, 650.4)(279.0, 650.4);GATE
Port:(293.7, 645.1)(380.5, 645.1)(380.5, 650.4)(293.7, 650.4);SD
Port:(279.0, 446.9)(395.2, 446.9)(395.2, 642.2)(279.0, 642.2);GATE
Port:(285.3, 452.2)(388.9, 452.2)(388.9, 458.2)(285.3, 458.2);SD
Module:M16
Boundary:(249.0, 551.9)(249.0, 645.1)(248.8, 645.1)(248.8, 660.3)(153.0, 660.3)(153.0, 551.9);GATE
Port:(153.0, 564.8)(157.7, 564.8)(157.7, 647.4)(153.0, 647.4);SD
Port:(249.0, 551.9)(249.0, 645.1)(248.8, 645.1)(248.8, 660.3)(160.4, 660.3)(160.4, 551.9);GATE
Port:(238.9, 558.7)(243.2, 558.7)(243.2, 638.3)(238.9, 638.3);SD
Module:M13
Boundary:(10.0, 185.7)(101.4, 185.7)(101.4, 290.4)(10.0, 290.4);GATE
Port:(23.8, 285.7)(87.6, 285.7)(87.6, 290.4)(23.8, 290.4);SD
Port:(10.0, 185.7)(101.4, 185.7)(101.4, 282.8)(10.0, 282.8);GATE
Port:(17.0, 191.7)(94.4, 191.7)(94.4, 197.0)(17.0, 197.0);SD
Module:M10
Boundary:(10.0, 664.9)(133.0, 664.9)(133.0, 827.1)(10.0, 827.1);GATE
Port:(24.2, 821.6)(118.8, 821.6)(118.8, 827.1)(24.2, 827.1);SD
Port:(10.0, 664.9)(133.0, 664.9)(133.0, 820.1)(10.0, 820.1);GATE
Port:(15.8, 669.7)(127.2, 669.7)(127.2, 676.4)(15.8, 676.4);SD
Module:M7
Boundary:(20.0, 406.3)(112.5, 406.3)(112.5, 523.7)(20.0, 523.7);GATE
Port:(33.8, 518.6)(98.7, 518.6)(98.7, 523.7)(33.8, 523.7);SD
Port:(20.0, 406.3)(112.5, 406.3)(112.5, 517.5)(20.0, 517.5);GATE
Port:(26.9, 412.2)(105.6, 412.2)(105.6, 417.8)(26.9, 417.8);SD
Module:M3
Boundary:(10.0, 10.0)(70.8, 10.0)(70.8, 10.3)(85.2, 10.3)(85.2, 165.7)(10.0, 165.7);GATE
Port:(23.0, 159.9)(72.2, 159.9)(72.2, 165.7)(23.0, 165.7);SD
Port:(10.0, 10.0)(70.8, 10.0)(70.8, 10.3)(85.2, 10.3)(85.2, 158.5)(10.0, 158.5);GATE
Port:(16.0, 15.0)(64.8, 15.0)(64.8, 20.8)(16.0, 20.8);SD
Module:M15
Boundary:(348.9, 680.4)(401.3, 680.4)(401.3, 803.3)(348.9, 803.3);GATE
Port:(363.6, 797.4)(386.6, 797.4)(386.6, 803.3)(363.6, 803.3);SD
Port:(348.9, 680.4)(401.3, 680.4)(401.3, 795.5)(348.9, 795.5);GATE
Port:(355.4, 685.9)(394.8, 685.9)(394.8, 691.9)(355.4, 691.9);SD
Module:M12
Boundary:(121.4, 169.6)(205.1, 169.6)(205.1, 264.5)(121.4, 264.5);GATE
Port:(135.3, 258.7)(191.2, 258.7)(191.2, 264.5)(135.3, 264.5);SD
Port:(121.4, 169.6)(205.1, 169.6)(205.1, 255.9)(121.4, 255.9);GATE
Port:(127.5, 174.7)(199.0, 174.7)(199.0, 181.6)(127.5, 181.6);SD
Module:M8
Boundary:(115.2, 20.0)(175.3, 20.0)(175.3, 20.1)(189.4, 20.1)(189.4, 139.6)(115.2, 139.6);GATE
Port:(127.8, 135.3)(176.8, 135.3)(176.8, 139.6)(127.8, 139.6);SD
Port:(115.2, 20.0)(175.3, 20.0)(175.3, 20.1)(189.4, 20.1)(189.4, 133.0)(115.2, 133.0);GATE
Port:(121.4, 25.2)(169.1, 25.2)(169.1, 30.9)(121.4, 30.9);SD
Module:M4
Boundary:(360.9, 300.3)(360.9, 406.9)(189.9, 406.9)(189.9, 300.3);GATE
Port:(189.9, 312.2)(195.7, 312.2)(195.7, 395.0)(189.9, 395.0);SD
Port:(360.9, 300.3)(360.9, 406.9)(198.3, 406.9)(198.3, 300.3);GATE
Port:(351.7, 305.9)(356.3, 305.9)(356.3, 401.3)(351.7, 401.3);SD
