Area:(-30.0, -30.0)(432.9, -30.0)(432.9, 1062.8)(-30.0, 1062.8)
Rule:GATE(5,5);SD(5,5);GATE_SD(0.5);GATE_ITO(0.5);SD_ITO(0.5)
Module:M14
Boundary:(318.9, 241.6)(318.9, 288.9)(318.7, 288.9)(318.7, 304.3)(165.5, 304.3)(165.5, 241.6);GATE
Port:(165.5, 254.2)(170.1, 254.2)(170.1, 291.7)(165.5, 291.7);SD
Port:(318.9, 241.6)(318.9, 288.9)(318.7, 288.9)(318.7, 304.3)(171.4, 304.3)(171.4, 241.6);GATE
Port:(308.8, 247.8)(313.7, 247.8)(313.7, 282.7)(308.8, 282.7);SD
Module:M9
Boundary:(184.8, 10.0)(184.8, 60.3)(184.7, 60.3)(184.7, 77.4)(10.0, 77.4)(10.0, 10.0);GATE
Port:(10.0, 23.3)(14.7, 23.3)(14.7, 64.1)(10.0, 64.1);SD
Port:(184.8, 10.0)(184.8, 60.3)(184.7, 60.3)(184.7, 77.4)(17.5, 77.4)(17.5, 10.0);GATE
Port:(174.9, 15.5)(180.3, 15.5)(180.3, 54.8)(174.9, 54.8);SD
Module:M5
Boundary:(224.3, 901.1)(224.3, 1001.5)(224.1, 1001.5)(224.1, 1017.9)(20.0, 1017.9)(20.0, 901.1);GATE
Port:(20.0, 915.1)(24.4, 915.1)(24.4, 1003.9)(20.0, 1003.9);SD
Port:(224.3, 901.1)(224.3, 1001.5)(224.1, 1001.5)(224.1, 1017.9)(27.3, 1017.9)(27.3, 901.1);GATE
Port:(213.2, 907.3)(219.1, 907.3)(219.1, 995.3)(213.2, 995.3);SD
Module:M11
Boundary:(358.8, 120.0)(358.8, 185.7)(358.7, 185.7)(358.7, 201.6)(145.5, 201.6)(145.5, 120.0);GATE
Port:(145.5, 133.1)(150.3, 133.1)(150.3, 188.5)(145.5, 188.5);SD
Port:(358.8, 120.0)(358.8, 185.7)(358.7, 185.7)(358.7, 201.6)(152.7, 201.6)(152.7, 120.0);GATE
Port:(348.0, 126.2)(353.6, 126.2)(353.6, 179.5)(348.0, 179.5);SD
Module:M1
Boundary:(302.9, 706.3)(376.1, 706.3)(376.1, 873.5)(302.9, 873.5);GATE
Port:(318.2, 867.8)(360.8, 867.8)(360.8, 873.5)(318.2, 873.5);SD
Port:(302.9, 706.3)(376.1, 706.3)(376.1, 866.7)(302.9, 866.7);GATE
Port:(309.2, 711.6)(369.8, 711.6)(369.8, 718.4)(309.2, 718.4);SD
Module:M6
Boundary:(373.2, 593.2)(373.2, 652.1)(373.1, 652.1)(373.1, 666.3)(150.7, 666.3)(150.7, 593.2);GATE
Port:(150.7, 604.8)(155.6, 604.8)(155.6, 654.7)(150.7, 654.7);SD
Port:(373.2, 593.2)(373.2, 652.1)(373.1, 652.1)(373.1, 666.3)(158.6, 666.3)(158.6, 593.2);GATE
Port:(363.1, 599.2)(368.2, 599.2)(368.2, 646.1)(363.1, 646.1);SD
Module:M2
Boundary:(120.7, 484.5)(120.7, 555.9)(20.0, 555.9)(20.0, 484.5);GATE
Port:(20.0, 498.6)(24.4, 498.6)(24.4, 541.8)(20.0, 541.8);SD
Port:(120.7, 484.5)(120.7, 555.9)(26.7, 555.9)(26.7, 484.5);GATE
Port:(109.4, 490.6)(115.6, 490.6)(115.6, 549.8)(109.4, 549.8);SD
Module:M16
Boundary:(282.4, 463.5)(392.9, 463.5)(392.9, 573.2)(282.4, 573.2);GATE
Port:(296.4, 568.8)(378.9, 568.8)(378.9, 573.2)(296.4, 573.2);SD
Port:(282.4, 463.5)(392.9, 463.5)(392.9, 567.6)(282.4, 567.6);GATE
Port:(288.7, 468.8)(386.6, 468.8)(386.6, 475.3)(288.7, 475.3);SD
Module:M13
Boundary:(381.2, 344.3)(381.2, 443.5)(211.4, 443.5)(211.4, 344.3);GATE
Port:(211.4, 358.7)(216.5, 358.7)(216.5, 429.1)(211.4, 429.1);SD
Port:(381.2, 344.3)(381.2, 443.5)(218.6, 443.5)(218.6, 344.3);GATE
Port:(369.8, 350.7)(375.8, 350.7)(375.8, 437.1)(369.8, 437.1);SD
Module:M10
Boundary:(142.3, 686.3)(246.1, 686.3)(246.1, 686.4)(262.9, 686.4)(262.9, 871.1)(142.3, 871.1);GATE
Port:(157.1, 865.2)(248.1, 865.2)(248.1, 871.1)(157.1, 871.1);SD
Port:(142.3, 686.3)(246.1, 686.3)(246.1, 686.4)(262.9, 686.4)(262.9, 862.5)(142.3, 862.5);GATE
Port:(148.5, 691.5)(239.9, 691.5)(239.9, 698.2)(148.5, 698.2);SD
Module:M7
Boundary:(252.4, 484.5)(252.4, 558.4)(160.7, 558.4)(160.7, 484.5);GATE
Port:(160.7, 495.7)(166.1, 495.7)(166.1, 547.2)(160.7, 547.2);SD
Port:(252.4, 484.5)(252.4, 558.4)(168.2, 558.4)(168.2, 484.5);GATE
Port:(242.8, 490.0)(247.9, 490.0)(247.9, 552.9)(242.8, 552.9);SD
Module:M3
Boundary:(377.8, 10.0)(377.8, 82.7)(377.7, 82.7)(377.7, 100.0)(204.8, 100.0)(204.8, 10.0);GATE
Port:(204.8, 25.6)(209.9, 25.6)(209.9, 84.4)(204.8, 84.4);SD
Port:(377.8, 10.0)(377.8, 82.7)(377.7, 82.7)(377.7, 100.0)(211.2, 100.0)(211.2, 10.0);GATE
Port:(365.3, 16.8)(372.0, 16.8)(372.0, 75.9)(365.3, 75.9);SD
Module:M15
Boundary:(377.6, 913.5)(377.6, 1022.8)(254.3, 1022.8)(254.3, 913.5);GATE
Port:(254.3, 927.9)(258.5, 927.9)(258.5, 1008.4)(254.3, 1008.4);SD
Port:(377.6, 913.5)(377.6, 1022.8)(260.0, 1022.8)(260.0, 913.5);GATE
Port:(365.4, 919.3)(372.8, 919.3)(372.8, 1017.0)(365.4, 1017.0);SD
Module:M12
Boundary:(10.0, 97.4)(109.5, 97.4)(109.5, 97.8)(125.5, 97.8)(125.5, 325.8)(10.0, 325.8);GATE
Port:(24.3, 321.0)(111.2, 321.0)(111.2, 325.8)(24.3, 325.8);SD
Port:(10.0, 97.4)(109.5, 97.4)(109.5, 97.8)(125.5, 97.8)(125.5, 319.3)(10.0, 319.3);GATE
Port:(16.3, 102.7)(103.2, 102.7)(103.2, 108.9)(16.3, 108.9);SD
Module:M8
Boundary:(181.4, 355.8)(181.4, 444.5)(20.0, 444.5)(20.0, 355.8);GATE
Port:(20.0, 371.0)(25.4, 371.0)(25.4, 429.3)(20.0, 429.3);SD
Port:(181.4, 355.8)(181.4, 444.5)(28.2, 444.5)(28.2, 355.8);GATE
Port:(168.8, 362.2)(176.0, 362.2)(176.0, 438.1)(168.8, 438.1);SD
Module:M4
Boundary:(20.0, 595.9)(94.8, 595.9)(94.8, 596.3)(112.3, 596.3)(112.3, 815.8)(20.0, 815.8);GATE
Port:(36.8, 810.1)(95.5, 810.1)(95.5, 815.8)(36.8, 815.8);SD
Port:(20.0, 595.9)(94.8, 595.9)(94.8, 596.3)(112.3, 596.3)(112.3, 808.6)(20.0, 808.6);GATE
Port:(26.7, 601.6)(88.1, 601.6)(88.1, 609.5)(26.7, 609.5);SD
