Area:(-30.0, -30.0)(357.7, -30.0)(357.7, 1036.5)(-30.0, 1036.5)
Rule:GATE(5,5);SD(5,5);GATE_SD(0.5);GATE_ITO(0.5);SD_ITO(0.5)
Module:M14
Boundary:(120.3, 30.0)(225.2, 30.0)(225.2, 134.8)(120.3, 134.8);GATE
Port:(134.5, 129.6)(211.0, 129.6)(211.0, 134.8)(134.5, 134.8);SD
Port:(120.3, 30.0)(225.2, 30.0)(225.2, 128.6)(120.3, 128.6);GATE
Port:(126.9, 35.6)(218.6, 35.6)(218.6, 40.9)(126.9, 40.9);SD
Module:M9
Boundary:(10.0, 10.0)(63.4, 10.0)(63.4, 10.1)(80.3, 10.1)(80.3, 183.4)(10.0, 183.4);GATE
Port:(24.4, 179.3)(65.9, 179.3)(65.9, 183.4)(24.4, 183.4);SD
Port:(10.0, 10.0)(63.4, 10.0)(63.4, 10.1)(80.3, 10.1)(80.3, 176.8)(10.0, 176.8);GATE
Port:(15.6, 14.6)(57.8, 14.6)(57.8, 22.2)(15.6, 22.2);SD
Module:M5
Boundary:(306.6, 530.8)(306.6, 622.8)(306.2, 622.8)(306.2, 640.8)(130.9, 640.8)(130.9, 530.8);GATE
Port:(130.9, 546.1)(135.1, 546.1)(135.1, 625.5)(130.9, 625.5);SD
Port:(306.6, 530.8)(306.6, 622.8)(306.2, 622.8)(306.2, 640.8)(136.6, 640.8)(136.6, 530.8);GATE
Port:(294.6, 537.1)(301.3, 537.1)(301.3, 616.5)(294.6, 616.5);SD
Module:M11
Boundary:(100.3, 174.8)(150.5, 174.8)(150.5, 175.1)(166.1, 175.1)(166.1, 283.4)(100.3, 283.4);GATE
Port:(113.7, 277.7)(152.7, 277.7)(152.7, 283.4)(113.7, 283.4);SD
Port:(100.3, 174.8)(150.5, 174.8)(150.5, 175.1)(166.1, 175.1)(166.1, 274.8)(100.3, 274.8);GATE
Port:(106.8, 180.3)(144.0, 180.3)(144.0, 186.1)(106.8, 186.1);SD
Module:M1
Boundary:(30.0, 819.9)(132.7, 819.9)(132.7, 820.1)(149.1, 820.1)(149.1, 891.6)(30.0, 891.6);GATE
Port:(44.9, 886.3)(134.2, 886.3)(134.2, 891.6)(44.9, 891.6);SD
Port:(30.0, 819.9)(132.7, 819.9)(132.7, 820.1)(149.1, 820.1)(149.1, 885.0)(30.0, 885.0);GATE
Port:(36.9, 825.8)(125.8, 825.8)(125.8, 832.1)(36.9, 832.1);SD
Module:M6
Boundary:(10.0, 203.4)(72.0, 203.4)(72.0, 305.6)(10.0, 305.6);GATE
Port:(22.4, 301.0)(59.6, 301.0)(59.6, 305.6)(22.4, 305.6);SD
Port:(10.0, 203.4)(72.0, 203.4)(72.0, 298.4)(10.0, 298.4);GATE
Port:(15.6, 208.0)(66.4, 208.0)(66.4, 213.5)(15.6, 213.5);SD
Module:M2
Boundary:(210.0, 861.6)(295.0, 861.6)(295.0, 861.8)(311.3, 861.8)(311.3, 983.9)(210.0, 983.9);GATE
Port:(224.9, 978.3)(296.4, 978.3)(296.4, 983.9)(224.9, 983.9);SD
Port:(210.0, 861.6)(295.0, 861.6)(295.0, 861.8)(311.3, 861.8)(311.3, 975.8)(210.0, 975.8);GATE
Port:(217.0, 867.6)(288.0, 867.6)(288.0, 873.9)(217.0, 873.9);SD
Module:M16
Boundary:(184.4, 670.8)(184.4, 761.5)(184.2, 761.5)(184.2, 779.9)(10.0, 779.9)(10.0, 670.8);GATE
Port:(10.0, 684.6)(15.0, 684.6)(15.0, 766.1)(10.0, 766.1);SD
Port:(184.4, 670.8)(184.4, 761.5)(184.2, 761.5)(184.2, 779.9)(17.0, 779.9)(17.0, 670.8);GATE
Port:(173.8, 676.4)(179.8, 676.4)(179.8, 755.9)(173.8, 755.9);SD
Module:M13
Boundary:(180.0, 931.6)(180.0, 996.5)(10.0, 996.5)(10.0, 931.6);GATE
Port:(10.0, 945.2)(14.6, 945.2)(14.6, 982.9)(10.0, 982.9);SD
Port:(180.0, 931.6)(180.0, 996.5)(17.1, 996.5)(17.1, 931.6);GATE
Port:(169.5, 938.2)(174.4, 938.2)(174.4, 989.9)(169.5, 989.9);SD
Module:M10
Boundary:(265.2, 10.0)(315.4, 10.0)(315.4, 158.3)(265.2, 158.3);GATE
Port:(279.7, 153.1)(300.9, 153.1)(300.9, 158.3)(279.7, 158.3);SD
Port:(265.2, 10.0)(315.4, 10.0)(315.4, 151.7)(265.2, 151.7);GATE
Port:(271.5, 15.3)(309.1, 15.3)(309.1, 22.6)(271.5, 22.6);SD
Module:M7
Boundary:(214.4, 680.8)(296.7, 680.8)(296.7, 681.0)(312.4, 681.0)(312.4, 821.6)(214.4, 821.6);GATE
Port:(228.5, 817.5)(298.3, 817.5)(298.3, 821.6)(228.5, 821.6);SD
Port:(214.4, 680.8)(296.7, 680.8)(296.7, 681.0)(312.4, 681.0)(312.4, 815.6)(214.4, 815.6);GATE
Port:(221.1, 686.5)(290.0, 686.5)(290.0, 692.5)(221.1, 692.5);SD
Module:M3
Boundary:(302.4, 420.9)(302.4, 484.8)(302.1, 484.8)(302.1, 500.8)(99.0, 500.8)(99.0, 420.9);GATE
Port:(99.0, 433.5)(104.3, 433.5)(104.3, 488.2)(99.0, 488.2);SD
Port:(302.4, 420.9)(302.4, 484.8)(302.1, 484.8)(302.1, 500.8)(106.2, 500.8)(106.2, 420.9);GATE
Port:(292.7, 426.0)(298.3, 426.0)(298.3, 479.7)(292.7, 479.7);SD
Module:M15
Boundary:(207.4, 178.3)(317.7, 178.3)(317.7, 397.3)(207.4, 397.3);GATE
Port:(220.7, 391.4)(304.4, 391.4)(304.4, 397.3)(220.7, 397.3);SD
Port:(207.4, 178.3)(317.7, 178.3)(317.7, 389.2)(207.4, 389.2);GATE
Port:(212.4, 182.3)(312.7, 182.3)(312.7, 189.3)(212.4, 189.3);SD
Module:M12
Boundary:(10.0, 325.6)(79.0, 325.6)(79.0, 528.3)(10.0, 528.3);GATE
Port:(23.9, 523.7)(65.1, 523.7)(65.1, 528.3)(23.9, 528.3);SD
Port:(10.0, 325.6)(79.0, 325.6)(79.0, 521.4)(10.0, 521.4);GATE
Port:(16.2, 330.8)(72.8, 330.8)(72.8, 336.6)(16.2, 336.6);SD
Module:M8
Boundary:(110.3, 313.4)(162.2, 313.4)(162.2, 313.6)(177.4, 313.6)(177.4, 390.9)(110.3, 390.9);GATE
Port:(125.0, 385.7)(162.7, 385.7)(162.7, 390.9)(125.0, 390.9);SD
Port:(110.3, 313.4)(162.2, 313.4)(162.2, 313.6)(177.4, 313.6)(177.4, 384.6)(110.3, 384.6);GATE
Port:(116.9, 319.0)(155.6, 319.0)(155.6, 326.3)(116.9, 326.3);SD
Module:M4
Boundary:(90.9, 558.3)(90.9, 640.6)(20.0, 640.6)(20.0, 558.3);GATE
Port:(20.0, 570.6)(24.5, 570.6)(24.5, 628.3)(20.0, 628.3);SD
Port:(90.9, 558.3)(90.9, 640.6)(26.4, 640.6)(26.4, 558.3);GATE
Port:(80.8, 564.1)(86.1, 564.1)(86.1, 634.8)(80.8, 634.8);SD
