Area:(-30.0, -30.0)(556.8, -30.0)(556.8, 659.4)(-30.0, 659.4)
Rule:GATE(5,5);SD(5,5);GATE_SD(0.5);GATE_ITO(0.5);SD_ITO(0.5)
Module:M14
Boundary:(155.5, 202.1)(206.3, 202.1)(206.3, 202.3)(223.1, 202.3)(223.1, 352.4)(155.5, 352.4);GATE
Port:(169.2, 347.9)(209.4, 347.9)(209.4, 352.4)(169.2, 352.4);SD
Port:(155.5, 202.1)(206.3, 202.1)(206.3, 202.3)(223.1, 202.3)(223.1, 345.7)(155.5, 345.7);GATE
Port:(162.0, 207.6)(199.8, 207.6)(199.8, 212.8)(162.0, 212.8);SD
Module:M9
Boundary:(158.1, 553.6)(158.1, 604.7)(157.9, 604.7)(157.9, 619.4)(10.0, 619.4)(10.0, 553.6);GATE
Port:(10.0, 568.2)(15.1, 568.2)(15.1, 604.8)(10.0, 604.8);SD
Port:(158.1, 553.6)(158.1, 604.7)(157.9, 604.7)(157.9, 619.4)(16.3, 619.4)(16.3, 553.6);GATE
Port:(145.1, 560.4)(152.3, 560.4)(152.3, 597.9)(145.1, 597.9);SD
Module:M5
Boundary:(425.0, 396.5)(516.8, 396.5)(516.8, 506.4)(425.0, 506.4);GATE
Port:(437.7, 501.6)(504.1, 501.6)(504.1, 506.4)(437.7, 506.4);SD
Port:(425.0, 396.5)(516.8, 396.5)(516.8, 499.8)(425.0, 499.8);GATE
Port:(431.4, 401.9)(510.4, 401.9)(510.4, 407.4)(431.4, 407.4);SD
Module:M11
Boundary:(285.5, 404.0)(395.0, 404.0)(395.0, 517.3)(285.5, 517.3);GATE
Port:(296.8, 511.9)(383.7, 511.9)(383.7, 517.3)(296.8, 517.3);SD
Port:(285.5, 404.0)(395.0, 404.0)(395.0, 509.4)(285.5, 509.4);GATE
Port:(291.0, 408.5)(389.5, 408.5)(389.5, 412.9)(291.0, 412.9);SD
Module:M1
Boundary:(503.0, 30.0)(503.0, 126.3)(502.6, 126.3)(502.6, 142.2)(289.5, 142.2)(289.5, 30.0);GATE
Port:(289.5, 42.9)(295.2, 42.9)(295.2, 129.3)(289.5, 129.3);SD
Port:(503.0, 30.0)(503.0, 126.3)(502.6, 126.3)(502.6, 142.2)(296.4, 142.2)(296.4, 30.0);GATE
Port:(493.0, 36.6)(497.4, 36.6)(497.4, 119.7)(493.0, 119.7);SD
Module:M6
Boundary:(515.0, 297.8)(515.0, 366.5)(400.8, 366.5)(400.8, 297.8);GATE
Port:(400.8, 312.8)(405.8, 312.8)(405.8, 351.5)(400.8, 351.5);SD
Port:(515.0, 297.8)(515.0, 366.5)(408.4, 366.5)(408.4, 297.8);GATE
Port:(502.2, 304.6)(509.2, 304.6)(509.2, 359.7)(502.2, 359.7);SD
Module:M2
Boundary:(485.4, 192.2)(485.4, 252.6)(485.3, 252.6)(485.3, 267.8)(279.5, 267.8)(279.5, 192.2);GATE
Port:(279.5, 203.5)(284.6, 203.5)(284.6, 256.5)(279.5, 256.5);SD
Port:(485.4, 192.2)(485.4, 252.6)(485.3, 252.6)(485.3, 267.8)(285.9, 267.8)(285.9, 192.2);GATE
Port:(476.4, 197.3)(481.3, 197.3)(481.3, 247.5)(476.4, 247.5);SD
Module:M16
Boundary:(10.0, 292.6)(97.2, 292.6)(97.2, 380.1)(10.0, 380.1);GATE
Port:(21.4, 375.8)(85.8, 375.8)(85.8, 380.1)(21.4, 380.1);SD
Port:(10.0, 292.6)(97.2, 292.6)(97.2, 373.5)(10.0, 373.5);GATE
Port:(15.6, 297.2)(91.6, 297.2)(91.6, 302.4)(15.6, 302.4);SD
Module:M13
Boundary:(218.0, 404.0)(250.0, 404.0)(250.0, 404.1)(265.5, 404.1)(265.5, 601.9)(218.0, 601.9);GATE
Port:(230.8, 597.3)(252.7, 597.3)(252.7, 601.9)(230.8, 601.9);SD
Port:(218.0, 404.0)(250.0, 404.0)(250.0, 404.1)(265.5, 404.1)(265.5, 595.3)(218.0, 595.3);GATE
Port:(223.4, 408.4)(244.6, 408.4)(244.6, 414.1)(223.4, 414.1);SD
Module:M10
Boundary:(10.0, 10.0)(89.5, 10.0)(89.5, 180.0)(10.0, 180.0);GATE
Port:(23.1, 175.2)(76.4, 175.2)(76.4, 180.0)(23.1, 180.0);SD
Port:(10.0, 10.0)(89.5, 10.0)(89.5, 172.8)(10.0, 172.8);GATE
Port:(16.3, 15.3)(83.2, 15.3)(83.2, 20.9)(16.3, 20.9);SD
Module:M7
Boundary:(370.8, 307.8)(370.8, 374.0)(273.1, 374.0)(273.1, 307.8);GATE
Port:(273.1, 320.8)(278.8, 320.8)(278.8, 361.0)(273.1, 361.0);SD
Port:(370.8, 307.8)(370.8, 374.0)(281.3, 374.0)(281.3, 307.8);GATE
Port:(359.9, 314.2)(365.4, 314.2)(365.4, 367.6)(359.9, 367.6);SD
Module:M3
Boundary:(10.0, 200.0)(98.1, 200.0)(98.1, 200.6)(115.5, 200.6)(115.5, 272.6)(10.0, 272.6);GATE
Port:(24.7, 268.3)(100.8, 268.3)(100.8, 272.6)(24.7, 272.6);SD
Port:(10.0, 200.0)(98.1, 200.0)(98.1, 200.6)(115.5, 200.6)(115.5, 265.6)(10.0, 265.6);GATE
Port:(16.8, 205.8)(91.3, 205.8)(91.3, 211.2)(16.8, 211.2);SD
Module:M15
Boundary:(238.7, 98.9)(238.7, 147.4)(238.7, 147.4)(238.7, 162.1)(109.5, 162.1)(109.5, 98.9);GATE
Port:(109.5, 111.8)(114.1, 111.8)(114.1, 149.2)(109.5, 149.2);SD
Port:(238.7, 98.9)(238.7, 147.4)(238.7, 147.4)(238.7, 162.1)(115.5, 162.1)(115.5, 98.9);GATE
Port:(227.3, 105.6)(233.0, 105.6)(233.0, 140.7)(227.3, 140.7);SD
Module:M12
Boundary:(249.5, 10.0)(249.5, 78.9)(109.5, 78.9)(109.5, 10.0);GATE
Port:(109.5, 24.9)(114.7, 24.9)(114.7, 64.0)(109.5, 64.0);SD
Port:(249.5, 10.0)(249.5, 78.9)(117.6, 78.9)(117.6, 10.0);GATE
Port:(236.8, 16.1)(244.4, 16.1)(244.4, 72.8)(236.8, 72.8);SD
Module:M8
Boundary:(484.5, 547.3)(484.5, 597.5)(484.4, 597.5)(484.4, 613.5)(295.5, 613.5)(295.5, 547.3);GATE
Port:(295.5, 561.1)(300.1, 561.1)(300.1, 599.7)(295.5, 599.7);SD
Port:(484.5, 547.3)(484.5, 597.5)(484.4, 597.5)(484.4, 613.5)(302.1, 613.5)(302.1, 547.3);GATE
Port:(473.4, 553.1)(479.7, 553.1)(479.7, 591.7)(473.4, 591.7);SD
Module:M4
Boundary:(188.0, 410.1)(188.0, 523.6)(20.0, 523.6)(20.0, 410.1);GATE
Port:(20.0, 424.8)(24.1, 424.8)(24.1, 508.9)(20.0, 508.9);SD
Port:(188.0, 410.1)(188.0, 523.6)(26.8, 523.6)(26.8, 410.1);GATE
Port:(175.7, 417.0)(182.1, 417.0)(182.1, 516.7)(175.7, 516.7);SD
