Area:(-30.0, -20.0)(366.6, -20.0)(366.6, 1031.4)(-30.0, 1031.4)
Rule:GATE(5,5);SD(5,5);GATE_SD(0.5);GATE_ITO(0.5);SD_ITO(0.5)
Module:M14
Boundary:(185.9, 245.7)(185.9, 329.3)(30.0, 329.3)(30.0, 245.7);GATE
Port:(30.0, 259.2)(34.2, 259.2)(34.2, 315.8)(30.0, 315.8);SD
Port:(185.9, 245.7)(185.9, 329.3)(36.7, 329.3)(36.7, 245.7);GATE
Port:(175.1, 251.7)(180.9, 251.7)(180.9, 323.3)(175.1, 323.3);SD
Module:M9
Boundary:(230.2, 794.9)(316.0, 794.9)(316.0, 991.4)(230.2, 991.4);GATE
Port:(241.2, 986.1)(305.0, 986.1)(305.0, 991.4)(241.2, 991.4);SD
Port:(230.2, 794.9)(316.0, 794.9)(316.0, 983.9)(230.2, 983.9);GATE
Port:(235.4, 799.1)(310.8, 799.1)(310.8, 804.1)(235.4, 804.1);SD
Module:M5
Boundary:(20.0, 20.0)(106.8, 20.0)(106.8, 20.5)(124.2, 20.5)(124.2, 192.6)(20.0, 192.6);GATE
Port:(33.8, 187.5)(110.4, 187.5)(110.4, 192.6)(33.8, 192.6);SD
Port:(20.0, 20.0)(106.8, 20.0)(106.8, 20.5)(124.2, 20.5)(124.2, 185.2)(20.0, 185.2);GATE
Port:(26.4, 25.4)(100.4, 25.4)(100.4, 30.8)(26.4, 30.8);SD
Module:M11
Boundary:(139.1, 565.8)(186.2, 565.8)(186.2, 638.3)(139.1, 638.3);GATE
Port:(151.1, 632.7)(174.2, 632.7)(174.2, 638.3)(151.1, 638.3);SD
Port:(139.1, 565.8)(186.2, 565.8)(186.2, 631.3)(139.1, 631.3);GATE
Port:(145.6, 571.3)(179.7, 571.3)(179.7, 576.1)(145.6, 576.1);SD
Module:M1
Boundary:(102.9, 474.3)(102.9, 525.8)(30.0, 525.8)(30.0, 474.3);GATE
Port:(30.0, 487.7)(35.7, 487.7)(35.7, 512.4)(30.0, 512.4);SD
Port:(102.9, 474.3)(102.9, 525.8)(37.1, 525.8)(37.1, 474.3);GATE
Port:(91.8, 480.5)(97.7, 480.5)(97.7, 519.6)(91.8, 519.6);SD
Module:M6
Boundary:(326.6, 665.0)(326.6, 756.8)(326.3, 756.8)(326.3, 774.9)(139.1, 774.9)(139.1, 665.0);GATE
Port:(139.1, 680.2)(143.6, 680.2)(143.6, 759.7)(139.1, 759.7);SD
Port:(326.6, 665.0)(326.6, 756.8)(326.3, 756.8)(326.3, 774.9)(145.0, 774.9)(145.0, 665.0);GATE
Port:(314.7, 671.6)(321.0, 671.6)(321.0, 750.2)(314.7, 750.2);SD
Module:M2
Boundary:(20.0, 575.8)(95.1, 575.8)(95.1, 575.9)(109.1, 575.9)(109.1, 776.2)(20.0, 776.2);GATE
Port:(33.4, 771.6)(95.7, 771.6)(95.7, 776.2)(33.4, 776.2);SD
Port:(20.0, 575.8)(95.1, 575.8)(95.1, 575.9)(109.1, 575.9)(109.1, 770.2)(20.0, 770.2);GATE
Port:(27.0, 581.8)(88.1, 581.8)(88.1, 586.9)(27.0, 586.9);SD
Module:M16
Boundary:(123.0, 806.2)(123.0, 899.7)(10.0, 899.7)(10.0, 806.2);GATE
Port:(10.0, 821.1)(15.1, 821.1)(15.1, 884.8)(10.0, 884.8);SD
Port:(123.0, 806.2)(123.0, 899.7)(16.9, 899.7)(16.9, 806.2);GATE
Port:(111.1, 812.1)(118.1, 812.1)(118.1, 893.8)(111.1, 893.8);SD
Module:M13
Boundary:(325.2, 522.2)(325.2, 627.2)(325.0, 627.2)(325.0, 645.0)(206.2, 645.0)(206.2, 522.2);GATE
Port:(206.2, 535.3)(211.2, 535.3)(211.2, 631.9)(206.2, 631.9);SD
Port:(325.2, 522.2)(325.2, 627.2)(325.0, 627.2)(325.0, 645.0)(212.2, 645.0)(212.2, 522.2);GATE
Port:(315.6, 527.4)(321.0, 527.4)(321.0, 622.0)(315.6, 622.0);SD
Module:M10
Boundary:(225.9, 225.7)(294.7, 225.7)(294.7, 226.2)(311.2, 226.2)(311.2, 365.1)(225.9, 365.1);GATE
Port:(240.5, 359.4)(296.6, 359.4)(296.6, 365.1)(240.5, 365.1);SD
Port:(225.9, 225.7)(294.7, 225.7)(294.7, 226.2)(311.2, 226.2)(311.2, 357.3)(225.9, 357.3);GATE
Port:(232.1, 230.9)(288.5, 230.9)(288.5, 237.1)(232.1, 237.1);SD
Module:M7
Boundary:(291.2, 20.0)(291.2, 107.1)(290.6, 107.1)(290.6, 124.2)(164.2, 124.2)(164.2, 20.0);GATE
Port:(164.2, 34.1)(169.8, 34.1)(169.8, 110.1)(164.2, 110.1);SD
Port:(291.2, 20.0)(291.2, 107.1)(290.6, 107.1)(290.6, 124.2)(170.9, 124.2)(170.9, 20.0);GATE
Port:(280.2, 25.9)(286.3, 25.9)(286.3, 101.2)(280.2, 101.2);SD
Module:M3
Boundary:(210.2, 928.7)(210.2, 975.0)(210.0, 975.0)(210.0, 989.7)(10.0, 989.7)(10.0, 928.7);GATE
Port:(10.0, 941.2)(15.3, 941.2)(15.3, 977.2)(10.0, 977.2);SD
Port:(210.2, 928.7)(210.2, 975.0)(210.0, 975.0)(210.0, 989.7)(17.3, 989.7)(17.3, 928.7);GATE
Port:(199.8, 934.9)(205.0, 934.9)(205.0, 968.8)(199.8, 968.8);SD
Module:M15
Boundary:(143.0, 794.9)(197.6, 794.9)(197.6, 908.7)(143.0, 908.7);GATE
Port:(158.4, 904.1)(182.2, 904.1)(182.2, 908.7)(158.4, 908.7);SD
Port:(143.0, 794.9)(197.6, 794.9)(197.6, 901.1)(143.0, 901.1);GATE
Port:(149.8, 800.7)(190.8, 800.7)(190.8, 807.1)(149.8, 807.1);SD
Module:M12
Boundary:(313.6, 154.2)(313.6, 205.7)(154.2, 205.7)(154.2, 154.2);GATE
Port:(154.2, 168.1)(159.7, 168.1)(159.7, 191.8)(154.2, 191.8);SD
Port:(313.6, 154.2)(313.6, 205.7)(162.0, 205.7)(162.0, 154.2);GATE
Port:(302.2, 160.3)(308.5, 160.3)(308.5, 199.6)(302.2, 199.6);SD
Module:M8
Boundary:(123.1, 379.3)(123.1, 424.3)(20.0, 424.3)(20.0, 379.3);GATE
Port:(20.0, 390.1)(24.7, 390.1)(24.7, 413.5)(20.0, 413.5);SD
Port:(123.1, 379.3)(123.1, 424.3)(26.2, 424.3)(26.2, 379.3);GATE
Port:(114.2, 384.3)(119.1, 384.3)(119.1, 419.3)(114.2, 419.3);SD
Module:M4
Boundary:(289.5, 395.1)(289.5, 492.2)(163.1, 492.2)(163.1, 395.1);GATE
Port:(163.1, 409.2)(167.8, 409.2)(167.8, 478.1)(163.1, 478.1);SD
Port:(289.5, 395.1)(289.5, 492.2)(169.1, 492.2)(169.1, 395.1);GATE
Port:(277.9, 400.8)(284.8, 400.8)(284.8, 486.5)(277.9, 486.5);SD
