Area:(-30.0, -30.0)(414.8, -30.0)(414.8, 972.2)(-30.0, 972.2)
Rule:GATE(5,5);SD(5,5);GATE_SD(0.5);GATE_ITO(0.5);SD_ITO(0.5)
Module:M14
Boundary:(30.0, 625.0)(115.4, 625.0)(115.4, 625.2)(132.7, 625.2)(132.7, 776.7)(30.0, 776.7);GATE
Port:(42.8, 770.7)(119.9, 770.7)(119.9, 776.7)(42.8, 776.7);SD
Port:(30.0, 625.0)(115.4, 625.0)(115.4, 625.2)(132.7, 625.2)(132.7, 768.5)(30.0, 768.5);GATE
Port:(35.7, 629.7)(109.7, 629.7)(109.7, 634.9)(35.7, 634.9);SD
Module:M9
Boundary:(10.0, 120.4)(87.0, 120.4)(87.0, 120.7)(102.0, 120.7)(102.0, 325.8)(10.0, 325.8);GATE
Port:(22.6, 320.7)(89.4, 320.7)(89.4, 325.8)(22.6, 325.8);SD
Port:(10.0, 120.4)(87.0, 120.4)(87.0, 120.7)(102.0, 120.7)(102.0, 317.9)(10.0, 317.9);GATE
Port:(16.0, 125.4)(81.0, 125.4)(81.0, 130.9)(16.0, 130.9);SD
Module:M5
Boundary:(132.0, 291.5)(186.1, 291.5)(186.1, 291.8)(203.7, 291.8)(203.7, 466.7)(132.0, 466.7);GATE
Port:(147.0, 462.1)(188.7, 462.1)(188.7, 466.7)(147.0, 466.7);SD
Port:(132.0, 291.5)(186.1, 291.5)(186.1, 291.8)(203.7, 291.8)(203.7, 460.4)(132.0, 460.4);GATE
Port:(138.2, 296.7)(179.9, 296.7)(179.9, 303.3)(138.2, 303.3);SD
Module:M11
Boundary:(88.1, 10.0)(145.5, 10.0)(145.5, 10.2)(163.9, 10.2)(163.9, 99.1)(88.1, 99.1);GATE
Port:(104.0, 94.6)(148.0, 94.6)(148.0, 99.1)(104.0, 99.1);SD
Port:(88.1, 10.0)(145.5, 10.0)(145.5, 10.2)(163.9, 10.2)(163.9, 92.4)(88.1, 92.4);GATE
Port:(94.7, 15.6)(138.9, 15.6)(138.9, 22.6)(94.7, 22.6);SD
Module:M1
Boundary:(253.7, 301.5)(341.8, 301.5)(341.8, 456.2)(253.7, 456.2);GATE
Port:(268.0, 451.8)(327.5, 451.8)(327.5, 456.2)(268.0, 456.2);SD
Port:(253.7, 301.5)(341.8, 301.5)(341.8, 450.5)(253.7, 450.5);GATE
Port:(259.0, 305.8)(336.5, 305.8)(336.5, 313.3)(259.0, 313.3);SD
Module:M6
Boundary:(122.0, 139.2)(184.6, 139.2)(184.6, 255.2)(122.0, 255.2);GATE
Port:(134.6, 249.6)(172.0, 249.6)(172.0, 255.2)(134.6, 255.2);SD
Port:(122.0, 139.2)(184.6, 139.2)(184.6, 247.0)(122.0, 247.0);GATE
Port:(127.6, 143.8)(179.0, 143.8)(179.0, 149.9)(127.6, 149.9);SD
Module:M2
Boundary:(358.0, 721.7)(358.0, 818.3)(182.7, 818.3)(182.7, 721.7);GATE
Port:(182.7, 735.7)(188.6, 735.7)(188.6, 804.3)(182.7, 804.3);SD
Port:(358.0, 721.7)(358.0, 818.3)(191.0, 818.3)(191.0, 721.7);GATE
Port:(346.2, 728.0)(352.7, 728.0)(352.7, 812.0)(346.2, 812.0);SD
Module:M16
Boundary:(10.0, 345.8)(80.6, 345.8)(80.6, 346.1)(98.4, 346.1)(98.4, 494.4)(10.0, 494.4);GATE
Port:(23.6, 488.5)(84.8, 488.5)(84.8, 494.4)(23.6, 494.4);SD
Port:(10.0, 345.8)(80.6, 345.8)(80.6, 346.1)(98.4, 346.1)(98.4, 485.6)(10.0, 485.6);GATE
Port:(16.7, 351.5)(73.9, 351.5)(73.9, 356.0)(16.7, 356.0);SD
Module:M13
Boundary:(109.2, 514.4)(109.2, 567.5)(109.1, 567.5)(109.1, 585.0)(10.0, 585.0)(10.0, 514.4);GATE
Port:(10.0, 528.7)(14.5, 528.7)(14.5, 570.7)(10.0, 570.7);SD
Port:(109.2, 514.4)(109.2, 567.5)(109.1, 567.5)(109.1, 585.0)(16.2, 585.0)(16.2, 514.4);GATE
Port:(97.9, 520.5)(104.1, 520.5)(104.1, 561.4)(97.9, 561.4);SD
Module:M10
Boundary:(353.9, 496.7)(353.9, 565.4)(353.5, 565.4)(353.5, 582.5)(129.2, 582.5)(129.2, 496.7);GATE
Port:(129.2, 510.3)(135.1, 510.3)(135.1, 568.9)(129.2, 568.9);SD
Port:(353.9, 496.7)(353.9, 565.4)(353.5, 565.4)(353.5, 582.5)(136.6, 582.5)(136.6, 496.7);GATE
Port:(343.3, 502.8)(348.8, 502.8)(348.8, 559.3)(343.3, 559.3);SD
Module:M7
Boundary:(20.0, 826.7)(93.2, 826.7)(93.2, 827.0)(107.2, 827.0)(107.2, 922.5)(20.0, 922.5);GATE
Port:(31.9, 916.8)(95.3, 916.8)(95.3, 922.5)(31.9, 922.5);SD
Port:(20.0, 826.7)(93.2, 826.7)(93.2, 827.0)(107.2, 827.0)(107.2, 914.8)(20.0, 914.8);GATE
Port:(25.9, 831.6)(87.3, 831.6)(87.3, 836.9)(25.9, 836.9);SD
Module:M3
Boundary:(10.0, 10.0)(68.1, 10.0)(68.1, 100.4)(10.0, 100.4);GATE
Port:(22.7, 95.6)(55.4, 95.6)(55.4, 100.4)(22.7, 100.4);SD
Port:(10.0, 10.0)(68.1, 10.0)(68.1, 92.6)(10.0, 92.6);GATE
Port:(16.4, 15.4)(61.7, 15.4)(61.7, 21.2)(16.4, 21.2);SD
Module:M15
Boundary:(374.8, 602.5)(374.8, 673.9)(374.5, 673.9)(374.5, 691.7)(172.7, 691.7)(172.7, 602.5);GATE
Port:(172.7, 616.4)(177.6, 616.4)(177.6, 677.8)(172.7, 677.8);SD
Port:(374.8, 602.5)(374.8, 673.9)(374.5, 673.9)(374.5, 691.7)(179.6, 691.7)(179.6, 602.5);GATE
Port:(363.7, 609.2)(369.1, 609.2)(369.1, 667.2)(363.7, 667.2);SD
Module:M12
Boundary:(369.0, 10.0)(369.0, 119.2)(183.9, 119.2)(183.9, 10.0);GATE
Port:(183.9, 25.3)(188.7, 25.3)(188.7, 103.9)(183.9, 103.9);SD
Port:(369.0, 10.0)(369.0, 119.2)(190.6, 119.2)(190.6, 10.0);GATE
Port:(357.0, 15.8)(364.2, 15.8)(364.2, 113.4)(357.0, 113.4);SD
Module:M8
Boundary:(359.8, 149.2)(359.8, 251.5)(214.6, 251.5)(214.6, 149.2);GATE
Port:(214.6, 163.1)(219.0, 163.1)(219.0, 237.6)(214.6, 237.6);SD
Port:(359.8, 149.2)(359.8, 251.5)(221.2, 251.5)(221.2, 149.2);GATE
Port:(349.4, 154.4)(355.6, 154.4)(355.6, 246.3)(349.4, 246.3);SD
Module:M4
Boundary:(348.4, 858.3)(348.4, 932.2)(147.2, 932.2)(147.2, 858.3);GATE
Port:(147.2, 871.2)(152.2, 871.2)(152.2, 919.3)(147.2, 919.3);SD
Port:(348.4, 858.3)(348.4, 932.2)(154.0, 932.2)(154.0, 858.3);GATE
Port:(337.4, 864.0)(343.7, 864.0)(343.7, 926.5)(337.4, 926.5);SD
