Area:(-30.0, -30.0)(925.0, -30.0)(925.0, 455.1)(-30.0, 455.1)
Rule:GATE(5,5);SD(5,5);GATE_SD(0.5);GATE_ITO(0.5);SD_ITO(0.5)
Module:M14
Boundary:(503.2, 145.9)(503.2, 229.7)(503.1, 229.7)(503.1, 246.6)(368.0, 246.6)(368.0, 145.9);GATE
Port:(368.0, 159.2)(372.1, 159.2)(372.1, 233.3)(368.0, 233.3);SD
Port:(503.2, 145.9)(503.2, 229.7)(503.1, 229.7)(503.1, 246.6)(373.8, 246.6)(373.8, 145.9);GATE
Port:(493.1, 150.9)(499.2, 150.9)(499.2, 224.7)(493.1, 224.7);SD
Module:M9
Boundary:(169.9, 246.5)(169.9, 296.0)(10.0, 296.0)(10.0, 246.5);GATE
Port:(10.0, 260.1)(15.4, 260.1)(15.4, 282.4)(10.0, 282.4);SD
Port:(169.9, 246.5)(169.9, 296.0)(16.6, 296.0)(16.6, 246.5);GATE
Port:(159.1, 252.6)(164.8, 252.6)(164.8, 289.9)(159.1, 289.9);SD
Module:M5
Boundary:(876.4, 316.3)(876.4, 378.7)(876.2, 378.7)(876.2, 393.9)(692.8, 393.9)(692.8, 316.3);GATE
Port:(692.8, 329.2)(696.8, 329.2)(696.8, 381.0)(692.8, 381.0);SD
Port:(876.4, 316.3)(876.4, 378.7)(876.2, 378.7)(876.2, 393.9)(699.3, 393.9)(699.3, 316.3);GATE
Port:(865.8, 322.1)(871.6, 322.1)(871.6, 372.9)(865.8, 372.9);SD
Module:M11
Boundary:(780.2, 10.0)(868.0, 10.0)(868.0, 10.3)(885.0, 10.3)(885.0, 140.1)(780.2, 140.1);GATE
Port:(794.7, 135.9)(870.5, 135.9)(870.5, 140.1)(794.7, 140.1);SD
Port:(780.2, 10.0)(868.0, 10.0)(868.0, 10.3)(885.0, 10.3)(885.0, 134.6)(780.2, 134.6);GATE
Port:(786.8, 15.6)(861.4, 15.6)(861.4, 21.8)(786.8, 21.8);SD
Module:M1
Boundary:(227.3, 336.0)(227.3, 368.5)(227.2, 368.5)(227.2, 385.0)(30.0, 385.0)(30.0, 336.0);GATE
Port:(30.0, 348.3)(34.4, 348.3)(34.4, 372.7)(30.0, 372.7);SD
Port:(227.3, 336.0)(227.3, 368.5)(227.2, 368.5)(227.2, 385.0)(36.0, 385.0)(36.0, 336.0);GATE
Port:(217.0, 341.2)(223.1, 341.2)(223.1, 363.3)(217.0, 363.3);SD
Module:M6
Boundary:(532.9, 10.0)(532.9, 90.1)(532.5, 90.1)(532.5, 105.9)(310.7, 105.9)(310.7, 10.0);GATE
Port:(310.7, 22.9)(315.3, 22.9)(315.3, 93.0)(310.7, 93.0);SD
Port:(532.9, 10.0)(532.9, 90.1)(532.5, 90.1)(532.5, 105.9)(318.0, 105.9)(318.0, 10.0);GATE
Port:(522.8, 16.4)(527.5, 16.4)(527.5, 83.7)(522.8, 83.7);SD
Module:M2
Boundary:(182.5, 20.0)(280.7, 20.0)(280.7, 101.0)(182.5, 101.0);GATE
Port:(196.5, 96.5)(266.7, 96.5)(266.7, 101.0)(196.5, 101.0);SD
Port:(182.5, 20.0)(280.7, 20.0)(280.7, 95.4)(182.5, 95.4);GATE
Port:(189.2, 25.7)(274.0, 25.7)(274.0, 32.2)(189.2, 32.2);SD
Module:M16
Boundary:(447.2, 310.6)(447.2, 397.7)(447.2, 397.7)(447.2, 415.1)(267.3, 415.1)(267.3, 310.6);GATE
Port:(267.3, 325.0)(271.6, 325.0)(271.6, 400.7)(267.3, 400.7);SD
Port:(447.2, 310.6)(447.2, 397.7)(447.2, 397.7)(447.2, 415.1)(274.5, 415.1)(274.5, 310.6);GATE
Port:(436.1, 316.8)(442.0, 316.8)(442.0, 391.5)(436.1, 391.5);SD
Module:M13
Boundary:(688.4, 10.0)(743.1, 10.0)(743.1, 10.3)(760.2, 10.3)(760.2, 153.9)(688.4, 153.9);GATE
Port:(704.2, 149.9)(744.4, 149.9)(744.4, 153.9)(704.2, 153.9);SD
Port:(688.4, 10.0)(743.1, 10.0)(743.1, 10.3)(760.2, 10.3)(760.2, 147.7)(688.4, 147.7);GATE
Port:(694.8, 15.4)(736.7, 15.4)(736.7, 22.3)(694.8, 22.3);SD
Module:M10
Boundary:(169.6, 134.7)(169.6, 212.0)(169.4, 212.0)(169.4, 226.5)(10.0, 226.5)(10.0, 134.7);GATE
Port:(10.0, 148.0)(15.2, 148.0)(15.2, 213.2)(10.0, 213.2);SD
Port:(169.6, 134.7)(169.6, 212.0)(169.4, 212.0)(169.4, 226.5)(16.4, 226.5)(16.4, 134.7);GATE
Port:(158.1, 141.5)(163.8, 141.5)(163.8, 205.2)(158.1, 205.2);SD
Module:M7
Boundary:(652.8, 296.6)(652.8, 387.0)(652.4, 387.0)(652.4, 405.3)(477.2, 405.3)(477.2, 296.6);GATE
Port:(477.2, 310.4)(481.7, 310.4)(481.7, 391.5)(477.2, 391.5);SD
Port:(652.8, 296.6)(652.8, 387.0)(652.4, 387.0)(652.4, 405.3)(484.6, 405.3)(484.6, 296.6);GATE
Port:(642.0, 301.6)(648.8, 301.6)(648.8, 382.0)(642.0, 382.0);SD
Module:M3
Boundary:(662.3, 150.2)(662.3, 264.5)(552.9, 264.5)(552.9, 150.2);GATE
Port:(552.9, 163.1)(558.0, 163.1)(558.0, 251.6)(552.9, 251.6);SD
Port:(662.3, 150.2)(662.3, 264.5)(559.7, 264.5)(559.7, 150.2);GATE
Port:(651.8, 156.8)(656.7, 156.8)(656.7, 257.9)(651.8, 257.9);SD
Module:M15
Boundary:(152.5, 10.0)(152.5, 97.2)(152.2, 97.2)(152.2, 114.7)(10.0, 114.7)(10.0, 10.0);GATE
Port:(10.0, 24.0)(14.4, 24.0)(14.4, 100.7)(10.0, 100.7);SD
Port:(152.5, 10.0)(152.5, 97.2)(152.2, 97.2)(152.2, 114.7)(16.3, 114.7)(16.3, 10.0);GATE
Port:(141.7, 15.4)(148.1, 15.4)(148.1, 91.8)(141.7, 91.8);SD
Module:M12
Boundary:(881.8, 173.9)(881.8, 267.2)(881.3, 267.2)(881.3, 286.3)(682.8, 286.3)(682.8, 173.9);GATE
Port:(682.8, 188.0)(687.2, 188.0)(687.2, 272.2)(682.8, 272.2);SD
Port:(881.8, 173.9)(881.8, 267.2)(881.3, 267.2)(881.3, 286.3)(689.6, 286.3)(689.6, 173.9);GATE
Port:(871.0, 179.7)(877.0, 179.7)(877.0, 261.4)(871.0, 261.4);SD
Module:M8
Boundary:(199.9, 141.0)(301.3, 141.0)(301.3, 141.1)(318.0, 141.1)(318.0, 280.6)(199.9, 280.6);GATE
Port:(214.1, 275.7)(303.8, 275.7)(303.8, 280.6)(214.1, 280.6);SD
Port:(199.9, 141.0)(301.3, 141.0)(301.3, 141.1)(318.0, 141.1)(318.0, 273.3)(199.9, 273.3);GATE
Port:(205.3, 145.4)(295.9, 145.4)(295.9, 152.4)(205.3, 152.4);SD
Module:M4
Boundary:(562.9, 20.0)(638.9, 20.0)(638.9, 20.2)(658.4, 20.2)(658.4, 120.2)(562.9, 120.2);GATE
Port:(577.5, 115.7)(643.8, 115.7)(643.8, 120.2)(577.5, 120.2);SD
Port:(562.9, 20.0)(638.9, 20.0)(638.9, 20.2)(658.4, 20.2)(658.4, 112.9)(562.9, 112.9);GATE
Port:(569.1, 25.2)(632.7, 25.2)(632.7, 31.2)(569.1, 31.2);SD
