Area:(-30.0, -30.0)(455.8, -30.0)(455.8, 849.2)(-30.0, 849.2)
Rule:GATE(5,5);SD(5,5);GATE_SD(0.5);GATE_ITO(0.5);SD_ITO(0.5)
Module:M14
Boundary:(223.6, 634.0)(223.6, 679.6)(30.0, 679.6)(30.0, 634.0);GATE
Port:(30.0, 646.1)(34.7, 646.1)(34.7, 667.5)(30.0, 667.5);SD
Port:(223.6, 634.0)(223.6, 679.6)(37.2, 679.6)(37.2, 634.0);GATE
Port:(213.1, 639.1)(219.5, 639.1)(219.5, 674.5)(213.1, 674.5);SD
Module:M9
Boundary:(10.0, 180.6)(75.2, 180.6)(75.2, 287.0)(10.0, 287.0);GATE
Port:(24.1, 282.8)(61.1, 282.8)(61.1, 287.0)(24.1, 287.0);SD
Port:(10.0, 180.6)(75.2, 180.6)(75.2, 279.9)(10.0, 279.9);GATE
Port:(15.7, 185.3)(69.5, 185.3)(69.5, 192.0)(15.7, 192.0);SD
Module:M5
Boundary:(399.0, 205.4)(399.0, 300.7)(398.6, 300.7)(398.6, 319.3)(212.6, 319.3)(212.6, 205.4);GATE
Port:(212.6, 221.3)(217.4, 221.3)(217.4, 303.4)(212.6, 303.4);SD
Port:(399.0, 205.4)(399.0, 300.7)(398.6, 300.7)(398.6, 319.3)(218.8, 319.3)(218.8, 205.4);GATE
Port:(386.1, 211.5)(393.9, 211.5)(393.9, 294.6)(386.1, 294.6);SD
Module:M11
Boundary:(96.1, 428.7)(96.1, 458.7)(96.0, 458.7)(96.0, 473.0)(10.0, 473.0)(10.0, 428.7);GATE
Port:(10.0, 440.1)(14.2, 440.1)(14.2, 461.6)(10.0, 461.6);SD
Port:(96.1, 428.7)(96.1, 458.7)(96.0, 458.7)(96.0, 473.0)(16.7, 473.0)(16.7, 428.7);GATE
Port:(86.4, 434.2)(91.6, 434.2)(91.6, 453.2)(86.4, 453.2);SD
Module:M1
Boundary:(245.2, 369.3)(245.2, 441.2)(153.3, 441.2)(153.3, 369.3);GATE
Port:(153.3, 381.6)(157.6, 381.6)(157.6, 428.9)(153.3, 428.9);SD
Port:(245.2, 369.3)(245.2, 441.2)(159.9, 441.2)(159.9, 369.3);GATE
Port:(234.9, 376.0)(239.5, 376.0)(239.5, 434.5)(234.9, 434.5);SD
Module:M6
Boundary:(105.2, 10.0)(182.6, 10.0)(182.6, 10.3)(197.8, 10.3)(197.8, 119.0)(105.2, 119.0);GATE
Port:(117.2, 115.0)(185.8, 115.0)(185.8, 119.0)(117.2, 119.0);SD
Port:(105.2, 10.0)(182.6, 10.0)(182.6, 10.3)(197.8, 10.3)(197.8, 112.3)(105.2, 112.3);GATE
Port:(110.8, 14.6)(177.0, 14.6)(177.0, 20.4)(110.8, 20.4);SD
Module:M2
Boundary:(249.7, 491.2)(249.7, 564.5)(145.7, 564.5)(145.7, 491.2);GATE
Port:(145.7, 506.4)(150.5, 506.4)(150.5, 549.3)(145.7, 549.3);SD
Port:(249.7, 491.2)(249.7, 564.5)(152.0, 564.5)(152.0, 491.2);GATE
Port:(237.9, 496.6)(245.3, 496.6)(245.3, 559.1)(237.9, 559.1);SD
Module:M16
Boundary:(10.0, 10.0)(70.9, 10.0)(70.9, 10.0)(85.2, 10.0)(85.2, 160.6)(10.0, 160.6);GATE
Port:(22.9, 155.3)(72.3, 155.3)(72.3, 160.6)(22.9, 160.6);SD
Port:(10.0, 10.0)(70.9, 10.0)(70.9, 10.0)(85.2, 10.0)(85.2, 153.1)(10.0, 153.1);GATE
Port:(16.2, 15.2)(64.7, 15.2)(64.7, 21.0)(16.2, 21.0);SD
Module:M13
Boundary:(415.8, 10.0)(415.8, 72.7)(217.8, 72.7)(217.8, 10.0);GATE
Port:(217.8, 22.8)(223.7, 22.8)(223.7, 59.9)(217.8, 59.9);SD
Port:(415.8, 10.0)(415.8, 72.7)(226.4, 72.7)(226.4, 10.0);GATE
Port:(405.5, 15.6)(411.2, 15.6)(411.2, 67.1)(405.5, 67.1);SD
Module:M10
Boundary:(285.2, 349.3)(366.5, 349.3)(366.5, 349.6)(381.6, 349.6)(381.6, 572.0)(285.2, 572.0);GATE
Port:(299.7, 566.5)(367.1, 566.5)(367.1, 572.0)(299.7, 572.0);SD
Port:(285.2, 349.3)(366.5, 349.3)(366.5, 349.6)(381.6, 349.6)(381.6, 564.8)(285.2, 564.8);GATE
Port:(292.0, 355.1)(359.7, 355.1)(359.7, 361.4)(292.0, 361.4);SD
Module:M7
Boundary:(229.1, 729.6)(229.1, 808.3)(20.0, 808.3)(20.0, 729.6);GATE
Port:(20.0, 742.6)(24.0, 742.6)(24.0, 795.3)(20.0, 795.3);SD
Port:(229.1, 729.6)(229.1, 808.3)(26.2, 808.3)(26.2, 729.6);GATE
Port:(218.3, 735.5)(224.2, 735.5)(224.2, 802.4)(218.3, 802.4);SD
Module:M3
Boundary:(115.7, 493.0)(115.7, 594.0)(10.0, 594.0)(10.0, 493.0);GATE
Port:(10.0, 507.5)(14.5, 507.5)(14.5, 579.5)(10.0, 579.5);SD
Port:(115.7, 493.0)(115.7, 594.0)(17.2, 594.0)(17.2, 493.0);GATE
Port:(104.5, 499.3)(110.4, 499.3)(110.4, 587.7)(104.5, 587.7);SD
Module:M15
Boundary:(105.2, 139.0)(182.6, 139.0)(182.6, 287.0)(105.2, 287.0);GATE
Port:(118.1, 281.3)(169.7, 281.3)(169.7, 287.0)(118.1, 287.0);SD
Port:(105.2, 139.0)(182.6, 139.0)(182.6, 280.0)(105.2, 280.0);GATE
Port:(111.3, 144.1)(176.5, 144.1)(176.5, 150.2)(111.3, 150.2);SD
Module:M12
Boundary:(10.0, 307.0)(96.1, 307.0)(96.1, 307.1)(113.3, 307.1)(113.3, 408.7)(10.0, 408.7);GATE
Port:(23.6, 403.8)(99.7, 403.8)(99.7, 408.7)(23.6, 408.7);SD
Port:(10.0, 307.0)(96.1, 307.0)(96.1, 307.1)(113.3, 307.1)(113.3, 402.5)(10.0, 402.5);GATE
Port:(15.9, 311.9)(90.2, 311.9)(90.2, 318.1)(15.9, 318.1);SD
Module:M8
Boundary:(403.3, 102.7)(403.3, 165.4)(227.8, 165.4)(227.8, 102.7);GATE
Port:(227.8, 116.6)(232.9, 116.6)(232.9, 151.5)(227.8, 151.5);SD
Port:(403.3, 102.7)(403.3, 165.4)(234.0, 165.4)(234.0, 102.7);GATE
Port:(391.1, 109.5)(397.5, 109.5)(397.5, 158.6)(391.1, 158.6);SD
Module:M4
Boundary:(289.7, 602.0)(382.7, 602.0)(382.7, 809.2)(289.7, 809.2);GATE
Port:(302.2, 804.7)(370.2, 804.7)(370.2, 809.2)(302.2, 809.2);SD
Port:(289.7, 602.0)(382.7, 602.0)(382.7, 802.6)(289.7, 802.6);GATE
Port:(294.7, 606.0)(377.7, 606.0)(377.7, 611.5)(294.7, 611.5);SD
