Area:(-30.0, -30.0)(753.8, -30.0)(753.8, 514.2)(-30.0, 514.2)
Rule:GATE(5,5);SD(5,5);GATE_SD(0.5);GATE_ITO(0.5);SD_ITO(0.5)
Module:M14
Boundary:(346.0, 30.0)(346.0, 148.9)(181.5, 148.9)(181.5, 30.0);GATE
Port:(181.5, 44.6)(185.9, 44.6)(185.9, 134.3)(181.5, 134.3);SD
Port:(346.0, 30.0)(346.0, 148.9)(188.5, 148.9)(188.5, 30.0);GATE
Port:(334.7, 36.1)(340.9, 36.1)(340.9, 142.8)(334.7, 142.8);SD
Module:M9
Boundary:(10.0, 317.7)(59.0, 317.7)(59.0, 318.0)(75.3, 318.0)(75.3, 461.3)(10.0, 461.3);GATE
Port:(22.7, 456.9)(62.6, 456.9)(62.6, 461.3)(22.7, 461.3);SD
Port:(10.0, 317.7)(59.0, 317.7)(59.0, 318.0)(75.3, 318.0)(75.3, 454.0)(10.0, 454.0);GATE
Port:(15.2, 321.9)(53.8, 321.9)(53.8, 328.0)(15.2, 328.0);SD
Module:M5
Boundary:(105.3, 340.5)(189.5, 340.5)(189.5, 442.3)(105.3, 442.3);GATE
Port:(119.1, 437.1)(175.7, 437.1)(175.7, 442.3)(119.1, 442.3);SD
Port:(105.3, 340.5)(189.5, 340.5)(189.5, 434.7)(105.3, 434.7);GATE
Port:(111.5, 345.7)(183.3, 345.7)(183.3, 351.7)(111.5, 351.7);SD
Module:M11
Boundary:(445.5, 199.3)(445.5, 299.7)(444.9, 299.7)(444.9, 316.1)(369.2, 316.1)(369.2, 199.3);GATE
Port:(369.2, 213.1)(373.6, 213.1)(373.6, 302.3)(369.2, 302.3);SD
Port:(445.5, 199.3)(445.5, 299.7)(444.9, 299.7)(444.9, 316.1)(375.7, 316.1)(375.7, 199.3);GATE
Port:(434.4, 205.1)(440.7, 205.1)(440.7, 293.9)(434.4, 293.9);SD
Module:M1
Boundary:(329.2, 208.9)(329.2, 274.3)(329.1, 274.3)(329.1, 290.5)(126.9, 290.5)(126.9, 208.9);GATE
Port:(126.9, 222.3)(132.0, 222.3)(132.0, 277.1)(126.9, 277.1);SD
Port:(329.2, 208.9)(329.2, 274.3)(329.1, 274.3)(329.1, 290.5)(134.2, 290.5)(134.2, 208.9);GATE
Port:(318.7, 214.6)(324.5, 214.6)(324.5, 268.6)(318.7, 268.6);SD
Module:M6
Boundary:(398.9, 336.1)(449.9, 336.1)(449.9, 336.1)(466.1, 336.1)(466.1, 457.1)(398.9, 457.1);GATE
Port:(412.7, 452.7)(452.3, 452.7)(452.3, 457.1)(412.7, 457.1);SD
Port:(398.9, 336.1)(449.9, 336.1)(449.9, 336.1)(466.1, 336.1)(466.1, 450.0)(398.9, 450.0);GATE
Port:(404.2, 340.4)(444.6, 340.4)(444.6, 347.7)(404.2, 347.7);SD
Module:M2
Boundary:(20.0, 20.0)(131.5, 20.0)(131.5, 140.5)(20.0, 140.5);GATE
Port:(34.4, 135.2)(117.1, 135.2)(117.1, 140.5)(34.4, 140.5);SD
Port:(20.0, 20.0)(131.5, 20.0)(131.5, 133.5)(20.0, 133.5);GATE
Port:(25.2, 24.2)(126.3, 24.2)(126.3, 30.9)(25.2, 30.9);SD
Module:M16
Boundary:(290.1, 336.1)(378.9, 336.1)(378.9, 474.2)(290.1, 474.2);GATE
Port:(304.1, 470.0)(364.9, 470.0)(364.9, 474.2)(304.1, 474.2);SD
Port:(290.1, 336.1)(378.9, 336.1)(378.9, 468.3)(290.1, 468.3);GATE
Port:(296.9, 341.9)(372.1, 341.9)(372.1, 348.1)(296.9, 348.1);SD
Module:M13
Boundary:(10.0, 170.5)(86.9, 170.5)(86.9, 297.7)(10.0, 297.7);GATE
Port:(24.0, 292.4)(72.9, 292.4)(72.9, 297.7)(24.0, 297.7);SD
Port:(10.0, 170.5)(86.9, 170.5)(86.9, 290.5)(10.0, 290.5);GATE
Port:(16.9, 176.4)(80.0, 176.4)(80.0, 182.7)(16.9, 182.7);SD
Module:M10
Boundary:(219.5, 330.5)(270.1, 330.5)(270.1, 471.8)(219.5, 471.8);GATE
Port:(233.0, 467.7)(256.6, 467.7)(256.6, 471.8)(233.0, 471.8);SD
Port:(219.5, 330.5)(270.1, 330.5)(270.1, 466.5)(219.5, 466.5);GATE
Port:(226.1, 336.1)(263.5, 336.1)(263.5, 341.9)(226.1, 341.9);SD
Module:M7
Boundary:(699.6, 367.7)(699.6, 443.9)(699.5, 443.9)(699.5, 462.9)(496.1, 462.9)(496.1, 367.7);GATE
Port:(496.1, 382.9)(500.1, 382.9)(500.1, 447.7)(496.1, 447.7);SD
Port:(699.6, 367.7)(699.6, 443.9)(699.5, 443.9)(699.5, 462.9)(503.0, 462.9)(503.0, 367.7);GATE
Port:(687.5, 374.4)(693.9, 374.4)(693.9, 437.2)(687.5, 437.2);SD
Module:M3
Boundary:(713.8, 10.0)(713.8, 106.4)(713.6, 106.4)(713.6, 121.9)(622.3, 121.9)(622.3, 10.0);GATE
Port:(622.3, 23.3)(626.9, 23.3)(626.9, 108.6)(622.3, 108.6);SD
Port:(713.8, 10.0)(713.8, 106.4)(713.6, 106.4)(713.6, 121.9)(629.3, 121.9)(629.3, 10.0);GATE
Port:(702.1, 16.4)(708.4, 16.4)(708.4, 100.0)(702.1, 100.0);SD
Module:M15
Boundary:(517.5, 10.0)(600.9, 10.0)(600.9, 184.5)(517.5, 184.5);GATE
Port:(531.0, 178.8)(587.4, 178.8)(587.4, 184.5)(531.0, 184.5);SD
Port:(517.5, 10.0)(600.9, 10.0)(600.9, 176.4)(517.5, 176.4);GATE
Port:(523.2, 14.7)(595.2, 14.7)(595.2, 20.8)(523.2, 20.8);SD
Module:M12
Boundary:(386.0, 10.0)(497.5, 10.0)(497.5, 179.3)(386.0, 179.3);GATE
Port:(400.2, 174.6)(483.3, 174.6)(483.3, 179.3)(400.2, 179.3);SD
Port:(386.0, 10.0)(497.5, 10.0)(497.5, 173.5)(386.0, 173.5);GATE
Port:(391.6, 14.6)(491.9, 14.6)(491.9, 21.8)(391.6, 21.8);SD
Module:M8
Boundary:(496.1, 214.5)(592.3, 214.5)(592.3, 319.3)(496.1, 319.3);GATE
Port:(509.7, 314.3)(578.7, 314.3)(578.7, 319.3)(509.7, 319.3);SD
Port:(496.1, 214.5)(592.3, 214.5)(592.3, 312.2)(496.1, 312.2);GATE
Port:(503.0, 220.4)(585.4, 220.4)(585.4, 226.3)(503.0, 226.3);SD
Module:M4
Boundary:(632.3, 151.9)(690.3, 151.9)(690.3, 152.2)(704.1, 152.2)(704.1, 327.7)(632.3, 327.7);GATE
Port:(644.3, 322.6)(692.1, 322.6)(692.1, 327.7)(644.3, 327.7);SD
Port:(632.3, 151.9)(690.3, 151.9)(690.3, 152.2)(704.1, 152.2)(704.1, 319.7)(632.3, 319.7);GATE
Port:(638.7, 157.3)(683.9, 157.3)(683.9, 162.0)(638.7, 162.0);SD
