Area:(-30.0, -30.0)(365.3, -30.0)(365.3, 1021.5)(-30.0, 1021.5)
Rule:GATE(5,5);SD(5,5);GATE_SD(0.5);GATE_ITO(0.5);SD_ITO(0.5)
Module:M14
Boundary:(315.1, 30.0)(315.1, 124.9)(146.2, 124.9)(146.2, 30.0);GATE
Port:(146.2, 43.5)(151.9, 43.5)(151.9, 111.4)(146.2, 111.4);SD
Port:(315.1, 30.0)(315.1, 124.9)(154.1, 124.9)(154.1, 30.0);GATE
Port:(303.1, 36.3)(309.8, 36.3)(309.8, 118.6)(303.1, 118.6);SD
Module:M9
Boundary:(10.0, 375.7)(93.0, 375.7)(93.0, 533.4)(10.0, 533.4);GATE
Port:(24.3, 527.5)(78.7, 527.5)(78.7, 533.4)(24.3, 533.4);SD
Port:(10.0, 375.7)(93.0, 375.7)(93.0, 526.4)(10.0, 526.4);GATE
Port:(16.4, 381.1)(86.6, 381.1)(86.6, 388.2)(16.4, 388.2);SD
Module:M5
Boundary:(325.3, 473.8)(325.3, 569.6)(123.0, 569.6)(123.0, 473.8);GATE
Port:(123.0, 486.9)(127.3, 486.9)(127.3, 556.5)(123.0, 556.5);SD
Port:(325.3, 473.8)(325.3, 569.6)(130.0, 569.6)(130.0, 473.8);GATE
Port:(314.0, 479.1)(321.0, 479.1)(321.0, 564.3)(314.0, 564.3);SD
Module:M11
Boundary:(324.5, 258.9)(324.5, 344.4)(324.3, 344.4)(324.3, 361.3)(126.9, 361.3)(126.9, 258.9);GATE
Port:(126.9, 272.7)(131.4, 272.7)(131.4, 347.5)(126.9, 347.5);SD
Port:(324.5, 258.9)(324.5, 344.4)(324.3, 344.4)(324.3, 361.3)(133.2, 361.3)(133.2, 258.9);GATE
Port:(313.9, 265.5)(318.9, 265.5)(318.9, 337.8)(313.9, 337.8);SD
Module:M1
Boundary:(235.4, 619.6)(312.3, 619.6)(312.3, 695.7)(235.4, 695.7);GATE
Port:(248.4, 690.2)(299.3, 690.2)(299.3, 695.7)(248.4, 695.7);SD
Port:(235.4, 619.6)(312.3, 619.6)(312.3, 688.5)(235.4, 688.5);GATE
Port:(240.6, 623.8)(307.1, 623.8)(307.1, 630.3)(240.6, 630.3);SD
Module:M6
Boundary:(320.4, 381.3)(320.4, 428.9)(320.4, 428.9)(320.4, 443.8)(126.9, 443.8)(126.9, 381.3);GATE
Port:(126.9, 394.0)(132.1, 394.0)(132.1, 431.1)(126.9, 431.1);SD
Port:(320.4, 381.3)(320.4, 428.9)(320.4, 428.9)(320.4, 443.8)(134.7, 443.8)(134.7, 381.3);GATE
Port:(309.7, 387.3)(315.4, 387.3)(315.4, 422.9)(309.7, 422.9);SD
Module:M2
Boundary:(236.8, 745.7)(320.9, 745.7)(320.9, 836.9)(236.8, 836.9);GATE
Port:(250.3, 832.4)(307.4, 832.4)(307.4, 836.9)(250.3, 836.9);SD
Port:(236.8, 745.7)(320.9, 745.7)(320.9, 830.4)(236.8, 830.4);GATE
Port:(242.7, 750.6)(315.0, 750.6)(315.0, 756.6)(242.7, 756.6);SD
Module:M16
Boundary:(10.0, 177.7)(91.1, 177.7)(91.1, 177.9)(106.9, 177.9)(106.9, 355.7)(10.0, 355.7);GATE
Port:(23.6, 350.2)(93.3, 350.2)(93.3, 355.7)(23.6, 355.7);SD
Port:(10.0, 177.7)(91.1, 177.7)(91.1, 177.9)(106.9, 177.9)(106.9, 348.6)(10.0, 348.6);GATE
Port:(15.6, 182.3)(85.5, 182.3)(85.5, 188.3)(15.6, 188.3);SD
Module:M13
Boundary:(85.3, 771.8)(85.3, 844.5)(10.0, 844.5)(10.0, 771.8);GATE
Port:(10.0, 785.6)(14.5, 785.6)(14.5, 830.7)(10.0, 830.7);SD
Port:(85.3, 771.8)(85.3, 844.5)(17.3, 844.5)(17.3, 771.8);GATE
Port:(74.5, 776.9)(81.2, 776.9)(81.2, 839.4)(74.5, 839.4);SD
Module:M10
Boundary:(206.8, 763.5)(206.8, 847.3)(206.6, 847.3)(206.6, 864.1)(105.3, 864.1)(105.3, 763.5);GATE
Port:(105.3, 777.1)(110.3, 777.1)(110.3, 850.5)(105.3, 850.5);SD
Port:(206.8, 763.5)(206.8, 847.3)(206.6, 847.3)(206.6, 864.1)(112.1, 864.1)(112.1, 763.5);GATE
Port:(196.5, 769.2)(202.1, 769.2)(202.1, 841.6)(196.5, 841.6);SD
Module:M7
Boundary:(319.8, 894.1)(319.8, 981.5)(115.3, 981.5)(115.3, 894.1);GATE
Port:(115.3, 905.5)(120.9, 905.5)(120.9, 970.1)(115.3, 970.1);SD
Port:(319.8, 894.1)(319.8, 981.5)(122.5, 981.5)(122.5, 894.1);GATE
Port:(310.1, 900.0)(314.9, 900.0)(314.9, 975.6)(310.1, 975.6);SD
Module:M3
Boundary:(10.0, 553.4)(67.6, 553.4)(67.6, 751.8)(10.0, 751.8);GATE
Port:(21.7, 746.5)(55.9, 746.5)(55.9, 751.8)(21.7, 751.8);SD
Port:(10.0, 553.4)(67.6, 553.4)(67.6, 744.9)(10.0, 744.9);GATE
Port:(16.5, 558.9)(61.1, 558.9)(61.1, 563.6)(16.5, 563.6);SD
Module:M15
Boundary:(283.6, 164.9)(283.6, 220.8)(283.6, 220.8)(283.6, 238.9)(126.9, 238.9)(126.9, 164.9);GATE
Port:(126.9, 180.0)(131.0, 180.0)(131.0, 223.8)(126.9, 223.8);SD
Port:(283.6, 164.9)(283.6, 220.8)(283.6, 220.8)(283.6, 238.9)(133.5, 238.9)(133.5, 164.9);GATE
Port:(271.7, 171.2)(278.3, 171.2)(278.3, 214.5)(271.7, 214.5);SD
Module:M12
Boundary:(10.0, 10.0)(90.1, 10.0)(90.1, 10.1)(106.2, 10.1)(106.2, 157.7)(10.0, 157.7);GATE
Port:(21.9, 151.9)(94.3, 151.9)(94.3, 157.7)(21.9, 157.7);SD
Port:(10.0, 10.0)(90.1, 10.0)(90.1, 10.1)(106.2, 10.1)(106.2, 149.8)(10.0, 149.8);GATE
Port:(15.5, 14.5)(84.6, 14.5)(84.6, 19.6)(15.5, 19.6);SD
Module:M8
Boundary:(20.0, 874.5)(54.5, 874.5)(54.5, 874.6)(72.4, 874.6)(72.4, 966.3)(20.0, 966.3);GATE
Port:(33.6, 962.2)(58.8, 962.2)(58.8, 966.3)(33.6, 966.3);SD
Port:(20.0, 874.5)(54.5, 874.5)(54.5, 874.6)(72.4, 874.6)(72.4, 961.2)(20.0, 961.2);GATE
Port:(25.0, 878.5)(49.5, 878.5)(49.5, 884.7)(25.0, 884.7);SD
Module:M4
Boundary:(97.6, 609.6)(170.8, 609.6)(170.8, 609.8)(185.4, 609.8)(185.4, 733.5)(97.6, 733.5);GATE
Port:(108.5, 729.2)(174.5, 729.2)(174.5, 733.5)(108.5, 733.5);SD
Port:(97.6, 609.6)(170.8, 609.6)(170.8, 609.8)(185.4, 609.8)(185.4, 727.0)(97.6, 727.0);GATE
Port:(102.8, 613.8)(165.6, 613.8)(165.6, 618.9)(102.8, 618.9);SD
