Area:(-30.0, -30.0)(990.2, -30.0)(990.2, 384.2)(-30.0, 384.2)
Rule:GATE(5,5);SD(5,5);GATE_SD(0.5);GATE_ITO(0.5);SD_ITO(0.5)
Module:M14
Boundary:(816.1, 235.3)(816.1, 317.4)(634.1, 317.4)(634.1, 235.3);GATE
Port:(634.1, 249.8)(638.1, 249.8)(638.1, 302.9)(634.1, 302.9);SD
Port:(816.1, 235.3)(816.1, 317.4)(639.8, 317.4)(639.8, 235.3);GATE
Port:(803.8, 240.8)(811.6, 240.8)(811.6, 311.9)(803.8, 311.9);SD
Module:M9
Boundary:(148.5, 133.0)(148.5, 215.1)(10.0, 215.1)(10.0, 133.0);GATE
Port:(10.0, 143.6)(15.1, 143.6)(15.1, 204.5)(10.0, 204.5);SD
Port:(148.5, 133.0)(148.5, 215.1)(16.7, 215.1)(16.7, 133.0);GATE
Port:(139.6, 138.7)(143.8, 138.7)(143.8, 209.4)(139.6, 209.4);SD
Module:M5
Boundary:(230.7, 20.0)(230.7, 86.6)(230.6, 86.6)(230.6, 103.0)(20.0, 103.0)(20.0, 20.0);GATE
Port:(20.0, 33.0)(24.6, 33.0)(24.6, 90.0)(20.0, 90.0);SD
Port:(230.7, 20.0)(230.7, 86.6)(230.6, 86.6)(230.6, 103.0)(26.5, 103.0)(26.5, 20.0);GATE
Port:(220.5, 25.4)(226.3, 25.4)(226.3, 81.2)(220.5, 81.2);SD
Module:M11
Boundary:(833.8, 102.6)(833.8, 176.8)(833.7, 176.8)(833.7, 195.3)(623.8, 195.3)(623.8, 102.6);GATE
Port:(623.8, 117.4)(628.9, 117.4)(628.9, 180.5)(623.8, 180.5);SD
Port:(833.8, 102.6)(833.8, 176.8)(833.7, 176.8)(833.7, 195.3)(630.4, 195.3)(630.4, 102.6);GATE
Port:(822.0, 108.7)(828.7, 108.7)(828.7, 170.7)(822.0, 170.7);SD
Module:M1
Boundary:(193.4, 255.1)(193.4, 301.8)(193.3, 301.8)(193.3, 317.9)(30.0, 317.9)(30.0, 255.1);GATE
Port:(30.0, 267.0)(34.8, 267.0)(34.8, 306.0)(30.0, 306.0);SD
Port:(193.4, 255.1)(193.4, 301.8)(193.3, 301.8)(193.3, 317.9)(36.3, 317.9)(36.3, 255.1);GATE
Port:(184.6, 260.8)(188.7, 260.8)(188.7, 296.1)(184.6, 296.1);SD
Module:M6
Boundary:(594.1, 173.5)(594.1, 268.3)(482.2, 268.3)(482.2, 173.5);GATE
Port:(482.2, 186.7)(486.4, 186.7)(486.4, 255.1)(482.2, 255.1);SD
Port:(594.1, 173.5)(594.1, 268.3)(487.8, 268.3)(487.8, 173.5);GATE
Port:(582.8, 179.8)(588.8, 179.8)(588.8, 262.0)(582.8, 262.0);SD
Module:M2
Boundary:(398.9, 20.0)(435.0, 20.0)(435.0, 20.2)(452.2, 20.2)(452.2, 177.0)(398.9, 177.0);GATE
Port:(413.0, 171.0)(438.1, 171.0)(438.1, 177.0)(413.0, 177.0);SD
Port:(398.9, 20.0)(435.0, 20.0)(435.0, 20.2)(452.2, 20.2)(452.2, 168.5)(398.9, 168.5);GATE
Port:(405.3, 25.4)(428.6, 25.4)(428.6, 31.7)(405.3, 31.7);SD
Module:M16
Boundary:(240.3, 133.0)(240.3, 206.5)(168.5, 206.5)(168.5, 133.0);GATE
Port:(168.5, 148.0)(174.1, 148.0)(174.1, 191.5)(168.5, 191.5);SD
Port:(240.3, 133.0)(240.3, 206.5)(175.2, 206.5)(175.2, 133.0);GATE
Port:(228.1, 138.7)(235.6, 138.7)(235.6, 200.8)(228.1, 200.8);SD
Module:M13
Boundary:(335.3, 144.0)(335.3, 212.0)(260.7, 212.0)(260.7, 144.0);GATE
Port:(260.7, 158.7)(266.4, 158.7)(266.4, 197.3)(260.7, 197.3);SD
Port:(335.3, 144.0)(335.3, 212.0)(267.5, 212.0)(267.5, 144.0);GATE
Port:(323.8, 150.8)(329.5, 150.8)(329.5, 205.2)(323.8, 205.2);SD
Module:M10
Boundary:(583.9, 288.3)(583.9, 322.6)(583.9, 322.6)(583.9, 337.4)(441.9, 337.4)(441.9, 288.3);GATE
Port:(441.9, 302.2)(446.0, 302.2)(446.0, 323.5)(441.9, 323.5);SD
Port:(583.9, 288.3)(583.9, 322.6)(583.9, 322.6)(583.9, 337.4)(447.1, 337.4)(447.1, 288.3);GATE
Port:(572.5, 294.9)(578.3, 294.9)(578.3, 316.0)(572.5, 316.0);SD
Module:M7
Boundary:(358.9, 20.0)(358.9, 114.0)(270.7, 114.0)(270.7, 20.0);GATE
Port:(270.7, 35.6)(276.5, 35.6)(276.5, 98.4)(270.7, 98.4);SD
Port:(358.9, 20.0)(358.9, 114.0)(277.6, 114.0)(277.6, 20.0);GATE
Port:(346.6, 26.6)(353.3, 26.6)(353.3, 107.4)(346.6, 107.4);SD
Module:M3
Boundary:(856.1, 191.6)(948.7, 191.6)(948.7, 344.2)(856.1, 344.2);GATE
Port:(870.0, 339.4)(934.8, 339.4)(934.8, 344.2)(870.0, 344.2);SD
Port:(856.1, 191.6)(948.7, 191.6)(948.7, 336.8)(856.1, 336.8);GATE
Port:(861.8, 196.3)(943.0, 196.3)(943.0, 203.5)(861.8, 203.5);SD
Module:M15
Boundary:(789.0, 10.0)(789.0, 65.2)(788.8, 65.2)(788.8, 82.6)(623.8, 82.6)(623.8, 10.0);GATE
Port:(623.8, 25.4)(628.3, 25.4)(628.3, 67.2)(623.8, 67.2);SD
Port:(789.0, 10.0)(789.0, 65.2)(788.8, 65.2)(788.8, 82.6)(630.4, 82.6)(630.4, 10.0);GATE
Port:(777.0, 16.5)(783.5, 16.5)(783.5, 58.7)(777.0, 58.7);SD
Module:M12
Boundary:(853.8, 10.0)(934.0, 10.0)(934.0, 10.5)(950.2, 10.5)(950.2, 171.6)(853.8, 171.6);GATE
Port:(866.2, 167.3)(937.8, 167.3)(937.8, 171.6)(866.2, 171.6);SD
Port:(853.8, 10.0)(934.0, 10.0)(934.0, 10.5)(950.2, 10.5)(950.2, 165.7)(853.8, 165.7);GATE
Port:(858.9, 14.1)(928.9, 14.1)(928.9, 19.5)(858.9, 19.5);SD
Module:M8
Boundary:(593.8, 20.0)(593.8, 126.0)(593.3, 126.0)(593.3, 143.5)(492.2, 143.5)(492.2, 20.0);GATE
Port:(492.2, 34.1)(496.6, 34.1)(496.6, 129.4)(492.2, 129.4);SD
Port:(593.8, 20.0)(593.8, 126.0)(593.3, 126.0)(593.3, 143.5)(497.9, 143.5)(497.9, 20.0);GATE
Port:(582.1, 25.2)(589.6, 25.2)(589.6, 120.8)(582.1, 120.8);SD
Module:M4
Boundary:(411.9, 242.0)(411.9, 315.1)(411.5, 315.1)(411.5, 332.8)(243.4, 332.8)(243.4, 242.0);GATE
Port:(243.4, 256.9)(248.6, 256.9)(248.6, 317.9)(243.4, 317.9);SD
Port:(411.9, 242.0)(411.9, 315.1)(411.5, 315.1)(411.5, 332.8)(250.8, 332.8)(250.8, 242.0);GATE
Port:(400.4, 249.0)(405.9, 249.0)(405.9, 308.1)(400.4, 308.1);SD
