Area:(-30.0, -20.0)(657.6, -20.0)(657.6, 594.0)(-30.0, 594.0)
Rule:GATE(5,5);SD(5,5);GATE_SD(0.5);GATE_ITO(0.5);SD_ITO(0.5)
Module:M14
Boundary:(253.7, 429.2)(318.1, 429.2)(318.1, 429.3)(333.7, 429.3)(333.7, 532.9)(253.7, 532.9);GATE
Port:(266.8, 528.4)(320.6, 528.4)(320.6, 532.9)(266.8, 532.9);SD
Port:(253.7, 429.2)(318.1, 429.2)(318.1, 429.3)(333.7, 429.3)(333.7, 526.7)(253.7, 526.7);GATE
Port:(259.1, 433.6)(312.7, 433.6)(312.7, 439.9)(259.1, 439.9);SD
Module:M9
Boundary:(373.7, 409.2)(437.1, 409.2)(437.1, 551.5)(373.7, 551.5);GATE
Port:(386.4, 547.0)(424.4, 547.0)(424.4, 551.5)(386.4, 551.5);SD
Port:(373.7, 409.2)(437.1, 409.2)(437.1, 544.3)(373.7, 544.3);GATE
Port:(379.6, 414.1)(431.2, 414.1)(431.2, 420.0)(379.6, 420.0);SD
Module:M5
Boundary:(517.2, 20.0)(517.2, 123.0)(424.8, 123.0)(424.8, 20.0);GATE
Port:(424.8, 32.6)(428.8, 32.6)(428.8, 110.4)(424.8, 110.4);SD
Port:(517.2, 20.0)(517.2, 123.0)(431.6, 123.0)(431.6, 20.0);GATE
Port:(506.4, 26.8)(511.4, 26.8)(511.4, 116.2)(506.4, 116.2);SD
Module:M11
Boundary:(462.1, 280.6)(506.3, 280.6)(506.3, 384.6)(462.1, 384.6);GATE
Port:(474.0, 378.9)(494.4, 378.9)(494.4, 384.6)(474.0, 384.6);SD
Port:(462.1, 280.6)(506.3, 280.6)(506.3, 377.0)(462.1, 377.0);GATE
Port:(468.0, 285.5)(500.4, 285.5)(500.4, 290.5)(468.0, 290.5);SD
Module:M1
Boundary:(163.5, 30.0)(222.1, 30.0)(222.1, 30.3)(240.8, 30.3)(240.8, 214.2)(163.5, 214.2);GATE
Port:(179.5, 208.5)(224.8, 208.5)(224.8, 214.2)(179.5, 214.2);SD
Port:(163.5, 30.0)(222.1, 30.0)(222.1, 30.3)(240.8, 30.3)(240.8, 206.3)(163.5, 206.3);GATE
Port:(170.2, 35.7)(215.4, 35.7)(215.4, 42.5)(170.2, 42.5);SD
Module:M6
Boundary:(526.3, 224.8)(599.6, 224.8)(599.6, 224.9)(617.6, 224.9)(617.6, 410.4)(526.3, 410.4);GATE
Port:(541.1, 405.8)(602.8, 405.8)(602.8, 410.4)(541.1, 410.4);SD
Port:(526.3, 224.8)(599.6, 224.8)(599.6, 224.9)(617.6, 224.9)(617.6, 403.6)(526.3, 403.6);GATE
Port:(532.5, 230.0)(593.4, 230.0)(593.4, 236.1)(532.5, 236.1);SD
Module:M2
Boundary:(484.3, 163.0)(484.3, 233.8)(484.3, 233.8)(484.3, 250.6)(290.8, 250.6)(290.8, 163.0);GATE
Port:(290.8, 177.7)(294.8, 177.7)(294.8, 235.9)(290.8, 235.9);SD
Port:(484.3, 163.0)(484.3, 233.8)(484.3, 233.8)(484.3, 250.6)(297.2, 250.6)(297.2, 163.0);GATE
Port:(472.5, 169.7)(478.6, 169.7)(478.6, 227.1)(472.5, 227.1);SD
Module:M16
Boundary:(612.8, 430.4)(612.8, 545.9)(457.1, 545.9)(457.1, 430.4);GATE
Port:(457.1, 443.8)(461.9, 443.8)(461.9, 532.5)(457.1, 532.5);SD
Port:(612.8, 430.4)(612.8, 545.9)(463.0, 545.9)(463.0, 430.4);GATE
Port:(602.3, 435.5)(608.7, 435.5)(608.7, 540.8)(602.3, 540.8);SD
Module:M13
Boundary:(10.0, 251.2)(103.7, 251.2)(103.7, 251.6)(122.0, 251.6)(122.0, 432.2)(10.0, 432.2);GATE
Port:(25.7, 427.9)(106.3, 427.9)(106.3, 432.2)(25.7, 432.2);SD
Port:(10.0, 251.2)(103.7, 251.2)(103.7, 251.6)(122.0, 251.6)(122.0, 426.5)(10.0, 426.5);GATE
Port:(16.5, 256.7)(97.2, 256.7)(97.2, 263.5)(16.5, 263.5);SD
Module:M10
Boundary:(142.0, 254.2)(194.6, 254.2)(194.6, 254.4)(211.3, 254.4)(211.3, 429.7)(142.0, 429.7);GATE
Port:(156.2, 425.1)(197.1, 425.1)(197.1, 429.7)(156.2, 429.7);SD
Port:(142.0, 254.2)(194.6, 254.2)(194.6, 254.4)(211.3, 254.4)(211.3, 422.3)(142.0, 422.3);GATE
Port:(148.0, 259.2)(188.6, 259.2)(188.6, 266.1)(148.0, 266.1);SD
Module:M7
Boundary:(290.8, 20.0)(384.8, 20.0)(384.8, 114.5)(290.8, 114.5);GATE
Port:(306.0, 108.5)(369.6, 108.5)(369.6, 114.5)(306.0, 114.5);SD
Port:(290.8, 20.0)(384.8, 20.0)(384.8, 106.3)(290.8, 106.3);GATE
Port:(297.3, 25.5)(378.3, 25.5)(378.3, 32.3)(297.3, 32.3);SD
Module:M3
Boundary:(132.0, 452.2)(197.9, 452.2)(197.9, 452.5)(213.7, 452.5)(213.7, 554.0)(132.0, 554.0);GATE
Port:(146.0, 549.2)(199.7, 549.2)(199.7, 554.0)(146.0, 554.0);SD
Port:(132.0, 452.2)(197.9, 452.2)(197.9, 452.5)(213.7, 452.5)(213.7, 547.3)(132.0, 547.3);GATE
Port:(137.9, 457.1)(192.0, 457.1)(192.0, 463.9)(137.9, 463.9);SD
Module:M15
Boundary:(442.1, 280.6)(442.1, 389.2)(231.3, 389.2)(231.3, 280.6);GATE
Port:(231.3, 296.3)(235.9, 296.3)(235.9, 373.5)(231.3, 373.5);SD
Port:(442.1, 280.6)(442.1, 389.2)(237.7, 389.2)(237.7, 280.6);GATE
Port:(428.7, 287.4)(436.3, 287.4)(436.3, 382.4)(428.7, 382.4);SD
Module:M12
Boundary:(112.0, 452.2)(112.0, 537.2)(111.8, 537.2)(111.8, 550.6)(10.0, 550.6)(10.0, 452.2);GATE
Port:(10.0, 464.6)(14.2, 464.6)(14.2, 538.2)(10.0, 538.2);SD
Port:(112.0, 452.2)(112.0, 537.2)(111.8, 537.2)(111.8, 550.6)(16.4, 550.6)(16.4, 452.2);GATE
Port:(101.2, 459.1)(106.1, 459.1)(106.1, 530.3)(101.2, 530.3);SD
Module:M8
Boundary:(20.0, 20.0)(98.9, 20.0)(98.9, 20.1)(113.5, 20.1)(113.5, 221.2)(20.0, 221.2);GATE
Port:(34.0, 216.6)(99.5, 216.6)(99.5, 221.2)(34.0, 221.2);SD
Port:(20.0, 20.0)(98.9, 20.0)(98.9, 20.1)(113.5, 20.1)(113.5, 214.4)(20.0, 214.4);GATE
Port:(26.4, 25.4)(92.5, 25.4)(92.5, 32.1)(26.4, 32.1);SD
Module:M4
Boundary:(557.2, 20.0)(591.8, 20.0)(591.8, 20.1)(610.8, 20.1)(610.8, 194.8)(557.2, 194.8);GATE
Port:(570.5, 189.2)(597.5, 189.2)(597.5, 194.8)(570.5, 194.8);SD
Port:(557.2, 20.0)(591.8, 20.0)(591.8, 20.1)(610.8, 20.1)(610.8, 186.3)(557.2, 186.3);GATE
Port:(562.6, 24.4)(586.4, 24.4)(586.4, 30.2)(562.6, 30.2);SD
