Area:(-30.0, -30.0)(660.3, -30.0)(660.3, 516.4)(-30.0, 516.4)
Rule:GATE(5,5);SD(5,5);GATE_SD(0.5);GATE_ITO(0.5);SD_ITO(0.5)
Module:M14
Boundary:(146.1, 108.5)(199.4, 108.5)(199.4, 187.5)(146.1, 187.5);GATE
Port:(156.9, 183.2)(188.6, 183.2)(188.6, 187.5)(156.9, 187.5);SD
Port:(146.1, 108.5)(199.4, 108.5)(199.4, 181.5)(146.1, 181.5);GATE
Port:(151.8, 113.2)(193.7, 113.2)(193.7, 117.8)(151.8, 117.8);SD
Module:M9
Boundary:(109.3, 227.5)(179.9, 227.5)(179.9, 227.9)(197.1, 227.9)(197.1, 409.6)(109.3, 409.6);GATE
Port:(124.2, 404.2)(182.2, 404.2)(182.2, 409.6)(124.2, 409.6);SD
Port:(109.3, 227.5)(179.9, 227.5)(179.9, 227.9)(197.1, 227.9)(197.1, 402.9)(109.3, 402.9);GATE
Port:(116.1, 233.3)(173.1, 233.3)(173.1, 239.0)(116.1, 239.0);SD
Module:M5
Boundary:(20.0, 20.0)(96.1, 20.0)(96.1, 186.9)(20.0, 186.9);GATE
Port:(33.4, 181.2)(82.7, 181.2)(82.7, 186.9)(33.4, 186.9);SD
Port:(20.0, 20.0)(96.1, 20.0)(96.1, 179.4)(20.0, 179.4);GATE
Port:(26.6, 25.6)(89.5, 25.6)(89.5, 31.1)(26.6, 31.1);SD
Module:M11
Boundary:(10.0, 322.7)(71.8, 322.7)(71.8, 467.3)(10.0, 467.3);GATE
Port:(22.5, 462.8)(59.3, 462.8)(59.3, 467.3)(22.5, 467.3);SD
Port:(10.0, 322.7)(71.8, 322.7)(71.8, 461.4)(10.0, 461.4);GATE
Port:(15.5, 327.2)(66.3, 327.2)(66.3, 332.8)(15.5, 332.8);SD
Module:M1
Boundary:(475.0, 159.8)(475.0, 249.4)(474.6, 249.4)(474.6, 266.6)(350.8, 266.6)(350.8, 159.8);GATE
Port:(350.8, 175.4)(355.7, 175.4)(355.7, 251.0)(350.8, 251.0);SD
Port:(475.0, 159.8)(475.0, 249.4)(474.6, 249.4)(474.6, 266.6)(358.3, 266.6)(358.3, 159.8);GATE
Port:(462.2, 166.6)(469.2, 166.6)(469.2, 242.6)(462.2, 242.6);SD
Module:M6
Boundary:(10.0, 216.9)(74.1, 216.9)(74.1, 217.2)(89.3, 217.2)(89.3, 302.7)(10.0, 302.7);GATE
Port:(23.7, 296.8)(75.6, 296.8)(75.6, 302.7)(23.7, 302.7);SD
Port:(10.0, 216.9)(74.1, 216.9)(74.1, 217.2)(89.3, 217.2)(89.3, 295.6)(10.0, 295.6);GATE
Port:(16.5, 222.4)(67.6, 222.4)(67.6, 228.0)(16.5, 228.0);SD
Module:M2
Boundary:(437.7, 316.6)(437.7, 379.9)(335.9, 379.9)(335.9, 316.6);GATE
Port:(335.9, 330.2)(340.6, 330.2)(340.6, 366.3)(335.9, 366.3);SD
Port:(437.7, 316.6)(437.7, 379.9)(341.8, 379.9)(341.8, 316.6);GATE
Port:(426.0, 323.3)(432.0, 323.3)(432.0, 373.2)(426.0, 373.2);SD
Module:M16
Boundary:(224.7, 10.0)(224.7, 54.6)(224.6, 54.6)(224.6, 68.5)(126.1, 68.5)(126.1, 10.0);GATE
Port:(126.1, 21.9)(130.5, 21.9)(130.5, 56.6)(126.1, 56.6);SD
Port:(224.7, 10.0)(224.7, 54.6)(224.6, 54.6)(224.6, 68.5)(133.3, 68.5)(133.3, 10.0);GATE
Port:(214.6, 15.9)(219.8, 15.9)(219.8, 48.7)(214.6, 48.7);SD
Module:M13
Boundary:(515.0, 255.3)(605.8, 255.3)(605.8, 255.7)(619.6, 255.7)(619.6, 464.9)(515.0, 464.9);GATE
Port:(529.6, 460.2)(605.0, 460.2)(605.0, 464.9)(529.6, 464.9);SD
Port:(515.0, 255.3)(605.8, 255.3)(605.8, 255.7)(619.6, 255.7)(619.6, 458.1)(515.0, 458.1);GATE
Port:(521.9, 261.2)(598.9, 261.2)(598.9, 268.2)(521.9, 268.2);SD
Module:M10
Boundary:(509.9, 10.0)(509.9, 99.6)(509.5, 99.6)(509.5, 114.4)(414.6, 114.4)(414.6, 10.0);GATE
Port:(414.6, 22.0)(419.6, 22.0)(419.6, 102.4)(414.6, 102.4);SD
Port:(509.9, 10.0)(509.9, 99.6)(509.5, 99.6)(509.5, 114.4)(420.9, 114.4)(420.9, 10.0);GATE
Port:(500.2, 15.7)(505.2, 15.7)(505.2, 93.9)(500.2, 93.9);SD
Module:M7
Boundary:(340.8, 20.0)(371.4, 20.0)(371.4, 20.1)(384.6, 20.1)(384.6, 109.8)(340.8, 109.8);GATE
Port:(352.7, 103.9)(372.7, 103.9)(372.7, 109.8)(352.7, 109.8);SD
Port:(340.8, 20.0)(371.4, 20.0)(371.4, 20.1)(384.6, 20.1)(384.6, 101.4)(340.8, 101.4);GATE
Port:(347.1, 25.3)(365.1, 25.3)(365.1, 30.3)(347.1, 30.3);SD
Module:M3
Boundary:(489.7, 409.9)(489.7, 460.6)(489.7, 460.6)(489.7, 476.4)(309.3, 476.4)(309.3, 409.9);GATE
Port:(309.3, 424.3)(315.2, 424.3)(315.2, 462.0)(309.3, 462.0);SD
Port:(489.7, 409.9)(489.7, 460.6)(489.7, 460.6)(489.7, 476.4)(318.0, 476.4)(318.0, 409.9);GATE
Port:(478.2, 416.4)(484.2, 416.4)(484.2, 454.1)(478.2, 454.1);SD
Module:M15
Boundary:(289.3, 429.6)(289.3, 473.2)(91.8, 473.2)(91.8, 429.6);GATE
Port:(91.8, 441.8)(97.5, 441.8)(97.5, 461.0)(91.8, 461.0);SD
Port:(289.3, 429.6)(289.3, 473.2)(99.7, 473.2)(99.7, 429.6);GATE
Port:(278.7, 435.1)(284.8, 435.1)(284.8, 467.7)(278.7, 467.7);SD
Module:M12
Boundary:(244.7, 10.0)(310.8, 10.0)(310.8, 228.9)(244.7, 228.9);GATE
Port:(258.1, 224.2)(297.4, 224.2)(297.4, 228.9)(258.1, 228.9);SD
Port:(244.7, 10.0)(310.8, 10.0)(310.8, 221.6)(244.7, 221.6);GATE
Port:(250.4, 14.7)(305.1, 14.7)(305.1, 21.8)(250.4, 21.8);SD
Module:M8
Boundary:(539.9, 20.0)(604.5, 20.0)(604.5, 20.2)(620.3, 20.2)(620.3, 225.3)(539.9, 225.3);GATE
Port:(553.2, 220.7)(607.0, 220.7)(607.0, 225.3)(553.2, 225.3);SD
Port:(539.9, 20.0)(604.5, 20.0)(604.5, 20.2)(620.3, 20.2)(620.3, 217.9)(539.9, 217.9);GATE
Port:(546.6, 25.7)(597.8, 25.7)(597.8, 30.4)(546.6, 30.4);SD
Module:M4
Boundary:(227.1, 258.9)(279.4, 258.9)(279.4, 259.0)(295.9, 259.0)(295.9, 367.2)(227.1, 367.2);GATE
Port:(241.6, 363.1)(281.4, 363.1)(281.4, 367.2)(241.6, 367.2);SD
Port:(227.1, 258.9)(279.4, 258.9)(279.4, 259.0)(295.9, 259.0)(295.9, 360.1)(227.1, 360.1);GATE
Port:(233.9, 264.7)(272.6, 264.7)(272.6, 270.4)(233.9, 270.4);SD
