Area:(-30.0, -30.0)(763.2, -30.0)(763.2, 507.5)(-30.0, 507.5)
Rule:GATE(5,5);SD(5,5);GATE_SD(0.5);GATE_ITO(0.5);SD_ITO(0.5)
Module:M14
Boundary:(30.0, 30.0)(106.2, 30.0)(106.2, 240.3)(30.0, 240.3);GATE
Port:(41.9, 235.0)(94.3, 235.0)(94.3, 240.3)(41.9, 240.3);SD
Port:(30.0, 30.0)(106.2, 30.0)(106.2, 233.0)(30.0, 233.0);GATE
Port:(35.1, 34.1)(101.1, 34.1)(101.1, 39.8)(35.1, 39.8);SD
Module:M9
Boundary:(313.6, 10.0)(313.6, 72.7)(313.2, 72.7)(313.2, 88.3)(146.2, 88.3)(146.2, 10.0);GATE
Port:(146.2, 22.2)(152.0, 22.2)(152.0, 76.1)(146.2, 76.1);SD
Port:(313.6, 10.0)(313.6, 72.7)(313.2, 72.7)(313.2, 88.3)(153.1, 88.3)(153.1, 10.0);GATE
Port:(304.1, 16.1)(308.5, 16.1)(308.5, 66.6)(304.1, 66.6);SD
Module:M5
Boundary:(311.6, 404.1)(311.6, 432.7)(311.5, 432.7)(311.5, 447.0)(189.3, 447.0)(189.3, 404.1);GATE
Port:(189.3, 414.5)(194.3, 414.5)(194.3, 436.6)(189.3, 436.6);SD
Port:(311.6, 404.1)(311.6, 432.7)(311.5, 432.7)(311.5, 447.0)(195.9, 447.0)(195.9, 404.1);GATE
Port:(302.9, 409.6)(307.1, 409.6)(307.1, 427.2)(302.9, 427.2);SD
Module:M11
Boundary:(626.1, 167.2)(706.9, 167.2)(706.9, 167.7)(723.2, 167.7)(723.2, 353.4)(626.1, 353.4);GATE
Port:(638.8, 347.7)(710.5, 347.7)(710.5, 353.4)(638.8, 353.4);SD
Port:(626.1, 167.2)(706.9, 167.2)(706.9, 167.7)(723.2, 167.7)(723.2, 345.1)(626.1, 345.1);GATE
Port:(632.0, 172.1)(701.0, 172.1)(701.0, 176.5)(632.0, 176.5);SD
Module:M1
Boundary:(361.6, 271.4)(432.2, 271.4)(432.2, 443.8)(361.6, 443.8);GATE
Port:(375.1, 438.3)(418.7, 438.3)(418.7, 443.8)(375.1, 443.8);SD
Port:(361.6, 271.4)(432.2, 271.4)(432.2, 437.0)(361.6, 437.0);GATE
Port:(366.9, 275.7)(426.9, 275.7)(426.9, 281.9)(366.9, 281.9);SD
Module:M6
Boundary:(176.5, 281.6)(176.5, 332.3)(176.4, 332.3)(176.4, 348.0)(10.0, 348.0)(10.0, 281.6);GATE
Port:(10.0, 295.6)(15.9, 295.6)(15.9, 334.0)(10.0, 334.0);SD
Port:(176.5, 281.6)(176.5, 332.3)(176.4, 332.3)(176.4, 348.0)(18.0, 348.0)(18.0, 281.6);GATE
Port:(164.6, 287.7)(171.4, 287.7)(171.4, 326.2)(164.6, 326.2);SD
Module:M2
Boundary:(521.0, 20.0)(569.4, 20.0)(569.4, 20.0)(585.5, 20.0)(585.5, 156.4)(521.0, 156.4);GATE
Port:(533.2, 151.6)(573.3, 151.6)(573.3, 156.4)(533.2, 156.4);SD
Port:(521.0, 20.0)(569.4, 20.0)(569.4, 20.0)(585.5, 20.0)(585.5, 149.9)(521.0, 149.9);GATE
Port:(526.5, 24.5)(563.9, 24.5)(563.9, 29.9)(526.5, 29.9);SD
Module:M16
Boundary:(196.5, 281.6)(293.7, 281.6)(293.7, 281.8)(308.9, 281.8)(308.9, 374.1)(196.5, 374.1);GATE
Port:(211.2, 369.3)(294.2, 369.3)(294.2, 374.1)(211.2, 374.1);SD
Port:(196.5, 281.6)(293.7, 281.6)(293.7, 281.8)(308.9, 281.8)(308.9, 366.5)(196.5, 366.5);GATE
Port:(203.1, 287.2)(287.1, 287.2)(287.1, 294.5)(203.1, 294.5);SD
Module:M13
Boundary:(491.0, 10.0)(491.0, 77.9)(490.7, 77.9)(490.7, 94.5)(333.6, 94.5)(333.6, 10.0);GATE
Port:(333.6, 24.2)(338.9, 24.2)(338.9, 80.3)(333.6, 80.3);SD
Port:(491.0, 10.0)(491.0, 77.9)(490.7, 77.9)(490.7, 94.5)(340.6, 94.5)(340.6, 10.0);GATE
Port:(480.1, 15.7)(486.3, 15.7)(486.3, 72.2)(480.1, 72.2);SD
Module:M10
Boundary:(462.9, 114.5)(462.9, 214.9)(462.6, 214.9)(462.6, 231.4)(274.4, 231.4)(274.4, 114.5);GATE
Port:(274.4, 128.2)(279.3, 128.2)(279.3, 217.7)(274.4, 217.7);SD
Port:(462.9, 114.5)(462.9, 214.9)(462.6, 214.9)(462.6, 231.4)(280.3, 231.4)(280.3, 114.5);GATE
Port:(452.0, 119.6)(458.8, 119.6)(458.8, 209.8)(452.0, 209.8);SD
Module:M7
Boundary:(492.9, 196.4)(578.5, 196.4)(578.5, 196.9)(596.1, 196.9)(596.1, 347.7)(492.9, 347.7);GATE
Port:(505.9, 343.4)(583.1, 343.4)(583.1, 347.7)(505.9, 347.7);SD
Port:(492.9, 196.4)(578.5, 196.4)(578.5, 196.9)(596.1, 196.9)(596.1, 342.1)(492.9, 342.1);GATE
Port:(498.2, 200.7)(573.2, 200.7)(573.2, 206.1)(498.2, 206.1);SD
Module:M3
Boundary:(159.3, 368.0)(159.3, 451.3)(159.1, 451.3)(159.1, 466.6)(10.0, 466.6)(10.0, 368.0);GATE
Port:(10.0, 383.2)(15.2, 383.2)(15.2, 451.4)(10.0, 451.4);SD
Port:(159.3, 368.0)(159.3, 451.3)(159.1, 451.3)(159.1, 466.6)(18.2, 466.6)(18.2, 368.0);GATE
Port:(145.9, 374.8)(153.5, 374.8)(153.5, 444.5)(145.9, 444.5);SD
Module:M15
Boundary:(611.9, 377.7)(611.9, 443.1)(611.9, 443.1)(611.9, 458.8)(482.9, 458.8)(482.9, 377.7);GATE
Port:(482.9, 391.3)(487.5, 391.3)(487.5, 445.2)(482.9, 445.2);SD
Port:(611.9, 377.7)(611.9, 443.1)(611.9, 443.1)(611.9, 458.8)(489.2, 458.8)(489.2, 377.7);GATE
Port:(600.4, 383.5)(607.1, 383.5)(607.1, 437.3)(600.4, 437.3);SD
Module:M12
Boundary:(722.1, 373.4)(722.1, 449.0)(721.9, 449.0)(721.9, 467.5)(631.9, 467.5)(631.9, 373.4);GATE
Port:(631.9, 388.8)(635.9, 388.8)(635.9, 452.1)(631.9, 452.1);SD
Port:(722.1, 373.4)(722.1, 449.0)(721.9, 449.0)(721.9, 467.5)(638.1, 467.5)(638.1, 373.4);GATE
Port:(709.6, 379.7)(716.8, 379.7)(716.8, 442.7)(709.6, 442.7);SD
Module:M8
Boundary:(156.2, 118.3)(244.4, 118.3)(244.4, 251.6)(156.2, 251.6);GATE
Port:(169.9, 245.9)(230.7, 245.9)(230.7, 251.6)(169.9, 251.6);SD
Port:(156.2, 118.3)(244.4, 118.3)(244.4, 244.2)(156.2, 244.2);GATE
Port:(162.6, 123.7)(238.0, 123.7)(238.0, 129.6)(162.6, 129.6);SD
Module:M4
Boundary:(625.5, 20.0)(693.6, 20.0)(693.6, 20.1)(709.7, 20.1)(709.7, 137.2)(625.5, 137.2);GATE
Port:(640.1, 132.2)(695.1, 132.2)(695.1, 137.2)(640.1, 137.2);SD
Port:(625.5, 20.0)(693.6, 20.0)(693.6, 20.1)(709.7, 20.1)(709.7, 130.4)(625.5, 130.4);GATE
Port:(631.4, 24.9)(687.7, 24.9)(687.7, 32.2)(631.4, 32.2);SD
