Area:(-30.0, -30.0)(499.0, -30.0)(499.0, 647.6)(-30.0, 647.6)
Rule:GATE(5,5);SD(5,5);GATE_SD(0.5);GATE_ITO(0.5);SD_ITO(0.5)
Module:M14
Boundary:(201.6, 439.9)(201.6, 482.6)(201.5, 482.6)(201.5, 496.4)(30.0, 496.4)(30.0, 439.9);GATE
Port:(30.0, 450.7)(34.5, 450.7)(34.5, 485.6)(30.0, 485.6);SD
Port:(201.6, 439.9)(201.6, 482.6)(201.5, 482.6)(201.5, 496.4)(37.1, 496.4)(37.1, 439.9);GATE
Port:(192.3, 445.1)(197.4, 445.1)(197.4, 477.4)(192.3, 477.4);SD
Module:M9
Boundary:(356.4, 152.9)(458.3, 152.9)(458.3, 276.4)(356.4, 276.4);GATE
Port:(371.9, 271.9)(442.8, 271.9)(442.8, 276.4)(371.9, 276.4);SD
Port:(356.4, 152.9)(458.3, 152.9)(458.3, 270.6)(356.4, 270.6);GATE
Port:(363.2, 158.7)(451.5, 158.7)(451.5, 166.3)(363.2, 166.3);SD
Module:M5
Boundary:(20.0, 20.0)(136.6, 20.0)(136.6, 92.0)(20.0, 92.0);GATE
Port:(33.3, 86.4)(123.3, 86.4)(123.3, 92.0)(33.3, 92.0);SD
Port:(20.0, 20.0)(136.6, 20.0)(136.6, 84.7)(20.0, 84.7);GATE
Port:(26.3, 25.3)(130.3, 25.3)(130.3, 30.1)(26.3, 30.1);SD
Module:M11
Boundary:(248.3, 256.7)(336.4, 256.7)(336.4, 448.3)(248.3, 448.3);GATE
Port:(262.6, 443.7)(322.1, 443.7)(322.1, 448.3)(262.6, 448.3);SD
Port:(248.3, 256.7)(336.4, 256.7)(336.4, 441.4)(248.3, 441.4);GATE
Port:(255.1, 262.5)(329.6, 262.5)(329.6, 268.3)(255.1, 268.3);SD
Module:M1
Boundary:(153.9, 172.9)(188.3, 172.9)(188.3, 173.0)(205.6, 173.0)(205.6, 245.4)(153.9, 245.4);GATE
Port:(167.4, 240.8)(192.1, 240.8)(192.1, 245.4)(167.4, 245.4);SD
Port:(153.9, 172.9)(188.3, 172.9)(188.3, 173.0)(205.6, 173.0)(205.6, 239.2)(153.9, 239.2);GATE
Port:(159.8, 177.8)(182.4, 177.8)(182.4, 183.0)(159.8, 183.0);SD
Module:M6
Boundary:(149.2, 303.2)(149.2, 399.9)(10.0, 399.9)(10.0, 303.2);GATE
Port:(10.0, 316.5)(15.3, 316.5)(15.3, 386.6)(10.0, 386.6);SD
Port:(149.2, 303.2)(149.2, 399.9)(17.6, 399.9)(17.6, 303.2);GATE
Port:(138.4, 309.2)(144.2, 309.2)(144.2, 393.9)(138.4, 393.9);SD
Module:M2
Boundary:(373.5, 20.0)(373.5, 105.9)(373.0, 105.9)(373.0, 122.9)(176.6, 122.9)(176.6, 20.0);GATE
Port:(176.6, 34.2)(181.4, 34.2)(181.4, 108.7)(176.6, 108.7);SD
Port:(373.5, 20.0)(373.5, 105.9)(373.0, 105.9)(373.0, 122.9)(183.2, 122.9)(183.2, 20.0);GATE
Port:(362.8, 26.6)(367.9, 26.6)(367.9, 99.3)(362.8, 99.3);SD
Module:M16
Boundary:(403.5, 10.0)(459.0, 10.0)(459.0, 128.2)(403.5, 128.2);GATE
Port:(414.2, 123.3)(448.3, 123.3)(448.3, 128.2)(414.2, 128.2);SD
Port:(403.5, 10.0)(459.0, 10.0)(459.0, 121.6)(403.5, 121.6);GATE
Port:(409.0, 14.5)(453.5, 14.5)(453.5, 18.9)(409.0, 18.9);SD
Module:M13
Boundary:(84.2, 122.0)(84.2, 175.7)(84.0, 175.7)(84.0, 193.1)(10.0, 193.1)(10.0, 122.0);GATE
Port:(10.0, 136.7)(14.2, 136.7)(14.2, 178.4)(10.0, 178.4);SD
Port:(84.2, 122.0)(84.2, 175.7)(84.0, 175.7)(84.0, 193.1)(16.1, 193.1)(16.1, 122.0);GATE
Port:(72.4, 127.1)(80.1, 127.1)(80.1, 170.6)(72.4, 170.6);SD
Module:M10
Boundary:(113.9, 213.1)(113.9, 265.2)(113.9, 265.2)(113.9, 283.2)(10.0, 283.2)(10.0, 213.1);GATE
Port:(10.0, 226.8)(16.0, 226.8)(16.0, 269.5)(10.0, 269.5);SD
Port:(113.9, 213.1)(113.9, 265.2)(113.9, 265.2)(113.9, 283.2)(17.9, 283.2)(17.9, 213.1);GATE
Port:(103.6, 218.7)(109.3, 218.7)(109.3, 259.6)(103.6, 259.6);SD
Module:M7
Boundary:(343.0, 478.3)(447.1, 478.3)(447.1, 607.6)(343.0, 607.6);GATE
Port:(355.7, 601.9)(434.4, 601.9)(434.4, 607.6)(355.7, 607.6);SD
Port:(343.0, 478.3)(447.1, 478.3)(447.1, 599.7)(343.0, 599.7);GATE
Port:(349.6, 483.9)(440.5, 483.9)(440.5, 488.9)(349.6, 488.9);SD
Module:M3
Boundary:(356.4, 296.4)(458.8, 296.4)(458.8, 398.7)(356.4, 398.7);GATE
Port:(370.5, 394.4)(444.7, 394.4)(444.7, 398.7)(370.5, 398.7);SD
Port:(356.4, 296.4)(458.8, 296.4)(458.8, 392.6)(356.4, 392.6);GATE
Port:(362.1, 301.1)(453.1, 301.1)(453.1, 307.8)(362.1, 307.8);SD
Module:M15
Boundary:(335.5, 152.9)(335.5, 236.7)(245.6, 236.7)(245.6, 152.9);GATE
Port:(245.6, 165.9)(250.2, 165.9)(250.2, 223.7)(245.6, 223.7);SD
Port:(335.5, 152.9)(335.5, 236.7)(251.6, 236.7)(251.6, 152.9);GATE
Port:(325.7, 158.4)(331.0, 158.4)(331.0, 231.2)(325.7, 231.2);SD
Module:M12
Boundary:(169.2, 285.4)(214.5, 285.4)(214.5, 285.5)(228.3, 285.5)(228.3, 387.8)(169.2, 387.8);GATE
Port:(181.9, 382.4)(215.6, 382.4)(215.6, 387.8)(181.9, 387.8);SD
Port:(169.2, 285.4)(214.5, 285.4)(214.5, 285.5)(228.3, 285.5)(228.3, 380.8)(169.2, 380.8);GATE
Port:(175.4, 290.6)(208.3, 290.6)(208.3, 295.9)(175.4, 295.9);SD
Module:M8
Boundary:(178.1, 546.4)(178.1, 593.0)(177.9, 593.0)(177.9, 606.7)(20.0, 606.7)(20.0, 546.4);GATE
Port:(20.0, 559.7)(24.5, 559.7)(24.5, 593.4)(20.0, 593.4);SD
Port:(178.1, 546.4)(178.1, 593.0)(177.9, 593.0)(177.9, 606.7)(26.4, 606.7)(26.4, 546.4);GATE
Port:(166.5, 552.3)(173.2, 552.3)(173.2, 587.1)(166.5, 587.1);SD
Module:M4
Boundary:(251.6, 478.3)(303.0, 478.3)(303.0, 596.2)(251.6, 596.2);GATE
Port:(266.3, 591.2)(288.3, 591.2)(288.3, 596.2)(266.3, 596.2);SD
Port:(251.6, 478.3)(303.0, 478.3)(303.0, 588.9)(251.6, 588.9);GATE
Port:(257.9, 483.6)(296.7, 483.6)(296.7, 490.7)(257.9, 490.7);SD
