Area:(-30.0, -30.0)(347.1, -30.0)(347.1, 996.6)(-30.0, 996.6)
Rule:GATE(5,5);SD(5,5);GATE_SD(0.5);GATE_ITO(0.5);SD_ITO(0.5)
Module:M14
Boundary:(220.7, 874.3)(270.9, 874.3)(270.9, 874.6)(286.9, 874.6)(286.9, 942.9)(220.7, 942.9);GATE
Port:(234.3, 938.2)(273.3, 938.2)(273.3, 942.9)(234.3, 942.9);SD
Port:(220.7, 874.3)(270.9, 874.3)(270.9, 874.6)(286.9, 874.6)(286.9, 936.6)(220.7, 936.6);GATE
Port:(227.0, 879.6)(264.6, 879.6)(264.6, 885.0)(227.0, 885.0);SD
Module:M9
Boundary:(190.3, 769.6)(190.3, 806.4)(190.2, 806.4)(190.2, 821.7)(10.0, 821.7)(10.0, 769.6);GATE
Port:(10.0, 784.3)(14.4, 784.3)(14.4, 807.0)(10.0, 807.0);SD
Port:(190.3, 769.6)(190.3, 806.4)(190.2, 806.4)(190.2, 821.7)(16.6, 821.7)(16.6, 769.6);GATE
Port:(177.5, 776.4)(184.5, 776.4)(184.5, 799.6)(177.5, 799.6);SD
Module:M5
Boundary:(108.3, 20.0)(175.6, 20.0)(175.6, 20.3)(191.2, 20.3)(191.2, 93.0)(108.3, 93.0);GATE
Port:(123.0, 88.1)(176.5, 88.1)(176.5, 93.0)(123.0, 93.0);SD
Port:(108.3, 20.0)(175.6, 20.0)(175.6, 20.3)(191.2, 20.3)(191.2, 86.8)(108.3, 86.8);GATE
Port:(115.3, 26.0)(168.6, 26.0)(168.6, 32.0)(115.3, 32.0);SD
Module:M11
Boundary:(10.0, 10.0)(78.3, 10.0)(78.3, 215.6)(10.0, 215.6);GATE
Port:(23.4, 211.3)(64.9, 211.3)(64.9, 215.6)(23.4, 215.6);SD
Port:(10.0, 10.0)(78.3, 10.0)(78.3, 208.6)(10.0, 208.6);GATE
Port:(16.8, 15.8)(71.5, 15.8)(71.5, 20.4)(16.8, 20.4);SD
Module:M1
Boundary:(101.5, 468.0)(166.0, 468.0)(166.0, 468.2)(180.6, 468.2)(180.6, 601.4)(101.5, 601.4);GATE
Port:(115.7, 595.5)(166.4, 595.5)(166.4, 601.4)(115.7, 601.4);SD
Port:(101.5, 468.0)(166.0, 468.0)(166.0, 468.2)(180.6, 468.2)(180.6, 592.7)(101.5, 592.7);GATE
Port:(107.8, 473.3)(159.7, 473.3)(159.7, 480.7)(107.8, 480.7);SD
Module:M6
Boundary:(231.1, 343.8)(284.4, 343.8)(284.4, 344.0)(301.1, 344.0)(301.1, 457.8)(231.1, 457.8);GATE
Port:(245.5, 452.9)(286.7, 452.9)(286.7, 457.8)(245.5, 457.8);SD
Port:(231.1, 343.8)(284.4, 343.8)(284.4, 344.0)(301.1, 344.0)(301.1, 451.7)(231.1, 451.7);GATE
Port:(237.6, 349.3)(277.9, 349.3)(277.9, 355.7)(237.6, 355.7);SD
Module:M2
Boundary:(230.6, 487.8)(278.7, 487.8)(278.7, 487.9)(293.9, 487.9)(293.9, 676.6)(230.6, 676.6);GATE
Port:(243.5, 671.7)(281.0, 671.7)(281.0, 676.6)(243.5, 676.6);SD
Port:(230.6, 487.8)(278.7, 487.8)(278.7, 487.9)(293.9, 487.9)(293.9, 668.8)(230.6, 668.8);GATE
Port:(236.2, 492.4)(273.1, 492.4)(273.1, 498.5)(236.2, 498.5);SD
Module:M16
Boundary:(211.1, 345.0)(211.1, 428.0)(10.0, 428.0)(10.0, 345.0);GATE
Port:(10.0, 358.6)(15.9, 358.6)(15.9, 414.4)(10.0, 414.4);SD
Port:(211.1, 345.0)(211.1, 428.0)(18.4, 428.0)(18.4, 345.0);GATE
Port:(200.4, 350.6)(206.5, 350.6)(206.5, 422.4)(200.4, 422.4);SD
Module:M13
Boundary:(240.3, 10.0)(302.5, 10.0)(302.5, 187.8)(240.3, 187.8);GATE
Port:(253.7, 182.7)(289.1, 182.7)(289.1, 187.8)(253.7, 187.8);SD
Port:(240.3, 10.0)(302.5, 10.0)(302.5, 180.1)(240.3, 180.1);GATE
Port:(246.8, 15.5)(296.0, 15.5)(296.0, 21.7)(246.8, 21.7);SD
Module:M10
Boundary:(193.0, 641.4)(193.0, 731.1)(192.7, 731.1)(192.7, 749.6)(10.0, 749.6)(10.0, 641.4);GATE
Port:(10.0, 654.8)(14.3, 654.8)(14.3, 736.2)(10.0, 736.2);SD
Port:(193.0, 641.4)(193.0, 731.1)(192.7, 731.1)(192.7, 749.6)(15.7, 749.6)(15.7, 641.4);GATE
Port:(183.1, 646.9)(188.5, 646.9)(188.5, 725.6)(183.1, 725.6);SD
Module:M7
Boundary:(223.0, 716.6)(295.4, 716.6)(295.4, 824.3)(223.0, 824.3);GATE
Port:(235.4, 819.4)(283.0, 819.4)(283.0, 824.3)(235.4, 824.3);SD
Port:(223.0, 716.6)(295.4, 716.6)(295.4, 816.5)(223.0, 816.5);GATE
Port:(229.9, 722.5)(288.5, 722.5)(288.5, 726.9)(229.9, 726.9);SD
Module:M3
Boundary:(10.0, 448.0)(46.0, 448.0)(46.0, 448.0)(61.5, 448.0)(61.5, 579.3)(10.0, 579.3);GATE
Port:(24.7, 573.5)(46.8, 573.5)(46.8, 579.3)(24.7, 579.3);SD
Port:(10.0, 448.0)(46.0, 448.0)(46.0, 448.0)(61.5, 448.0)(61.5, 571.7)(10.0, 571.7);GATE
Port:(16.1, 453.1)(39.9, 453.1)(39.9, 460.6)(16.1, 460.6);SD
Module:M15
Boundary:(180.7, 841.7)(180.7, 940.4)(180.2, 940.4)(180.2, 956.6)(10.0, 956.6)(10.0, 841.7);GATE
Port:(10.0, 855.5)(14.9, 855.5)(14.9, 942.8)(10.0, 942.8);SD
Port:(180.7, 841.7)(180.7, 940.4)(180.2, 940.4)(180.2, 956.6)(17.2, 956.6)(17.2, 841.7);GATE
Port:(169.8, 847.7)(175.7, 847.7)(175.7, 934.4)(169.8, 934.4);SD
Module:M12
Boundary:(307.1, 223.4)(307.1, 323.8)(117.4, 323.8)(117.4, 223.4);GATE
Port:(117.4, 237.4)(122.5, 237.4)(122.5, 309.8)(117.4, 309.8);SD
Port:(307.1, 223.4)(307.1, 323.8)(124.1, 323.8)(124.1, 223.4);GATE
Port:(295.5, 229.6)(301.9, 229.6)(301.9, 317.6)(295.5, 317.6);SD
Module:M8
Boundary:(20.0, 245.6)(70.3, 245.6)(70.3, 245.7)(87.4, 245.7)(87.4, 315.0)(20.0, 315.0);GATE
Port:(33.0, 309.8)(74.4, 309.8)(74.4, 315.0)(33.0, 315.0);SD
Port:(20.0, 245.6)(70.3, 245.6)(70.3, 245.7)(87.4, 245.7)(87.4, 307.9)(20.0, 307.9);GATE
Port:(25.6, 250.2)(64.7, 250.2)(64.7, 255.7)(25.6, 255.7);SD
Module:M4
Boundary:(210.3, 133.0)(210.3, 193.4)(108.3, 193.4)(108.3, 133.0);GATE
Port:(108.3, 145.9)(112.8, 145.9)(112.8, 180.5)(108.3, 180.5);SD
Port:(210.3, 133.0)(210.3, 193.4)(114.6, 193.4)(114.6, 133.0);GATE
Port:(199.7, 138.1)(206.2, 138.1)(206.2, 188.3)(199.7, 188.3);SD
