Area:(-20.0, -30.0)(776.0, -30.0)(776.0, 501.4)(-20.0, 501.4)
Rule:GATE(5,5);SD(5,5);GATE_SD(0.5);GATE_ITO(0.5);SD_ITO(0.5)
Module:M14
Boundary:(201.6, 251.5)(201.6, 331.0)(30.0, 331.0)(30.0, 251.5);GATE
Port:(30.0, 265.2)(34.5, 265.2)(34.5, 317.3)(30.0, 317.3);SD
Port:(201.6, 251.5)(201.6, 331.0)(37.3, 331.0)(37.3, 251.5);GATE
Port:(189.6, 258.4)(195.7, 258.4)(195.7, 324.1)(189.6, 324.1);SD
Module:M9
Boundary:(387.5, 126.0)(452.3, 126.0)(452.3, 126.2)(467.4, 126.2)(467.4, 319.7)(387.5, 319.7);GATE
Port:(401.4, 315.1)(453.5, 315.1)(453.5, 319.7)(401.4, 319.7);SD
Port:(387.5, 126.0)(452.3, 126.0)(452.3, 126.2)(467.4, 126.2)(467.4, 313.3)(387.5, 313.3);GATE
Port:(393.7, 131.2)(446.1, 131.2)(446.1, 137.9)(393.7, 137.9);SD
Module:M5
Boundary:(212.4, 381.0)(212.4, 451.9)(20.0, 451.9)(20.0, 381.0);GATE
Port:(20.0, 393.2)(25.9, 393.2)(25.9, 439.7)(20.0, 439.7);SD
Port:(212.4, 381.0)(212.4, 451.9)(28.7, 451.9)(28.7, 381.0);GATE
Port:(201.9, 386.0)(208.4, 386.0)(208.4, 446.9)(201.9, 446.9);SD
Module:M11
Boundary:(590.2, 269.5)(590.2, 337.8)(590.0, 337.8)(590.0, 353.9)(487.4, 353.9)(487.4, 269.5);GATE
Port:(487.4, 283.9)(492.0, 283.9)(492.0, 339.5)(487.4, 339.5);SD
Port:(590.2, 269.5)(590.2, 337.8)(590.0, 337.8)(590.0, 353.9)(493.8, 353.9)(493.8, 269.5);GATE
Port:(578.2, 275.7)(585.0, 275.7)(585.0, 331.6)(578.2, 331.6);SD
Module:M1
Boundary:(267.2, 139.1)(332.0, 139.1)(332.0, 139.4)(347.5, 139.4)(347.5, 329.9)(267.2, 329.9);GATE
Port:(280.9, 324.3)(333.8, 324.3)(333.8, 329.9)(280.9, 329.9);SD
Port:(267.2, 139.1)(332.0, 139.1)(332.0, 139.4)(347.5, 139.4)(347.5, 322.9)(267.2, 322.9);GATE
Port:(273.6, 144.5)(325.6, 144.5)(325.6, 150.5)(273.6, 150.5);SD
Module:M6
Boundary:(348.4, 369.9)(348.4, 447.0)(348.2, 447.0)(348.2, 461.4)(247.2, 461.4)(247.2, 369.9);GATE
Port:(247.2, 383.7)(251.8, 383.7)(251.8, 447.6)(247.2, 447.6);SD
Port:(348.4, 369.9)(348.4, 447.0)(348.2, 447.0)(348.2, 461.4)(254.6, 461.4)(254.6, 369.9);GATE
Port:(337.1, 376.4)(342.9, 376.4)(342.9, 440.5)(337.1, 440.5);SD
Module:M2
Boundary:(217.2, 129.9)(217.2, 183.5)(217.2, 183.5)(217.2, 201.5)(20.0, 201.5)(20.0, 129.9);GATE
Port:(20.0, 143.7)(25.8, 143.7)(25.8, 187.7)(20.0, 187.7);SD
Port:(217.2, 129.9)(217.2, 183.5)(217.2, 183.5)(217.2, 201.5)(27.9, 201.5)(27.9, 129.9);GATE
Port:(206.8, 136.6)(211.5, 136.6)(211.5, 176.8)(206.8, 176.8);SD
Module:M16
Boundary:(711.1, 10.0)(711.1, 87.7)(564.7, 87.7)(564.7, 10.0);GATE
Port:(564.7, 22.3)(569.6, 22.3)(569.6, 75.4)(564.7, 75.4);SD
Port:(711.1, 10.0)(711.1, 87.7)(571.7, 87.7)(571.7, 10.0);GATE
Port:(701.8, 15.7)(706.4, 15.7)(706.4, 82.0)(701.8, 82.0);SD
Module:M13
Boundary:(370.9, 10.0)(370.9, 81.4)(370.8, 81.4)(370.8, 99.1)(202.1, 99.1)(202.1, 10.0);GATE
Port:(202.1, 24.7)(207.2, 24.7)(207.2, 84.4)(202.1, 84.4);SD
Port:(370.9, 10.0)(370.9, 81.4)(370.8, 81.4)(370.8, 99.1)(209.4, 99.1)(209.4, 10.0);GATE
Port:(359.4, 15.1)(366.8, 15.1)(366.8, 76.3)(359.4, 76.3);SD
Module:M10
Boundary:(579.3, 373.9)(579.3, 438.7)(579.2, 438.7)(579.2, 454.8)(368.4, 454.8)(368.4, 373.9);GATE
Port:(368.4, 386.7)(373.1, 386.7)(373.1, 442.0)(368.4, 442.0);SD
Port:(579.3, 373.9)(579.3, 438.7)(579.2, 438.7)(579.2, 454.8)(374.3, 454.8)(374.3, 373.9);GATE
Port:(568.6, 379.2)(575.0, 379.2)(575.0, 433.4)(568.6, 433.4);SD
Module:M7
Boundary:(719.7, 117.7)(719.7, 222.4)(719.2, 222.4)(719.2, 239.5)(574.7, 239.5)(574.7, 117.7);GATE
Port:(574.7, 132.2)(580.6, 132.2)(580.6, 225.0)(574.7, 225.0);SD
Port:(719.7, 117.7)(719.7, 222.4)(719.2, 222.4)(719.2, 239.5)(582.1, 239.5)(582.1, 117.7);GATE
Port:(707.9, 124.2)(714.2, 124.2)(714.2, 215.9)(707.9, 215.9);SD
Module:M3
Boundary:(487.4, 126.0)(544.7, 126.0)(544.7, 231.8)(487.4, 231.8);GATE
Port:(498.5, 226.1)(533.6, 226.1)(533.6, 231.8)(498.5, 231.8);SD
Port:(487.4, 126.0)(544.7, 126.0)(544.7, 223.6)(487.4, 223.6);GATE
Port:(492.7, 130.3)(539.4, 130.3)(539.4, 134.9)(492.7, 134.9);SD
Module:M15
Boundary:(537.9, 10.0)(537.9, 106.0)(390.9, 106.0)(390.9, 10.0);GATE
Port:(390.9, 26.0)(395.9, 26.0)(395.9, 90.0)(390.9, 90.0);SD
Port:(537.9, 10.0)(537.9, 106.0)(397.4, 106.0)(397.4, 10.0);GATE
Port:(525.1, 16.9)(532.0, 16.9)(532.0, 99.1)(525.1, 99.1);SD
Module:M12
Boundary:(736.0, 386.9)(736.0, 424.3)(736.0, 424.3)(736.0, 441.6)(599.3, 441.6)(599.3, 386.9);GATE
Port:(599.3, 401.9)(603.5, 401.9)(603.5, 426.6)(599.3, 426.6);SD
Port:(736.0, 386.9)(736.0, 424.3)(736.0, 424.3)(736.0, 441.6)(605.4, 441.6)(605.4, 386.9);GATE
Port:(724.3, 393.5)(730.4, 393.5)(730.4, 417.7)(724.3, 417.7);SD
Module:M8
Boundary:(172.1, 20.0)(172.1, 72.2)(171.8, 72.2)(171.8, 89.9)(20.0, 89.9)(20.0, 20.0);GATE
Port:(20.0, 34.1)(24.9, 34.1)(24.9, 75.8)(20.0, 75.8);SD
Port:(172.1, 20.0)(172.1, 72.2)(171.8, 72.2)(171.8, 89.9)(27.1, 89.9)(27.1, 20.0);GATE
Port:(161.4, 25.6)(167.5, 25.6)(167.5, 66.6)(161.4, 66.6);SD
Module:M4
Boundary:(620.2, 279.5)(687.6, 279.5)(687.6, 279.8)(703.2, 279.8)(703.2, 356.9)(620.2, 356.9);GATE
Port:(634.7, 351.8)(688.7, 351.8)(688.7, 356.9)(634.7, 356.9);SD
Port:(620.2, 279.5)(687.6, 279.5)(687.6, 279.8)(703.2, 279.8)(703.2, 349.9)(620.2, 349.9);GATE
Port:(626.8, 285.1)(681.0, 285.1)(681.0, 291.9)(626.8, 291.9);SD
