Area:(-30.0, -30.0)(563.9, -30.0)(563.9, 730.1)(-30.0, 730.1)
Rule:GATE(5,5);SD(5,5);GATE_SD(0.5);GATE_ITO(0.5);SD_ITO(0.5)
Module:M14
Boundary:(30.0, 30.0)(104.4, 30.0)(104.4, 211.9)(30.0, 211.9);GATE
Port:(43.0, 206.6)(91.4, 206.6)(91.4, 211.9)(43.0, 211.9);SD
Port:(30.0, 30.0)(104.4, 30.0)(104.4, 204.2)(30.0, 204.2);GATE
Port:(36.7, 35.7)(97.7, 35.7)(97.7, 41.5)(36.7, 41.5);SD
Module:M9
Boundary:(463.7, 610.4)(463.7, 677.4)(463.4, 677.4)(463.4, 690.1)(284.7, 690.1)(284.7, 610.4);GATE
Port:(284.7, 621.8)(290.7, 621.8)(290.7, 678.7)(284.7, 678.7);SD
Port:(463.7, 610.4)(463.7, 677.4)(463.4, 677.4)(463.4, 690.1)(293.4, 690.1)(293.4, 610.4);GATE
Port:(453.9, 615.7)(459.4, 615.7)(459.4, 672.1)(453.9, 672.1);SD
Module:M5
Boundary:(403.4, 286.5)(523.9, 286.5)(523.9, 450.7)(403.4, 450.7);GATE
Port:(417.7, 444.9)(509.6, 444.9)(509.6, 450.7)(417.7, 450.7);SD
Port:(403.4, 286.5)(523.9, 286.5)(523.9, 443.0)(403.4, 443.0);GATE
Port:(409.7, 291.8)(517.6, 291.8)(517.6, 297.8)(409.7, 297.8);SD
Module:M11
Boundary:(122.6, 251.9)(122.6, 297.0)(122.5, 297.0)(122.5, 310.1)(10.0, 310.1)(10.0, 251.9);GATE
Port:(10.0, 264.8)(15.6, 264.8)(15.6, 297.2)(10.0, 297.2);SD
Port:(122.6, 251.9)(122.6, 297.0)(122.5, 297.0)(122.5, 310.1)(17.3, 310.1)(17.3, 251.9);GATE
Port:(111.4, 258.5)(117.0, 258.5)(117.0, 290.4)(111.4, 290.4);SD
Module:M1
Boundary:(164.4, 30.0)(245.4, 30.0)(245.4, 30.4)(261.5, 30.4)(261.5, 202.2)(164.4, 202.2);GATE
Port:(177.0, 197.6)(248.9, 197.6)(248.9, 202.2)(177.0, 202.2);SD
Port:(164.4, 30.0)(245.4, 30.0)(245.4, 30.4)(261.5, 30.4)(261.5, 195.4)(164.4, 195.4);GATE
Port:(170.0, 34.6)(239.8, 34.6)(239.8, 39.8)(170.0, 39.8);SD
Module:M6
Boundary:(404.6, 10.0)(518.5, 10.0)(518.5, 142.4)(404.6, 142.4);GATE
Port:(418.8, 137.2)(504.3, 137.2)(504.3, 142.4)(418.8, 142.4);SD
Port:(404.6, 10.0)(518.5, 10.0)(518.5, 135.4)(404.6, 135.4);GATE
Port:(411.3, 15.7)(511.8, 15.7)(511.8, 22.0)(411.3, 22.0);SD
Module:M2
Boundary:(230.5, 392.7)(230.5, 484.7)(230.4, 484.7)(230.4, 502.6)(99.7, 502.6)(99.7, 392.7);GATE
Port:(99.7, 408.5)(103.9, 408.5)(103.9, 486.8)(99.7, 486.8);SD
Port:(230.5, 392.7)(230.5, 484.7)(230.4, 484.7)(230.4, 502.6)(106.8, 502.6)(106.8, 392.7);GATE
Port:(217.9, 399.2)(225.0, 399.2)(225.0, 478.2)(217.9, 478.2);SD
Module:M16
Boundary:(301.5, 10.0)(368.5, 10.0)(368.5, 10.3)(384.6, 10.3)(384.6, 179.7)(301.5, 179.7);GATE
Port:(315.8, 174.8)(370.3, 174.8)(370.3, 179.7)(315.8, 179.7);SD
Port:(301.5, 10.0)(368.5, 10.0)(368.5, 10.3)(384.6, 10.3)(384.6, 172.3)(301.5, 172.3);GATE
Port:(308.4, 15.9)(361.6, 15.9)(361.6, 21.4)(308.4, 21.4);SD
Module:M13
Boundary:(404.6, 162.4)(504.0, 162.4)(504.0, 162.9)(520.2, 162.9)(520.2, 256.5)(404.6, 256.5);GATE
Port:(418.5, 250.7)(506.3, 250.7)(506.3, 256.5)(418.5, 256.5);SD
Port:(404.6, 162.4)(504.0, 162.4)(504.0, 162.9)(520.2, 162.9)(520.2, 248.9)(404.6, 248.9);GATE
Port:(410.6, 167.4)(498.0, 167.4)(498.0, 173.1)(410.6, 173.1);SD
Module:M10
Boundary:(301.5, 199.7)(373.4, 199.7)(373.4, 307.5)(301.5, 307.5);GATE
Port:(313.7, 303.4)(361.2, 303.4)(361.2, 307.5)(313.7, 307.5);SD
Port:(301.5, 199.7)(373.4, 199.7)(373.4, 302.0)(301.5, 302.0);GATE
Port:(307.7, 204.9)(367.2, 204.9)(367.2, 209.7)(307.7, 209.7);SD
Module:M7
Boundary:(139.2, 552.8)(139.2, 659.2)(138.9, 659.2)(138.9, 676.3)(20.0, 676.3)(20.0, 552.8);GATE
Port:(20.0, 568.7)(24.0, 568.7)(24.0, 660.4)(20.0, 660.4);SD
Port:(139.2, 552.8)(139.2, 659.2)(138.9, 659.2)(138.9, 676.3)(26.7, 676.3)(26.7, 552.8);GATE
Port:(126.4, 559.5)(133.5, 559.5)(133.5, 652.5)(126.4, 652.5);SD
Module:M3
Boundary:(296.5, 327.5)(369.8, 327.5)(369.8, 462.5)(296.5, 462.5);GATE
Port:(309.2, 456.6)(357.1, 456.6)(357.1, 462.5)(309.2, 462.5);SD
Port:(296.5, 327.5)(369.8, 327.5)(369.8, 455.2)(296.5, 455.2);GATE
Port:(302.2, 332.2)(364.1, 332.2)(364.1, 338.5)(302.2, 338.5);SD
Module:M15
Boundary:(10.0, 330.1)(69.7, 330.1)(69.7, 522.8)(10.0, 522.8);GATE
Port:(23.5, 517.3)(56.2, 517.3)(56.2, 522.8)(23.5, 522.8);SD
Port:(10.0, 330.1)(69.7, 330.1)(69.7, 514.7)(10.0, 514.7);GATE
Port:(16.6, 335.7)(63.1, 335.7)(63.1, 341.7)(16.6, 341.7);SD
Module:M12
Boundary:(169.2, 532.6)(249.9, 532.6)(249.9, 532.9)(264.7, 532.9)(264.7, 686.6)(169.2, 686.6);GATE
Port:(184.2, 682.4)(249.7, 682.4)(249.7, 686.6)(184.2, 686.6);SD
Port:(169.2, 532.6)(249.9, 532.6)(249.9, 532.9)(264.7, 532.9)(264.7, 679.5)(169.2, 679.5);GATE
Port:(176.1, 538.5)(243.0, 538.5)(243.0, 545.2)(176.1, 545.2);SD
Module:M8
Boundary:(520.7, 492.5)(520.7, 580.4)(294.7, 580.4)(294.7, 492.5);GATE
Port:(294.7, 505.4)(299.2, 505.4)(299.2, 567.5)(294.7, 567.5);SD
Port:(520.7, 492.5)(520.7, 580.4)(301.1, 580.4)(301.1, 492.5);GATE
Port:(509.9, 498.5)(515.7, 498.5)(515.7, 574.4)(509.9, 574.4);SD
Module:M4
Boundary:(154.4, 252.2)(250.8, 252.2)(250.8, 252.7)(266.5, 252.7)(266.5, 352.7)(154.4, 352.7);GATE
Port:(167.9, 348.2)(253.0, 348.2)(253.0, 352.7)(167.9, 352.7);SD
Port:(154.4, 252.2)(250.8, 252.2)(250.8, 252.7)(266.5, 252.7)(266.5, 346.8)(154.4, 346.8);GATE
Port:(160.7, 257.5)(244.5, 257.5)(244.5, 263.3)(160.7, 263.3);SD
