Area:(-30.0, -30.0)(522.4, -30.0)(522.4, 758.6)(-30.0, 758.6)
Rule:GATE(5,5);SD(5,5);GATE_SD(0.5);GATE_ITO(0.5);SD_ITO(0.5)
Module:M14
Boundary:(229.7, 599.0)(229.7, 705.6)(30.0, 705.6)(30.0, 599.0);GATE
Port:(30.0, 611.4)(34.0, 611.4)(34.0, 693.2)(30.0, 693.2);SD
Port:(229.7, 599.0)(229.7, 705.6)(35.9, 705.6)(35.9, 599.0);GATE
Port:(220.1, 604.2)(225.5, 604.2)(225.5, 700.4)(220.1, 700.4);SD
Module:M9
Boundary:(482.1, 10.0)(482.1, 85.5)(263.7, 85.5)(263.7, 10.0);GATE
Port:(263.7, 23.6)(269.7, 23.6)(269.7, 71.9)(263.7, 71.9);SD
Port:(482.1, 10.0)(482.1, 85.5)(272.0, 85.5)(272.0, 10.0);GATE
Port:(470.4, 16.3)(476.8, 16.3)(476.8, 79.2)(470.4, 79.2);SD
Module:M5
Boundary:(20.0, 20.0)(85.6, 20.0)(85.6, 20.3)(100.9, 20.3)(100.9, 215.9)(20.0, 215.9);GATE
Port:(33.6, 210.6)(87.3, 210.6)(87.3, 215.9)(33.6, 215.9);SD
Port:(20.0, 20.0)(85.6, 20.0)(85.6, 20.3)(100.9, 20.3)(100.9, 207.7)(20.0, 207.7);GATE
Port:(26.8, 25.8)(78.8, 25.8)(78.8, 31.6)(26.8, 31.6);SD
Module:M11
Boundary:(413.8, 250.8)(476.5, 250.8)(476.5, 416.0)(413.8, 416.0);GATE
Port:(426.9, 410.3)(463.4, 410.3)(463.4, 416.0)(426.9, 416.0);SD
Port:(413.8, 250.8)(476.5, 250.8)(476.5, 408.9)(413.8, 408.9);GATE
Port:(419.0, 255.0)(471.3, 255.0)(471.3, 262.3)(419.0, 262.3);SD
Module:M1
Boundary:(358.3, 606.8)(358.3, 705.9)(289.7, 705.9)(289.7, 606.8);GATE
Port:(289.7, 619.5)(294.8, 619.5)(294.8, 693.2)(289.7, 693.2);SD
Port:(358.3, 606.8)(358.3, 705.9)(295.9, 705.9)(295.9, 606.8);GATE
Port:(348.7, 612.9)(353.2, 612.9)(353.2, 699.8)(348.7, 699.8);SD
Module:M6
Boundary:(317.3, 263.0)(378.2, 263.0)(378.2, 263.2)(393.8, 263.2)(393.8, 399.3)(317.3, 399.3);GATE
Port:(328.6, 395.1)(382.5, 395.1)(382.5, 399.3)(328.6, 399.3);SD
Port:(317.3, 263.0)(378.2, 263.0)(378.2, 263.2)(393.8, 263.2)(393.8, 392.9)(317.3, 392.9);GATE
Port:(322.4, 267.1)(373.1, 267.1)(373.1, 271.7)(322.4, 271.7);SD
Module:M2
Boundary:(359.1, 120.0)(359.1, 216.9)(358.6, 216.9)(358.6, 233.0)(140.9, 233.0)(140.9, 120.0);GATE
Port:(140.9, 132.7)(146.6, 132.7)(146.6, 220.3)(140.9, 220.3);SD
Port:(359.1, 120.0)(359.1, 216.9)(358.6, 216.9)(358.6, 233.0)(148.3, 233.0)(148.3, 120.0);GATE
Port:(348.5, 125.2)(354.9, 125.2)(354.9, 211.7)(348.5, 211.7);SD
Module:M16
Boundary:(398.3, 586.8)(482.4, 586.8)(482.4, 718.6)(398.3, 718.6);GATE
Port:(412.7, 714.1)(468.0, 714.1)(468.0, 718.6)(412.7, 718.6);SD
Port:(398.3, 586.8)(482.4, 586.8)(482.4, 712.6)(398.3, 712.6);GATE
Port:(405.0, 592.5)(475.7, 592.5)(475.7, 598.1)(405.0, 598.1);SD
Module:M13
Boundary:(389.1, 105.5)(453.2, 105.5)(453.2, 105.7)(469.3, 105.7)(469.3, 230.8)(389.1, 230.8);GATE
Port:(402.0, 225.0)(456.4, 225.0)(456.4, 230.8)(402.0, 230.8);SD
Port:(389.1, 105.5)(453.2, 105.5)(453.2, 105.7)(469.3, 105.7)(469.3, 222.2)(389.1, 222.2);GATE
Port:(395.0, 110.4)(447.3, 110.4)(447.3, 115.3)(395.0, 115.3);SD
Module:M10
Boundary:(297.3, 263.0)(297.3, 373.4)(98.4, 373.4)(98.4, 263.0);GATE
Port:(98.4, 277.5)(102.7, 277.5)(102.7, 358.9)(98.4, 358.9);SD
Port:(297.3, 263.0)(297.3, 373.4)(103.8, 373.4)(103.8, 263.0);GATE
Port:(286.2, 269.1)(292.2, 269.1)(292.2, 367.3)(286.2, 367.3);SD
Module:M7
Boundary:(472.9, 446.0)(472.9, 556.8)(336.5, 556.8)(336.5, 446.0);GATE
Port:(336.5, 458.4)(341.7, 458.4)(341.7, 544.4)(336.5, 544.4);SD
Port:(472.9, 446.0)(472.9, 556.8)(344.2, 556.8)(344.2, 446.0);GATE
Port:(463.5, 451.5)(468.4, 451.5)(468.4, 551.3)(463.5, 551.3);SD
Module:M3
Boundary:(243.7, 10.0)(243.7, 75.1)(243.5, 75.1)(243.5, 90.0)(130.9, 90.0)(130.9, 10.0);GATE
Port:(130.9, 24.4)(135.8, 24.4)(135.8, 75.6)(130.9, 75.6);SD
Port:(243.7, 10.0)(243.7, 75.1)(243.5, 75.1)(243.5, 90.0)(138.6, 90.0)(138.6, 10.0);GATE
Port:(231.0, 16.8)(237.9, 16.8)(237.9, 68.3)(231.0, 68.3);SD
Module:M15
Boundary:(294.0, 393.4)(294.0, 460.3)(125.7, 460.3)(125.7, 393.4);GATE
Port:(125.7, 407.9)(130.0, 407.9)(130.0, 445.8)(125.7, 445.8);SD
Port:(294.0, 393.4)(294.0, 460.3)(132.4, 460.3)(132.4, 393.4);GATE
Port:(281.8, 399.6)(288.8, 399.6)(288.8, 454.1)(281.8, 454.1);SD
Module:M12
Boundary:(105.7, 460.5)(105.7, 540.5)(105.4, 540.5)(105.4, 556.4)(10.0, 556.4)(10.0, 460.5);GATE
Port:(10.0, 473.6)(14.8, 473.6)(14.8, 543.3)(10.0, 543.3);SD
Port:(105.7, 460.5)(105.7, 540.5)(105.4, 540.5)(105.4, 556.4)(17.2, 556.4)(17.2, 460.5);GATE
Port:(95.9, 466.0)(101.2, 466.0)(101.2, 535.0)(95.9, 535.0);SD
Module:M8
Boundary:(20.0, 255.9)(51.9, 255.9)(51.9, 256.0)(68.4, 256.0)(68.4, 430.5)(20.0, 430.5);GATE
Port:(32.3, 425.0)(56.1, 425.0)(56.1, 430.5)(32.3, 430.5);SD
Port:(20.0, 255.9)(51.9, 255.9)(51.9, 256.0)(68.4, 256.0)(68.4, 422.9)(20.0, 422.9);GATE
Port:(25.2, 260.1)(46.7, 260.1)(46.7, 265.7)(25.2, 265.7);SD
Module:M4
Boundary:(296.5, 490.3)(296.5, 549.0)(135.7, 549.0)(135.7, 490.3);GATE
Port:(135.7, 501.7)(140.9, 501.7)(140.9, 537.6)(135.7, 537.6);SD
Port:(296.5, 490.3)(296.5, 549.0)(143.9, 549.0)(143.9, 490.3);GATE
Port:(287.4, 495.4)(292.4, 495.4)(292.4, 543.9)(287.4, 543.9);SD
