Area:(-20.0, -30.0)(651.6, -30.0)(651.6, 591.1)(-20.0, 591.1)
Rule:GATE(5,5);SD(5,5);GATE_SD(0.5);GATE_ITO(0.5);SD_ITO(0.5)
Module:M14
Boundary:(30.0, 280.5)(111.1, 280.5)(111.1, 280.6)(126.3, 280.6)(126.3, 435.3)(30.0, 435.3);GATE
Port:(44.5, 431.0)(111.8, 431.0)(111.8, 435.3)(44.5, 435.3);SD
Port:(30.0, 280.5)(111.1, 280.5)(111.1, 280.6)(126.3, 280.6)(126.3, 429.0)(30.0, 429.0);GATE
Port:(36.6, 286.1)(104.5, 286.1)(104.5, 292.2)(36.6, 292.2);SD
Module:M9
Boundary:(507.3, 304.7)(611.6, 304.7)(611.6, 425.0)(507.3, 425.0);GATE
Port:(520.8, 420.6)(598.1, 420.6)(598.1, 425.0)(520.8, 425.0);SD
Port:(507.3, 304.7)(611.6, 304.7)(611.6, 418.4)(507.3, 418.4);GATE
Port:(512.6, 309.0)(606.3, 309.0)(606.3, 315.5)(512.6, 315.5);SD
Module:M5
Boundary:(282.1, 287.6)(356.7, 287.6)(356.7, 287.8)(371.0, 287.8)(371.0, 422.5)(282.1, 422.5);GATE
Port:(294.9, 417.6)(358.2, 417.6)(358.2, 422.5)(294.9, 422.5);SD
Port:(282.1, 287.6)(356.7, 287.6)(356.7, 287.8)(371.0, 287.8)(371.0, 415.8)(282.1, 415.8);GATE
Port:(288.3, 292.8)(350.5, 292.8)(350.5, 298.0)(288.3, 298.0);SD
Module:M11
Boundary:(401.0, 277.6)(470.2, 277.6)(470.2, 277.7)(487.3, 277.7)(487.3, 411.4)(401.0, 411.4);GATE
Port:(415.0, 405.7)(473.3, 405.7)(473.3, 411.4)(415.0, 411.4);SD
Port:(401.0, 277.6)(470.2, 277.6)(470.2, 277.7)(487.3, 277.7)(487.3, 404.3)(401.0, 404.3);GATE
Port:(406.8, 282.4)(464.4, 282.4)(464.4, 288.1)(406.8, 288.1);SD
Module:M1
Boundary:(30.0, 30.0)(123.4, 30.0)(123.4, 220.5)(30.0, 220.5);GATE
Port:(42.2, 214.6)(111.2, 214.6)(111.2, 220.5)(42.2, 220.5);SD
Port:(30.0, 30.0)(123.4, 30.0)(123.4, 212.2)(30.0, 212.2);GATE
Port:(35.7, 34.7)(117.7, 34.7)(117.7, 40.0)(35.7, 40.0);SD
Module:M6
Boundary:(355.4, 452.5)(355.4, 551.1)(218.9, 551.1)(218.9, 452.5);GATE
Port:(218.9, 465.2)(224.8, 465.2)(224.8, 538.4)(218.9, 538.4);SD
Port:(355.4, 452.5)(355.4, 551.1)(227.3, 551.1)(227.3, 452.5);GATE
Port:(345.2, 458.0)(350.9, 458.0)(350.9, 545.6)(345.2, 545.6);SD
Module:M2
Boundary:(188.9, 485.3)(188.9, 534.2)(188.9, 534.2)(188.9, 548.9)(20.0, 548.9)(20.0, 485.3);GATE
Port:(20.0, 498.5)(25.0, 498.5)(25.0, 535.7)(20.0, 535.7);SD
Port:(188.9, 485.3)(188.9, 534.2)(188.9, 534.2)(188.9, 548.9)(26.5, 548.9)(26.5, 485.3);GATE
Port:(177.5, 492.1)(183.1, 492.1)(183.1, 527.4)(177.5, 527.4);SD
Module:M16
Boundary:(363.0, 154.1)(363.0, 232.5)(362.6, 232.5)(362.6, 247.1)(280.5, 247.1)(280.5, 154.1);GATE
Port:(280.5, 168.1)(285.4, 168.1)(285.4, 233.1)(280.5, 233.1);SD
Port:(363.0, 154.1)(363.0, 232.5)(362.6, 232.5)(362.6, 247.1)(287.4, 247.1)(287.4, 154.1);GATE
Port:(351.1, 160.5)(357.6, 160.5)(357.6, 226.1)(351.1, 226.1);SD
Module:M13
Boundary:(532.9, 205.7)(595.6, 205.7)(595.6, 205.9)(610.3, 205.9)(610.3, 284.7)(532.9, 284.7);GATE
Port:(546.4, 280.6)(596.8, 280.6)(596.8, 284.7)(546.4, 284.7);SD
Port:(532.9, 205.7)(595.6, 205.7)(595.6, 205.9)(610.3, 205.9)(610.3, 277.8)(532.9, 277.8);GATE
Port:(539.0, 210.8)(589.5, 210.8)(589.5, 216.9)(539.0, 216.9);SD
Module:M10
Boundary:(537.7, 10.0)(609.5, 10.0)(609.5, 185.7)(537.7, 185.7);GATE
Port:(548.5, 180.2)(598.7, 180.2)(598.7, 185.7)(548.5, 185.7);SD
Port:(537.7, 10.0)(609.5, 10.0)(609.5, 178.2)(537.7, 178.2);GATE
Port:(543.4, 14.7)(603.8, 14.7)(603.8, 19.3)(543.4, 19.3);SD
Module:M7
Boundary:(507.7, 20.0)(507.7, 106.9)(397.0, 106.9)(397.0, 20.0);GATE
Port:(397.0, 32.7)(401.6, 32.7)(401.6, 94.2)(397.0, 94.2);SD
Port:(507.7, 20.0)(507.7, 106.9)(404.5, 106.9)(404.5, 20.0);GATE
Port:(496.6, 26.0)(502.7, 26.0)(502.7, 100.9)(496.6, 100.9);SD
Module:M3
Boundary:(166.3, 223.1)(235.1, 223.1)(235.1, 223.1)(252.1, 223.1)(252.1, 414.8)(166.3, 414.8);GATE
Port:(180.2, 409.3)(238.2, 409.3)(238.2, 414.8)(180.2, 414.8);SD
Port:(166.3, 223.1)(235.1, 223.1)(235.1, 223.1)(252.1, 223.1)(252.1, 406.8)(166.3, 406.8);GATE
Port:(172.4, 228.2)(229.0, 228.2)(229.0, 234.2)(172.4, 234.2);SD
Module:M15
Boundary:(280.5, 10.0)(367.0, 10.0)(367.0, 134.1)(280.5, 134.1);GATE
Port:(295.6, 128.3)(351.9, 128.3)(351.9, 134.1)(295.6, 134.1);SD
Port:(280.5, 10.0)(367.0, 10.0)(367.0, 127.1)(280.5, 127.1);GATE
Port:(287.3, 15.8)(360.2, 15.8)(360.2, 22.5)(287.3, 22.5);SD
Module:M12
Boundary:(163.4, 10.0)(260.5, 10.0)(260.5, 203.1)(163.4, 203.1);GATE
Port:(177.2, 198.7)(246.7, 198.7)(246.7, 203.1)(177.2, 203.1);SD
Port:(163.4, 10.0)(260.5, 10.0)(260.5, 197.2)(163.4, 197.2);GATE
Port:(169.9, 15.5)(254.0, 15.5)(254.0, 21.4)(169.9, 21.4);SD
Module:M8
Boundary:(591.0, 455.0)(591.0, 529.0)(590.6, 529.0)(590.6, 547.0)(411.0, 547.0)(411.0, 455.0);GATE
Port:(411.0, 470.7)(416.0, 470.7)(416.0, 531.3)(411.0, 531.3);SD
Port:(591.0, 455.0)(591.0, 529.0)(590.6, 529.0)(590.6, 547.0)(417.4, 547.0)(417.4, 455.0);GATE
Port:(578.6, 461.0)(586.0, 461.0)(586.0, 523.0)(578.6, 523.0);SD
Module:M4
Boundary:(397.0, 146.9)(502.9, 146.9)(502.9, 247.6)(397.0, 247.6);GATE
Port:(411.4, 242.6)(488.5, 242.6)(488.5, 247.6)(411.4, 247.6);SD
Port:(397.0, 146.9)(502.9, 146.9)(502.9, 241.6)(397.0, 241.6);GATE
Port:(402.6, 151.5)(497.3, 151.5)(497.3, 158.1)(402.6, 158.1);SD
