Area:(-30.0, -30.0)(877.1, -30.0)(877.1, 412.6)(-30.0, 412.6)
Rule:GATE(5,5);SD(5,5);GATE_SD(0.5);GATE_ITO(0.5);SD_ITO(0.5)
Module:M14
Boundary:(419.6, 300.5)(419.6, 352.7)(298.8, 352.7)(298.8, 300.5);GATE
Port:(298.8, 314.7)(304.1, 314.7)(304.1, 338.5)(298.8, 338.5);SD
Port:(419.6, 300.5)(419.6, 352.7)(305.7, 352.7)(305.7, 300.5);GATE
Port:(408.6, 307.2)(413.9, 307.2)(413.9, 346.0)(408.6, 346.0);SD
Module:M9
Boundary:(827.0, 10.0)(827.0, 92.1)(826.9, 92.1)(826.9, 108.4)(654.5, 108.4)(654.5, 10.0);GATE
Port:(654.5, 23.3)(658.9, 23.3)(658.9, 95.1)(654.5, 95.1);SD
Port:(827.0, 10.0)(827.0, 92.1)(826.9, 92.1)(826.9, 108.4)(661.7, 108.4)(661.7, 10.0);GATE
Port:(817.0, 16.0)(822.0, 16.0)(822.0, 86.1)(817.0, 86.1);SD
Module:M5
Boundary:(551.3, 146.4)(604.8, 146.4)(604.8, 146.4)(621.0, 146.4)(621.0, 229.9)(551.3, 229.9);GATE
Port:(566.2, 225.7)(606.1, 225.7)(606.1, 229.9)(566.2, 229.9);SD
Port:(551.3, 146.4)(604.8, 146.4)(604.8, 146.4)(621.0, 146.4)(621.0, 223.7)(551.3, 223.7);GATE
Port:(558.0, 152.1)(598.1, 152.1)(598.1, 159.3)(558.0, 159.3);SD
Module:M11
Boundary:(187.8, 124.6)(187.8, 224.7)(10.0, 224.7)(10.0, 124.6);GATE
Port:(10.0, 138.9)(14.7, 138.9)(14.7, 210.4)(10.0, 210.4);SD
Port:(187.8, 124.6)(187.8, 224.7)(17.2, 224.7)(17.2, 124.6);GATE
Port:(176.2, 131.4)(182.0, 131.4)(182.0, 217.9)(176.2, 217.9);SD
Module:M1
Boundary:(421.2, 141.7)(421.2, 240.5)(230.2, 240.5)(230.2, 141.7);GATE
Port:(230.2, 155.7)(236.1, 155.7)(236.1, 226.5)(230.2, 226.5);SD
Port:(421.2, 141.7)(421.2, 240.5)(237.8, 240.5)(237.8, 141.7);GATE
Port:(410.1, 147.6)(416.3, 147.6)(416.3, 234.6)(410.1, 234.6);SD
Module:M6
Boundary:(767.4, 128.4)(820.0, 128.4)(820.0, 128.5)(837.1, 128.5)(837.1, 322.9)(767.4, 322.9);GATE
Port:(781.7, 317.8)(822.8, 317.8)(822.8, 322.9)(781.7, 322.9);SD
Port:(767.4, 128.4)(820.0, 128.4)(820.0, 128.5)(837.1, 128.5)(837.1, 314.8)(767.4, 314.8);GATE
Port:(772.5, 132.5)(814.9, 132.5)(814.9, 139.8)(772.5, 139.8);SD
Module:M2
Boundary:(220.2, 20.0)(333.4, 20.0)(333.4, 91.7)(220.2, 91.7);GATE
Port:(234.3, 86.4)(319.3, 86.4)(319.3, 91.7)(234.3, 91.7);SD
Port:(220.2, 20.0)(333.4, 20.0)(333.4, 83.8)(220.2, 83.8);GATE
Port:(226.2, 25.0)(327.4, 25.0)(327.4, 32.2)(226.2, 32.2);SD
Module:M16
Boundary:(461.2, 105.4)(506.0, 105.4)(506.0, 105.5)(521.3, 105.5)(521.3, 287.5)(461.2, 287.5);GATE
Port:(472.3, 281.7)(510.2, 281.7)(510.2, 287.5)(472.3, 287.5);SD
Port:(461.2, 105.4)(506.0, 105.4)(506.0, 105.5)(521.3, 105.5)(521.3, 279.3)(461.2, 279.3);GATE
Port:(466.4, 109.6)(500.8, 109.6)(500.8, 114.1)(466.4, 114.1);SD
Module:M13
Boundary:(547.4, 10.0)(547.4, 71.2)(547.3, 71.2)(547.3, 85.4)(363.4, 85.4)(363.4, 10.0);GATE
Port:(363.4, 23.3)(368.8, 23.3)(368.8, 72.1)(363.4, 72.1);SD
Port:(547.4, 10.0)(547.4, 71.2)(547.3, 71.2)(547.3, 85.4)(370.9, 85.4)(370.9, 10.0);GATE
Port:(535.7, 16.7)(541.7, 16.7)(541.7, 64.5)(535.7, 64.5);SD
Module:M10
Boundary:(563.3, 307.5)(563.3, 357.3)(563.2, 357.3)(563.2, 372.6)(461.2, 372.6)(461.2, 307.5);GATE
Port:(461.2, 321.7)(466.8, 321.7)(466.8, 358.4)(461.2, 358.4);SD
Port:(563.3, 307.5)(563.3, 357.3)(563.2, 357.3)(563.2, 372.6)(469.3, 372.6)(469.3, 307.5);GATE
Port:(551.3, 314.2)(557.6, 314.2)(557.6, 350.6)(551.3, 350.6);SD
Module:M7
Boundary:(661.0, 146.4)(722.6, 146.4)(722.6, 146.4)(737.4, 146.4)(737.4, 234.0)(661.0, 234.0);GATE
Port:(673.8, 229.1)(724.6, 229.1)(724.6, 234.0)(673.8, 234.0);SD
Port:(661.0, 146.4)(722.6, 146.4)(722.6, 146.4)(737.4, 146.4)(737.4, 227.9)(661.0, 227.9);GATE
Port:(667.2, 151.6)(716.4, 151.6)(716.4, 156.8)(667.2, 156.8);SD
Module:M3
Boundary:(733.6, 264.0)(733.6, 346.4)(733.4, 346.4)(733.4, 362.7)(583.3, 362.7)(583.3, 264.0);GATE
Port:(583.3, 276.8)(588.0, 276.8)(588.0, 349.9)(583.3, 349.9);SD
Port:(733.6, 264.0)(733.6, 346.4)(733.4, 346.4)(733.4, 362.7)(590.0, 362.7)(590.0, 264.0);GATE
Port:(722.9, 269.3)(729.3, 269.3)(729.3, 341.1)(722.9, 341.1);SD
Module:M15
Boundary:(567.4, 10.0)(634.5, 10.0)(634.5, 116.4)(567.4, 116.4);GATE
Port:(580.6, 111.2)(621.3, 111.2)(621.3, 116.4)(580.6, 116.4);SD
Port:(567.4, 10.0)(634.5, 10.0)(634.5, 109.5)(567.4, 109.5);GATE
Port:(573.0, 14.6)(628.9, 14.6)(628.9, 20.7)(573.0, 20.7);SD
Module:M12
Boundary:(10.0, 244.7)(98.7, 244.7)(98.7, 244.7)(116.6, 244.7)(116.6, 364.3)(10.0, 364.3);GATE
Port:(23.9, 359.6)(102.7, 359.6)(102.7, 364.3)(23.9, 364.3);SD
Port:(10.0, 244.7)(98.7, 244.7)(98.7, 244.7)(116.6, 244.7)(116.6, 357.2)(10.0, 357.2);GATE
Port:(15.5, 249.2)(93.2, 249.2)(93.2, 255.5)(15.5, 255.5);SD
Module:M8
Boundary:(248.8, 290.5)(248.8, 347.5)(248.7, 347.5)(248.7, 361.0)(146.6, 361.0)(146.6, 290.5);GATE
Port:(146.6, 301.9)(151.3, 301.9)(151.3, 349.6)(146.6, 349.6);SD
Port:(248.8, 290.5)(248.8, 347.5)(248.7, 347.5)(248.7, 361.0)(154.1, 361.0)(154.1, 290.5);GATE
Port:(238.9, 296.9)(243.4, 296.9)(243.4, 341.1)(238.9, 341.1);SD
Module:M4
Boundary:(180.2, 20.0)(180.2, 94.6)(20.0, 94.6)(20.0, 20.0);GATE
Port:(20.0, 31.5)(25.6, 31.5)(25.6, 83.1)(20.0, 83.1);SD
Port:(180.2, 20.0)(180.2, 94.6)(26.9, 94.6)(26.9, 20.0);GATE
Port:(171.0, 25.2)(176.0, 25.2)(176.0, 89.4)(171.0, 89.4);SD
