Area:(-30.0, -30.0)(638.7, -30.0)(638.7, 617.8)(-30.0, 617.8)
Rule:GATE(5,5);SD(5,5);GATE_SD(0.5);GATE_ITO(0.5);SD_ITO(0.5)
Module:M14
Boundary:(137.3, 30.0)(137.3, 79.4)(137.1, 79.4)(137.1, 94.3)(30.0, 94.3)(30.0, 30.0);GATE
Port:(30.0, 43.9)(34.7, 43.9)(34.7, 80.4)(30.0, 80.4);SD
Port:(137.3, 30.0)(137.3, 79.4)(137.1, 79.4)(137.1, 94.3)(37.3, 94.3)(37.3, 30.0);GATE
Port:(125.2, 36.5)(131.8, 36.5)(131.8, 72.9)(125.2, 72.9);SD
Module:M9
Boundary:(324.5, 109.8)(390.5, 109.8)(390.5, 110.0)(406.7, 110.0)(406.7, 210.9)(324.5, 210.9);GATE
Port:(337.6, 205.4)(393.6, 205.4)(393.6, 210.9)(337.6, 210.9);SD
Port:(324.5, 109.8)(390.5, 109.8)(390.5, 110.0)(406.7, 110.0)(406.7, 204.4)(324.5, 204.4);GATE
Port:(329.7, 114.0)(385.3, 114.0)(385.3, 120.7)(329.7, 120.7);SD
Module:M5
Boundary:(293.8, 266.6)(293.8, 298.9)(293.7, 298.9)(293.7, 313.8)(164.8, 313.8)(164.8, 266.6);GATE
Port:(164.8, 279.2)(170.2, 279.2)(170.2, 301.2)(164.8, 301.2);SD
Port:(293.8, 266.6)(293.8, 298.9)(293.7, 298.9)(293.7, 313.8)(172.8, 313.8)(172.8, 266.6);GATE
Port:(283.5, 272.4)(289.0, 272.4)(289.0, 293.1)(283.5, 293.1);SD
Module:M11
Boundary:(493.3, 379.6)(493.3, 485.9)(335.1, 485.9)(335.1, 379.6);GATE
Port:(335.1, 394.9)(339.9, 394.9)(339.9, 470.6)(335.1, 470.6);SD
Port:(493.3, 379.6)(493.3, 485.9)(341.0, 485.9)(341.0, 379.6);GATE
Port:(481.1, 385.8)(488.1, 385.8)(488.1, 479.7)(481.1, 479.7);SD
Module:M1
Boundary:(197.3, 30.0)(284.5, 30.0)(284.5, 216.6)(197.3, 216.6);GATE
Port:(208.6, 211.2)(273.2, 211.2)(273.2, 216.6)(208.6, 216.6);SD
Port:(197.3, 30.0)(284.5, 30.0)(284.5, 210.1)(197.3, 210.1);GATE
Port:(203.1, 34.8)(278.7, 34.8)(278.7, 39.7)(203.1, 39.7);SD
Module:M6
Boundary:(598.7, 123.6)(598.7, 222.0)(426.7, 222.0)(426.7, 123.6);GATE
Port:(426.7, 136.3)(431.5, 136.3)(431.5, 209.3)(426.7, 209.3);SD
Port:(598.7, 123.6)(598.7, 222.0)(434.3, 222.0)(434.3, 123.6);GATE
Port:(588.9, 129.0)(594.3, 129.0)(594.3, 216.6)(588.9, 216.6);SD
Module:M2
Boundary:(20.0, 144.3)(107.6, 144.3)(107.6, 144.6)(124.8, 144.6)(124.8, 219.4)(20.0, 219.4);GATE
Port:(34.3, 213.9)(110.5, 213.9)(110.5, 219.4)(34.3, 219.4);SD
Port:(20.0, 144.3)(107.6, 144.3)(107.6, 144.6)(124.8, 144.6)(124.8, 212.7)(20.0, 212.7);GATE
Port:(26.2, 149.5)(101.4, 149.5)(101.4, 155.5)(26.2, 155.5);SD
Module:M16
Boundary:(435.5, 10.0)(549.7, 10.0)(549.7, 103.6)(435.5, 103.6);GATE
Port:(447.5, 99.0)(537.7, 99.0)(537.7, 103.6)(447.5, 103.6);SD
Port:(435.5, 10.0)(549.7, 10.0)(549.7, 96.6)(435.5, 96.6);GATE
Port:(440.6, 14.1)(544.6, 14.1)(544.6, 18.7)(440.6, 18.7);SD
Module:M13
Boundary:(196.5, 494.5)(196.5, 559.0)(196.5, 559.0)(196.5, 574.6)(10.0, 574.6)(10.0, 494.5);GATE
Port:(10.0, 507.9)(15.8, 507.9)(15.8, 561.2)(10.0, 561.2);SD
Port:(196.5, 494.5)(196.5, 559.0)(196.5, 559.0)(196.5, 574.6)(17.0, 574.6)(17.0, 494.5);GATE
Port:(185.5, 500.9)(191.1, 500.9)(191.1, 552.6)(185.5, 552.6);SD
Module:M10
Boundary:(324.5, 230.9)(355.8, 230.9)(355.8, 231.0)(369.9, 231.0)(369.9, 333.0)(324.5, 333.0);GATE
Port:(336.2, 328.8)(358.2, 328.8)(358.2, 333.0)(336.2, 333.0);SD
Port:(324.5, 230.9)(355.8, 230.9)(355.8, 231.0)(369.9, 231.0)(369.9, 327.2)(324.5, 327.2);GATE
Port:(330.1, 235.5)(350.2, 235.5)(350.2, 241.0)(330.1, 241.0);SD
Module:M7
Boundary:(20.0, 259.4)(116.7, 259.4)(116.7, 464.5)(20.0, 464.5);GATE
Port:(35.7, 459.3)(101.0, 459.3)(101.0, 464.5)(35.7, 464.5);SD
Port:(20.0, 259.4)(116.7, 259.4)(116.7, 456.8)(20.0, 456.8);GATE
Port:(26.1, 264.5)(110.6, 264.5)(110.6, 271.6)(26.1, 271.6);SD
Module:M3
Boundary:(440.5, 505.9)(440.5, 577.8)(216.5, 577.8)(216.5, 505.9);GATE
Port:(216.5, 518.4)(221.4, 518.4)(221.4, 565.3)(216.5, 565.3);SD
Port:(440.5, 505.9)(440.5, 577.8)(222.8, 577.8)(222.8, 505.9);GATE
Port:(430.1, 512.3)(435.1, 512.3)(435.1, 571.4)(430.1, 571.4);SD
Module:M15
Boundary:(415.5, 10.0)(415.5, 74.5)(415.4, 74.5)(415.4, 89.8)(324.5, 89.8)(324.5, 10.0);GATE
Port:(324.5, 23.2)(328.7, 23.2)(328.7, 76.6)(324.5, 76.6);SD
Port:(415.5, 10.0)(415.5, 74.5)(415.4, 74.5)(415.4, 89.8)(331.4, 89.8)(331.4, 10.0);GATE
Port:(404.5, 16.1)(410.4, 16.1)(410.4, 68.4)(404.5, 68.4);SD
Module:M12
Boundary:(315.1, 353.0)(315.1, 471.5)(146.7, 471.5)(146.7, 353.0);GATE
Port:(146.7, 367.3)(152.3, 367.3)(152.3, 457.2)(146.7, 457.2);SD
Port:(315.1, 353.0)(315.1, 471.5)(154.0, 471.5)(154.0, 353.0);GATE
Port:(303.0, 359.5)(309.6, 359.5)(309.6, 465.0)(303.0, 465.0);SD
Module:M8
Boundary:(523.3, 389.6)(588.8, 389.6)(588.8, 559.8)(523.3, 559.8);GATE
Port:(536.7, 554.9)(575.4, 554.9)(575.4, 559.8)(536.7, 559.8);SD
Port:(523.3, 389.6)(588.8, 389.6)(588.8, 552.0)(523.3, 552.0);GATE
Port:(529.1, 394.4)(583.0, 394.4)(583.0, 400.1)(529.1, 400.1);SD
Module:M4
Boundary:(591.4, 252.0)(591.4, 349.6)(399.9, 349.6)(399.9, 252.0);GATE
Port:(399.9, 264.4)(405.5, 264.4)(405.5, 337.2)(399.9, 337.2);SD
Port:(591.4, 252.0)(591.4, 349.6)(408.4, 349.6)(408.4, 252.0);GATE
Port:(581.9, 257.1)(587.3, 257.1)(587.3, 344.5)(581.9, 344.5);SD
