Area:(-30.0, -30.0)(410.2, -30.0)(410.2, 971.5)(-30.0, 971.5)
Rule:GATE(5,5);SD(5,5);GATE_SD(0.5);GATE_ITO(0.5);SD_ITO(0.5)
Module:M14
Boundary:(177.8, 202.5)(244.0, 202.5)(244.0, 202.9)(261.0, 202.9)(261.0, 318.9)(177.8, 318.9);GATE
Port:(190.2, 313.6)(248.6, 313.6)(248.6, 318.9)(190.2, 318.9);SD
Port:(177.8, 202.5)(244.0, 202.5)(244.0, 202.9)(261.0, 202.9)(261.0, 312.3)(177.8, 312.3);GATE
Port:(183.1, 206.8)(238.7, 206.8)(238.7, 212.0)(183.1, 212.0);SD
Module:M9
Boundary:(150.1, 665.5)(219.9, 665.5)(219.9, 794.6)(150.1, 794.6);GATE
Port:(165.4, 789.6)(204.6, 789.6)(204.6, 794.6)(165.4, 794.6);SD
Port:(150.1, 665.5)(219.9, 665.5)(219.9, 786.9)(150.1, 786.9);GATE
Port:(156.7, 671.1)(213.3, 671.1)(213.3, 678.1)(156.7, 678.1);SD
Module:M5
Boundary:(217.6, 829.6)(217.6, 913.9)(217.5, 913.9)(217.5, 930.9)(20.0, 930.9)(20.0, 829.6);GATE
Port:(20.0, 842.8)(24.5, 842.8)(24.5, 917.7)(20.0, 917.7);SD
Port:(217.6, 829.6)(217.6, 913.9)(217.5, 913.9)(217.5, 930.9)(25.7, 930.9)(25.7, 829.6);GATE
Port:(207.3, 835.4)(212.8, 835.4)(212.8, 908.1)(207.3, 908.1);SD
Module:M11
Boundary:(10.0, 600.5)(130.1, 600.5)(130.1, 799.6)(10.0, 799.6);GATE
Port:(24.6, 794.9)(115.5, 794.9)(115.5, 799.6)(24.6, 799.6);SD
Port:(10.0, 600.5)(130.1, 600.5)(130.1, 792.5)(10.0, 792.5);GATE
Port:(16.9, 606.4)(123.2, 606.4)(123.2, 612.6)(16.9, 612.6);SD
Module:M1
Boundary:(289.4, 531.0)(335.2, 531.0)(335.2, 531.2)(349.4, 531.2)(349.4, 718.3)(289.4, 718.3);GATE
Port:(301.5, 713.0)(337.3, 713.0)(337.3, 718.3)(301.5, 718.3);SD
Port:(289.4, 531.0)(335.2, 531.0)(335.2, 531.2)(349.4, 531.2)(349.4, 711.9)(289.4, 711.9);GATE
Port:(294.4, 535.0)(330.2, 535.0)(330.2, 541.6)(294.4, 541.6);SD
Module:M6
Boundary:(361.1, 758.3)(361.1, 810.9)(360.9, 810.9)(360.9, 828.3)(247.6, 828.3)(247.6, 758.3);GATE
Port:(247.6, 772.2)(252.4, 772.2)(252.4, 814.4)(247.6, 814.4);SD
Port:(361.1, 758.3)(361.1, 810.9)(360.9, 810.9)(360.9, 828.3)(253.6, 828.3)(253.6, 758.3);GATE
Port:(350.3, 764.2)(356.2, 764.2)(356.2, 805.0)(350.3, 805.0);SD
Module:M2
Boundary:(20.0, 432.9)(105.5, 432.9)(105.5, 432.9)(121.7, 432.9)(121.7, 570.5)(20.0, 570.5);GATE
Port:(35.4, 565.2)(106.3, 565.2)(106.3, 570.5)(35.4, 570.5);SD
Port:(20.0, 432.9)(105.5, 432.9)(105.5, 432.9)(121.7, 432.9)(121.7, 563.1)(20.0, 563.1);GATE
Port:(26.9, 438.8)(98.6, 438.8)(98.6, 444.9)(26.9, 444.9);SD
Module:M16
Boundary:(187.5, 10.0)(262.5, 10.0)(262.5, 10.3)(276.8, 10.3)(276.8, 162.5)(187.5, 162.5);GATE
Port:(200.4, 157.0)(263.9, 157.0)(263.9, 162.5)(200.4, 162.5);SD
Port:(187.5, 10.0)(262.5, 10.0)(262.5, 10.3)(276.8, 10.3)(276.8, 155.5)(187.5, 155.5);GATE
Port:(193.6, 15.1)(256.4, 15.1)(256.4, 20.7)(193.6, 20.7);SD
Module:M13
Boundary:(301.0, 181.1)(367.6, 181.1)(367.6, 362.9)(301.0, 362.9);GATE
Port:(313.7, 358.8)(354.9, 358.8)(354.9, 362.9)(313.7, 362.9);SD
Port:(301.0, 181.1)(367.6, 181.1)(367.6, 357.1)(301.0, 357.1);GATE
Port:(306.1, 185.2)(362.5, 185.2)(362.5, 190.6)(306.1, 190.6);SD
Module:M10
Boundary:(370.2, 848.3)(370.2, 914.9)(370.0, 914.9)(370.0, 931.5)(247.6, 931.5)(247.6, 848.3);GATE
Port:(247.6, 861.7)(253.3, 861.7)(253.3, 918.1)(247.6, 918.1);SD
Port:(370.2, 848.3)(370.2, 914.9)(370.0, 914.9)(370.0, 931.5)(255.0, 931.5)(255.0, 848.3);GATE
Port:(360.1, 855.0)(364.5, 855.0)(364.5, 908.2)(360.1, 908.2);SD
Module:M7
Boundary:(157.5, 20.0)(157.5, 128.8)(157.2, 128.8)(157.2, 146.6)(20.0, 146.6)(20.0, 20.0);GATE
Port:(20.0, 34.9)(24.1, 34.9)(24.1, 131.7)(20.0, 131.7);SD
Port:(157.5, 20.0)(157.5, 128.8)(157.2, 128.8)(157.2, 146.6)(25.8, 146.6)(25.8, 20.0);GATE
Port:(145.5, 26.1)(152.4, 26.1)(152.4, 122.7)(145.5, 122.7);SD
Module:M3
Boundary:(296.8, 10.0)(355.2, 10.0)(355.2, 10.3)(369.1, 10.3)(369.1, 161.1)(296.8, 161.1);GATE
Port:(308.8, 157.0)(357.1, 157.0)(357.1, 161.1)(308.8, 161.1);SD
Port:(296.8, 10.0)(355.2, 10.0)(355.2, 10.3)(369.1, 10.3)(369.1, 155.4)(296.8, 155.4);GATE
Port:(302.9, 15.1)(349.1, 15.1)(349.1, 20.2)(302.9, 20.2);SD
Module:M15
Boundary:(157.8, 358.9)(238.0, 358.9)(238.0, 359.3)(254.1, 359.3)(254.1, 453.8)(157.8, 453.8);GATE
Port:(170.1, 449.5)(241.8, 449.5)(241.8, 453.8)(170.1, 453.8);SD
Port:(157.8, 358.9)(238.0, 358.9)(238.0, 359.3)(254.1, 359.3)(254.1, 447.1)(157.8, 447.1);GATE
Port:(163.6, 363.7)(232.2, 363.7)(232.2, 368.5)(163.6, 368.5);SD
Module:M12
Boundary:(151.7, 473.8)(249.4, 473.8)(249.4, 645.5)(151.7, 645.5);GATE
Port:(165.7, 640.1)(235.4, 640.1)(235.4, 645.5)(165.7, 645.5);SD
Port:(151.7, 473.8)(249.4, 473.8)(249.4, 638.4)(151.7, 638.4);GATE
Port:(158.6, 479.7)(242.5, 479.7)(242.5, 485.0)(158.6, 485.0);SD
Module:M8
Boundary:(20.0, 186.6)(127.8, 186.6)(127.8, 392.9)(20.0, 392.9);GATE
Port:(32.2, 388.9)(115.6, 388.9)(115.6, 392.9)(32.2, 392.9);SD
Port:(20.0, 186.6)(127.8, 186.6)(127.8, 386.2)(20.0, 386.2);GATE
Port:(25.4, 191.0)(122.4, 191.0)(122.4, 196.9)(25.4, 196.9);SD
Module:M4
Boundary:(358.4, 392.9)(358.4, 481.0)(284.1, 481.0)(284.1, 392.9);GATE
Port:(284.1, 406.8)(290.0, 406.8)(290.0, 467.1)(284.1, 467.1);SD
Port:(358.4, 392.9)(358.4, 481.0)(292.6, 481.0)(292.6, 392.9);GATE
Port:(347.7, 399.2)(353.1, 399.2)(353.1, 474.7)(347.7, 474.7);SD
