Area:(-30.0, -30.0)(810.7, -30.0)(810.7, 465.8)(-30.0, 465.8)
Rule:GATE(5,5);SD(5,5);GATE_SD(0.5);GATE_ITO(0.5);SD_ITO(0.5)
Module:M14
Boundary:(30.0, 279.9)(154.6, 279.9)(154.6, 403.6)(30.0, 403.6);GATE
Port:(44.8, 398.6)(139.8, 398.6)(139.8, 403.6)(44.8, 403.6);SD
Port:(30.0, 279.9)(154.6, 279.9)(154.6, 396.9)(30.0, 396.9);GATE
Port:(35.5, 284.4)(149.1, 284.4)(149.1, 291.6)(35.5, 291.6);SD
Module:M9
Boundary:(713.8, 10.0)(770.7, 10.0)(770.7, 116.2)(713.8, 116.2);GATE
Port:(725.0, 111.4)(759.5, 111.4)(759.5, 116.2)(725.0, 116.2);SD
Port:(713.8, 10.0)(770.7, 10.0)(770.7, 110.0)(713.8, 110.0);GATE
Port:(719.0, 14.2)(765.5, 14.2)(765.5, 19.0)(719.0, 19.0);SD
Module:M5
Boundary:(565.9, 20.0)(667.4, 20.0)(667.4, 20.6)(683.8, 20.6)(683.8, 165.3)(565.9, 165.3);GATE
Port:(580.6, 160.5)(669.1, 160.5)(669.1, 165.3)(580.6, 165.3);SD
Port:(565.9, 20.0)(667.4, 20.0)(667.4, 20.6)(683.8, 20.6)(683.8, 158.0)(565.9, 158.0);GATE
Port:(572.2, 25.3)(661.1, 25.3)(661.1, 31.9)(572.2, 31.9);SD
Module:M11
Boundary:(464.9, 227.1)(553.6, 227.1)(553.6, 425.8)(464.9, 425.8);GATE
Port:(479.7, 420.7)(538.8, 420.7)(538.8, 425.8)(479.7, 425.8);SD
Port:(464.9, 227.1)(553.6, 227.1)(553.6, 419.7)(464.9, 419.7);GATE
Port:(470.1, 231.3)(548.4, 231.3)(548.4, 238.4)(470.1, 238.4);SD
Module:M1
Boundary:(108.0, 30.0)(175.6, 30.0)(175.6, 219.9)(108.0, 219.9);GATE
Port:(122.3, 215.0)(161.3, 215.0)(161.3, 219.9)(122.3, 219.9);SD
Port:(108.0, 30.0)(175.6, 30.0)(175.6, 212.7)(108.0, 212.7);GATE
Port:(114.2, 35.2)(169.4, 35.2)(169.4, 41.1)(114.2, 41.1);SD
Module:M6
Boundary:(473.9, 122.1)(473.9, 191.2)(473.8, 191.2)(473.8, 207.1)(356.7, 207.1)(356.7, 122.1);GATE
Port:(356.7, 137.2)(362.5, 137.2)(362.5, 192.0)(356.7, 192.0);SD
Port:(473.9, 122.1)(473.9, 191.2)(473.8, 191.2)(473.8, 207.1)(365.3, 207.1)(365.3, 122.1);GATE
Port:(460.8, 129.1)(467.9, 129.1)(467.9, 184.2)(460.8, 184.2);SD
Module:M2
Boundary:(525.9, 20.0)(525.9, 92.1)(366.7, 92.1)(366.7, 20.0);GATE
Port:(366.7, 34.5)(371.0, 34.5)(371.0, 77.6)(366.7, 77.6);SD
Port:(525.9, 20.0)(525.9, 92.1)(373.4, 92.1)(373.4, 20.0);GATE
Port:(514.8, 26.8)(520.1, 26.8)(520.1, 85.3)(514.8, 85.3);SD
Module:M16
Boundary:(643.1, 195.3)(746.9, 195.3)(746.9, 195.6)(764.4, 195.6)(764.4, 270.1)(643.1, 270.1);GATE
Port:(656.8, 264.3)(750.7, 264.3)(750.7, 270.1)(656.8, 270.1);SD
Port:(643.1, 195.3)(746.9, 195.3)(746.9, 195.6)(764.4, 195.6)(764.4, 261.6)(643.1, 261.6);GATE
Port:(648.3, 199.5)(741.7, 199.5)(741.7, 205.8)(648.3, 205.8);SD
Module:M13
Boundary:(10.0, 10.0)(54.7, 10.0)(54.7, 10.2)(68.0, 10.2)(68.0, 215.8)(10.0, 215.8);GATE
Port:(22.6, 209.9)(55.4, 209.9)(55.4, 215.8)(22.6, 215.8);SD
Port:(10.0, 10.0)(54.7, 10.0)(54.7, 10.2)(68.0, 10.2)(68.0, 208.8)(10.0, 208.8);GATE
Port:(15.9, 14.9)(48.8, 14.9)(48.8, 20.8)(15.9, 20.8);SD
Module:M10
Boundary:(289.8, 341.6)(289.8, 386.6)(289.7, 386.6)(289.7, 401.1)(215.6, 401.1)(215.6, 341.6);GATE
Port:(215.6, 353.6)(221.6, 353.6)(221.6, 389.1)(215.6, 389.1);SD
Port:(289.8, 341.6)(289.8, 386.6)(289.7, 386.6)(289.7, 401.1)(223.6, 401.1)(223.6, 341.6);GATE
Port:(279.5, 346.8)(285.6, 346.8)(285.6, 381.4)(279.5, 381.4);SD
Module:M7
Boundary:(434.9, 237.1)(434.9, 324.6)(328.0, 324.6)(328.0, 237.1);GATE
Port:(328.0, 251.5)(333.9, 251.5)(333.9, 310.2)(328.0, 310.2);SD
Port:(434.9, 237.1)(434.9, 324.6)(335.9, 324.6)(335.9, 237.1);GATE
Port:(423.6, 243.3)(429.7, 243.3)(429.7, 318.4)(423.6, 318.4);SD
Module:M3
Boundary:(215.6, 10.0)(319.4, 10.0)(319.4, 10.4)(336.7, 10.4)(336.7, 113.0)(215.6, 113.0);GATE
Port:(229.8, 107.7)(322.5, 107.7)(322.5, 113.0)(229.8, 113.0);SD
Port:(215.6, 10.0)(319.4, 10.0)(319.4, 10.4)(336.7, 10.4)(336.7, 106.1)(215.6, 106.1);GATE
Port:(220.7, 14.1)(314.3, 14.1)(314.3, 20.9)(220.7, 20.9);SD
Module:M15
Boundary:(573.6, 195.3)(623.1, 195.3)(623.1, 267.3)(573.6, 267.3);GATE
Port:(587.4, 262.4)(609.3, 262.4)(609.3, 267.3)(587.4, 267.3);SD
Port:(573.6, 195.3)(623.1, 195.3)(623.1, 259.4)(573.6, 259.4);GATE
Port:(580.5, 201.2)(616.2, 201.2)(616.2, 207.4)(580.5, 207.4);SD
Module:M12
Boundary:(215.6, 133.0)(281.6, 133.0)(281.6, 133.3)(298.0, 133.3)(298.0, 321.6)(215.6, 321.6);GATE
Port:(228.9, 315.8)(284.7, 315.8)(284.7, 321.6)(228.9, 321.6);SD
Port:(215.6, 133.0)(281.6, 133.0)(281.6, 133.3)(298.0, 133.3)(298.0, 314.1)(215.6, 314.1);GATE
Port:(220.7, 137.1)(276.5, 137.1)(276.5, 143.4)(220.7, 143.4);SD
Module:M8
Boundary:(748.7, 300.1)(748.7, 401.3)(748.5, 401.3)(748.5, 417.4)(583.6, 417.4)(583.6, 300.1);GATE
Port:(583.6, 315.1)(589.0, 315.1)(589.0, 402.4)(583.6, 402.4);SD
Port:(748.7, 300.1)(748.7, 401.3)(748.5, 401.3)(748.5, 417.4)(591.2, 417.4)(591.2, 300.1);GATE
Port:(736.3, 306.7)(743.1, 306.7)(743.1, 394.7)(736.3, 394.7);SD
Module:M4
Boundary:(418.0, 364.6)(418.0, 409.0)(328.0, 409.0)(328.0, 364.6);GATE
Port:(328.0, 376.1)(332.4, 376.1)(332.4, 397.5)(328.0, 397.5);SD
Port:(418.0, 364.6)(418.0, 409.0)(334.0, 409.0)(334.0, 364.6);GATE
Port:(408.7, 370.4)(413.2, 370.4)(413.2, 403.2)(408.7, 403.2);SD
