Area:(-30.0, -30.0)(662.5, -30.0)(662.5, 571.1)(-30.0, 571.1)
Rule:GATE(5,5);SD(5,5);GATE_SD(0.5);GATE_ITO(0.5);SD_ITO(0.5)
Module:M14
Boundary:(161.8, 30.0)(161.8, 124.8)(30.0, 124.8)(30.0, 30.0);GATE
Port:(30.0, 40.7)(35.7, 40.7)(35.7, 114.1)(30.0, 114.1);SD
Port:(161.8, 30.0)(161.8, 124.8)(37.8, 124.8)(37.8, 30.0);GATE
Port:(152.8, 35.0)(157.8, 35.0)(157.8, 119.8)(152.8, 119.8);SD
Module:M9
Boundary:(10.0, 311.9)(102.0, 311.9)(102.0, 312.4)(117.6, 312.4)(117.6, 445.2)(10.0, 445.2);GATE
Port:(21.1, 440.2)(106.5, 440.2)(106.5, 445.2)(21.1, 445.2);SD
Port:(10.0, 311.9)(102.0, 311.9)(102.0, 312.4)(117.6, 312.4)(117.6, 438.4)(10.0, 438.4);GATE
Port:(15.2, 316.1)(96.8, 316.1)(96.8, 320.4)(15.2, 320.4);SD
Module:M5
Boundary:(500.7, 132.2)(500.7, 248.4)(333.8, 248.4)(333.8, 132.2);GATE
Port:(333.8, 145.1)(339.2, 145.1)(339.2, 235.5)(333.8, 235.5);SD
Port:(500.7, 132.2)(500.7, 248.4)(342.0, 248.4)(342.0, 132.2);GATE
Port:(491.1, 137.2)(496.7, 137.2)(496.7, 243.4)(491.1, 243.4);SD
Module:M11
Boundary:(529.7, 410.5)(622.5, 410.5)(622.5, 531.1)(529.7, 531.1);GATE
Port:(543.5, 526.6)(608.7, 526.6)(608.7, 531.1)(543.5, 531.1);SD
Port:(529.7, 410.5)(622.5, 410.5)(622.5, 524.3)(529.7, 524.3);GATE
Port:(534.7, 414.5)(617.5, 414.5)(617.5, 420.8)(534.7, 420.8);SD
Module:M1
Boundary:(503.1, 30.0)(503.1, 66.5)(503.0, 66.5)(503.0, 82.2)(343.8, 82.2)(343.8, 30.0);GATE
Port:(343.8, 45.0)(347.9, 45.0)(347.9, 67.2)(343.8, 67.2);SD
Port:(503.1, 30.0)(503.1, 66.5)(503.0, 66.5)(503.0, 82.2)(350.6, 82.2)(350.6, 30.0);GATE
Port:(490.4, 36.5)(497.6, 36.5)(497.6, 60.0)(490.4, 60.0);SD
Module:M6
Boundary:(509.7, 419.3)(509.7, 529.4)(323.8, 529.4)(323.8, 419.3);GATE
Port:(323.8, 433.4)(329.5, 433.4)(329.5, 515.3)(323.8, 515.3);SD
Port:(509.7, 419.3)(509.7, 529.4)(331.5, 529.4)(331.5, 419.3);GATE
Port:(498.9, 425.5)(504.5, 425.5)(504.5, 523.2)(498.9, 523.2);SD
Module:M2
Boundary:(608.7, 302.1)(608.7, 380.5)(517.6, 380.5)(517.6, 302.1);GATE
Port:(517.6, 315.9)(522.4, 315.9)(522.4, 366.7)(517.6, 366.7);SD
Port:(608.7, 302.1)(608.7, 380.5)(525.3, 380.5)(525.3, 302.1);GATE
Port:(596.7, 308.1)(603.7, 308.1)(603.7, 374.5)(596.7, 374.5);SD
Module:M16
Boundary:(543.1, 10.0)(597.8, 10.0)(597.8, 10.3)(616.5, 10.3)(616.5, 192.7)(543.1, 192.7);GATE
Port:(557.4, 188.5)(602.2, 188.5)(602.2, 192.7)(557.4, 192.7);SD
Port:(543.1, 10.0)(597.8, 10.0)(597.8, 10.3)(616.5, 10.3)(616.5, 186.9)(543.1, 186.9);GATE
Port:(549.6, 15.5)(591.3, 15.5)(591.3, 20.8)(549.6, 20.8);SD
Module:M13
Boundary:(302.2, 416.7)(302.2, 526.1)(137.6, 526.1)(137.6, 416.7);GATE
Port:(137.6, 431.2)(142.1, 431.2)(142.1, 511.6)(137.6, 511.6);SD
Port:(302.2, 416.7)(302.2, 526.1)(144.8, 526.1)(144.8, 416.7);GATE
Port:(291.0, 422.1)(297.8, 422.1)(297.8, 520.7)(291.0, 520.7);SD
Module:M10
Boundary:(201.8, 206.7)(279.2, 206.7)(279.2, 206.8)(294.4, 206.8)(294.4, 396.7)(201.8, 396.7);GATE
Port:(213.8, 392.6)(282.4, 392.6)(282.4, 396.7)(213.8, 396.7);SD
Port:(201.8, 206.7)(279.2, 206.7)(279.2, 206.8)(294.4, 206.8)(294.4, 390.8)(201.8, 390.8);GATE
Port:(206.9, 210.8)(274.1, 210.8)(274.1, 216.9)(206.9, 216.9);SD
Module:M7
Boundary:(139.5, 174.8)(139.5, 264.2)(139.3, 264.2)(139.3, 281.9)(20.0, 281.9)(20.0, 174.8);GATE
Port:(20.0, 189.1)(25.5, 189.1)(25.5, 267.6)(20.0, 267.6);SD
Port:(139.5, 174.8)(139.5, 264.2)(139.3, 264.2)(139.3, 281.9)(27.2, 281.9)(27.2, 174.8);GATE
Port:(128.5, 180.7)(134.6, 180.7)(134.6, 258.3)(128.5, 258.3);SD
Module:M3
Boundary:(114.3, 465.2)(114.3, 528.7)(10.0, 528.7)(10.0, 465.2);GATE
Port:(10.0, 479.0)(15.9, 479.0)(15.9, 514.9)(10.0, 514.9);SD
Port:(114.3, 465.2)(114.3, 528.7)(17.1, 528.7)(17.1, 465.2);GATE
Port:(102.4, 472.0)(108.5, 472.0)(108.5, 521.9)(102.4, 521.9);SD
Module:M15
Boundary:(612.1, 212.7)(612.1, 272.1)(530.7, 272.1)(530.7, 212.7);GATE
Port:(530.7, 228.7)(536.4, 228.7)(536.4, 256.1)(530.7, 256.1);SD
Port:(612.1, 212.7)(612.1, 272.1)(538.7, 272.1)(538.7, 212.7);GATE
Port:(599.5, 219.4)(606.4, 219.4)(606.4, 265.4)(599.5, 265.4);SD
Module:M12
Boundary:(296.4, 100.2)(296.4, 173.0)(296.0, 173.0)(296.0, 186.7)(201.8, 186.7)(201.8, 100.2);GATE
Port:(201.8, 112.9)(206.4, 112.9)(206.4, 174.0)(201.8, 174.0);SD
Port:(296.4, 100.2)(296.4, 173.0)(296.0, 173.0)(296.0, 186.7)(209.0, 186.7)(209.0, 100.2);GATE
Port:(285.5, 106.4)(291.2, 106.4)(291.2, 166.8)(285.5, 166.8);SD
Module:M8
Boundary:(477.6, 288.4)(477.6, 389.3)(333.8, 389.3)(333.8, 288.4);GATE
Port:(333.8, 301.0)(339.3, 301.0)(339.3, 376.7)(333.8, 376.7);SD
Port:(477.6, 288.4)(477.6, 389.3)(341.2, 389.3)(341.2, 288.4);GATE
Port:(468.2, 293.4)(473.6, 293.4)(473.6, 384.3)(468.2, 384.3);SD
Module:M4
Boundary:(293.8, 20.0)(293.8, 54.5)(293.6, 54.5)(293.6, 70.2)(211.8, 70.2)(211.8, 20.0);GATE
Port:(211.8, 34.1)(216.1, 34.1)(216.1, 56.1)(211.8, 56.1);SD
Port:(293.8, 20.0)(293.8, 54.5)(293.6, 54.5)(293.6, 70.2)(218.8, 70.2)(218.8, 20.0);GATE
Port:(282.6, 26.6)(288.2, 26.6)(288.2, 47.9)(282.6, 47.9);SD
