Area:(-20.0, -30.0)(1004.1, -30.0)(1004.1, 406.9)(-20.0, 406.9)
Rule:GATE(5,5);SD(5,5);GATE_SD(0.5);GATE_ITO(0.5);SD_ITO(0.5)
Module:M14
Boundary:(388.1, 275.2)(388.1, 338.1)(173.1, 338.1)(173.1, 275.2);GATE
Port:(173.1, 288.5)(178.2, 288.5)(178.2, 324.8)(173.1, 324.8);SD
Port:(388.1, 275.2)(388.1, 338.1)(180.1, 338.1)(180.1, 275.2);GATE
Port:(376.5, 280.8)(383.5, 280.8)(383.5, 332.5)(376.5, 332.5);SD
Module:M9
Boundary:(628.4, 135.0)(628.4, 258.0)(513.0, 258.0)(513.0, 135.0);GATE
Port:(513.0, 150.5)(518.1, 150.5)(518.1, 242.5)(513.0, 242.5);SD
Port:(628.4, 135.0)(628.4, 258.0)(519.5, 258.0)(519.5, 135.0);GATE
Port:(616.1, 141.8)(622.6, 141.8)(622.6, 251.2)(616.1, 251.2);SD
Module:M5
Boundary:(293.5, 20.0)(365.4, 20.0)(365.4, 20.0)(378.9, 20.0)(378.9, 225.2)(293.5, 225.2);GATE
Port:(306.0, 220.7)(366.4, 220.7)(366.4, 225.2)(306.0, 225.2);SD
Port:(293.5, 20.0)(365.4, 20.0)(365.4, 20.0)(378.9, 20.0)(378.9, 218.6)(293.5, 218.6);GATE
Port:(300.5, 26.0)(358.4, 26.0)(358.4, 30.7)(300.5, 30.7);SD
Module:M11
Boundary:(817.8, 10.0)(817.8, 62.1)(817.6, 62.1)(817.6, 78.9)(663.4, 78.9)(663.4, 10.0);GATE
Port:(663.4, 23.9)(667.8, 23.9)(667.8, 65.0)(663.4, 65.0);SD
Port:(817.8, 10.0)(817.8, 62.1)(817.6, 62.1)(817.6, 78.9)(670.6, 78.9)(670.6, 10.0);GATE
Port:(806.2, 15.2)(813.6, 15.2)(813.6, 56.9)(806.2, 56.9);SD
Module:M1
Boundary:(177.1, 30.0)(226.4, 30.0)(226.4, 30.1)(243.5, 30.1)(243.5, 205.4)(177.1, 205.4);GATE
Port:(189.3, 200.1)(231.3, 200.1)(231.3, 205.4)(189.3, 205.4);SD
Port:(177.1, 30.0)(226.4, 30.0)(226.4, 30.1)(243.5, 30.1)(243.5, 198.2)(177.1, 198.2);GATE
Port:(182.2, 34.1)(221.3, 34.1)(221.3, 39.1)(182.2, 39.1);SD
Module:M6
Boundary:(584.9, 280.1)(584.9, 342.4)(584.8, 342.4)(584.8, 357.0)(428.1, 357.0)(428.1, 280.1);GATE
Port:(428.1, 293.6)(433.1, 293.6)(433.1, 343.5)(428.1, 343.5);SD
Port:(584.9, 280.1)(584.9, 342.4)(584.8, 342.4)(584.8, 357.0)(434.8, 357.0)(434.8, 280.1);GATE
Port:(574.1, 286.3)(579.7, 286.3)(579.7, 336.2)(574.1, 336.2);SD
Module:M2
Boundary:(20.0, 127.9)(123.1, 127.9)(123.1, 355.8)(20.0, 355.8);GATE
Port:(33.3, 350.1)(109.8, 350.1)(109.8, 355.8)(33.3, 355.8);SD
Port:(20.0, 127.9)(123.1, 127.9)(123.1, 347.8)(20.0, 347.8);GATE
Port:(26.3, 133.2)(116.8, 133.2)(116.8, 139.6)(26.3, 139.6);SD
Module:M16
Boundary:(428.1, 135.0)(493.0, 135.0)(493.0, 260.1)(428.1, 260.1);GATE
Port:(441.9, 255.1)(479.2, 255.1)(479.2, 260.1)(441.9, 260.1);SD
Port:(428.1, 135.0)(493.0, 135.0)(493.0, 253.1)(428.1, 253.1);GATE
Port:(434.9, 140.8)(486.2, 140.8)(486.2, 146.0)(434.9, 146.0);SD
Module:M13
Boundary:(874.8, 176.1)(940.8, 176.1)(940.8, 176.2)(957.0, 176.2)(957.0, 250.6)(874.8, 250.6);GATE
Port:(888.1, 245.5)(943.7, 245.5)(943.7, 250.6)(888.1, 250.6);SD
Port:(874.8, 176.1)(940.8, 176.1)(940.8, 176.2)(957.0, 176.2)(957.0, 242.7)(874.8, 242.7);GATE
Port:(879.8, 180.1)(935.8, 180.1)(935.8, 186.6)(879.8, 186.6);SD
Module:M10
Boundary:(648.4, 180.2)(723.2, 180.2)(723.2, 180.5)(741.5, 180.5)(741.5, 362.2)(648.4, 362.2);GATE
Port:(664.2, 358.1)(725.7, 358.1)(725.7, 362.2)(664.2, 362.2);SD
Port:(648.4, 180.2)(723.2, 180.2)(723.2, 180.5)(741.5, 180.5)(741.5, 356.8)(648.4, 356.8);GATE
Port:(654.0, 184.8)(717.6, 184.8)(717.6, 192.5)(654.0, 192.5);SD
Module:M7
Boundary:(633.4, 20.0)(633.4, 105.0)(418.9, 105.0)(418.9, 20.0);GATE
Port:(418.9, 31.7)(423.4, 31.7)(423.4, 93.3)(418.9, 93.3);SD
Port:(633.4, 20.0)(633.4, 105.0)(426.0, 105.0)(426.0, 20.0);GATE
Port:(623.4, 25.4)(629.0, 25.4)(629.0, 99.6)(623.4, 99.6);SD
Module:M3
Boundary:(854.8, 180.2)(854.8, 215.5)(854.7, 215.5)(854.7, 232.5)(761.5, 232.5)(761.5, 180.2);GATE
Port:(761.5, 194.0)(767.0, 194.0)(767.0, 218.7)(761.5, 218.7);SD
Port:(854.8, 180.2)(854.8, 215.5)(854.7, 215.5)(854.7, 232.5)(769.1, 232.5)(769.1, 180.2);GATE
Port:(843.5, 186.0)(850.0, 186.0)(850.0, 209.7)(843.5, 209.7);SD
Module:M15
Boundary:(964.1, 270.6)(964.1, 353.2)(963.9, 353.2)(963.9, 366.9)(761.5, 366.9)(761.5, 270.6);GATE
Port:(761.5, 281.3)(766.1, 281.3)(766.1, 356.2)(761.5, 356.2);SD
Port:(964.1, 270.6)(964.1, 353.2)(963.9, 353.2)(963.9, 366.9)(768.2, 366.9)(768.2, 270.6);GATE
Port:(955.3, 275.9)(959.8, 275.9)(959.8, 347.9)(955.3, 347.9);SD
Module:M12
Boundary:(806.8, 98.9)(806.8, 160.2)(663.4, 160.2)(663.4, 98.9);GATE
Port:(663.4, 112.0)(668.9, 112.0)(668.9, 147.1)(663.4, 147.1);SD
Port:(806.8, 98.9)(806.8, 160.2)(671.2, 160.2)(671.2, 98.9);GATE
Port:(795.5, 105.3)(801.4, 105.3)(801.4, 153.8)(795.5, 153.8);SD
Module:M8
Boundary:(127.1, 20.0)(127.1, 87.9)(20.0, 87.9)(20.0, 20.0);GATE
Port:(20.0, 34.9)(24.4, 34.9)(24.4, 73.0)(20.0, 73.0);SD
Port:(127.1, 20.0)(127.1, 87.9)(26.7, 87.9)(26.7, 20.0);GATE
Port:(113.8, 27.0)(121.1, 27.0)(121.1, 80.9)(113.8, 80.9);SD
Module:M4
Boundary:(847.8, 20.0)(941.3, 20.0)(941.3, 20.1)(955.6, 20.1)(955.6, 146.1)(847.8, 146.1);GATE
Port:(862.7, 141.8)(940.7, 141.8)(940.7, 146.1)(862.7, 146.1);SD
Port:(847.8, 20.0)(941.3, 20.0)(941.3, 20.1)(955.6, 20.1)(955.6, 140.4)(847.8, 140.4);GATE
Port:(854.7, 25.9)(934.4, 25.9)(934.4, 33.2)(854.7, 33.2);SD
