Area:(-30.0, -30.0)(860.3, -30.0)(860.3, 504.1)(-30.0, 504.1)
Rule:GATE(5,5);SD(5,5);GATE_SD(0.5);GATE_ITO(0.5);SD_ITO(0.5)
Module:M14
Boundary:(809.2, 298.6)(809.2, 400.2)(808.7, 400.2)(808.7, 416.8)(724.6, 416.8)(724.6, 298.6);GATE
Port:(724.6, 313.0)(728.6, 313.0)(728.6, 402.4)(724.6, 402.4);SD
Port:(809.2, 298.6)(809.2, 400.2)(808.7, 400.2)(808.7, 416.8)(730.3, 416.8)(730.3, 298.6);GATE
Port:(797.9, 304.2)(804.6, 304.2)(804.6, 394.6)(797.9, 394.6);SD
Module:M9
Boundary:(467.7, 334.0)(467.7, 433.1)(467.3, 433.1)(467.3, 449.4)(332.3, 449.4)(332.3, 334.0);GATE
Port:(332.3, 347.9)(337.5, 347.9)(337.5, 435.5)(332.3, 435.5);SD
Port:(467.7, 334.0)(467.7, 433.1)(467.3, 433.1)(467.3, 449.4)(339.7, 449.4)(339.7, 334.0);GATE
Port:(457.2, 339.4)(463.3, 339.4)(463.3, 427.7)(457.2, 427.7);SD
Module:M5
Boundary:(341.0, 222.8)(447.8, 222.8)(447.8, 223.4)(465.3, 223.4)(465.3, 304.0)(341.0, 304.0);GATE
Port:(355.8, 298.6)(450.5, 298.6)(450.5, 304.0)(355.8, 304.0);SD
Port:(341.0, 222.8)(447.8, 222.8)(447.8, 223.4)(465.3, 223.4)(465.3, 297.4)(341.0, 297.4);GATE
Port:(346.4, 227.2)(442.4, 227.2)(442.4, 234.7)(346.4, 234.7);SD
Module:M11
Boundary:(446.4, 10.0)(446.4, 101.9)(331.0, 101.9)(331.0, 10.0);GATE
Port:(331.0, 23.0)(336.4, 23.0)(336.4, 88.9)(331.0, 88.9);SD
Port:(446.4, 10.0)(446.4, 101.9)(338.4, 101.9)(338.4, 10.0);GATE
Port:(435.6, 15.7)(441.7, 15.7)(441.7, 96.2)(435.6, 96.2);SD
Module:M1
Boundary:(706.0, 30.0)(706.0, 96.8)(705.9, 96.8)(705.9, 112.8)(486.4, 112.8)(486.4, 30.0);GATE
Port:(486.4, 43.5)(491.2, 43.5)(491.2, 99.3)(486.4, 99.3);SD
Port:(706.0, 30.0)(706.0, 96.8)(705.9, 96.8)(705.9, 112.8)(492.3, 112.8)(492.3, 30.0);GATE
Port:(694.9, 36.0)(701.0, 36.0)(701.0, 90.8)(694.9, 90.8);SD
Module:M6
Boundary:(10.0, 235.3)(65.3, 235.3)(65.3, 235.4)(83.4, 235.4)(83.4, 350.7)(10.0, 350.7);GATE
Port:(24.9, 344.8)(68.5, 344.8)(68.5, 350.7)(24.9, 350.7);SD
Port:(10.0, 235.3)(65.3, 235.3)(65.3, 235.4)(83.4, 235.4)(83.4, 342.7)(10.0, 342.7);GATE
Port:(16.1, 240.4)(59.2, 240.4)(59.2, 246.8)(16.1, 246.8);SD
Module:M2
Boundary:(290.0, 119.1)(290.0, 204.5)(289.5, 204.5)(289.5, 222.1)(127.0, 222.1)(127.0, 119.1);GATE
Port:(127.0, 131.9)(131.7, 131.9)(131.7, 209.3)(127.0, 209.3);SD
Port:(290.0, 119.1)(290.0, 204.5)(289.5, 204.5)(289.5, 222.1)(134.6, 222.1)(134.6, 119.1);GATE
Port:(280.6, 124.1)(286.0, 124.1)(286.0, 199.5)(280.6, 199.5);SD
Module:M16
Boundary:(10.0, 10.0)(80.0, 10.0)(80.0, 10.1)(97.0, 10.1)(97.0, 215.3)(10.0, 215.3);GATE
Port:(24.8, 209.4)(82.2, 209.4)(82.2, 215.3)(24.8, 215.3);SD
Port:(10.0, 10.0)(80.0, 10.0)(80.0, 10.1)(97.0, 10.1)(97.0, 207.8)(10.0, 207.8);GATE
Port:(16.6, 15.6)(73.4, 15.6)(73.4, 21.7)(16.6, 21.7);SD
Module:M13
Boundary:(312.3, 368.1)(312.3, 448.6)(312.0, 448.6)(312.0, 464.1)(130.7, 464.1)(130.7, 368.1);GATE
Port:(130.7, 381.3)(135.4, 381.3)(135.4, 450.9)(130.7, 450.9);SD
Port:(312.3, 368.1)(312.3, 448.6)(312.0, 448.6)(312.0, 464.1)(137.4, 464.1)(137.4, 368.1);GATE
Port:(301.3, 374.3)(307.1, 374.3)(307.1, 442.4)(301.3, 442.4);SD
Module:M10
Boundary:(437.7, 121.9)(437.7, 179.1)(437.5, 179.1)(437.5, 192.8)(331.0, 192.8)(331.0, 121.9);GATE
Port:(331.0, 133.5)(336.3, 133.5)(336.3, 181.2)(331.0, 181.2);SD
Port:(437.7, 121.9)(437.7, 179.1)(437.5, 179.1)(437.5, 192.8)(338.5, 192.8)(338.5, 121.9);GATE
Port:(428.0, 127.5)(433.1, 127.5)(433.1, 173.5)(428.0, 173.5);SD
Module:M7
Boundary:(100.7, 380.7)(100.7, 439.2)(100.4, 439.2)(100.4, 453.8)(20.0, 453.8)(20.0, 380.7);GATE
Port:(20.0, 391.8)(24.5, 391.8)(24.5, 442.7)(20.0, 442.7);SD
Port:(100.7, 380.7)(100.7, 439.2)(100.4, 439.2)(100.4, 453.8)(26.5, 453.8)(26.5, 380.7);GATE
Port:(91.5, 386.0)(96.4, 386.0)(96.4, 433.9)(91.5, 433.9);SD
Module:M3
Boundary:(311.0, 10.0)(311.0, 89.1)(117.0, 89.1)(117.0, 10.0);GATE
Port:(117.0, 23.2)(122.4, 23.2)(122.4, 75.9)(117.0, 75.9);SD
Port:(311.0, 10.0)(311.0, 89.1)(124.2, 89.1)(124.2, 10.0);GATE
Port:(299.6, 15.4)(306.6, 15.4)(306.6, 83.7)(299.6, 83.7);SD
Module:M15
Boundary:(718.0, 152.8)(718.0, 240.9)(717.6, 240.9)(717.6, 258.6)(495.3, 258.6)(495.3, 152.8);GATE
Port:(495.3, 166.7)(499.4, 166.7)(499.4, 244.7)(495.3, 244.7);SD
Port:(718.0, 152.8)(718.0, 240.9)(717.6, 240.9)(717.6, 258.6)(501.7, 258.6)(501.7, 152.8);GATE
Port:(707.0, 158.7)(713.1, 158.7)(713.1, 235.0)(707.0, 235.0);SD
Module:M12
Boundary:(302.9, 252.1)(302.9, 333.0)(302.9, 333.0)(302.9, 348.1)(103.4, 348.1)(103.4, 252.1);GATE
Port:(103.4, 266.0)(107.5, 266.0)(107.5, 334.2)(103.4, 334.2);SD
Port:(302.9, 252.1)(302.9, 333.0)(302.9, 333.0)(302.9, 348.1)(108.7, 348.1)(108.7, 252.1);GATE
Port:(290.9, 258.7)(297.3, 258.7)(297.3, 326.4)(290.9, 326.4);SD
Module:M8
Boundary:(756.0, 20.0)(820.3, 20.0)(820.3, 226.5)(756.0, 226.5);GATE
Port:(770.7, 222.3)(805.6, 222.3)(805.6, 226.5)(770.7, 226.5);SD
Port:(756.0, 20.0)(820.3, 20.0)(820.3, 220.8)(756.0, 220.8);GATE
Port:(762.8, 25.8)(813.5, 25.8)(813.5, 33.2)(762.8, 33.2);SD
Module:M4
Boundary:(674.6, 288.6)(674.6, 403.1)(505.3, 403.1)(505.3, 288.6);GATE
Port:(505.3, 301.5)(510.7, 301.5)(510.7, 390.2)(505.3, 390.2);SD
Port:(674.6, 288.6)(674.6, 403.1)(513.2, 403.1)(513.2, 288.6);GATE
Port:(664.3, 295.2)(669.0, 295.2)(669.0, 396.5)(664.3, 396.5);SD
