Area:(-30.0, -30.0)(958.1, -30.0)(958.1, 398.7)(-30.0, 398.7)
Rule:GATE(5,5);SD(5,5);GATE_SD(0.5);GATE_ITO(0.5);SD_ITO(0.5)
Module:M14
Boundary:(828.8, 126.9)(896.9, 126.9)(896.9, 331.1)(828.8, 331.1);GATE
Port:(842.9, 325.8)(882.8, 325.8)(882.8, 331.1)(842.9, 331.1);SD
Port:(828.8, 126.9)(896.9, 126.9)(896.9, 324.1)(828.8, 324.1);GATE
Port:(834.1, 131.2)(891.6, 131.2)(891.6, 138.6)(834.1, 138.6);SD
Module:M9
Boundary:(214.7, 140.8)(214.7, 206.1)(10.0, 206.1)(10.0, 140.8);GATE
Port:(10.0, 153.7)(15.3, 153.7)(15.3, 193.2)(10.0, 193.2);SD
Port:(214.7, 140.8)(214.7, 206.1)(18.1, 206.1)(18.1, 140.8);GATE
Port:(203.9, 146.4)(210.1, 146.4)(210.1, 200.5)(203.9, 200.5);SD
Module:M5
Boundary:(289.7, 20.0)(404.1, 20.0)(404.1, 108.2)(289.7, 108.2);GATE
Port:(302.8, 102.4)(391.0, 102.4)(391.0, 108.2)(302.8, 108.2);SD
Port:(289.7, 20.0)(404.1, 20.0)(404.1, 99.7)(289.7, 99.7);GATE
Port:(296.2, 25.5)(397.6, 25.5)(397.6, 30.6)(296.2, 30.6);SD
Module:M11
Boundary:(195.7, 10.0)(244.9, 10.0)(244.9, 10.1)(259.7, 10.1)(259.7, 120.8)(195.7, 120.8);GATE
Port:(209.2, 115.4)(246.2, 115.4)(246.2, 120.8)(209.2, 120.8);SD
Port:(195.7, 10.0)(244.9, 10.0)(244.9, 10.1)(259.7, 10.1)(259.7, 113.0)(195.7, 113.0);GATE
Port:(202.2, 15.5)(238.4, 15.5)(238.4, 21.6)(202.2, 21.6);SD
Module:M1
Boundary:(358.7, 258.4)(358.7, 319.7)(358.6, 319.7)(358.6, 333.8)(188.5, 333.8)(188.5, 258.4);GATE
Port:(188.5, 271.3)(194.2, 271.3)(194.2, 320.9)(188.5, 320.9);SD
Port:(358.7, 258.4)(358.7, 319.7)(358.6, 319.7)(358.6, 333.8)(195.7, 333.8)(195.7, 258.4);GATE
Port:(347.4, 264.4)(353.7, 264.4)(353.7, 313.7)(347.4, 313.7);SD
Module:M6
Boundary:(697.7, 223.6)(788.8, 223.6)(788.8, 358.7)(697.7, 358.7);GATE
Port:(711.2, 353.0)(775.3, 353.0)(775.3, 358.7)(711.2, 358.7);SD
Port:(697.7, 223.6)(788.8, 223.6)(788.8, 350.5)(697.7, 350.5);GATE
Port:(704.2, 229.1)(782.3, 229.1)(782.3, 235.5)(704.2, 235.5);SD
Module:M2
Boundary:(393.6, 150.8)(393.6, 194.0)(393.4, 194.0)(393.4, 208.4)(244.7, 208.4)(244.7, 150.8);GATE
Port:(244.7, 162.0)(250.4, 162.0)(250.4, 197.2)(244.7, 197.2);SD
Port:(393.6, 150.8)(393.6, 194.0)(393.4, 194.0)(393.4, 208.4)(253.2, 208.4)(253.2, 150.8);GATE
Port:(384.8, 156.2)(389.2, 156.2)(389.2, 188.6)(384.8, 188.6);SD
Module:M16
Boundary:(175.7, 10.0)(175.7, 97.4)(175.3, 97.4)(175.3, 114.4)(10.0, 114.4)(10.0, 10.0);GATE
Port:(10.0, 24.5)(14.5, 24.5)(14.5, 99.9)(10.0, 99.9);SD
Port:(175.7, 10.0)(175.7, 97.4)(175.3, 97.4)(175.3, 114.4)(17.4, 114.4)(17.4, 10.0);GATE
Port:(163.7, 16.3)(170.4, 16.3)(170.4, 91.1)(163.7, 91.1);SD
Module:M13
Boundary:(497.9, 238.4)(497.9, 339.7)(398.7, 339.7)(398.7, 238.4);GATE
Port:(398.7, 249.4)(404.1, 249.4)(404.1, 328.7)(398.7, 328.7);SD
Port:(497.9, 238.4)(497.9, 339.7)(405.1, 339.7)(405.1, 238.4);GATE
Port:(489.1, 243.9)(493.4, 243.9)(493.4, 334.2)(489.1, 334.2);SD
Module:M10
Boundary:(918.1, 10.0)(918.1, 72.5)(917.8, 72.5)(917.8, 86.9)(805.2, 86.9)(805.2, 10.0);GATE
Port:(805.2, 23.5)(809.5, 23.5)(809.5, 73.4)(805.2, 73.4);SD
Port:(918.1, 10.0)(918.1, 72.5)(917.8, 72.5)(917.8, 86.9)(811.6, 86.9)(811.6, 10.0);GATE
Port:(906.2, 16.2)(912.9, 16.2)(912.9, 66.3)(906.2, 66.3);SD
Module:M7
Boundary:(640.5, 133.7)(640.5, 204.8)(444.1, 204.8)(444.1, 133.7);GATE
Port:(444.1, 148.0)(449.1, 148.0)(449.1, 190.5)(444.1, 190.5);SD
Port:(640.5, 133.7)(640.5, 204.8)(451.3, 204.8)(451.3, 133.7);GATE
Port:(628.9, 140.0)(635.2, 140.0)(635.2, 198.5)(628.9, 198.5);SD
Module:M3
Boundary:(678.3, 10.0)(785.2, 10.0)(785.2, 110.6)(678.3, 110.6);GATE
Port:(692.4, 104.8)(771.1, 104.8)(771.1, 110.6)(692.4, 110.6);SD
Port:(678.3, 10.0)(785.2, 10.0)(785.2, 103.1)(678.3, 103.1);GATE
Port:(683.4, 14.1)(780.1, 14.1)(780.1, 21.3)(683.4, 21.3);SD
Module:M15
Boundary:(658.3, 10.0)(658.3, 103.7)(434.1, 103.7)(434.1, 10.0);GATE
Port:(434.1, 22.7)(438.2, 22.7)(438.2, 91.0)(434.1, 91.0);SD
Port:(658.3, 10.0)(658.3, 103.7)(440.1, 103.7)(440.1, 10.0);GATE
Port:(647.8, 15.2)(654.1, 15.2)(654.1, 98.5)(647.8, 98.5);SD
Module:M12
Boundary:(670.5, 130.6)(769.8, 130.6)(769.8, 130.9)(786.2, 130.9)(786.2, 203.6)(670.5, 203.6);GATE
Port:(683.6, 198.3)(773.1, 198.3)(773.1, 203.6)(683.6, 203.6);SD
Port:(670.5, 130.6)(769.8, 130.6)(769.8, 130.9)(786.2, 130.9)(786.2, 195.5)(670.5, 195.5);GATE
Port:(676.8, 135.9)(763.5, 135.9)(763.5, 141.4)(676.8, 141.4);SD
Module:M8
Boundary:(20.0, 236.1)(138.5, 236.1)(138.5, 346.1)(20.0, 346.1);GATE
Port:(32.8, 340.5)(125.7, 340.5)(125.7, 346.1)(32.8, 346.1);SD
Port:(20.0, 236.1)(138.5, 236.1)(138.5, 338.4)(20.0, 338.4);GATE
Port:(25.9, 241.0)(132.6, 241.0)(132.6, 246.0)(25.9, 246.0);SD
Module:M4
Boundary:(667.7, 244.8)(667.7, 349.9)(527.9, 349.9)(527.9, 244.8);GATE
Port:(527.9, 258.2)(532.6, 258.2)(532.6, 336.5)(527.9, 336.5);SD
Port:(667.7, 244.8)(667.7, 349.9)(533.8, 349.9)(533.8, 244.8);GATE
Port:(657.4, 251.3)(662.2, 251.3)(662.2, 343.4)(657.4, 343.4);SD
