Area:(-20.0, -30.0)(877.3, -30.0)(877.3, 491.4)(-20.0, 491.4)
Rule:GATE(5,5);SD(5,5);GATE_SD(0.5);GATE_ITO(0.5);SD_ITO(0.5)
Module:M14
Boundary:(194.2, 327.9)(194.2, 393.9)(194.0, 393.9)(194.0, 410.1)(30.0, 410.1)(30.0, 327.9);GATE
Port:(30.0, 340.7)(34.2, 340.7)(34.2, 397.3)(30.0, 397.3);SD
Port:(194.2, 327.9)(194.2, 393.9)(194.0, 393.9)(194.0, 410.1)(35.9, 410.1)(35.9, 327.9);GATE
Port:(183.9, 333.5)(189.6, 333.5)(189.6, 388.3)(183.9, 388.3);SD
Module:M9
Boundary:(473.1, 10.0)(473.1, 117.1)(334.0, 117.1)(334.0, 10.0);GATE
Port:(334.0, 24.7)(338.0, 24.7)(338.0, 102.4)(334.0, 102.4);SD
Port:(473.1, 10.0)(473.1, 117.1)(340.1, 117.1)(340.1, 10.0);GATE
Port:(461.9, 16.8)(467.3, 16.8)(467.3, 110.3)(461.9, 110.3);SD
Module:M5
Boundary:(244.2, 293.8)(328.2, 293.8)(328.2, 293.9)(341.2, 293.9)(341.2, 442.9)(244.2, 442.9);GATE
Port:(257.1, 437.3)(328.3, 437.3)(328.3, 442.9)(257.1, 442.9);SD
Port:(244.2, 293.8)(328.2, 293.8)(328.2, 293.9)(341.2, 293.9)(341.2, 435.7)(244.2, 435.7);GATE
Port:(250.7, 299.3)(321.7, 299.3)(321.7, 305.0)(250.7, 305.0);SD
Module:M11
Boundary:(827.6, 10.0)(827.6, 62.0)(827.6, 62.0)(827.6, 78.1)(637.7, 78.1)(637.7, 10.0);GATE
Port:(637.7, 24.5)(642.5, 24.5)(642.5, 63.6)(637.7, 63.6);SD
Port:(827.6, 10.0)(827.6, 62.0)(827.6, 62.0)(827.6, 78.1)(644.0, 78.1)(644.0, 10.0);GATE
Port:(815.2, 15.7)(822.9, 15.7)(822.9, 56.3)(815.2, 56.3);SD
Module:M1
Boundary:(30.0, 161.8)(92.8, 161.8)(92.8, 267.9)(30.0, 267.9);GATE
Port:(42.3, 262.0)(80.5, 262.0)(80.5, 267.9)(42.3, 267.9);SD
Port:(30.0, 161.8)(92.8, 161.8)(92.8, 259.9)(30.0, 259.9);GATE
Port:(35.9, 166.7)(86.9, 166.7)(86.9, 172.3)(35.9, 172.3);SD
Module:M6
Boundary:(602.6, 253.4)(662.6, 253.4)(662.6, 447.3)(602.6, 447.3);GATE
Port:(614.9, 442.5)(650.3, 442.5)(650.3, 447.3)(614.9, 447.3);SD
Port:(602.6, 253.4)(662.6, 253.4)(662.6, 440.7)(602.6, 440.7);GATE
Port:(608.0, 257.8)(657.2, 257.8)(657.2, 263.7)(608.0, 263.7);SD
Module:M2
Boundary:(692.6, 253.8)(793.6, 253.8)(793.6, 423.1)(692.6, 423.1);GATE
Port:(706.6, 417.6)(779.6, 417.6)(779.6, 423.1)(706.6, 423.1);SD
Port:(692.6, 253.8)(793.6, 253.8)(793.6, 414.8)(692.6, 414.8);GATE
Port:(698.7, 258.9)(787.5, 258.9)(787.5, 265.5)(698.7, 265.5);SD
Module:M16
Boundary:(510.1, 253.4)(582.6, 253.4)(582.6, 440.8)(510.1, 440.8);GATE
Port:(525.8, 436.0)(566.9, 436.0)(566.9, 440.8)(525.8, 440.8);SD
Port:(510.1, 253.4)(582.6, 253.4)(582.6, 434.0)(510.1, 434.0);GATE
Port:(517.0, 259.3)(575.7, 259.3)(575.7, 266.1)(517.0, 266.1);SD
Module:M13
Boundary:(773.5, 98.1)(837.3, 98.1)(837.3, 223.8)(773.5, 223.8);GATE
Port:(786.9, 218.2)(823.9, 218.2)(823.9, 223.8)(786.9, 223.8);SD
Port:(773.5, 98.1)(837.3, 98.1)(837.3, 216.8)(773.5, 216.8);GATE
Port:(780.1, 103.7)(830.7, 103.7)(830.7, 109.3)(780.1, 109.3);SD
Module:M10
Boundary:(371.2, 298.8)(466.2, 298.8)(466.2, 299.1)(482.0, 299.1)(482.0, 451.4)(371.2, 451.4);GATE
Port:(383.2, 446.2)(470.0, 446.2)(470.0, 451.4)(383.2, 451.4);SD
Port:(371.2, 298.8)(466.2, 298.8)(466.2, 299.1)(482.0, 299.1)(482.0, 443.5)(371.2, 443.5);GATE
Port:(376.5, 303.1)(460.9, 303.1)(460.9, 308.7)(376.5, 308.7);SD
Module:M7
Boundary:(331.4, 151.8)(331.4, 237.5)(331.1, 237.5)(331.1, 253.8)(142.8, 253.8)(142.8, 151.8);GATE
Port:(142.8, 167.0)(146.9, 167.0)(146.9, 238.6)(142.8, 238.6);SD
Port:(331.4, 151.8)(331.4, 237.5)(331.1, 237.5)(331.1, 253.8)(149.0, 253.8)(149.0, 151.8);GATE
Port:(318.8, 158.1)(326.1, 158.1)(326.1, 231.2)(318.8, 231.2);SD
Module:M3
Boundary:(510.1, 10.0)(602.2, 10.0)(602.2, 10.3)(617.7, 10.3)(617.7, 233.4)(510.1, 233.4);GATE
Port:(521.5, 227.5)(606.3, 227.5)(606.3, 233.4)(521.5, 233.4);SD
Port:(510.1, 10.0)(602.2, 10.0)(602.2, 10.3)(617.7, 10.3)(617.7, 225.0)(510.1, 225.0);GATE
Port:(515.4, 14.3)(596.9, 14.3)(596.9, 18.9)(515.4, 18.9);SD
Module:M15
Boundary:(682.6, 98.1)(735.6, 98.1)(735.6, 98.2)(753.5, 98.2)(753.5, 171.4)(682.6, 171.4);GATE
Port:(696.5, 165.9)(739.6, 165.9)(739.6, 171.4)(696.5, 171.4);SD
Port:(682.6, 98.1)(735.6, 98.1)(735.6, 98.2)(753.5, 98.2)(753.5, 164.2)(682.6, 164.2);GATE
Port:(688.2, 102.7)(730.0, 102.7)(730.0, 108.7)(688.2, 108.7);SD
Module:M12
Boundary:(314.0, 10.0)(314.0, 112.7)(173.7, 112.7)(173.7, 10.0);GATE
Port:(173.7, 23.4)(179.0, 23.4)(179.0, 99.3)(173.7, 99.3);SD
Port:(314.0, 10.0)(314.0, 112.7)(181.0, 112.7)(181.0, 10.0);GATE
Port:(303.6, 15.3)(309.7, 15.3)(309.7, 107.4)(303.6, 107.4);SD
Module:M8
Boundary:(143.7, 20.0)(143.7, 93.1)(143.4, 93.1)(143.4, 111.8)(20.0, 111.8)(20.0, 20.0);GATE
Port:(20.0, 34.1)(26.0, 34.1)(26.0, 97.7)(20.0, 97.7);SD
Port:(143.7, 20.0)(143.7, 93.1)(143.4, 93.1)(143.4, 111.8)(27.6, 111.8)(27.6, 20.0);GATE
Port:(132.8, 25.1)(139.6, 25.1)(139.6, 88.0)(132.8, 88.0);SD
Module:M4
Boundary:(480.1, 147.1)(480.1, 268.8)(381.2, 268.8)(381.2, 147.1);GATE
Port:(381.2, 160.5)(386.8, 160.5)(386.8, 255.4)(381.2, 255.4);SD
Port:(480.1, 147.1)(480.1, 268.8)(389.4, 268.8)(389.4, 147.1);GATE
Port:(469.2, 153.3)(474.9, 153.3)(474.9, 262.6)(469.2, 262.6);SD
