Area:(-30.0, -30.0)(379.7, -30.0)(379.7, 1044.4)(-30.0, 1044.4)
Rule:GATE(5,5);SD(5,5);GATE_SD(0.5);GATE_ITO(0.5);SD_ITO(0.5)
Module:M14
Boundary:(30.0, 800.9)(135.8, 800.9)(135.8, 1004.0)(30.0, 1004.0);GATE
Port:(43.4, 999.5)(122.4, 999.5)(122.4, 1004.0)(43.4, 1004.0);SD
Port:(30.0, 800.9)(135.8, 800.9)(135.8, 996.5)(30.0, 996.5);GATE
Port:(35.9, 805.8)(129.9, 805.8)(129.9, 812.1)(35.9, 812.1);SD
Module:M9
Boundary:(10.0, 324.2)(70.3, 324.2)(70.3, 324.4)(84.4, 324.4)(84.4, 443.7)(10.0, 443.7);GATE
Port:(22.5, 438.8)(71.9, 438.8)(71.9, 443.7)(22.5, 443.7);SD
Port:(10.0, 324.2)(70.3, 324.2)(70.3, 324.4)(84.4, 324.4)(84.4, 437.1)(10.0, 437.1);GATE
Port:(15.6, 328.8)(64.7, 328.8)(64.7, 334.8)(15.6, 334.8);SD
Module:M5
Boundary:(243.9, 169.8)(326.1, 169.8)(326.1, 304.4)(243.9, 304.4);GATE
Port:(257.0, 299.8)(313.0, 299.8)(313.0, 304.4)(257.0, 304.4);SD
Port:(243.9, 169.8)(326.1, 169.8)(326.1, 297.4)(243.9, 297.4);GATE
Port:(250.3, 175.2)(319.7, 175.2)(319.7, 179.6)(250.3, 179.6);SD
Module:M11
Boundary:(185.9, 711.2)(185.9, 760.9)(10.0, 760.9)(10.0, 711.2);GATE
Port:(10.0, 725.1)(15.8, 725.1)(15.8, 747.0)(10.0, 747.0);SD
Port:(185.9, 711.2)(185.9, 760.9)(18.2, 760.9)(18.2, 711.2);GATE
Port:(173.7, 717.8)(180.3, 717.8)(180.3, 754.3)(173.7, 754.3);SD
Module:M1
Boundary:(195.8, 916.3)(308.2, 916.3)(308.2, 1004.4)(195.8, 1004.4);GATE
Port:(210.2, 999.6)(293.8, 999.6)(293.8, 1004.4)(210.2, 1004.4);SD
Port:(195.8, 916.3)(308.2, 916.3)(308.2, 998.5)(195.8, 998.5);GATE
Port:(202.1, 921.6)(301.9, 921.6)(301.9, 927.4)(202.1, 927.4);SD
Module:M6
Boundary:(10.0, 192.5)(92.9, 192.5)(92.9, 304.2)(10.0, 304.2);GATE
Port:(23.0, 299.6)(79.9, 299.6)(79.9, 304.2)(23.0, 304.2);SD
Port:(10.0, 192.5)(92.9, 192.5)(92.9, 298.4)(10.0, 298.4);GATE
Port:(15.8, 197.3)(87.1, 197.3)(87.1, 203.6)(15.8, 203.6);SD
Module:M2
Boundary:(231.8, 20.0)(304.0, 20.0)(304.0, 20.3)(322.1, 20.3)(322.1, 129.8)(231.8, 129.8);GATE
Port:(246.5, 124.7)(307.4, 124.7)(307.4, 129.8)(246.5, 129.8);SD
Port:(231.8, 20.0)(304.0, 20.0)(304.0, 20.3)(322.1, 20.3)(322.1, 122.5)(231.8, 122.5);GATE
Port:(237.7, 24.9)(298.1, 24.9)(298.1, 31.3)(237.7, 31.3);SD
Module:M16
Boundary:(337.0, 764.3)(337.0, 860.8)(336.5, 860.8)(336.5, 876.3)(205.9, 876.3)(205.9, 764.3);GATE
Port:(205.9, 777.8)(210.0, 777.8)(210.0, 862.8)(205.9, 862.8);SD
Port:(337.0, 764.3)(337.0, 860.8)(336.5, 860.8)(336.5, 876.3)(212.9, 876.3)(212.9, 764.3);GATE
Port:(325.7, 770.7)(331.6, 770.7)(331.6, 854.4)(325.7, 854.4);SD
Module:M13
Boundary:(338.3, 617.1)(338.3, 744.3)(210.8, 744.3)(210.8, 617.1);GATE
Port:(210.8, 631.7)(216.5, 631.7)(216.5, 729.7)(210.8, 729.7);SD
Port:(338.3, 617.1)(338.3, 744.3)(218.2, 744.3)(218.2, 617.1);GATE
Port:(326.9, 623.4)(333.0, 623.4)(333.0, 738.0)(326.9, 738.0);SD
Module:M10
Boundary:(10.0, 10.0)(56.7, 10.0)(56.7, 10.2)(71.4, 10.2)(71.4, 172.5)(10.0, 172.5);GATE
Port:(22.7, 167.5)(58.7, 167.5)(58.7, 172.5)(22.7, 172.5);SD
Port:(10.0, 10.0)(56.7, 10.0)(56.7, 10.2)(71.4, 10.2)(71.4, 165.4)(10.0, 165.4);GATE
Port:(15.5, 14.5)(51.2, 14.5)(51.2, 20.9)(15.5, 20.9);SD
Module:M7
Boundary:(122.9, 200.2)(188.5, 200.2)(188.5, 200.4)(203.9, 200.4)(203.9, 318.0)(122.9, 318.0);GATE
Port:(137.0, 313.3)(189.8, 313.3)(189.8, 318.0)(137.0, 318.0);SD
Port:(122.9, 200.2)(188.5, 200.2)(188.5, 200.4)(203.9, 200.4)(203.9, 311.3)(122.9, 311.3);GATE
Port:(129.4, 205.7)(182.0, 205.7)(182.0, 212.0)(129.4, 212.0);SD
Module:M3
Boundary:(331.7, 348.0)(331.7, 399.7)(104.4, 399.7)(104.4, 348.0);GATE
Port:(104.4, 362.3)(109.3, 362.3)(109.3, 385.4)(104.4, 385.4);SD
Port:(331.7, 348.0)(331.7, 399.7)(110.9, 399.7)(110.9, 348.0);GATE
Port:(319.0, 354.5)(326.2, 354.5)(326.2, 393.2)(319.0, 393.2);SD
Module:M15
Boundary:(220.1, 419.7)(339.7, 419.7)(339.7, 597.1)(220.1, 597.1);GATE
Port:(234.7, 591.7)(325.1, 591.7)(325.1, 597.1)(234.7, 597.1);SD
Port:(220.1, 419.7)(339.7, 419.7)(339.7, 590.7)(220.1, 590.7);GATE
Port:(227.0, 425.6)(332.8, 425.6)(332.8, 431.9)(227.0, 431.9);SD
Module:M12
Boundary:(200.1, 463.7)(200.1, 553.5)(10.0, 553.5)(10.0, 463.7);GATE
Port:(10.0, 478.5)(14.3, 478.5)(14.3, 538.7)(10.0, 538.7);SD
Port:(200.1, 463.7)(200.1, 553.5)(16.0, 553.5)(16.0, 463.7);GATE
Port:(187.6, 470.2)(194.6, 470.2)(194.6, 547.0)(187.6, 547.0);SD
Module:M8
Boundary:(180.8, 583.5)(180.8, 664.9)(180.4, 664.9)(180.4, 681.2)(20.0, 681.2)(20.0, 583.5);GATE
Port:(20.0, 596.3)(24.0, 596.3)(24.0, 668.4)(20.0, 668.4);SD
Port:(180.8, 583.5)(180.8, 664.9)(180.4, 664.9)(180.4, 681.2)(25.7, 681.2)(25.7, 583.5);GATE
Port:(171.1, 589.5)(175.8, 589.5)(175.8, 658.9)(171.1, 658.9);SD
Module:M4
Boundary:(101.4, 20.0)(191.8, 20.0)(191.8, 160.2)(101.4, 160.2);GATE
Port:(116.2, 155.9)(177.0, 155.9)(177.0, 160.2)(116.2, 160.2);SD
Port:(101.4, 20.0)(191.8, 20.0)(191.8, 153.1)(101.4, 153.1);GATE
Port:(107.1, 24.7)(186.1, 24.7)(186.1, 32.0)(107.1, 32.0);SD
