Area:(-30.0, -30.0)(445.5, -30.0)(445.5, 799.3)(-30.0, 799.3)
Rule:GATE(5,5);SD(5,5);GATE_SD(0.5);GATE_ITO(0.5);SD_ITO(0.5)
Module:M14
Boundary:(30.0, 309.6)(134.5, 309.6)(134.5, 473.1)(30.0, 473.1);GATE
Port:(43.0, 469.0)(121.5, 469.0)(121.5, 473.1)(43.0, 473.1);SD
Port:(30.0, 309.6)(134.5, 309.6)(134.5, 468.0)(30.0, 468.0);GATE
Port:(36.0, 314.6)(128.5, 314.6)(128.5, 320.7)(36.0, 320.7);SD
Module:M9
Boundary:(311.2, 241.1)(405.4, 241.1)(405.4, 398.8)(311.2, 398.8);GATE
Port:(323.7, 394.7)(392.9, 394.7)(392.9, 398.8)(323.7, 398.8);SD
Port:(311.2, 241.1)(405.4, 241.1)(405.4, 392.4)(311.2, 392.4);GATE
Port:(316.9, 245.8)(399.7, 245.8)(399.7, 251.2)(316.9, 251.2);SD
Module:M5
Boundary:(301.5, 428.8)(379.1, 428.8)(379.1, 429.1)(394.5, 429.1)(394.5, 554.5)(301.5, 554.5);GATE
Port:(313.2, 548.9)(382.8, 548.9)(382.8, 554.5)(313.2, 554.5);SD
Port:(301.5, 428.8)(379.1, 428.8)(379.1, 429.1)(394.5, 429.1)(394.5, 546.0)(301.5, 546.0);GATE
Port:(306.7, 433.0)(373.9, 433.0)(373.9, 438.9)(306.7, 438.9);SD
Module:M11
Boundary:(334.4, 10.0)(403.5, 10.0)(403.5, 122.8)(334.4, 122.8);GATE
Port:(347.7, 117.5)(390.2, 117.5)(390.2, 122.8)(347.7, 122.8);SD
Port:(334.4, 10.0)(403.5, 10.0)(403.5, 116.2)(334.4, 116.2);GATE
Port:(339.5, 14.1)(398.4, 14.1)(398.4, 20.0)(339.5, 20.0);SD
Module:M1
Boundary:(271.2, 261.1)(271.2, 342.3)(194.5, 342.3)(194.5, 261.1);GATE
Port:(194.5, 273.1)(199.7, 273.1)(199.7, 330.3)(194.5, 330.3);SD
Port:(271.2, 261.1)(271.2, 342.3)(200.8, 342.3)(200.8, 261.1);GATE
Port:(262.4, 266.2)(267.1, 266.2)(267.1, 337.2)(262.4, 337.2);SD
Module:M6
Boundary:(245.1, 10.0)(314.4, 10.0)(314.4, 139.6)(245.1, 139.6);GATE
Port:(256.7, 134.9)(302.8, 134.9)(302.8, 139.6)(256.7, 139.6);SD
Port:(245.1, 10.0)(314.4, 10.0)(314.4, 132.2)(245.1, 132.2);GATE
Port:(251.2, 15.1)(308.3, 15.1)(308.3, 19.8)(251.2, 19.8);SD
Module:M2
Boundary:(261.4, 699.3)(261.4, 743.3)(261.3, 743.3)(261.3, 757.5)(119.2, 757.5)(119.2, 699.3);GATE
Port:(119.2, 710.7)(123.5, 710.7)(123.5, 746.1)(119.2, 746.1);SD
Port:(261.4, 699.3)(261.4, 743.3)(261.3, 743.3)(261.3, 757.5)(125.8, 757.5)(125.8, 699.3);GATE
Port:(251.8, 704.9)(256.8, 704.9)(256.8, 737.7)(251.8, 737.7);SD
Module:M16
Boundary:(10.0, 10.0)(94.3, 10.0)(94.3, 10.1)(111.2, 10.1)(111.2, 153.6)(10.0, 153.6);GATE
Port:(23.7, 149.3)(97.5, 149.3)(97.5, 153.6)(23.7, 153.6);SD
Port:(10.0, 10.0)(94.3, 10.0)(94.3, 10.1)(111.2, 10.1)(111.2, 146.4)(10.0, 146.4);GATE
Port:(15.8, 14.8)(88.5, 14.8)(88.5, 20.7)(15.8, 20.7);SD
Module:M13
Boundary:(166.8, 534.2)(235.0, 534.2)(235.0, 534.5)(251.3, 534.5)(251.3, 669.3)(166.8, 669.3);GATE
Port:(181.0, 664.1)(237.1, 664.1)(237.1, 669.3)(181.0, 669.3);SD
Port:(166.8, 534.2)(235.0, 534.2)(235.0, 534.5)(251.3, 534.5)(251.3, 662.1)(166.8, 662.1);GATE
Port:(173.5, 539.9)(228.3, 539.9)(228.3, 546.2)(173.5, 546.2);SD
Module:M10
Boundary:(291.4, 584.5)(389.2, 584.5)(389.2, 584.6)(405.2, 584.6)(405.2, 759.3)(291.4, 759.3);GATE
Port:(305.1, 755.0)(391.5, 755.0)(391.5, 759.3)(305.1, 759.3);SD
Port:(291.4, 584.5)(389.2, 584.5)(389.2, 584.6)(405.2, 584.6)(405.2, 752.0)(291.4, 752.0);GATE
Port:(297.9, 590.0)(382.7, 590.0)(382.7, 595.3)(297.9, 595.3);SD
Module:M7
Boundary:(184.5, 392.3)(261.5, 392.3)(261.5, 504.2)(184.5, 504.2);GATE
Port:(196.5, 499.0)(249.5, 499.0)(249.5, 504.2)(196.5, 504.2);SD
Port:(184.5, 392.3)(261.5, 392.3)(261.5, 497.0)(184.5, 497.0);GATE
Port:(190.6, 397.4)(255.4, 397.4)(255.4, 401.9)(190.6, 401.9);SD
Module:M3
Boundary:(131.2, 10.0)(210.1, 10.0)(210.1, 10.1)(225.1, 10.1)(225.1, 154.0)(131.2, 154.0);GATE
Port:(144.7, 148.2)(211.6, 148.2)(211.6, 154.0)(144.7, 154.0);SD
Port:(131.2, 10.0)(210.1, 10.0)(210.1, 10.1)(225.1, 10.1)(225.1, 145.6)(131.2, 145.6);GATE
Port:(137.5, 15.3)(203.8, 15.3)(203.8, 21.6)(137.5, 21.6);SD
Module:M15
Boundary:(10.0, 673.3)(73.8, 673.3)(73.8, 673.4)(89.2, 673.4)(89.2, 755.4)(10.0, 755.4);GATE
Port:(22.8, 749.9)(76.4, 749.9)(76.4, 755.4)(22.8, 755.4);SD
Port:(10.0, 673.3)(73.8, 673.3)(73.8, 673.4)(89.2, 673.4)(89.2, 747.0)(10.0, 747.0);GATE
Port:(16.6, 678.9)(67.2, 678.9)(67.2, 683.7)(16.6, 683.7);SD
Module:M12
Boundary:(405.5, 159.6)(405.5, 221.1)(245.1, 221.1)(245.1, 159.6);GATE
Port:(245.1, 171.0)(249.9, 171.0)(249.9, 209.7)(245.1, 209.7);SD
Port:(405.5, 159.6)(405.5, 221.1)(252.3, 221.1)(252.3, 159.6);GATE
Port:(396.4, 164.8)(401.3, 164.8)(401.3, 215.9)(396.4, 215.9);SD
Module:M8
Boundary:(20.0, 184.0)(140.1, 184.0)(140.1, 259.6)(20.0, 259.6);GATE
Port:(34.0, 255.3)(126.1, 255.3)(126.1, 259.6)(34.0, 259.6);SD
Port:(20.0, 184.0)(140.1, 184.0)(140.1, 253.1)(20.0, 253.1);GATE
Port:(25.8, 188.8)(134.3, 188.8)(134.3, 195.8)(25.8, 195.8);SD
Module:M4
Boundary:(20.0, 523.1)(120.4, 523.1)(120.4, 523.3)(136.8, 523.3)(136.8, 643.3)(20.0, 643.3);GATE
Port:(33.8, 639.2)(123.0, 639.2)(123.0, 643.3)(33.8, 643.3);SD
Port:(20.0, 523.1)(120.4, 523.1)(120.4, 523.3)(136.8, 523.3)(136.8, 638.2)(20.0, 638.2);GATE
Port:(25.9, 528.0)(114.5, 528.0)(114.5, 534.3)(25.9, 534.3);SD
