Area:(-30.0, -30.0)(454.5, -30.0)(454.5, 832.9)(-30.0, 832.9)
Rule:GATE(5,5);SD(5,5);GATE_SD(0.5);GATE_ITO(0.5);SD_ITO(0.5)
Module:M14
Boundary:(385.5, 192.0)(385.5, 313.9)(294.4, 313.9)(294.4, 192.0);GATE
Port:(294.4, 206.3)(299.0, 206.3)(299.0, 299.6)(294.4, 299.6);SD
Port:(385.5, 192.0)(385.5, 313.9)(300.8, 313.9)(300.8, 192.0);GATE
Port:(374.2, 198.2)(380.3, 198.2)(380.3, 307.7)(374.2, 307.7);SD
Module:M9
Boundary:(254.4, 127.0)(254.4, 234.3)(135.3, 234.3)(135.3, 127.0);GATE
Port:(135.3, 139.9)(141.0, 139.9)(141.0, 221.4)(135.3, 221.4);SD
Port:(254.4, 127.0)(254.4, 234.3)(142.8, 234.3)(142.8, 127.0);GATE
Port:(243.6, 133.1)(249.3, 133.1)(249.3, 228.2)(243.6, 228.2);SD
Module:M5
Boundary:(20.0, 326.9)(102.3, 326.9)(102.3, 555.1)(20.0, 555.1);GATE
Port:(33.0, 549.3)(89.3, 549.3)(89.3, 555.1)(33.0, 555.1);SD
Port:(20.0, 326.9)(102.3, 326.9)(102.3, 546.4)(20.0, 546.4);GATE
Port:(26.2, 332.1)(96.1, 332.1)(96.1, 338.1)(26.2, 338.1);SD
Module:M11
Boundary:(10.0, 585.1)(112.7, 585.1)(112.7, 791.2)(10.0, 791.2);GATE
Port:(22.9, 786.4)(99.8, 786.4)(99.8, 791.2)(22.9, 791.2);SD
Port:(10.0, 585.1)(112.7, 585.1)(112.7, 785.3)(10.0, 785.3);GATE
Port:(15.1, 589.2)(107.6, 589.2)(107.6, 594.9)(15.1, 594.9);SD
Module:M1
Boundary:(387.8, 373.9)(387.8, 466.1)(387.5, 466.1)(387.5, 480.6)(289.8, 480.6)(289.8, 373.9);GATE
Port:(289.8, 387.2)(294.3, 387.2)(294.3, 467.3)(289.8, 467.3);SD
Port:(387.8, 373.9)(387.8, 466.1)(387.5, 466.1)(387.5, 480.6)(295.9, 480.6)(295.9, 373.9);GATE
Port:(376.2, 380.5)(382.2, 380.5)(382.2, 459.5)(376.2, 459.5);SD
Module:M6
Boundary:(337.9, 520.6)(413.9, 520.6)(413.9, 618.8)(337.9, 618.8);GATE
Port:(350.1, 614.3)(401.7, 614.3)(401.7, 618.8)(350.1, 618.8);SD
Port:(337.9, 520.6)(413.9, 520.6)(413.9, 612.5)(337.9, 612.5);GATE
Port:(343.4, 525.1)(408.4, 525.1)(408.4, 531.1)(343.4, 531.1);SD
Module:M2
Boundary:(145.3, 264.3)(224.0, 264.3)(224.0, 264.6)(239.8, 264.6)(239.8, 418.7)(145.3, 418.7);GATE
Port:(157.0, 413.3)(228.1, 413.3)(228.1, 418.7)(157.0, 418.7);SD
Port:(145.3, 264.3)(224.0, 264.3)(224.0, 264.6)(239.8, 264.6)(239.8, 410.7)(145.3, 410.7);GATE
Port:(151.3, 269.3)(218.0, 269.3)(218.0, 273.8)(151.3, 273.8);SD
Module:M16
Boundary:(10.0, 10.0)(89.0, 10.0)(89.0, 10.0)(105.0, 10.0)(105.0, 103.0)(10.0, 103.0);GATE
Port:(21.6, 98.6)(93.4, 98.6)(93.4, 103.0)(21.6, 103.0);SD
Port:(10.0, 10.0)(89.0, 10.0)(89.0, 10.0)(105.0, 10.0)(105.0, 97.6)(10.0, 97.6);GATE
Port:(15.7, 14.7)(83.3, 14.7)(83.3, 19.0)(15.7, 19.0);SD
Module:M13
Boundary:(305.0, 687.4)(305.0, 775.3)(304.9, 775.3)(304.9, 792.9)(132.7, 792.9)(132.7, 687.4);GATE
Port:(132.7, 701.9)(138.6, 701.9)(138.6, 778.4)(132.7, 778.4);SD
Port:(305.0, 687.4)(305.0, 775.3)(304.9, 775.3)(304.9, 792.9)(141.1, 792.9)(141.1, 687.4);GATE
Port:(294.0, 692.8)(300.6, 692.8)(300.6, 769.9)(294.0, 769.9);SD
Module:M10
Boundary:(132.7, 448.7)(181.8, 448.7)(181.8, 449.0)(198.6, 449.0)(198.6, 602.5)(132.7, 602.5);GATE
Port:(145.8, 597.1)(185.5, 597.1)(185.5, 602.5)(145.8, 602.5);SD
Port:(132.7, 448.7)(181.8, 448.7)(181.8, 449.0)(198.6, 449.0)(198.6, 595.7)(132.7, 595.7);GATE
Port:(137.8, 452.8)(176.7, 452.8)(176.7, 458.7)(137.8, 458.7);SD
Module:M7
Boundary:(20.0, 137.0)(89.1, 137.0)(89.1, 137.1)(105.3, 137.1)(105.3, 286.9)(20.0, 286.9);GATE
Port:(34.8, 282.7)(90.5, 282.7)(90.5, 286.9)(34.8, 286.9);SD
Port:(20.0, 137.0)(89.1, 137.0)(89.1, 137.1)(105.3, 137.1)(105.3, 280.7)(20.0, 280.7);GATE
Port:(26.7, 142.7)(82.4, 142.7)(82.4, 148.9)(26.7, 148.9);SD
Module:M3
Boundary:(310.8, 622.5)(310.8, 667.4)(132.7, 667.4)(132.7, 622.5);GATE
Port:(132.7, 634.3)(137.8, 634.3)(137.8, 655.6)(132.7, 655.6);SD
Port:(310.8, 622.5)(310.8, 667.4)(139.4, 667.4)(139.4, 622.5);GATE
Port:(300.5, 627.9)(306.4, 627.9)(306.4, 662.0)(300.5, 662.0);SD
Module:M15
Boundary:(330.8, 638.8)(397.1, 638.8)(397.1, 639.1)(414.5, 639.1)(414.5, 767.1)(330.8, 767.1);GATE
Port:(342.9, 762.7)(402.4, 762.7)(402.4, 767.1)(342.9, 767.1);SD
Port:(330.8, 638.8)(397.1, 638.8)(397.1, 639.1)(414.5, 639.1)(414.5, 760.0)(330.8, 760.0);GATE
Port:(336.0, 643.0)(391.9, 643.0)(391.9, 647.6)(336.0, 647.6);SD
Module:M12
Boundary:(218.6, 520.6)(301.2, 520.6)(301.2, 521.1)(317.9, 521.1)(317.9, 592.9)(218.6, 592.9);GATE
Port:(231.7, 587.3)(304.8, 587.3)(304.8, 592.9)(231.7, 592.9);SD
Port:(218.6, 520.6)(301.2, 520.6)(301.2, 521.1)(317.9, 521.1)(317.9, 584.6)(218.6, 584.6);GATE
Port:(224.6, 525.6)(295.2, 525.6)(295.2, 530.3)(224.6, 530.3);SD
Module:M8
Boundary:(313.8, 20.0)(400.7, 20.0)(400.7, 142.0)(313.8, 142.0);GATE
Port:(328.1, 136.8)(386.4, 136.8)(386.4, 142.0)(328.1, 142.0);SD
Port:(313.8, 20.0)(400.7, 20.0)(400.7, 134.5)(313.8, 134.5);GATE
Port:(320.1, 25.3)(394.4, 25.3)(394.4, 30.8)(320.1, 30.8);SD
Module:M4
Boundary:(273.8, 20.0)(273.8, 82.2)(273.5, 82.2)(273.5, 97.0)(135.0, 97.0)(135.0, 20.0);GATE
Port:(135.0, 33.1)(140.4, 33.1)(140.4, 83.9)(135.0, 83.9);SD
Port:(273.8, 20.0)(273.8, 82.2)(273.5, 82.2)(273.5, 97.0)(142.7, 97.0)(142.7, 20.0);GATE
Port:(263.4, 26.3)(268.5, 26.3)(268.5, 75.9)(263.4, 75.9);SD
