Area:(-30.0, -30.0)(602.8, -30.0)(602.8, 707.2)(-30.0, 707.2)
Rule:GATE(5,5);SD(5,5);GATE_SD(0.5);GATE_ITO(0.5);SD_ITO(0.5)
Module:M14
Boundary:(330.9, 30.0)(383.6, 30.0)(383.6, 30.1)(399.9, 30.1)(399.9, 219.8)(330.9, 219.8);GATE
Port:(346.0, 214.6)(384.8, 214.6)(384.8, 219.8)(346.0, 219.8);SD
Port:(330.9, 30.0)(383.6, 30.0)(383.6, 30.1)(399.9, 30.1)(399.9, 213.1)(330.9, 213.1);GATE
Port:(337.4, 35.5)(377.1, 35.5)(377.1, 41.9)(337.4, 41.9);SD
Module:M9
Boundary:(562.8, 459.4)(562.8, 520.2)(389.4, 520.2)(389.4, 459.4);GATE
Port:(389.4, 471.3)(394.1, 471.3)(394.1, 508.3)(389.4, 508.3);SD
Port:(562.8, 459.4)(562.8, 520.2)(395.6, 520.2)(395.6, 459.4);GATE
Port:(553.0, 464.5)(558.7, 464.5)(558.7, 515.1)(553.0, 515.1);SD
Module:M5
Boundary:(359.4, 451.2)(359.4, 519.5)(164.4, 519.5)(164.4, 451.2);GATE
Port:(164.4, 465.2)(170.2, 465.2)(170.2, 505.5)(164.4, 505.5);SD
Port:(359.4, 451.2)(359.4, 519.5)(172.2, 519.5)(172.2, 451.2);GATE
Port:(348.2, 456.2)(355.4, 456.2)(355.4, 514.5)(348.2, 514.5);SD
Module:M11
Boundary:(154.7, 274.5)(154.7, 331.8)(154.4, 331.8)(154.4, 345.5)(10.0, 345.5)(10.0, 274.5);GATE
Port:(10.0, 286.4)(15.4, 286.4)(15.4, 333.6)(10.0, 333.6);SD
Port:(154.7, 274.5)(154.7, 331.8)(154.4, 331.8)(154.4, 345.5)(17.8, 345.5)(17.8, 274.5);GATE
Port:(145.1, 279.9)(150.3, 279.9)(150.3, 326.4)(145.1, 326.4);SD
Module:M1
Boundary:(30.0, 30.0)(127.2, 30.0)(127.2, 30.6)(142.8, 30.6)(142.8, 234.5)(30.0, 234.5);GATE
Port:(44.1, 228.7)(128.7, 228.7)(128.7, 234.5)(44.1, 234.5);SD
Port:(30.0, 30.0)(127.2, 30.0)(127.2, 30.6)(142.8, 30.6)(142.8, 225.9)(30.0, 225.9);GATE
Port:(36.9, 35.9)(120.3, 35.9)(120.3, 41.5)(36.9, 41.5);SD
Module:M6
Boundary:(205.3, 603.9)(205.3, 651.8)(205.2, 651.8)(205.2, 667.2)(10.0, 667.2)(10.0, 603.9);GATE
Port:(10.0, 616.7)(14.1, 616.7)(14.1, 654.4)(10.0, 654.4);SD
Port:(205.3, 603.9)(205.3, 651.8)(205.2, 651.8)(205.2, 667.2)(16.1, 667.2)(16.1, 603.9);GATE
Port:(194.8, 609.7)(200.5, 609.7)(200.5, 646.0)(194.8, 646.0);SD
Module:M2
Boundary:(320.9, 269.8)(409.1, 269.8)(409.1, 411.2)(320.9, 411.2);GATE
Port:(332.7, 406.0)(397.3, 406.0)(397.3, 411.2)(332.7, 411.2);SD
Port:(320.9, 269.8)(409.1, 269.8)(409.1, 404.8)(320.9, 404.8);GATE
Port:(326.0, 273.9)(404.0, 273.9)(404.0, 279.9)(326.0, 279.9);SD
Module:M16
Boundary:(284.8, 153.4)(284.8, 244.9)(284.6, 244.9)(284.6, 262.6)(182.8, 262.6)(182.8, 153.4);GATE
Port:(182.8, 168.6)(187.0, 168.6)(187.0, 247.4)(182.8, 247.4);SD
Port:(284.8, 153.4)(284.8, 244.9)(284.6, 244.9)(284.6, 262.6)(189.0, 262.6)(189.0, 153.4);GATE
Port:(272.3, 159.6)(279.6, 159.6)(279.6, 238.7)(272.3, 238.7);SD
Module:M13
Boundary:(469.6, 540.2)(541.4, 540.2)(541.4, 649.8)(469.6, 649.8);GATE
Port:(484.9, 644.5)(526.1, 644.5)(526.1, 649.8)(484.9, 649.8);SD
Port:(469.6, 540.2)(541.4, 540.2)(541.4, 642.6)(469.6, 642.6);GATE
Port:(476.4, 546.0)(534.6, 546.0)(534.6, 553.2)(476.4, 553.2);SD
Module:M10
Boundary:(559.0, 260.0)(559.0, 311.2)(439.1, 311.2)(439.1, 260.0);GATE
Port:(439.1, 273.2)(443.7, 273.2)(443.7, 298.0)(439.1, 298.0);SD
Port:(559.0, 260.0)(559.0, 311.2)(445.8, 311.2)(445.8, 260.0);GATE
Port:(548.9, 265.1)(554.9, 265.1)(554.9, 306.1)(548.9, 306.1);SD
Module:M7
Boundary:(20.0, 375.5)(124.4, 375.5)(124.4, 573.9)(20.0, 573.9);GATE
Port:(34.3, 569.0)(110.1, 569.0)(110.1, 573.9)(34.3, 573.9);SD
Port:(20.0, 375.5)(124.4, 375.5)(124.4, 566.6)(20.0, 566.6);GATE
Port:(25.5, 380.0)(118.9, 380.0)(118.9, 386.4)(25.5, 386.4);SD
Module:M3
Boundary:(290.9, 10.0)(290.9, 115.8)(290.6, 115.8)(290.6, 133.4)(182.8, 133.4)(182.8, 10.0);GATE
Port:(182.8, 23.8)(188.0, 23.8)(188.0, 119.6)(182.8, 119.6);SD
Port:(290.9, 10.0)(290.9, 115.8)(290.6, 115.8)(290.6, 133.4)(190.4, 133.4)(190.4, 10.0);GATE
Port:(280.1, 16.1)(285.8, 16.1)(285.8, 109.7)(280.1, 109.7);SD
Module:M15
Boundary:(552.9, 331.2)(552.9, 439.4)(439.1, 439.4)(439.1, 331.2);GATE
Port:(439.1, 345.8)(445.0, 345.8)(445.0, 424.8)(439.1, 424.8);SD
Port:(552.9, 331.2)(552.9, 439.4)(446.4, 439.4)(446.4, 331.2);GATE
Port:(540.4, 337.9)(547.2, 337.9)(547.2, 432.7)(540.4, 432.7);SD
Module:M12
Boundary:(439.9, 10.0)(554.5, 10.0)(554.5, 240.0)(439.9, 240.0);GATE
Port:(454.0, 235.2)(540.4, 235.2)(540.4, 240.0)(454.0, 240.0);SD
Port:(439.9, 10.0)(554.5, 10.0)(554.5, 232.2)(439.9, 232.2);GATE
Port:(446.6, 15.7)(547.8, 15.7)(547.8, 22.0)(446.6, 22.0);SD
Module:M8
Boundary:(439.6, 559.5)(439.6, 646.3)(439.6, 646.3)(439.6, 663.4)(235.3, 663.4)(235.3, 559.5);GATE
Port:(235.3, 573.5)(240.5, 573.5)(240.5, 649.4)(235.3, 649.4);SD
Port:(439.6, 559.5)(439.6, 646.3)(439.6, 646.3)(439.6, 663.4)(241.9, 663.4)(241.9, 559.5);GATE
Port:(428.1, 566.4)(433.7, 566.4)(433.7, 639.4)(428.1, 639.4);SD
Module:M4
Boundary:(184.7, 292.6)(273.0, 292.6)(273.0, 403.7)(184.7, 403.7);GATE
Port:(199.1, 398.3)(258.6, 398.3)(258.6, 403.7)(199.1, 403.7);SD
Port:(184.7, 292.6)(273.0, 292.6)(273.0, 397.1)(184.7, 397.1);GATE
Port:(191.1, 298.0)(266.6, 298.0)(266.6, 303.8)(191.1, 303.8);SD
