Area:(-30.0, -30.0)(440.0, -30.0)(440.0, 913.8)(-30.0, 913.8)
Rule:GATE(5,5);SD(5,5);GATE_SD(0.5);GATE_ITO(0.5);SD_ITO(0.5)
Module:M14
Boundary:(30.0, 148.7)(90.9, 148.7)(90.9, 148.9)(104.9, 148.9)(104.9, 302.8)(30.0, 302.8);GATE
Port:(43.2, 298.6)(91.7, 298.6)(91.7, 302.8)(43.2, 302.8);SD
Port:(30.0, 148.7)(90.9, 148.7)(90.9, 148.9)(104.9, 148.9)(104.9, 296.8)(30.0, 296.8);GATE
Port:(35.6, 153.3)(85.3, 153.3)(85.3, 160.4)(35.6, 160.4);SD
Module:M9
Boundary:(190.7, 791.4)(190.7, 858.5)(190.6, 858.5)(190.6, 873.8)(10.0, 873.8)(10.0, 791.4);GATE
Port:(10.0, 806.1)(15.1, 806.1)(15.1, 859.1)(10.0, 859.1);SD
Port:(190.7, 791.4)(190.7, 858.5)(190.6, 858.5)(190.6, 873.8)(16.8, 873.8)(16.8, 791.4);GATE
Port:(177.9, 797.8)(185.3, 797.8)(185.3, 852.1)(177.9, 852.1);SD
Module:M5
Boundary:(20.0, 352.8)(101.5, 352.8)(101.5, 495.5)(20.0, 495.5);GATE
Port:(34.3, 490.7)(87.2, 490.7)(87.2, 495.5)(34.3, 495.5);SD
Port:(20.0, 352.8)(101.5, 352.8)(101.5, 489.5)(20.0, 489.5);GATE
Port:(26.9, 358.7)(94.6, 358.7)(94.6, 364.7)(26.9, 364.7);SD
Module:M11
Boundary:(206.6, 525.5)(206.6, 569.9)(206.4, 569.9)(206.4, 583.1)(10.0, 583.1)(10.0, 525.5);GATE
Port:(10.0, 538.0)(14.8, 538.0)(14.8, 570.6)(10.0, 570.6);SD
Port:(206.6, 525.5)(206.6, 569.9)(206.4, 569.9)(206.4, 583.1)(17.3, 583.1)(17.3, 525.5);GATE
Port:(195.8, 531.8)(201.3, 531.8)(201.3, 563.6)(195.8, 563.6);SD
Module:M1
Boundary:(144.4, 30.0)(144.4, 74.3)(144.3, 74.3)(144.3, 88.7)(30.0, 88.7)(30.0, 30.0);GATE
Port:(30.0, 41.4)(34.2, 41.4)(34.2, 77.3)(30.0, 77.3);SD
Port:(144.4, 30.0)(144.4, 74.3)(144.3, 74.3)(144.3, 88.7)(37.1, 88.7)(37.1, 30.0);GATE
Port:(134.9, 35.5)(139.9, 35.5)(139.9, 68.8)(134.9, 68.8);SD
Module:M6
Boundary:(128.9, 603.1)(128.9, 653.0)(128.8, 653.0)(128.8, 668.3)(10.0, 668.3)(10.0, 603.1);GATE
Port:(10.0, 616.8)(15.6, 616.8)(15.6, 654.6)(10.0, 654.6);SD
Port:(128.9, 603.1)(128.9, 653.0)(128.8, 653.0)(128.8, 668.3)(17.6, 668.3)(17.6, 603.1);GATE
Port:(117.3, 609.5)(123.5, 609.5)(123.5, 646.6)(117.3, 646.6);SD
Module:M2
Boundary:(277.0, 366.6)(386.1, 366.6)(386.1, 483.1)(277.0, 483.1);GATE
Port:(290.9, 478.3)(372.2, 478.3)(372.2, 483.1)(290.9, 483.1);SD
Port:(277.0, 366.6)(386.1, 366.6)(386.1, 476.5)(277.0, 476.5);GATE
Port:(282.7, 371.3)(380.4, 371.3)(380.4, 378.5)(282.7, 378.5);SD
Module:M16
Boundary:(389.2, 766.2)(389.2, 866.3)(210.7, 866.3)(210.7, 766.2);GATE
Port:(210.7, 779.1)(215.4, 779.1)(215.4, 853.4)(210.7, 853.4);SD
Port:(389.2, 766.2)(389.2, 866.3)(217.4, 866.3)(217.4, 766.2);GATE
Port:(379.2, 771.4)(385.0, 771.4)(385.0, 861.1)(379.2, 861.1);SD
Module:M13
Boundary:(376.2, 643.4)(376.2, 729.6)(375.6, 729.6)(375.6, 746.2)(175.3, 746.2)(175.3, 643.4);GATE
Port:(175.3, 658.3)(179.4, 658.3)(179.4, 731.3)(175.3, 731.3);SD
Port:(376.2, 643.4)(376.2, 729.6)(375.6, 729.6)(375.6, 746.2)(181.5, 746.2)(181.5, 643.4);GATE
Port:(364.5, 650.2)(370.4, 650.2)(370.4, 722.8)(364.5, 722.8);SD
Module:M10
Boundary:(304.5, 142.2)(400.0, 142.2)(400.0, 336.6)(304.5, 336.6);GATE
Port:(317.7, 330.6)(386.8, 330.6)(386.8, 336.6)(317.7, 336.6);SD
Port:(304.5, 142.2)(400.0, 142.2)(400.0, 328.0)(304.5, 328.0);GATE
Port:(311.0, 147.7)(393.5, 147.7)(393.5, 153.9)(311.0, 153.9);SD
Module:M7
Boundary:(154.9, 147.4)(257.5, 147.4)(257.5, 148.0)(274.5, 148.0)(274.5, 271.2)(154.9, 271.2);GATE
Port:(169.0, 265.4)(260.4, 265.4)(260.4, 271.2)(169.0, 271.2);SD
Port:(154.9, 147.4)(257.5, 147.4)(257.5, 148.0)(274.5, 148.0)(274.5, 264.1)(154.9, 264.1);GATE
Port:(161.0, 152.5)(251.4, 152.5)(251.4, 158.0)(161.0, 158.0);SD
Module:M3
Boundary:(317.7, 10.0)(376.6, 10.0)(376.6, 122.2)(317.7, 122.2);GATE
Port:(329.8, 116.9)(364.5, 116.9)(364.5, 122.2)(329.8, 122.2);SD
Port:(317.7, 10.0)(376.6, 10.0)(376.6, 115.1)(317.7, 115.1);GATE
Port:(323.3, 14.6)(371.0, 14.6)(371.0, 20.2)(323.3, 20.2);SD
Module:M15
Boundary:(388.4, 519.8)(388.4, 606.6)(388.1, 606.6)(388.1, 623.4)(226.6, 623.4)(226.6, 519.8);GATE
Port:(226.6, 534.1)(232.4, 534.1)(232.4, 609.1)(226.6, 609.1);SD
Port:(388.4, 519.8)(388.4, 606.6)(388.1, 606.6)(388.1, 623.4)(234.3, 623.4)(234.3, 519.8);GATE
Port:(376.7, 526.0)(383.2, 526.0)(383.2, 600.4)(376.7, 600.4);SD
Module:M12
Boundary:(155.3, 688.3)(155.3, 755.2)(155.1, 755.2)(155.1, 771.4)(10.0, 771.4)(10.0, 688.3);GATE
Port:(10.0, 701.7)(14.5, 701.7)(14.5, 758.0)(10.0, 758.0);SD
Port:(155.3, 688.3)(155.3, 755.2)(155.1, 755.2)(155.1, 771.4)(16.3, 771.4)(16.3, 688.3);GATE
Port:(144.1, 693.7)(150.9, 693.7)(150.9, 749.8)(144.1, 749.8);SD
Module:M8
Boundary:(154.9, 311.2)(220.2, 311.2)(220.2, 311.4)(237.0, 311.4)(237.0, 489.8)(154.9, 489.8);GATE
Port:(167.3, 485.0)(224.6, 485.0)(224.6, 489.8)(167.3, 489.8);SD
Port:(154.9, 311.2)(220.2, 311.2)(220.2, 311.4)(237.0, 311.4)(237.0, 483.2)(154.9, 483.2);GATE
Port:(160.7, 316.0)(214.4, 316.0)(214.4, 320.3)(160.7, 320.3);SD
Module:M4
Boundary:(287.7, 20.0)(287.7, 90.1)(287.7, 90.1)(287.7, 107.4)(194.4, 107.4)(194.4, 20.0);GATE
Port:(194.4, 33.9)(198.9, 33.9)(198.9, 93.5)(194.4, 93.5);SD
Port:(287.7, 20.0)(287.7, 90.1)(287.7, 90.1)(287.7, 107.4)(200.8, 107.4)(200.8, 20.0);GATE
Port:(276.5, 25.6)(283.1, 25.6)(283.1, 84.5)(276.5, 84.5);SD
