Area:(-30.0, -30.0)(835.6, -30.0)(835.6, 390.5)(-30.0, 390.5)
Rule:GATE(5,5);SD(5,5);GATE_SD(0.5);GATE_ITO(0.5);SD_ITO(0.5)
Module:M14
Boundary:(549.3, 180.9)(549.3, 212.0)(549.3, 212.0)(549.3, 226.5)(415.0, 226.5)(415.0, 180.9);GATE
Port:(415.0, 192.7)(419.1, 192.7)(419.1, 214.7)(415.0, 214.7);SD
Port:(549.3, 180.9)(549.3, 212.0)(549.3, 212.0)(549.3, 226.5)(420.6, 226.5)(420.6, 180.9);GATE
Port:(539.0, 186.6)(544.6, 186.6)(544.6, 206.3)(539.0, 206.3);SD
Module:M9
Boundary:(721.1, 96.4)(721.1, 144.2)(721.0, 144.2)(721.0, 160.4)(589.3, 160.4)(589.3, 96.4);GATE
Port:(589.3, 109.0)(593.9, 109.0)(593.9, 147.8)(589.3, 147.8);SD
Port:(721.1, 96.4)(721.1, 144.2)(721.0, 144.2)(721.0, 160.4)(596.6, 160.4)(596.6, 96.4);GATE
Port:(711.8, 101.6)(716.9, 101.6)(716.9, 139.0)(711.8, 139.0);SD
Module:M5
Boundary:(191.3, 284.0)(191.3, 350.5)(20.0, 350.5)(20.0, 284.0);GATE
Port:(20.0, 294.3)(24.2, 294.3)(24.2, 340.2)(20.0, 340.2);SD
Port:(191.3, 284.0)(191.3, 350.5)(27.0, 350.5)(27.0, 284.0);GATE
Port:(182.5, 289.3)(187.0, 289.3)(187.0, 345.2)(182.5, 345.2);SD
Module:M11
Boundary:(88.7, 143.9)(88.7, 254.0)(10.0, 254.0)(10.0, 143.9);GATE
Port:(10.0, 157.3)(14.2, 157.3)(14.2, 240.6)(10.0, 240.6);SD
Port:(88.7, 143.9)(88.7, 254.0)(15.4, 254.0)(15.4, 143.9);GATE
Port:(78.8, 149.2)(84.4, 149.2)(84.4, 248.7)(78.8, 248.7);SD
Module:M1
Boundary:(339.1, 30.0)(339.1, 131.9)(171.0, 131.9)(171.0, 30.0);GATE
Port:(171.0, 43.9)(175.1, 43.9)(175.1, 118.0)(171.0, 118.0);SD
Port:(339.1, 30.0)(339.1, 131.9)(176.2, 131.9)(176.2, 30.0);GATE
Port:(328.3, 36.0)(334.1, 36.0)(334.1, 125.9)(328.3, 125.9);SD
Module:M6
Boundary:(108.7, 171.9)(195.8, 171.9)(195.8, 252.2)(108.7, 252.2);GATE
Port:(122.3, 247.5)(182.2, 247.5)(182.2, 252.2)(122.3, 252.2);SD
Port:(108.7, 171.9)(195.8, 171.9)(195.8, 246.3)(108.7, 246.3);GATE
Port:(113.8, 176.0)(190.7, 176.0)(190.7, 182.5)(113.8, 182.5);SD
Module:M2
Boundary:(749.7, 277.4)(749.7, 345.8)(560.8, 345.8)(560.8, 277.4);GATE
Port:(560.8, 292.3)(565.5, 292.3)(565.5, 330.9)(560.8, 330.9);SD
Port:(749.7, 277.4)(749.7, 345.8)(568.4, 345.8)(568.4, 277.4);GATE
Port:(738.1, 284.1)(744.0, 284.1)(744.0, 339.1)(738.1, 339.1);SD
Module:M16
Boundary:(375.0, 171.9)(375.0, 232.8)(221.3, 232.8)(221.3, 171.9);GATE
Port:(221.3, 184.3)(225.8, 184.3)(225.8, 220.4)(221.3, 220.4);SD
Port:(375.0, 171.9)(375.0, 232.8)(227.3, 232.8)(227.3, 171.9);GATE
Port:(365.3, 177.7)(370.2, 177.7)(370.2, 227.0)(365.3, 227.0);SD
Module:M13
Boundary:(795.6, 180.4)(795.6, 247.4)(589.3, 247.4)(589.3, 180.4);GATE
Port:(589.3, 194.6)(594.7, 194.6)(594.7, 233.2)(589.3, 233.2);SD
Port:(795.6, 180.4)(795.6, 247.4)(597.3, 247.4)(597.3, 180.4);GATE
Port:(783.8, 186.6)(790.4, 186.6)(790.4, 241.2)(783.8, 241.2);SD
Module:M10
Boundary:(569.1, 92.6)(569.1, 140.9)(379.1, 140.9)(379.1, 92.6);GATE
Port:(379.1, 105.6)(383.3, 105.6)(383.3, 127.9)(379.1, 127.9);SD
Port:(569.1, 92.6)(569.1, 140.9)(385.8, 140.9)(385.8, 92.6);GATE
Port:(558.3, 99.0)(563.7, 99.0)(563.7, 134.5)(558.3, 134.5);SD
Module:M7
Boundary:(20.0, 20.0)(104.6, 20.0)(104.6, 20.3)(121.0, 20.3)(121.0, 113.9)(20.0, 113.9);GATE
Port:(34.1, 108.1)(106.9, 108.1)(106.9, 113.9)(34.1, 113.9);SD
Port:(20.0, 20.0)(104.6, 20.0)(104.6, 20.3)(121.0, 20.3)(121.0, 105.4)(20.0, 105.4);GATE
Port:(25.2, 24.2)(99.4, 24.2)(99.4, 31.9)(25.2, 31.9);SD
Module:M3
Boundary:(596.3, 10.0)(596.3, 72.6)(379.1, 72.6)(379.1, 10.0);GATE
Port:(379.1, 23.3)(384.1, 23.3)(384.1, 59.3)(379.1, 59.3);SD
Port:(596.3, 10.0)(596.3, 72.6)(386.7, 72.6)(386.7, 10.0);GATE
Port:(585.2, 16.0)(591.3, 16.0)(591.3, 66.6)(585.2, 66.6);SD
Module:M15
Boundary:(741.1, 10.0)(782.4, 10.0)(782.4, 119.4)(741.1, 119.4);GATE
Port:(752.4, 113.6)(771.1, 113.6)(771.1, 119.4)(752.4, 119.4);SD
Port:(741.1, 10.0)(782.4, 10.0)(782.4, 112.2)(741.1, 112.2);GATE
Port:(746.9, 14.8)(776.6, 14.8)(776.6, 19.7)(746.9, 19.7);SD
Module:M12
Boundary:(710.9, 10.0)(710.9, 60.9)(710.7, 60.9)(710.7, 76.4)(616.3, 76.4)(616.3, 10.0);GATE
Port:(616.3, 24.0)(620.7, 24.0)(620.7, 62.4)(616.3, 62.4);SD
Port:(710.9, 10.0)(710.9, 60.9)(710.7, 60.9)(710.7, 76.4)(623.4, 76.4)(623.4, 10.0);GATE
Port:(698.7, 16.6)(705.3, 16.6)(705.3, 54.3)(698.7, 54.3);SD
Module:M8
Boundary:(520.8, 276.5)(520.8, 350.4)(370.8, 350.4)(370.8, 276.5);GATE
Port:(370.8, 292.5)(375.1, 292.5)(375.1, 334.4)(370.8, 334.4);SD
Port:(520.8, 276.5)(520.8, 350.4)(377.5, 350.4)(377.5, 276.5);GATE
Port:(507.9, 283.2)(515.1, 283.2)(515.1, 343.7)(507.9, 343.7);SD
Module:M4
Boundary:(231.3, 262.8)(314.7, 262.8)(314.7, 263.3)(330.8, 263.3)(330.8, 341.6)(231.3, 341.6);GATE
Port:(245.2, 336.0)(316.9, 336.0)(316.9, 341.6)(245.2, 341.6);SD
Port:(231.3, 262.8)(314.7, 262.8)(314.7, 263.3)(330.8, 263.3)(330.8, 334.0)(231.3, 334.0);GATE
Port:(237.1, 267.6)(308.9, 267.6)(308.9, 274.1)(237.1, 274.1);SD
