Area:(-30.0, -30.0)(459.7, -30.0)(459.7, 905.6)(-30.0, 905.6)
Rule:GATE(5,5);SD(5,5);GATE_SD(0.5);GATE_ITO(0.5);SD_ITO(0.5)
Module:M14
Boundary:(398.3, 778.1)(398.3, 836.2)(219.5, 836.2)(219.5, 778.1);GATE
Port:(219.5, 790.8)(223.7, 790.8)(223.7, 823.5)(219.5, 823.5);SD
Port:(398.3, 778.1)(398.3, 836.2)(226.3, 836.2)(226.3, 778.1);GATE
Port:(387.1, 784.4)(393.0, 784.4)(393.0, 829.9)(387.1, 829.9);SD
Module:M9
Boundary:(179.5, 773.3)(179.5, 865.6)(10.0, 865.6)(10.0, 773.3);GATE
Port:(10.0, 786.7)(15.0, 786.7)(15.0, 852.2)(10.0, 852.2);SD
Port:(179.5, 773.3)(179.5, 865.6)(17.4, 865.6)(17.4, 773.3);GATE
Port:(168.1, 779.0)(174.8, 779.0)(174.8, 859.9)(168.1, 859.9);SD
Module:M5
Boundary:(310.3, 457.2)(410.4, 457.2)(410.4, 622.5)(310.3, 622.5);GATE
Port:(324.8, 617.4)(395.9, 617.4)(395.9, 622.5)(324.8, 622.5);SD
Port:(310.3, 457.2)(410.4, 457.2)(410.4, 614.7)(310.3, 614.7);GATE
Port:(316.4, 462.3)(404.3, 462.3)(404.3, 469.2)(316.4, 469.2);SD
Module:M11
Boundary:(181.3, 245.8)(265.2, 245.8)(265.2, 245.9)(281.3, 245.9)(281.3, 387.5)(181.3, 387.5);GATE
Port:(196.0, 383.1)(266.6, 383.1)(266.6, 387.5)(196.0, 387.5);SD
Port:(181.3, 245.8)(265.2, 245.8)(265.2, 245.9)(281.3, 245.9)(281.3, 380.2)(181.3, 380.2);GATE
Port:(187.5, 251.0)(259.0, 251.0)(259.0, 257.5)(187.5, 257.5);SD
Module:M1
Boundary:(30.0, 30.0)(98.2, 30.0)(98.2, 250.0)(30.0, 250.0);GATE
Port:(44.4, 246.0)(83.8, 246.0)(83.8, 250.0)(44.4, 250.0);SD
Port:(30.0, 30.0)(98.2, 30.0)(98.2, 243.2)(30.0, 243.2);GATE
Port:(36.7, 35.7)(91.5, 35.7)(91.5, 41.6)(36.7, 41.6);SD
Module:M6
Boundary:(386.6, 652.5)(386.6, 738.1)(186.4, 738.1)(186.4, 652.5);GATE
Port:(186.4, 665.0)(190.8, 665.0)(190.8, 725.6)(186.4, 725.6);SD
Port:(386.6, 652.5)(386.6, 738.1)(192.6, 738.1)(192.6, 652.5);GATE
Port:(375.7, 658.8)(381.3, 658.8)(381.3, 731.8)(375.7, 731.8);SD
Module:M2
Boundary:(156.4, 660.6)(156.4, 726.6)(156.3, 726.6)(156.3, 743.3)(20.0, 743.3)(20.0, 660.6);GATE
Port:(20.0, 673.1)(25.1, 673.1)(25.1, 730.8)(20.0, 730.8);SD
Port:(156.4, 660.6)(156.4, 726.6)(156.3, 726.6)(156.3, 743.3)(26.7, 743.3)(26.7, 660.6);GATE
Port:(146.5, 666.4)(151.6, 666.4)(151.6, 720.8)(146.5, 720.8);SD
Module:M16
Boundary:(161.3, 290.0)(161.3, 371.4)(161.0, 371.4)(161.0, 387.1)(10.0, 387.1)(10.0, 290.0);GATE
Port:(10.0, 303.6)(14.6, 303.6)(14.6, 373.5)(10.0, 373.5);SD
Port:(161.3, 290.0)(161.3, 371.4)(161.0, 371.4)(161.0, 387.1)(15.9, 387.1)(15.9, 290.0);GATE
Port:(149.5, 296.0)(156.3, 296.0)(156.3, 365.4)(149.5, 365.4);SD
Module:M13
Boundary:(280.3, 407.5)(280.3, 504.1)(161.4, 504.1)(161.4, 407.5);GATE
Port:(161.4, 421.3)(165.8, 421.3)(165.8, 490.3)(161.4, 490.3);SD
Port:(280.3, 407.5)(280.3, 504.1)(168.5, 504.1)(168.5, 407.5);GATE
Port:(269.4, 413.9)(274.9, 413.9)(274.9, 497.7)(269.4, 497.7);SD
Module:M10
Boundary:(392.5, 144.1)(392.5, 216.7)(227.4, 216.7)(227.4, 144.1);GATE
Port:(227.4, 156.7)(232.0, 156.7)(232.0, 204.1)(227.4, 204.1);SD
Port:(392.5, 144.1)(392.5, 216.7)(234.8, 216.7)(234.8, 144.1);GATE
Port:(381.4, 150.9)(386.7, 150.9)(386.7, 209.9)(381.4, 209.9);SD
Module:M7
Boundary:(237.4, 20.0)(306.3, 20.0)(306.3, 20.1)(323.1, 20.1)(323.1, 95.6)(237.4, 95.6);GATE
Port:(251.7, 89.8)(308.8, 89.8)(308.8, 95.6)(251.7, 95.6);SD
Port:(237.4, 20.0)(306.3, 20.0)(306.3, 20.1)(323.1, 20.1)(323.1, 86.8)(237.4, 86.8);GATE
Port:(244.0, 25.6)(299.7, 25.6)(299.7, 30.9)(244.0, 30.9);SD
Module:M3
Boundary:(274.8, 524.1)(274.8, 612.2)(161.4, 612.2)(161.4, 524.1);GATE
Port:(161.4, 539.4)(166.2, 539.4)(166.2, 596.9)(161.4, 596.9);SD
Port:(274.8, 524.1)(274.8, 612.2)(167.9, 612.2)(167.9, 524.1);GATE
Port:(262.6, 530.6)(269.3, 530.6)(269.3, 605.7)(262.6, 605.7);SD
Module:M15
Boundary:(138.2, 10.0)(207.4, 10.0)(207.4, 225.8)(138.2, 225.8);GATE
Port:(151.8, 221.7)(193.8, 221.7)(193.8, 225.8)(151.8, 225.8);SD
Port:(138.2, 10.0)(207.4, 10.0)(207.4, 219.5)(138.2, 219.5);GATE
Port:(143.6, 14.4)(202.0, 14.4)(202.0, 21.1)(143.6, 21.1);SD
Module:M12
Boundary:(353.1, 10.0)(402.6, 10.0)(402.6, 10.1)(419.7, 10.1)(419.7, 124.1)(353.1, 124.1);GATE
Port:(366.0, 119.3)(406.8, 119.3)(406.8, 124.1)(366.0, 124.1);SD
Port:(353.1, 10.0)(402.6, 10.0)(402.6, 10.1)(419.7, 10.1)(419.7, 116.4)(353.1, 116.4);GATE
Port:(358.3, 14.2)(397.4, 14.2)(397.4, 20.0)(358.3, 20.0);SD
Module:M8
Boundary:(311.3, 246.7)(390.9, 246.7)(390.9, 246.8)(407.2, 246.8)(407.2, 417.2)(311.3, 417.2);GATE
Port:(322.9, 412.5)(395.6, 412.5)(395.6, 417.2)(322.9, 417.2);SD
Port:(311.3, 246.7)(390.9, 246.7)(390.9, 246.8)(407.2, 246.8)(407.2, 409.9)(311.3, 409.9);GATE
Port:(316.6, 251.0)(385.6, 251.0)(385.6, 255.5)(316.6, 255.5);SD
Module:M4
Boundary:(20.0, 417.1)(131.4, 417.1)(131.4, 620.6)(20.0, 620.6);GATE
Port:(34.4, 616.4)(117.0, 616.4)(117.0, 620.6)(34.4, 620.6);SD
Port:(20.0, 417.1)(131.4, 417.1)(131.4, 615.0)(20.0, 615.0);GATE
Port:(25.9, 422.0)(125.5, 422.0)(125.5, 428.2)(25.9, 428.2);SD
