Area:(-30.0, -30.0)(834.1, -30.0)(834.1, 467.3)(-30.0, 467.3)
Rule:GATE(5,5);SD(5,5);GATE_SD(0.5);GATE_ITO(0.5);SD_ITO(0.5)
Module:M14
Boundary:(692.5, 317.2)(692.5, 387.2)(692.4, 387.2)(692.4, 403.3)(520.0, 403.3)(520.0, 317.2);GATE
Port:(520.0, 332.3)(524.7, 332.3)(524.7, 388.2)(520.0, 388.2);SD
Port:(692.5, 317.2)(692.5, 387.2)(692.4, 387.2)(692.4, 403.3)(526.0, 403.3)(526.0, 317.2);GATE
Port:(679.4, 324.0)(686.7, 324.0)(686.7, 380.4)(679.4, 380.4);SD
Module:M9
Boundary:(794.1, 10.0)(794.1, 83.9)(604.7, 83.9)(604.7, 10.0);GATE
Port:(604.7, 25.7)(609.7, 25.7)(609.7, 68.2)(604.7, 68.2);SD
Port:(794.1, 10.0)(794.1, 83.9)(612.2, 83.9)(612.2, 10.0);GATE
Port:(781.2, 16.7)(788.4, 16.7)(788.4, 77.2)(781.2, 77.2);SD
Module:M5
Boundary:(458.9, 154.9)(458.9, 226.9)(328.6, 226.9)(328.6, 154.9);GATE
Port:(328.6, 170.1)(333.4, 170.1)(333.4, 211.7)(328.6, 211.7);SD
Port:(458.9, 154.9)(458.9, 226.9)(336.3, 226.9)(336.3, 154.9);GATE
Port:(446.8, 161.8)(453.0, 161.8)(453.0, 220.0)(446.8, 220.0);SD
Module:M11
Boundary:(480.0, 256.9)(480.0, 291.1)(479.8, 291.1)(479.8, 307.2)(318.6, 307.2)(318.6, 256.9);GATE
Port:(318.6, 271.0)(324.0, 271.0)(324.0, 293.1)(318.6, 293.1);SD
Port:(480.0, 256.9)(480.0, 291.1)(479.8, 291.1)(479.8, 307.2)(326.1, 307.2)(326.1, 256.9);GATE
Port:(468.5, 262.3)(475.6, 262.3)(475.6, 285.7)(468.5, 285.7);SD
Module:M1
Boundary:(184.1, 242.7)(184.1, 289.9)(30.0, 289.9)(30.0, 242.7);GATE
Port:(30.0, 254.8)(34.7, 254.8)(34.7, 277.8)(30.0, 277.8);SD
Port:(184.1, 242.7)(184.1, 289.9)(36.0, 289.9)(36.0, 242.7);GATE
Port:(175.5, 247.8)(180.0, 247.8)(180.0, 284.8)(175.5, 284.8);SD
Module:M6
Boundary:(298.6, 199.5)(298.6, 289.0)(298.4, 289.0)(298.4, 307.4)(224.1, 307.4)(224.1, 199.5);GATE
Port:(224.1, 213.3)(229.2, 213.3)(229.2, 293.6)(224.1, 293.6);SD
Port:(298.6, 199.5)(298.6, 289.0)(298.4, 289.0)(298.4, 307.4)(230.9, 307.4)(230.9, 199.5);GATE
Port:(288.3, 205.0)(294.1, 205.0)(294.1, 283.5)(288.3, 283.5);SD
Module:M2
Boundary:(474.9, 20.0)(474.9, 114.9)(275.7, 114.9)(275.7, 20.0);GATE
Port:(275.7, 34.3)(281.5, 34.3)(281.5, 100.6)(275.7, 100.6);SD
Port:(474.9, 20.0)(474.9, 114.9)(284.0, 114.9)(284.0, 20.0);GATE
Port:(462.7, 26.9)(469.0, 26.9)(469.0, 108.0)(462.7, 108.0);SD
Module:M16
Boundary:(738.0, 206.1)(786.0, 206.1)(786.0, 424.5)(738.0, 424.5);GATE
Port:(751.2, 419.6)(772.8, 419.6)(772.8, 424.5)(751.2, 424.5);SD
Port:(738.0, 206.1)(786.0, 206.1)(786.0, 416.6)(738.0, 416.6);GATE
Port:(743.1, 210.2)(780.9, 210.2)(780.9, 216.6)(743.1, 216.6);SD
Module:M13
Boundary:(175.9, 329.9)(230.4, 329.9)(230.4, 329.9)(247.3, 329.9)(247.3, 427.3)(175.9, 427.3);GATE
Port:(191.1, 422.0)(232.1, 422.0)(232.1, 427.3)(191.1, 427.3);SD
Port:(175.9, 329.9)(230.4, 329.9)(230.4, 329.9)(247.3, 329.9)(247.3, 419.4)(175.9, 419.4);GATE
Port:(182.0, 335.0)(224.3, 335.0)(224.3, 342.7)(182.0, 342.7);SD
Module:M10
Boundary:(143.1, 10.0)(245.7, 10.0)(245.7, 179.5)(143.1, 179.5);GATE
Port:(155.7, 174.7)(233.1, 174.7)(233.1, 179.5)(155.7, 179.5);SD
Port:(143.1, 10.0)(245.7, 10.0)(245.7, 173.4)(143.1, 173.4);GATE
Port:(148.5, 14.4)(240.3, 14.4)(240.3, 20.2)(148.5, 20.2);SD
Module:M7
Boundary:(20.0, 20.0)(94.4, 20.0)(94.4, 20.2)(113.1, 20.2)(113.1, 192.7)(20.0, 192.7);GATE
Port:(34.6, 188.2)(98.5, 188.2)(98.5, 192.7)(34.6, 192.7);SD
Port:(20.0, 20.0)(94.4, 20.0)(94.4, 20.2)(113.1, 20.2)(113.1, 186.1)(20.0, 186.1);GATE
Port:(26.7, 25.7)(87.7, 25.7)(87.7, 31.1)(26.7, 31.1);SD
Module:M3
Boundary:(726.2, 103.9)(726.2, 186.1)(604.7, 186.1)(604.7, 103.9);GATE
Port:(604.7, 118.9)(609.3, 118.9)(609.3, 171.1)(604.7, 171.1);SD
Port:(726.2, 103.9)(726.2, 186.1)(612.1, 186.1)(612.1, 103.9);GATE
Port:(713.1, 110.7)(720.4, 110.7)(720.4, 179.3)(713.1, 179.3);SD
Module:M15
Boundary:(718.0, 206.1)(718.0, 259.6)(717.8, 259.6)(717.8, 277.2)(604.7, 277.2)(604.7, 206.1);GATE
Port:(604.7, 220.3)(609.5, 220.3)(609.5, 263.0)(604.7, 263.0);SD
Port:(718.0, 206.1)(718.0, 259.6)(717.8, 259.6)(717.8, 277.2)(610.9, 277.2)(610.9, 206.1);GATE
Port:(706.4, 212.1)(713.0, 212.1)(713.0, 253.6)(706.4, 253.6);SD
Module:M12
Boundary:(155.9, 329.9)(155.9, 426.5)(10.0, 426.5)(10.0, 329.9);GATE
Port:(10.0, 341.7)(14.5, 341.7)(14.5, 414.7)(10.0, 414.7);SD
Port:(155.9, 329.9)(155.9, 426.5)(16.6, 426.5)(16.6, 329.9);GATE
Port:(146.9, 335.1)(151.7, 335.1)(151.7, 421.3)(146.9, 421.3);SD
Module:M8
Boundary:(514.9, 20.0)(560.6, 20.0)(560.6, 20.0)(574.7, 20.0)(574.7, 245.0)(514.9, 245.0);GATE
Port:(527.5, 239.2)(562.1, 239.2)(562.1, 245.0)(527.5, 245.0);SD
Port:(514.9, 20.0)(560.6, 20.0)(560.6, 20.0)(574.7, 20.0)(574.7, 236.3)(514.9, 236.3);GATE
Port:(521.3, 25.4)(554.2, 25.4)(554.2, 30.9)(521.3, 30.9);SD
Module:M4
Boundary:(460.5, 337.4)(460.5, 402.8)(460.4, 402.8)(460.4, 418.6)(277.3, 418.6)(277.3, 337.4);GATE
Port:(277.3, 350.5)(283.2, 350.5)(283.2, 405.5)(277.3, 405.5);SD
Port:(460.5, 337.4)(460.5, 402.8)(460.4, 402.8)(460.4, 418.6)(284.9, 418.6)(284.9, 337.4);GATE
Port:(449.5, 343.4)(455.5, 343.4)(455.5, 396.8)(449.5, 396.8);SD
