Area:(-30.0, -30.0)(660.5, -30.0)(660.5, 564.5)(-30.0, 564.5)
Rule:GATE(5,5);SD(5,5);GATE_SD(0.5);GATE_ITO(0.5);SD_ITO(0.5)
Module:M14
Boundary:(30.0, 427.3)(129.9, 427.3)(129.9, 504.1)(30.0, 504.1);GATE
Port:(44.5, 498.8)(115.4, 498.8)(115.4, 504.1)(44.5, 504.1);SD
Port:(30.0, 427.3)(129.9, 427.3)(129.9, 497.2)(30.0, 497.2);GATE
Port:(36.4, 432.7)(123.5, 432.7)(123.5, 439.9)(36.4, 439.9);SD
Module:M9
Boundary:(320.1, 230.8)(320.1, 330.3)(150.3, 330.3)(150.3, 230.8);GATE
Port:(150.3, 244.7)(155.6, 244.7)(155.6, 316.4)(150.3, 316.4);SD
Port:(320.1, 230.8)(320.1, 330.3)(156.7, 330.3)(156.7, 230.8);GATE
Port:(309.6, 236.2)(315.7, 236.2)(315.7, 324.9)(309.6, 324.9);SD
Module:M5
Boundary:(20.0, 238.3)(120.3, 238.3)(120.3, 377.3)(20.0, 377.3);GATE
Port:(33.8, 371.4)(106.5, 371.4)(106.5, 377.3)(33.8, 377.3);SD
Port:(20.0, 238.3)(120.3, 238.3)(120.3, 369.7)(20.0, 369.7);GATE
Port:(25.2, 242.5)(115.1, 242.5)(115.1, 248.8)(25.2, 248.8);SD
Module:M11
Boundary:(576.6, 454.3)(576.6, 523.9)(470.9, 523.9)(470.9, 454.3);GATE
Port:(470.9, 467.3)(475.8, 467.3)(475.8, 510.9)(470.9, 510.9);SD
Port:(576.6, 454.3)(576.6, 523.9)(478.2, 523.9)(478.2, 454.3);GATE
Port:(567.0, 459.5)(572.4, 459.5)(572.4, 518.7)(567.0, 518.7);SD
Module:M1
Boundary:(535.7, 277.8)(598.9, 277.8)(598.9, 278.0)(613.9, 278.0)(613.9, 414.3)(535.7, 414.3);GATE
Port:(548.6, 408.6)(601.0, 408.6)(601.0, 414.3)(548.6, 414.3);SD
Port:(535.7, 277.8)(598.9, 277.8)(598.9, 278.0)(613.9, 278.0)(613.9, 405.8)(535.7, 405.8);GATE
Port:(541.1, 282.2)(593.5, 282.2)(593.5, 288.9)(541.1, 288.9);SD
Module:M6
Boundary:(175.7, 150.3)(175.7, 208.3)(10.0, 208.3)(10.0, 150.3);GATE
Port:(10.0, 163.7)(14.5, 163.7)(14.5, 194.9)(10.0, 194.9);SD
Port:(175.7, 150.3)(175.7, 208.3)(16.7, 208.3)(16.7, 150.3);GATE
Port:(163.8, 157.0)(170.0, 157.0)(170.0, 201.6)(163.8, 201.6);SD
Module:M2
Boundary:(615.0, 20.0)(615.0, 86.4)(614.7, 86.4)(614.7, 101.7)(456.2, 101.7)(456.2, 20.0);GATE
Port:(456.2, 34.4)(461.1, 34.4)(461.1, 87.3)(456.2, 87.3);SD
Port:(615.0, 20.0)(615.0, 86.4)(614.7, 86.4)(614.7, 101.7)(462.5, 101.7)(462.5, 20.0);GATE
Port:(602.8, 27.0)(609.0, 27.0)(609.0, 79.4)(602.8, 79.4);SD
Module:M16
Boundary:(333.7, 350.3)(333.7, 416.2)(333.7, 416.2)(333.7, 433.1)(169.9, 433.1)(169.9, 350.3);GATE
Port:(169.9, 362.4)(175.1, 362.4)(175.1, 421.0)(169.9, 421.0);SD
Port:(333.7, 350.3)(333.7, 416.2)(333.7, 416.2)(333.7, 433.1)(177.1, 433.1)(177.1, 350.3);GATE
Port:(324.4, 355.8)(329.2, 355.8)(329.2, 410.7)(324.4, 410.7);SD
Module:M13
Boundary:(426.2, 10.0)(426.2, 128.2)(251.2, 128.2)(251.2, 10.0);GATE
Port:(251.2, 22.9)(257.2, 22.9)(257.2, 115.3)(251.2, 115.3);SD
Port:(426.2, 10.0)(426.2, 128.2)(259.8, 128.2)(259.8, 10.0);GATE
Port:(416.0, 15.4)(421.8, 15.4)(421.8, 122.8)(416.0, 122.8);SD
Module:M10
Boundary:(491.0, 148.2)(491.0, 258.2)(340.1, 258.2)(340.1, 148.2);GATE
Port:(340.1, 163.5)(344.5, 163.5)(344.5, 242.9)(340.1, 242.9);SD
Port:(491.0, 148.2)(491.0, 258.2)(345.9, 258.2)(345.9, 148.2);GATE
Port:(479.1, 154.6)(485.6, 154.6)(485.6, 251.8)(479.1, 251.8);SD
Module:M7
Boundary:(521.0, 141.7)(620.5, 141.7)(620.5, 227.8)(521.0, 227.8);GATE
Port:(532.5, 223.3)(609.0, 223.3)(609.0, 227.8)(532.5, 227.8);SD
Port:(521.0, 141.7)(620.5, 141.7)(620.5, 222.0)(521.0, 222.0);GATE
Port:(527.0, 146.7)(614.5, 146.7)(614.5, 151.5)(527.0, 151.5);SD
Module:M3
Boundary:(346.0, 453.1)(346.0, 519.4)(169.9, 519.4)(169.9, 453.1);GATE
Port:(169.9, 466.3)(175.5, 466.3)(175.5, 506.2)(169.9, 506.2);SD
Port:(346.0, 453.1)(346.0, 519.4)(178.1, 519.4)(178.1, 453.1);GATE
Port:(335.1, 459.2)(340.9, 459.2)(340.9, 513.3)(335.1, 513.3);SD
Module:M15
Boundary:(450.9, 448.7)(450.9, 510.4)(450.8, 510.4)(450.8, 524.5)(366.0, 524.5)(366.0, 448.7);GATE
Port:(366.0, 462.4)(371.1, 462.4)(371.1, 510.8)(366.0, 510.8);SD
Port:(450.9, 448.7)(450.9, 510.4)(450.8, 510.4)(450.8, 524.5)(373.4, 524.5)(373.4, 448.7);GATE
Port:(439.2, 454.4)(446.2, 454.4)(446.2, 504.7)(439.2, 504.7);SD
Module:M12
Boundary:(303.5, 150.3)(303.5, 195.4)(303.5, 195.4)(303.5, 210.8)(195.7, 210.8)(195.7, 150.3);GATE
Port:(195.7, 161.9)(200.8, 161.9)(200.8, 199.2)(195.7, 199.2);SD
Port:(303.5, 150.3)(303.5, 195.4)(303.5, 195.4)(303.5, 210.8)(203.7, 210.8)(203.7, 150.3);GATE
Port:(294.4, 155.4)(299.4, 155.4)(299.4, 190.3)(294.4, 190.3);SD
Module:M8
Boundary:(221.2, 20.0)(221.2, 120.3)(20.0, 120.3)(20.0, 20.0);GATE
Port:(20.0, 33.6)(24.3, 33.6)(24.3, 106.7)(20.0, 106.7);SD
Port:(221.2, 20.0)(221.2, 120.3)(26.2, 120.3)(26.2, 20.0);GATE
Port:(209.9, 25.7)(216.5, 25.7)(216.5, 114.6)(209.9, 114.6);SD
Module:M4
Boundary:(363.7, 288.2)(468.9, 288.2)(468.9, 288.5)(485.7, 288.5)(485.7, 418.7)(363.7, 418.7);GATE
Port:(379.6, 414.2)(469.8, 414.2)(469.8, 418.7)(379.6, 418.7);SD
Port:(363.7, 288.2)(468.9, 288.2)(468.9, 288.5)(485.7, 288.5)(485.7, 411.5)(363.7, 411.5);GATE
Port:(370.5, 294.0)(462.1, 294.0)(462.1, 301.1)(370.5, 301.1);SD
