Area:(-30.0, -30.0)(472.7, -30.0)(472.7, 899.8)(-30.0, 899.8)
Rule:GATE(5,5);SD(5,5);GATE_SD(0.5);GATE_ITO(0.5);SD_ITO(0.5)
Module:M14
Boundary:(30.0, 30.0)(125.5, 30.0)(125.5, 182.4)(30.0, 182.4);GATE
Port:(45.5, 177.2)(110.0, 177.2)(110.0, 182.4)(45.5, 182.4);SD
Port:(30.0, 30.0)(125.5, 30.0)(125.5, 176.2)(30.0, 176.2);GATE
Port:(36.0, 35.0)(119.5, 35.0)(119.5, 42.0)(36.0, 42.0);SD
Module:M9
Boundary:(316.8, 732.8)(316.8, 829.6)(316.6, 829.6)(316.6, 845.6)(133.1, 845.6)(133.1, 732.8);GATE
Port:(133.1, 745.2)(137.9, 745.2)(137.9, 833.2)(133.1, 833.2);SD
Port:(316.8, 732.8)(316.8, 829.6)(316.6, 829.6)(316.6, 845.6)(139.2, 845.6)(139.2, 732.8);GATE
Port:(306.6, 738.6)(312.0, 738.6)(312.0, 823.8)(306.6, 823.8);SD
Module:M5
Boundary:(360.6, 137.7)(405.4, 137.7)(405.4, 137.9)(419.8, 137.9)(419.8, 284.0)(360.6, 284.0);GATE
Port:(371.8, 278.5)(408.6, 278.5)(408.6, 284.0)(371.8, 284.0);SD
Port:(360.6, 137.7)(405.4, 137.7)(405.4, 137.9)(419.8, 137.9)(419.8, 277.4)(360.6, 277.4);GATE
Port:(367.0, 143.1)(399.0, 143.1)(399.0, 147.3)(367.0, 147.3);SD
Module:M11
Boundary:(336.8, 716.9)(413.6, 716.9)(413.6, 717.4)(428.3, 717.4)(428.3, 847.2)(336.8, 847.2);GATE
Port:(350.1, 842.2)(415.0, 842.2)(415.0, 847.2)(350.1, 847.2);SD
Port:(336.8, 716.9)(413.6, 716.9)(413.6, 717.4)(428.3, 717.4)(428.3, 840.7)(336.8, 840.7);GATE
Port:(343.5, 722.6)(406.9, 722.6)(406.9, 727.8)(343.5, 727.8);SD
Module:M1
Boundary:(185.5, 161.2)(310.6, 161.2)(310.6, 334.5)(185.5, 334.5);GATE
Port:(199.1, 328.5)(297.0, 328.5)(297.0, 334.5)(199.1, 334.5);SD
Port:(185.5, 161.2)(310.6, 161.2)(310.6, 327.0)(185.5, 327.0);GATE
Port:(191.1, 165.8)(305.0, 165.8)(305.0, 172.1)(191.1, 172.1);SD
Module:M6
Boundary:(359.1, 510.3)(390.7, 510.3)(390.7, 510.3)(405.1, 510.3)(405.1, 594.5)(359.1, 594.5);GATE
Port:(371.3, 590.1)(392.9, 590.1)(392.9, 594.5)(371.3, 594.5);SD
Port:(359.1, 510.3)(390.7, 510.3)(390.7, 510.3)(405.1, 510.3)(405.1, 588.6)(359.1, 588.6);GATE
Port:(364.2, 514.4)(385.6, 514.4)(385.6, 520.7)(364.2, 520.7);SD
Module:M2
Boundary:(369.1, 324.0)(419.4, 324.0)(419.4, 480.3)(369.1, 480.3);GATE
Port:(382.8, 475.9)(405.7, 475.9)(405.7, 480.3)(382.8, 480.3);SD
Port:(369.1, 324.0)(419.4, 324.0)(419.4, 473.9)(369.1, 473.9);GATE
Port:(374.9, 328.8)(413.6, 328.8)(413.6, 334.5)(374.9, 334.5);SD
Module:M16
Boundary:(10.0, 389.2)(106.1, 389.2)(106.1, 389.3)(124.7, 389.3)(124.7, 620.1)(10.0, 620.1);GATE
Port:(26.4, 615.1)(108.3, 615.1)(108.3, 620.1)(26.4, 620.1);SD
Port:(10.0, 389.2)(106.1, 389.2)(106.1, 389.3)(124.7, 389.3)(124.7, 613.4)(10.0, 613.4);GATE
Port:(16.8, 395.0)(99.3, 395.0)(99.3, 402.2)(16.8, 402.2);SD
Module:M13
Boundary:(10.0, 640.1)(113.1, 640.1)(113.1, 859.8)(10.0, 859.8);GATE
Port:(24.7, 853.8)(98.4, 853.8)(98.4, 859.8)(24.7, 859.8);SD
Port:(10.0, 640.1)(113.1, 640.1)(113.1, 851.8)(10.0, 851.8);GATE
Port:(16.6, 645.7)(106.5, 645.7)(106.5, 652.7)(16.6, 652.7);SD
Module:M10
Boundary:(432.7, 614.5)(432.7, 680.5)(432.5, 680.5)(432.5, 696.9)(250.4, 696.9)(250.4, 614.5);GATE
Port:(250.4, 627.7)(255.2, 627.7)(255.2, 683.7)(250.4, 683.7);SD
Port:(432.7, 614.5)(432.7, 680.5)(432.5, 680.5)(432.5, 696.9)(258.1, 696.9)(258.1, 614.5);GATE
Port:(421.9, 619.9)(428.3, 619.9)(428.3, 675.1)(421.9, 675.1);SD
Module:M7
Boundary:(154.7, 478.0)(205.3, 478.0)(205.3, 478.1)(220.4, 478.1)(220.4, 702.8)(154.7, 702.8);GATE
Port:(168.9, 697.2)(206.2, 697.2)(206.2, 702.8)(168.9, 702.8);SD
Port:(154.7, 478.0)(205.3, 478.0)(205.3, 478.1)(220.4, 478.1)(220.4, 694.3)(154.7, 694.3);GATE
Port:(161.0, 483.3)(199.0, 483.3)(199.0, 490.6)(161.0, 490.6);SD
Module:M3
Boundary:(165.5, 374.5)(216.6, 374.5)(216.6, 374.7)(232.7, 374.7)(232.7, 448.0)(165.5, 448.0);GATE
Port:(179.1, 443.1)(219.1, 443.1)(219.1, 448.0)(179.1, 448.0);SD
Port:(165.5, 374.5)(216.6, 374.5)(216.6, 374.7)(232.7, 374.7)(232.7, 441.2)(165.5, 441.2);GATE
Port:(171.7, 379.7)(210.4, 379.7)(210.4, 386.4)(171.7, 386.4);SD
Module:M15
Boundary:(165.5, 10.0)(268.2, 10.0)(268.2, 121.2)(165.5, 121.2);GATE
Port:(179.2, 115.5)(254.5, 115.5)(254.5, 121.2)(179.2, 121.2);SD
Port:(165.5, 10.0)(268.2, 10.0)(268.2, 113.0)(165.5, 113.0);GATE
Port:(171.1, 14.6)(262.6, 14.6)(262.6, 20.6)(171.1, 20.6);SD
Module:M12
Boundary:(252.7, 374.5)(321.4, 374.5)(321.4, 374.9)(339.1, 374.9)(339.1, 569.2)(252.7, 569.2);GATE
Port:(265.6, 564.8)(326.2, 564.8)(326.2, 569.2)(265.6, 569.2);SD
Port:(252.7, 374.5)(321.4, 374.5)(321.4, 374.9)(339.1, 374.9)(339.1, 563.3)(252.7, 563.3);GATE
Port:(258.4, 379.2)(315.7, 379.2)(315.7, 384.3)(258.4, 384.3);SD
Module:M8
Boundary:(421.2, 20.0)(421.2, 83.9)(411.6, 83.9)(411.6, 97.7)(298.2, 97.7)(298.2, 20.0);GATE
Port:(298.2, 33.5)(303.2, 33.5)(303.2, 84.2)(298.2, 84.2);SD
Port:(421.2, 20.0)(421.2, 83.9)(411.6, 83.9)(411.6, 97.7)(305.4, 97.7)(305.4, 20.0);GATE
Port:(409.5, 25.4)(416.8, 25.4)(416.8, 77.5)(409.5, 77.5);SD
Module:M4
Boundary:(20.0, 232.4)(135.1, 232.4)(135.1, 359.2)(20.0, 359.2);GATE
Port:(33.5, 355.1)(121.6, 355.1)(121.6, 359.2)(33.5, 359.2);SD
Port:(20.0, 232.4)(135.1, 232.4)(135.1, 353.9)(20.0, 353.9);GATE
Port:(25.7, 237.1)(129.4, 237.1)(129.4, 243.7)(25.7, 243.7);SD
