Area:(-30.0, -30.0)(943.1, -30.0)(943.1, 424.4)(-30.0, 424.4)
Rule:GATE(5,5);SD(5,5);GATE_SD(0.5);GATE_ITO(0.5);SD_ITO(0.5)
Module:M14
Boundary:(554.5, 128.0)(554.5, 226.5)(554.3, 226.5)(554.3, 242.2)(418.1, 242.2)(418.1, 128.0);GATE
Port:(418.1, 141.9)(423.0, 141.9)(423.0, 228.3)(418.1, 228.3);SD
Port:(554.5, 128.0)(554.5, 226.5)(554.3, 226.5)(554.3, 242.2)(425.6, 242.2)(425.6, 128.0);GATE
Port:(542.1, 133.8)(549.7, 133.8)(549.7, 220.7)(542.1, 220.7);SD
Module:M9
Boundary:(715.4, 228.1)(715.4, 276.3)(600.7, 276.3)(600.7, 228.1);GATE
Port:(600.7, 241.4)(604.8, 241.4)(604.8, 263.0)(600.7, 263.0);SD
Port:(715.4, 228.1)(715.4, 276.3)(606.1, 276.3)(606.1, 228.1);GATE
Port:(704.8, 234.5)(710.0, 234.5)(710.0, 269.9)(704.8, 269.9);SD
Module:M5
Boundary:(555.6, 20.0)(555.6, 78.0)(359.6, 78.0)(359.6, 20.0);GATE
Port:(359.6, 32.6)(364.8, 32.6)(364.8, 65.4)(359.6, 65.4);SD
Port:(555.6, 20.0)(555.6, 78.0)(367.2, 78.0)(367.2, 20.0);GATE
Port:(544.6, 26.0)(550.6, 26.0)(550.6, 72.0)(544.6, 72.0);SD
Module:M11
Boundary:(594.5, 102.2)(684.2, 102.2)(684.2, 208.1)(594.5, 208.1);GATE
Port:(608.8, 202.3)(669.9, 202.3)(669.9, 208.1)(608.8, 208.1);SD
Port:(594.5, 102.2)(684.2, 102.2)(684.2, 199.6)(594.5, 199.6);GATE
Port:(601.0, 107.7)(677.7, 107.7)(677.7, 114.1)(601.0, 114.1);SD
Module:M1
Boundary:(30.0, 30.0)(104.6, 30.0)(104.6, 30.4)(119.1, 30.4)(119.1, 202.6)(30.0, 202.6);GATE
Port:(42.1, 197.3)(107.0, 197.3)(107.0, 202.6)(42.1, 202.6);SD
Port:(30.0, 30.0)(104.6, 30.0)(104.6, 30.4)(119.1, 30.4)(119.1, 194.9)(30.0, 194.9);GATE
Port:(35.4, 34.4)(99.2, 34.4)(99.2, 40.3)(35.4, 40.3);SD
Module:M6
Boundary:(10.0, 242.6)(103.7, 242.6)(103.7, 382.4)(10.0, 382.4);GATE
Port:(21.7, 377.6)(92.0, 377.6)(92.0, 382.4)(21.7, 382.4);SD
Port:(10.0, 242.6)(103.7, 242.6)(103.7, 376.5)(10.0, 376.5);GATE
Port:(15.5, 247.1)(98.2, 247.1)(98.2, 252.3)(15.5, 252.3);SD
Module:M2
Boundary:(255.1, 118.0)(368.1, 118.0)(368.1, 239.3)(255.1, 239.3);GATE
Port:(270.2, 234.0)(353.0, 234.0)(353.0, 239.3)(270.2, 239.3);SD
Port:(255.1, 118.0)(368.1, 118.0)(368.1, 231.3)(255.1, 231.3);GATE
Port:(261.4, 123.3)(361.8, 123.3)(361.8, 131.0)(261.4, 131.0);SD
Module:M16
Boundary:(789.9, 296.3)(789.9, 370.1)(789.5, 370.1)(789.5, 384.4)(600.7, 384.4)(600.7, 296.3);GATE
Port:(600.7, 308.4)(606.5, 308.4)(606.5, 372.3)(600.7, 372.3);SD
Port:(789.9, 296.3)(789.9, 370.1)(789.5, 370.1)(789.5, 384.4)(607.7, 384.4)(607.7, 296.3);GATE
Port:(779.7, 301.5)(785.7, 301.5)(785.7, 364.9)(779.7, 364.9);SD
Module:M13
Boundary:(854.9, 147.2)(888.7, 147.2)(888.7, 147.3)(903.1, 147.3)(903.1, 325.7)(854.9, 325.7);GATE
Port:(868.3, 320.9)(889.7, 320.9)(889.7, 325.7)(868.3, 325.7);SD
Port:(854.9, 147.2)(888.7, 147.2)(888.7, 147.3)(903.1, 147.3)(903.1, 318.9)(854.9, 318.9);GATE
Port:(861.2, 152.5)(882.4, 152.5)(882.4, 158.6)(861.2, 158.6);SD
Module:M10
Boundary:(159.1, 10.0)(208.6, 10.0)(208.6, 10.2)(225.1, 10.2)(225.1, 211.0)(159.1, 211.0);GATE
Port:(172.0, 205.3)(212.2, 205.3)(212.2, 211.0)(172.0, 211.0);SD
Port:(159.1, 10.0)(208.6, 10.0)(208.6, 10.2)(225.1, 10.2)(225.1, 203.0)(159.1, 203.0);GATE
Port:(165.3, 15.2)(202.4, 15.2)(202.4, 19.8)(165.3, 19.8);SD
Module:M7
Boundary:(673.5, 20.0)(673.5, 72.2)(595.6, 72.2)(595.6, 20.0);GATE
Port:(595.6, 33.7)(600.8, 33.7)(600.8, 58.5)(595.6, 58.5);SD
Port:(673.5, 20.0)(673.5, 72.2)(602.6, 72.2)(602.6, 20.0);GATE
Port:(662.5, 26.7)(667.8, 26.7)(667.8, 65.5)(662.5, 65.5);SD
Module:M3
Boundary:(245.1, 10.0)(329.6, 10.0)(329.6, 86.7)(245.1, 86.7);GATE
Port:(255.8, 81.5)(318.9, 81.5)(318.9, 86.7)(255.8, 86.7);SD
Port:(245.1, 10.0)(329.6, 10.0)(329.6, 79.8)(245.1, 79.8);GATE
Port:(250.5, 14.4)(324.2, 14.4)(324.2, 18.5)(250.5, 18.5);SD
Module:M15
Boundary:(580.7, 282.2)(580.7, 362.7)(580.5, 362.7)(580.5, 378.3)(385.9, 378.3)(385.9, 282.2);GATE
Port:(385.9, 296.0)(391.7, 296.0)(391.7, 364.5)(385.9, 364.5);SD
Port:(580.7, 282.2)(580.7, 362.7)(580.5, 362.7)(580.5, 378.3)(394.0, 378.3)(394.0, 282.2);GATE
Port:(570.0, 287.9)(576.0, 287.9)(576.0, 357.0)(570.0, 357.0);SD
Module:M12
Boundary:(735.4, 147.2)(834.9, 147.2)(834.9, 267.6)(735.4, 267.6);GATE
Port:(750.0, 262.6)(820.3, 262.6)(820.3, 267.6)(750.0, 267.6);SD
Port:(735.4, 147.2)(834.9, 147.2)(834.9, 260.6)(735.4, 260.6);GATE
Port:(741.2, 152.0)(829.1, 152.0)(829.1, 158.9)(741.2, 158.9);SD
Module:M8
Boundary:(355.9, 279.3)(355.9, 355.5)(355.8, 355.5)(355.8, 370.9)(169.1, 370.9)(169.1, 279.3);GATE
Port:(169.1, 290.5)(175.0, 290.5)(175.0, 359.7)(169.1, 359.7);SD
Port:(355.9, 279.3)(355.9, 355.5)(355.8, 355.5)(355.8, 370.9)(177.7, 370.9)(177.7, 279.3);GATE
Port:(347.0, 284.7)(351.5, 284.7)(351.5, 350.1)(347.0, 350.1);SD
Module:M4
Boundary:(895.4, 20.0)(895.4, 117.2)(714.2, 117.2)(714.2, 20.0);GATE
Port:(714.2, 35.4)(718.7, 35.4)(718.7, 101.8)(714.2, 101.8);SD
Port:(895.4, 20.0)(895.4, 117.2)(720.7, 117.2)(720.7, 20.0);GATE
Port:(883.3, 26.6)(889.8, 26.6)(889.8, 110.6)(883.3, 110.6);SD
