Area:(-30.0, -30.0)(659.5, -30.0)(659.5, 627.2)(-30.0, 627.2)
Rule:GATE(5,5);SD(5,5);GATE_SD(0.5);GATE_ITO(0.5);SD_ITO(0.5)
Module:M14
Boundary:(30.0, 30.0)(97.6, 30.0)(97.6, 107.1)(113.2, 107.1)(113.2, 248.9)(30.0, 248.9);GATE
Port:(43.3, 244.3)(99.9, 244.3)(99.9, 248.9)(43.3, 248.9);SD
Port:(30.0, 30.0)(97.6, 30.0)(97.6, 107.1)(113.2, 107.1)(113.2, 241.3)(30.0, 241.3);GATE
Port:(35.8, 34.8)(90.8, 34.8)(90.8, 40.6)(35.8, 40.6);SD
Module:M9
Boundary:(337.5, 10.0)(337.5, 59.7)(337.3, 59.7)(337.3, 75.8)(219.3, 75.8)(219.3, 10.0);GATE
Port:(219.3, 23.2)(225.0, 23.2)(225.0, 62.6)(219.3, 62.6);SD
Port:(337.5, 10.0)(337.5, 59.7)(337.3, 59.7)(337.3, 75.8)(227.6, 75.8)(227.6, 10.0);GATE
Port:(326.4, 15.2)(333.3, 15.2)(333.3, 54.5)(326.4, 54.5);SD
Module:M5
Boundary:(367.5, 20.0)(485.0, 20.0)(485.0, 170.4)(367.5, 170.4);GATE
Port:(380.9, 165.5)(471.6, 165.5)(471.6, 170.4)(380.9, 170.4);SD
Port:(367.5, 20.0)(485.0, 20.0)(485.0, 164.0)(367.5, 164.0);GATE
Port:(373.0, 24.5)(479.5, 24.5)(479.5, 30.8)(373.0, 30.8);SD
Module:M11
Boundary:(515.0, 10.0)(604.7, 10.0)(604.7, 10.5)(619.5, 10.5)(619.5, 174.7)(515.0, 174.7);GATE
Port:(526.4, 169.2)(608.1, 169.2)(608.1, 174.7)(526.4, 174.7);SD
Port:(515.0, 10.0)(604.7, 10.0)(604.7, 10.5)(619.5, 10.5)(619.5, 167.8)(515.0, 167.8);GATE
Port:(520.4, 14.4)(599.3, 14.4)(599.3, 19.6)(520.4, 19.6);SD
Module:M1
Boundary:(414.4, 455.1)(414.4, 574.1)(233.2, 574.1)(233.2, 455.1);GATE
Port:(233.2, 468.7)(237.4, 468.7)(237.4, 560.5)(233.2, 560.5);SD
Port:(414.4, 455.1)(414.4, 574.1)(239.5, 574.1)(239.5, 455.1);GATE
Port:(403.8, 460.4)(410.1, 460.4)(410.1, 568.8)(403.8, 568.8);SD
Module:M6
Boundary:(193.2, 288.9)(193.2, 374.5)(192.9, 374.5)(192.9, 391.9)(10.0, 391.9)(10.0, 288.9);GATE
Port:(10.0, 301.9)(14.2, 301.9)(14.2, 378.9)(10.0, 378.9);SD
Port:(193.2, 288.9)(193.2, 374.5)(192.9, 374.5)(192.9, 391.9)(15.8, 391.9)(15.8, 288.9);GATE
Port:(183.0, 294.6)(188.5, 294.6)(188.5, 368.8)(183.0, 368.8);SD
Module:M2
Boundary:(175.1, 421.9)(175.1, 452.8)(175.0, 452.8)(175.0, 467.4)(20.0, 467.4)(20.0, 421.9);GATE
Port:(20.0, 434.3)(25.6, 434.3)(25.6, 455.0)(20.0, 455.0);SD
Port:(175.1, 421.9)(175.1, 452.8)(175.0, 452.8)(175.0, 467.4)(28.5, 467.4)(28.5, 421.9);GATE
Port:(164.8, 426.9)(171.1, 426.9)(171.1, 447.8)(164.8, 447.8);SD
Module:M16
Boundary:(153.2, 10.0)(184.6, 10.0)(184.6, 10.1)(199.3, 10.1)(199.3, 218.3)(153.2, 218.3);GATE
Port:(165.1, 212.8)(187.4, 212.8)(187.4, 218.3)(165.1, 218.3);SD
Port:(153.2, 10.0)(184.6, 10.0)(184.6, 10.1)(199.3, 10.1)(199.3, 210.0)(153.2, 210.0);GATE
Port:(158.8, 14.6)(179.0, 14.6)(179.0, 20.3)(158.8, 20.3);SD
Module:M13
Boundary:(616.5, 310.7)(616.5, 381.7)(616.2, 381.7)(616.2, 399.0)(414.2, 399.0)(414.2, 310.7);GATE
Port:(414.2, 325.6)(419.8, 325.6)(419.8, 384.1)(414.2, 384.1);SD
Port:(616.5, 310.7)(616.5, 381.7)(616.2, 381.7)(616.2, 399.0)(421.5, 399.0)(421.5, 310.7);GATE
Port:(604.7, 316.6)(611.6, 316.6)(611.6, 375.8)(604.7, 375.8);SD
Module:M10
Boundary:(310.6, 310.7)(394.2, 310.7)(394.2, 415.1)(310.6, 415.1);GATE
Port:(323.7, 410.9)(381.1, 410.9)(381.1, 415.1)(323.7, 415.1);SD
Port:(310.6, 310.7)(394.2, 310.7)(394.2, 408.5)(310.6, 408.5);GATE
Port:(315.8, 314.9)(389.0, 314.9)(389.0, 321.1)(315.8, 321.1);SD
Module:M7
Boundary:(172.0, 507.4)(172.0, 587.2)(20.0, 587.2)(20.0, 507.4);GATE
Port:(20.0, 520.8)(25.3, 520.8)(25.3, 573.8)(20.0, 573.8);SD
Port:(172.0, 507.4)(172.0, 587.2)(27.0, 587.2)(27.0, 507.4);GATE
Port:(161.1, 514.3)(166.1, 514.3)(166.1, 580.3)(161.1, 580.3);SD
Module:M3
Boundary:(219.3, 95.8)(331.1, 95.8)(331.1, 244.7)(219.3, 244.7);GATE
Port:(232.0, 240.4)(318.4, 240.4)(318.4, 244.7)(232.0, 244.7);SD
Port:(219.3, 95.8)(331.1, 95.8)(331.1, 239.3)(219.3, 239.3);GATE
Port:(225.7, 101.2)(324.7, 101.2)(324.7, 106.4)(225.7, 106.4);SD
Module:M15
Boundary:(613.5, 419.0)(613.5, 470.3)(613.5, 470.3)(613.5, 488.2)(454.4, 488.2)(454.4, 419.0);GATE
Port:(454.4, 431.8)(459.2, 431.8)(459.2, 475.4)(454.4, 475.4);SD
Port:(613.5, 419.0)(613.5, 470.3)(613.5, 470.3)(613.5, 488.2)(460.4, 488.2)(460.4, 419.0);GATE
Port:(603.3, 424.1)(609.4, 424.1)(609.4, 465.2)(603.3, 465.2);SD
Module:M12
Boundary:(213.2, 264.7)(290.6, 264.7)(290.6, 401.7)(213.2, 401.7);GATE
Port:(225.2, 397.5)(278.6, 397.5)(278.6, 401.7)(225.2, 401.7);SD
Port:(213.2, 264.7)(290.6, 264.7)(290.6, 395.8)(213.2, 395.8);GATE
Port:(218.3, 268.8)(285.5, 268.8)(285.5, 273.6)(218.3, 273.6);SD
Module:M8
Boundary:(584.8, 518.2)(584.8, 570.2)(464.4, 570.2)(464.4, 518.2);GATE
Port:(464.4, 531.8)(468.7, 531.8)(468.7, 556.6)(464.4, 556.6);SD
Port:(584.8, 518.2)(584.8, 570.2)(470.7, 570.2)(470.7, 518.2);GATE
Port:(574.3, 525.0)(579.0, 525.0)(579.0, 563.4)(574.3, 563.4);SD
Module:M4
Boundary:(597.3, 210.4)(597.3, 280.7)(367.5, 280.7)(367.5, 210.4);GATE
Port:(367.5, 225.2)(372.5, 225.2)(372.5, 265.9)(367.5, 265.9);SD
Port:(597.3, 210.4)(597.3, 280.7)(374.3, 280.7)(374.3, 210.4);GATE
Port:(585.2, 215.6)(593.1, 215.6)(593.1, 275.5)(585.2, 275.5);SD
