Area:(-30.0, -30.0)(474.4, -30.0)(474.4, 870.2)(-30.0, 870.2)
Rule:GATE(5,5);SD(5,5);GATE_SD(0.5);GATE_ITO(0.5);SD_ITO(0.5)
Module:M14
Boundary:(156.9, 30.0)(220.7, 30.0)(220.7, 30.2)(236.4, 30.2)(236.4, 170.1)(156.9, 170.1);GATE
Port:(169.4, 164.2)(223.9, 164.2)(223.9, 170.1)(169.4, 170.1);SD
Port:(156.9, 30.0)(220.7, 30.0)(220.7, 30.2)(236.4, 30.2)(236.4, 162.4)(156.9, 162.4);GATE
Port:(162.9, 35.0)(214.7, 35.0)(214.7, 39.9)(162.9, 39.9);SD
Module:M9
Boundary:(195.9, 751.7)(195.9, 830.2)(10.0, 830.2)(10.0, 751.7);GATE
Port:(10.0, 768.0)(14.5, 768.0)(14.5, 813.9)(10.0, 813.9);SD
Port:(195.9, 751.7)(195.9, 830.2)(17.3, 830.2)(17.3, 751.7);GATE
Port:(183.1, 758.4)(190.2, 758.4)(190.2, 823.5)(183.1, 823.5);SD
Module:M5
Boundary:(20.0, 178.7)(106.7, 178.7)(106.7, 379.2)(20.0, 379.2);GATE
Port:(34.0, 375.0)(92.7, 375.0)(92.7, 379.2)(34.0, 379.2);SD
Port:(20.0, 178.7)(106.7, 178.7)(106.7, 373.1)(20.0, 373.1);GATE
Port:(25.5, 183.2)(101.2, 183.2)(101.2, 190.2)(25.5, 190.2);SD
Module:M11
Boundary:(10.0, 10.0)(102.4, 10.0)(102.4, 10.1)(116.9, 10.1)(116.9, 148.7)(10.0, 148.7);GATE
Port:(24.2, 143.7)(102.7, 143.7)(102.7, 148.7)(24.2, 148.7);SD
Port:(10.0, 10.0)(102.4, 10.0)(102.4, 10.1)(116.9, 10.1)(116.9, 140.9)(10.0, 140.9);GATE
Port:(16.0, 15.0)(96.4, 15.0)(96.4, 22.4)(16.0, 22.4);SD
Module:M1
Boundary:(205.0, 594.6)(205.0, 711.7)(30.0, 711.7)(30.0, 594.6);GATE
Port:(30.0, 609.4)(34.1, 609.4)(34.1, 696.9)(30.0, 696.9);SD
Port:(205.0, 594.6)(205.0, 711.7)(36.3, 711.7)(36.3, 594.6);GATE
Port:(192.9, 601.4)(199.2, 601.4)(199.2, 704.9)(192.9, 704.9);SD
Module:M6
Boundary:(131.1, 437.4)(192.3, 437.4)(192.3, 437.6)(206.7, 437.6)(206.7, 550.9)(131.1, 550.9);GATE
Port:(144.2, 546.3)(193.6, 546.3)(193.6, 550.9)(144.2, 550.9);SD
Port:(131.1, 437.4)(192.3, 437.4)(192.3, 437.6)(206.7, 437.6)(206.7, 544.5)(131.1, 544.5);GATE
Port:(137.7, 443.0)(185.7, 443.0)(185.7, 448.4)(137.7, 448.4);SD
Module:M2
Boundary:(337.2, 566.0)(423.6, 566.0)(423.6, 730.4)(337.2, 730.4);GATE
Port:(351.5, 724.9)(409.3, 724.9)(409.3, 730.4)(351.5, 730.4);SD
Port:(337.2, 566.0)(423.6, 566.0)(423.6, 723.6)(337.2, 723.6);GATE
Port:(344.0, 571.8)(416.8, 571.8)(416.8, 577.8)(344.0, 577.8);SD
Module:M16
Boundary:(309.4, 438.5)(309.4, 507.8)(309.1, 507.8)(309.1, 524.6)(226.7, 524.6)(226.7, 438.5);GATE
Port:(226.7, 453.0)(231.8, 453.0)(231.8, 510.1)(226.7, 510.1);SD
Port:(309.4, 438.5)(309.4, 507.8)(309.1, 507.8)(309.1, 524.6)(233.1, 524.6)(233.1, 438.5);GATE
Port:(298.1, 444.3)(304.6, 444.3)(304.6, 502.0)(298.1, 502.0);SD
Module:M13
Boundary:(333.2, 200.1)(401.3, 200.1)(401.3, 200.4)(417.8, 200.4)(417.8, 342.0)(333.2, 342.0);GATE
Port:(346.8, 337.2)(404.2, 337.2)(404.2, 342.0)(346.8, 342.0);SD
Port:(333.2, 200.1)(401.3, 200.1)(401.3, 200.4)(417.8, 200.4)(417.8, 335.9)(333.2, 335.9);GATE
Port:(339.2, 205.1)(395.3, 205.1)(395.3, 211.6)(339.2, 211.6);SD
Module:M10
Boundary:(10.0, 409.2)(95.0, 409.2)(95.0, 409.5)(111.1, 409.5)(111.1, 554.6)(10.0, 554.6);GATE
Port:(25.2, 549.8)(95.9, 549.8)(95.9, 554.6)(25.2, 554.6);SD
Port:(10.0, 409.2)(95.0, 409.2)(95.0, 409.5)(111.1, 409.5)(111.1, 547.0)(10.0, 547.0);GATE
Port:(16.8, 415.0)(88.2, 415.0)(88.2, 421.4)(16.8, 421.4);SD
Module:M7
Boundary:(146.9, 220.1)(195.4, 220.1)(195.4, 220.1)(211.4, 220.1)(211.4, 407.4)(146.9, 407.4);GATE
Port:(159.9, 401.6)(198.4, 401.6)(198.4, 407.4)(159.9, 407.4);SD
Port:(146.9, 220.1)(195.4, 220.1)(195.4, 220.1)(211.4, 220.1)(211.4, 399.7)(146.9, 399.7);GATE
Port:(152.9, 225.1)(189.4, 225.1)(189.4, 230.1)(152.9, 230.1);SD
Module:M3
Boundary:(333.2, 362.0)(434.4, 362.0)(434.4, 536.0)(333.2, 536.0);GATE
Port:(346.3, 531.3)(421.3, 531.3)(421.3, 536.0)(346.3, 536.0);SD
Port:(333.2, 362.0)(434.4, 362.0)(434.4, 529.9)(333.2, 529.9);GATE
Port:(338.5, 366.3)(429.1, 366.3)(429.1, 372.2)(338.5, 372.2);SD
Module:M15
Boundary:(241.4, 210.1)(313.2, 210.1)(313.2, 418.5)(241.4, 418.5);GATE
Port:(255.2, 414.1)(299.4, 414.1)(299.4, 418.5)(255.2, 418.5);SD
Port:(241.4, 210.1)(313.2, 210.1)(313.2, 412.0)(241.4, 412.0);GATE
Port:(247.1, 214.8)(307.5, 214.8)(307.5, 220.6)(247.1, 220.6);SD
Module:M12
Boundary:(245.0, 544.6)(307.2, 544.6)(307.2, 731.9)(245.0, 731.9);GATE
Port:(257.6, 727.1)(294.6, 727.1)(294.6, 731.9)(257.6, 731.9);SD
Port:(245.0, 544.6)(307.2, 544.6)(307.2, 724.7)(245.0, 724.7);GATE
Port:(250.2, 548.8)(302.0, 548.8)(302.0, 554.7)(250.2, 554.7);SD
Module:M8
Boundary:(420.7, 770.4)(420.7, 801.6)(420.6, 801.6)(420.6, 817.9)(225.9, 817.9)(225.9, 770.4);GATE
Port:(225.9, 782.8)(230.6, 782.8)(230.6, 805.5)(225.9, 805.5);SD
Port:(420.7, 770.4)(420.7, 801.6)(420.6, 801.6)(420.6, 817.9)(232.1, 817.9)(232.1, 770.4);GATE
Port:(411.3, 775.7)(416.4, 775.7)(416.4, 796.3)(411.3, 796.3);SD
Module:M4
Boundary:(286.4, 20.0)(395.1, 20.0)(395.1, 20.7)(412.8, 20.7)(412.8, 170.1)(286.4, 170.1);GATE
Port:(301.4, 164.9)(397.8, 164.9)(397.8, 170.1)(301.4, 170.1);SD
Port:(286.4, 20.0)(395.1, 20.0)(395.1, 20.7)(412.8, 20.7)(412.8, 162.6)(286.4, 162.6);GATE
Port:(293.1, 25.7)(388.4, 25.7)(388.4, 31.7)(293.1, 31.7);SD
