Area:(-30.0, -30.0)(893.2, -30.0)(893.2, 385.4)(-30.0, 385.4)
Rule:GATE(5,5);SD(5,5);GATE_SD(0.5);GATE_ITO(0.5);SD_ITO(0.5)
Module:M14
Boundary:(197.0, 30.0)(197.0, 140.5)(98.1, 140.5)(98.1, 30.0);GATE
Port:(98.1, 42.9)(103.9, 42.9)(103.9, 127.6)(98.1, 127.6);SD
Port:(197.0, 30.0)(197.0, 140.5)(106.3, 140.5)(106.3, 30.0);GATE
Port:(186.1, 36.6)(191.4, 36.6)(191.4, 133.9)(186.1, 133.9);SD
Module:M9
Boundary:(337.7, 10.0)(390.3, 10.0)(390.3, 10.1)(408.7, 10.1)(408.7, 106.0)(337.7, 106.0);GATE
Port:(351.1, 100.1)(395.3, 100.1)(395.3, 106.0)(351.1, 106.0);SD
Port:(337.7, 10.0)(390.3, 10.0)(390.3, 10.1)(408.7, 10.1)(408.7, 97.4)(337.7, 97.4);GATE
Port:(342.9, 14.2)(385.1, 14.2)(385.1, 20.3)(342.9, 20.3);SD
Module:M5
Boundary:(307.6, 208.0)(307.6, 316.2)(127.6, 316.2)(127.6, 208.0);GATE
Port:(127.6, 222.4)(133.4, 222.4)(133.4, 301.8)(127.6, 301.8);SD
Port:(307.6, 208.0)(307.6, 316.2)(134.8, 316.2)(134.8, 208.0);GATE
Port:(296.2, 213.6)(303.0, 213.6)(303.0, 310.6)(296.2, 310.6);SD
Module:M11
Boundary:(94.9, 273.0)(94.9, 340.4)(10.0, 340.4)(10.0, 273.0);GATE
Port:(10.0, 287.3)(15.0, 287.3)(15.0, 326.1)(10.0, 326.1);SD
Port:(94.9, 273.0)(94.9, 340.4)(16.1, 340.4)(16.1, 273.0);GATE
Port:(83.0, 279.7)(89.2, 279.7)(89.2, 333.7)(83.0, 333.7);SD
Module:M1
Boundary:(704.8, 30.0)(704.8, 77.1)(704.6, 77.1)(704.6, 92.7)(540.5, 92.7)(540.5, 30.0);GATE
Port:(540.5, 41.8)(544.6, 41.8)(544.6, 80.9)(540.5, 80.9);SD
Port:(704.8, 30.0)(704.8, 77.1)(704.6, 77.1)(704.6, 92.7)(546.4, 92.7)(546.4, 30.0);GATE
Port:(694.7, 35.5)(700.3, 35.5)(700.3, 71.6)(694.7, 71.6);SD
Module:M6
Boundary:(97.6, 192.7)(97.6, 237.6)(97.5, 237.6)(97.5, 253.0)(10.0, 253.0)(10.0, 192.7);GATE
Port:(10.0, 204.3)(15.0, 204.3)(15.0, 241.4)(10.0, 241.4);SD
Port:(97.6, 192.7)(97.6, 237.6)(97.5, 237.6)(97.5, 253.0)(16.6, 253.0)(16.6, 192.7);GATE
Port:(89.0, 198.2)(93.1, 198.2)(93.1, 232.1)(89.0, 232.1);SD
Module:M2
Boundary:(852.6, 144.4)(852.6, 208.7)(709.0, 208.7)(709.0, 144.4);GATE
Port:(709.0, 158.8)(713.2, 158.8)(713.2, 194.3)(709.0, 194.3);SD
Port:(852.6, 144.4)(852.6, 208.7)(715.4, 208.7)(715.4, 144.4);GATE
Port:(840.0, 151.0)(847.0, 151.0)(847.0, 202.1)(840.0, 202.1);SD
Module:M16
Boundary:(461.4, 273.0)(461.4, 345.2)(337.6, 345.2)(337.6, 273.0);GATE
Port:(337.6, 287.1)(342.6, 287.1)(342.6, 331.1)(337.6, 331.1);SD
Port:(461.4, 273.0)(461.4, 345.2)(344.3, 345.2)(344.3, 273.0);GATE
Port:(450.5, 278.3)(457.1, 278.3)(457.1, 339.9)(450.5, 339.9);SD
Module:M13
Boundary:(679.0, 132.7)(679.0, 256.3)(484.8, 256.3)(484.8, 132.7);GATE
Port:(484.8, 147.7)(490.5, 147.7)(490.5, 241.3)(484.8, 241.3);SD
Port:(679.0, 132.7)(679.0, 256.3)(493.3, 256.3)(493.3, 132.7);GATE
Port:(667.3, 139.3)(673.4, 139.3)(673.4, 249.7)(667.3, 249.7);SD
Module:M10
Boundary:(675.1, 276.3)(675.1, 328.9)(674.9, 328.9)(674.9, 345.4)(481.4, 345.4)(481.4, 276.3);GATE
Port:(481.4, 291.0)(487.3, 291.0)(487.3, 330.7)(481.4, 330.7);SD
Port:(675.1, 276.3)(675.1, 328.9)(674.9, 328.9)(674.9, 345.4)(488.9, 345.4)(488.9, 276.3);GATE
Port:(662.9, 283.2)(669.2, 283.2)(669.2, 322.0)(662.9, 322.0);SD
Module:M7
Boundary:(247.0, 20.0)(307.7, 20.0)(307.7, 168.0)(247.0, 168.0);GATE
Port:(260.1, 163.0)(294.6, 163.0)(294.6, 168.0)(260.1, 168.0);SD
Port:(247.0, 20.0)(307.7, 20.0)(307.7, 160.6)(247.0, 160.6);GATE
Port:(253.6, 25.6)(301.1, 25.6)(301.1, 31.1)(253.6, 31.1);SD
Module:M3
Boundary:(10.0, 10.0)(43.6, 10.0)(43.6, 10.1)(58.1, 10.1)(58.1, 172.7)(10.0, 172.7);GATE
Port:(23.1, 167.0)(45.0, 167.0)(45.0, 172.7)(23.1, 172.7);SD
Port:(10.0, 10.0)(43.6, 10.0)(43.6, 10.1)(58.1, 10.1)(58.1, 165.7)(10.0, 165.7);GATE
Port:(16.2, 15.2)(37.4, 15.2)(37.4, 21.3)(16.2, 21.3);SD
Module:M15
Boundary:(500.5, 10.0)(500.5, 91.7)(500.1, 91.7)(500.1, 107.8)(428.7, 107.8)(428.7, 10.0);GATE
Port:(428.7, 23.2)(433.0, 23.2)(433.0, 94.6)(428.7, 94.6);SD
Port:(500.5, 10.0)(500.5, 91.7)(500.1, 91.7)(500.1, 107.8)(435.8, 107.8)(435.8, 10.0);GATE
Port:(490.0, 15.3)(496.2, 15.3)(496.2, 86.4)(490.0, 86.4);SD
Module:M12
Boundary:(853.2, 10.0)(853.2, 99.6)(853.0, 99.6)(853.0, 114.4)(744.8, 114.4)(744.8, 10.0);GATE
Port:(744.8, 21.9)(749.1, 21.9)(749.1, 102.5)(744.8, 102.5);SD
Port:(853.2, 10.0)(853.2, 99.6)(853.0, 99.6)(853.0, 114.4)(751.3, 114.4)(751.3, 10.0);GATE
Port:(843.8, 15.0)(849.2, 15.0)(849.2, 94.6)(843.8, 94.6);SD
Module:M8
Boundary:(347.7, 137.8)(454.8, 137.8)(454.8, 243.0)(347.7, 243.0);GATE
Port:(361.0, 238.9)(441.5, 238.9)(441.5, 243.0)(361.0, 243.0);SD
Port:(347.7, 137.8)(454.8, 137.8)(454.8, 236.0)(347.7, 236.0);GATE
Port:(353.3, 142.4)(449.2, 142.4)(449.2, 148.0)(353.3, 148.0);SD
Module:M4
Boundary:(850.0, 248.7)(850.0, 315.9)(850.0, 315.9)(850.0, 332.7)(709.0, 332.7)(709.0, 248.7);GATE
Port:(709.0, 262.1)(714.8, 262.1)(714.8, 319.3)(709.0, 319.3);SD
Port:(850.0, 248.7)(850.0, 315.9)(850.0, 315.9)(850.0, 332.7)(716.8, 332.7)(716.8, 248.7);GATE
Port:(839.6, 253.9)(845.8, 253.9)(845.8, 310.7)(839.6, 310.7);SD
