Area:(-30.0, -30.0)(660.7, -30.0)(660.7, 564.8)(-30.0, 564.8)
Rule:GATE(5,5);SD(5,5);GATE_SD(0.5);GATE_ITO(0.5);SD_ITO(0.5)
Module:M14
Boundary:(422.8, 156.5)(422.8, 225.4)(422.6, 225.4)(422.6, 241.8)(232.8, 241.8)(232.8, 156.5);GATE
Port:(232.8, 170.9)(238.8, 170.9)(238.8, 227.4)(232.8, 227.4);SD
Port:(422.8, 156.5)(422.8, 225.4)(422.6, 225.4)(422.6, 241.8)(240.8, 241.8)(240.8, 156.5);GATE
Port:(411.0, 163.3)(417.0, 163.3)(417.0, 218.6)(411.0, 218.6);SD
Module:M9
Boundary:(529.5, 10.0)(529.5, 116.5)(410.6, 116.5)(410.6, 10.0);GATE
Port:(410.6, 23.8)(416.3, 23.8)(416.3, 102.7)(410.6, 102.7);SD
Port:(529.5, 10.0)(529.5, 116.5)(418.5, 116.5)(418.5, 10.0);GATE
Port:(518.0, 16.0)(524.5, 16.0)(524.5, 110.5)(518.0, 110.5);SD
Module:M5
Boundary:(604.1, 295.6)(604.1, 376.3)(603.7, 376.3)(603.7, 392.3)(476.5, 392.3)(476.5, 295.6);GATE
Port:(476.5, 308.3)(480.8, 308.3)(480.8, 379.6)(476.5, 379.6);SD
Port:(604.1, 295.6)(604.1, 376.3)(603.7, 376.3)(603.7, 392.3)(483.0, 392.3)(483.0, 295.6);GATE
Port:(593.7, 301.2)(599.5, 301.2)(599.5, 370.7)(593.7, 370.7);SD
Module:M11
Boundary:(10.0, 10.0)(42.8, 10.0)(42.8, 10.1)(60.8, 10.1)(60.8, 151.7)(10.0, 151.7);GATE
Port:(22.6, 147.4)(48.2, 147.4)(48.2, 151.7)(22.6, 151.7);SD
Port:(10.0, 10.0)(42.8, 10.0)(42.8, 10.1)(60.8, 10.1)(60.8, 145.8)(10.0, 145.8);GATE
Port:(15.3, 14.3)(37.5, 14.3)(37.5, 19.2)(15.3, 19.2);SD
Module:M1
Boundary:(374.7, 414.1)(374.7, 501.4)(232.8, 501.4)(232.8, 414.1);GATE
Port:(232.8, 425.3)(237.2, 425.3)(237.2, 490.2)(232.8, 490.2);SD
Port:(374.7, 414.1)(374.7, 501.4)(239.2, 501.4)(239.2, 414.1);GATE
Port:(365.2, 420.0)(369.8, 420.0)(369.8, 495.5)(365.2, 495.5);SD
Module:M6
Boundary:(601.7, 422.3)(601.7, 524.5)(414.7, 524.5)(414.7, 422.3);GATE
Port:(414.7, 435.8)(419.6, 435.8)(419.6, 511.0)(414.7, 511.0);SD
Port:(601.7, 422.3)(601.7, 524.5)(422.3, 524.5)(422.3, 422.3);GATE
Port:(590.9, 428.4)(596.6, 428.4)(596.6, 518.4)(590.9, 518.4);SD
Module:M2
Boundary:(175.0, 231.7)(175.0, 311.9)(20.0, 311.9)(20.0, 231.7);GATE
Port:(20.0, 245.0)(25.7, 245.0)(25.7, 298.6)(20.0, 298.6);SD
Port:(175.0, 231.7)(175.0, 311.9)(27.3, 311.9)(27.3, 231.7);GATE
Port:(163.9, 238.2)(169.5, 238.2)(169.5, 305.4)(163.9, 305.4);SD
Module:M16
Boundary:(528.8, 150.7)(605.8, 150.7)(605.8, 150.9)(620.7, 150.9)(620.7, 265.6)(528.8, 265.6);GATE
Port:(541.7, 260.3)(607.8, 260.3)(607.8, 265.6)(541.7, 265.6);SD
Port:(528.8, 150.7)(605.8, 150.7)(605.8, 150.9)(620.7, 150.9)(620.7, 258.9)(528.8, 258.9);GATE
Port:(534.8, 155.7)(599.8, 155.7)(599.8, 161.2)(534.8, 161.2);SD
Module:M13
Boundary:(549.5, 10.0)(619.2, 10.0)(619.2, 130.7)(549.5, 130.7);GATE
Port:(563.3, 125.5)(605.4, 125.5)(605.4, 130.7)(563.3, 130.7);SD
Port:(549.5, 10.0)(619.2, 10.0)(619.2, 123.6)(549.5, 123.6);GATE
Port:(556.4, 15.9)(612.3, 15.9)(612.3, 20.7)(556.4, 20.7);SD
Module:M10
Boundary:(367.0, 281.8)(446.5, 281.8)(446.5, 374.1)(367.0, 374.1);GATE
Port:(379.2, 369.2)(434.3, 369.2)(434.3, 374.1)(379.2, 374.1);SD
Port:(367.0, 281.8)(446.5, 281.8)(446.5, 366.7)(367.0, 366.7);GATE
Port:(372.2, 286.0)(441.3, 286.0)(441.3, 291.4)(372.2, 291.4);SD
Module:M7
Boundary:(90.8, 20.0)(161.5, 20.0)(161.5, 20.3)(179.1, 20.3)(179.1, 191.7)(90.8, 191.7);GATE
Port:(104.8, 186.4)(165.1, 186.4)(165.1, 191.7)(104.8, 191.7);SD
Port:(90.8, 20.0)(161.5, 20.0)(161.5, 20.3)(179.1, 20.3)(179.1, 185.0)(90.8, 185.0);GATE
Port:(96.2, 24.4)(156.1, 24.4)(156.1, 31.4)(96.2, 31.4);SD
Module:M3
Boundary:(390.6, 10.0)(390.6, 112.2)(209.1, 112.2)(209.1, 10.0);GATE
Port:(209.1, 23.6)(213.2, 23.6)(213.2, 98.6)(209.1, 98.6);SD
Port:(390.6, 10.0)(390.6, 112.2)(215.8, 112.2)(215.8, 10.0);GATE
Port:(379.9, 15.6)(386.0, 15.6)(386.0, 106.6)(379.9, 106.6);SD
Module:M15
Boundary:(462.8, 136.5)(493.8, 136.5)(493.8, 136.6)(508.8, 136.6)(508.8, 231.4)(462.8, 231.4);GATE
Port:(474.3, 226.3)(497.3, 226.3)(497.3, 231.4)(474.3, 231.4);SD
Port:(462.8, 136.5)(493.8, 136.5)(493.8, 136.6)(508.8, 136.6)(508.8, 224.4)(462.8, 224.4);GATE
Port:(467.9, 140.6)(488.7, 140.6)(488.7, 146.4)(467.9, 146.4);SD
Module:M12
Boundary:(182.8, 459.2)(182.8, 509.6)(182.6, 509.6)(182.6, 524.8)(10.0, 524.8)(10.0, 459.2);GATE
Port:(10.0, 473.6)(15.4, 473.6)(15.4, 510.4)(10.0, 510.4);SD
Port:(182.8, 459.2)(182.8, 509.6)(182.6, 509.6)(182.6, 524.8)(16.6, 524.8)(16.6, 459.2);GATE
Port:(170.8, 465.7)(177.3, 465.7)(177.3, 503.1)(170.8, 503.1);SD
Module:M8
Boundary:(182.8, 351.9)(182.8, 414.5)(182.4, 414.5)(182.4, 429.2)(20.0, 429.2)(20.0, 351.9);GATE
Port:(20.0, 365.3)(24.1, 365.3)(24.1, 415.8)(20.0, 415.8);SD
Port:(182.8, 351.9)(182.8, 414.5)(182.4, 414.5)(182.4, 429.2)(25.7, 429.2)(25.7, 351.9);GATE
Port:(171.9, 358.3)(177.4, 358.3)(177.4, 408.1)(171.9, 408.1);SD
Module:M4
Boundary:(337.0, 291.8)(337.0, 330.6)(336.9, 330.6)(336.9, 348.9)(222.8, 348.9)(222.8, 291.8);GATE
Port:(222.8, 307.2)(227.0, 307.2)(227.0, 333.5)(222.8, 333.5);SD
Port:(337.0, 291.8)(337.0, 330.6)(336.9, 330.6)(336.9, 348.9)(229.1, 348.9)(229.1, 291.8);GATE
Port:(324.4, 297.7)(332.1, 297.7)(332.1, 324.7)(324.4, 324.7);SD
