Area:(-30.0, -30.0)(550.5, -30.0)(550.5, 791.3)(-30.0, 791.3)
Rule:GATE(5,5);SD(5,5);GATE_SD(0.5);GATE_ITO(0.5);SD_ITO(0.5)
Module:M14
Boundary:(359.8, 475.9)(359.8, 574.2)(359.8, 574.2)(359.8, 589.9)(203.8, 589.9)(203.8, 475.9);GATE
Port:(203.8, 490.6)(208.0, 490.6)(208.0, 575.2)(203.8, 575.2);SD
Port:(359.8, 475.9)(359.8, 574.2)(359.8, 574.2)(359.8, 589.9)(210.5, 589.9)(210.5, 475.9);GATE
Port:(347.6, 482.6)(354.1, 482.6)(354.1, 567.5)(347.6, 567.5);SD
Module:M9
Boundary:(163.8, 484.1)(163.8, 530.5)(10.0, 530.5)(10.0, 484.1);GATE
Port:(10.0, 497.2)(14.7, 497.2)(14.7, 517.4)(10.0, 517.4);SD
Port:(163.8, 484.1)(163.8, 530.5)(16.7, 530.5)(16.7, 484.1);GATE
Port:(152.2, 490.0)(158.9, 490.0)(158.9, 524.6)(152.2, 524.6);SD
Module:M5
Boundary:(20.0, 262.0)(73.5, 262.0)(73.5, 454.1)(20.0, 454.1);GATE
Port:(34.7, 449.4)(58.8, 449.4)(58.8, 454.1)(34.7, 454.1);SD
Port:(20.0, 262.0)(73.5, 262.0)(73.5, 447.4)(20.0, 447.4);GATE
Port:(27.0, 268.0)(66.5, 268.0)(66.5, 274.2)(27.0, 274.2);SD
Module:M11
Boundary:(413.3, 325.7)(413.3, 435.9)(247.1, 435.9)(247.1, 325.7);GATE
Port:(247.1, 339.5)(251.9, 339.5)(251.9, 422.1)(247.1, 422.1);SD
Port:(413.3, 325.7)(413.3, 435.9)(254.8, 435.9)(254.8, 325.7);GATE
Port:(402.9, 330.9)(409.1, 330.9)(409.1, 430.7)(402.9, 430.7);SD
Module:M1
Boundary:(231.2, 655.4)(231.2, 736.8)(30.0, 736.8)(30.0, 655.4);GATE
Port:(30.0, 669.6)(35.9, 669.6)(35.9, 722.6)(30.0, 722.6);SD
Port:(231.2, 655.4)(231.2, 736.8)(38.8, 736.8)(38.8, 655.4);GATE
Port:(219.7, 662.3)(225.3, 662.3)(225.3, 729.9)(219.7, 729.9);SD
Module:M6
Boundary:(399.8, 459.4)(493.5, 459.4)(493.5, 459.7)(508.6, 459.7)(508.6, 594.1)(399.8, 594.1);GATE
Port:(412.7, 589.4)(495.7, 589.4)(495.7, 594.1)(412.7, 594.1);SD
Port:(399.8, 459.4)(493.5, 459.4)(493.5, 459.7)(508.6, 459.7)(508.6, 588.0)(399.8, 588.0);GATE
Port:(406.1, 464.7)(487.2, 464.7)(487.2, 470.2)(406.1, 470.2);SD
Module:M2
Boundary:(20.0, 127.7)(118.6, 127.7)(118.6, 222.0)(20.0, 222.0);GATE
Port:(32.5, 216.6)(106.1, 216.6)(106.1, 222.0)(32.5, 222.0);SD
Port:(20.0, 127.7)(118.6, 127.7)(118.6, 213.8)(20.0, 213.8);GATE
Port:(26.6, 133.3)(112.0, 133.3)(112.0, 138.3)(26.6, 138.3);SD
Module:M16
Boundary:(423.9, 239.1)(423.9, 305.7)(286.1, 305.7)(286.1, 239.1);GATE
Port:(286.1, 253.0)(290.3, 253.0)(290.3, 291.8)(286.1, 291.8);SD
Port:(423.9, 239.1)(423.9, 305.7)(291.5, 305.7)(291.5, 239.1);GATE
Port:(412.6, 244.1)(419.9, 244.1)(419.9, 300.7)(412.6, 300.7);SD
Module:M13
Boundary:(403.8, 10.0)(506.9, 10.0)(506.9, 219.1)(403.8, 219.1);GATE
Port:(418.3, 213.2)(492.4, 213.2)(492.4, 219.1)(418.3, 219.1);SD
Port:(403.8, 10.0)(506.9, 10.0)(506.9, 211.0)(403.8, 211.0);GATE
Port:(410.1, 15.3)(500.6, 15.3)(500.6, 22.0)(410.1, 22.0);SD
Module:M10
Boundary:(443.9, 239.1)(510.5, 239.1)(510.5, 439.4)(443.9, 439.4);GATE
Port:(458.0, 434.7)(496.4, 434.7)(496.4, 439.4)(458.0, 439.4);SD
Port:(443.9, 239.1)(510.5, 239.1)(510.5, 431.7)(443.9, 431.7);GATE
Port:(449.2, 243.4)(505.2, 243.4)(505.2, 250.6)(449.2, 250.6);SD
Module:M7
Boundary:(124.3, 20.0)(124.3, 71.3)(124.1, 71.3)(124.1, 87.7)(20.0, 87.7)(20.0, 20.0);GATE
Port:(20.0, 33.9)(24.5, 33.9)(24.5, 73.8)(20.0, 73.8);SD
Port:(124.3, 20.0)(124.3, 71.3)(124.1, 71.3)(124.1, 87.7)(27.1, 87.7)(27.1, 20.0);GATE
Port:(113.1, 26.4)(118.9, 26.4)(118.9, 64.9)(113.1, 64.9);SD
Module:M3
Boundary:(154.3, 10.0)(250.2, 10.0)(250.2, 10.3)(266.1, 10.3)(266.1, 231.3)(154.3, 231.3);GATE
Port:(166.8, 225.9)(253.6, 225.9)(253.6, 231.3)(166.8, 231.3);SD
Port:(154.3, 10.0)(250.2, 10.0)(250.2, 10.3)(266.1, 10.3)(266.1, 224.9)(154.3, 224.9);GATE
Port:(159.5, 14.2)(245.0, 14.2)(245.0, 20.2)(159.5, 20.2);SD
Module:M15
Boundary:(286.1, 10.0)(383.8, 10.0)(383.8, 183.6)(286.1, 183.6);GATE
Port:(296.9, 179.2)(373.0, 179.2)(373.0, 183.6)(296.9, 183.6);SD
Port:(286.1, 10.0)(383.8, 10.0)(383.8, 177.1)(286.1, 177.1);GATE
Port:(291.3, 14.2)(378.6, 14.2)(378.6, 19.1)(291.3, 19.1);SD
Module:M12
Boundary:(149.3, 550.5)(149.3, 615.4)(10.0, 615.4)(10.0, 550.5);GATE
Port:(10.0, 563.2)(15.4, 563.2)(15.4, 602.7)(10.0, 602.7);SD
Port:(149.3, 550.5)(149.3, 615.4)(17.7, 615.4)(17.7, 550.5);GATE
Port:(139.6, 556.0)(144.8, 556.0)(144.8, 609.9)(139.6, 609.9);SD
Module:M8
Boundary:(113.5, 262.0)(200.3, 262.0)(200.3, 262.1)(217.1, 262.1)(217.1, 411.0)(113.5, 411.0);GATE
Port:(127.9, 405.3)(202.7, 405.3)(202.7, 411.0)(127.9, 411.0);SD
Port:(113.5, 262.0)(200.3, 262.0)(200.3, 262.1)(217.1, 262.1)(217.1, 403.5)(113.5, 403.5);GATE
Port:(120.1, 267.6)(193.7, 267.6)(193.7, 273.6)(120.1, 273.6);SD
Module:M4
Boundary:(469.8, 639.9)(469.8, 751.3)(281.2, 751.3)(281.2, 639.9);GATE
Port:(281.2, 653.3)(286.3, 653.3)(286.3, 737.9)(281.2, 737.9);SD
Port:(469.8, 639.9)(469.8, 751.3)(288.0, 751.3)(288.0, 639.9);GATE
Port:(458.8, 646.1)(464.6, 646.1)(464.6, 745.1)(458.8, 745.1);SD
