Area:(-30.0, -30.0)(418.4, -30.0)(418.4, 974.8)(-30.0, 974.8)
Rule:GATE(5,5);SD(5,5);GATE_SD(0.5);GATE_ITO(0.5);SD_ITO(0.5)
Module:M14
Boundary:(356.9, 485.5)(356.9, 545.5)(356.6, 545.5)(356.6, 559.9)(134.8, 559.9)(134.8, 485.5);GATE
Port:(134.8, 497.5)(139.2, 497.5)(139.2, 547.9)(134.8, 547.9);SD
Port:(356.9, 485.5)(356.9, 545.5)(356.6, 545.5)(356.6, 559.9)(142.0, 559.9)(142.0, 485.5);GATE
Port:(346.9, 491.8)(351.6, 491.8)(351.6, 539.2)(346.9, 539.2);SD
Module:M9
Boundary:(10.0, 436.8)(94.8, 436.8)(94.8, 616.9)(10.0, 616.9);GATE
Port:(25.1, 611.2)(79.7, 611.2)(79.7, 616.9)(25.1, 616.9);SD
Port:(10.0, 436.8)(94.8, 436.8)(94.8, 608.6)(10.0, 608.6);GATE
Port:(16.6, 442.4)(88.2, 442.4)(88.2, 449.0)(16.6, 449.0);SD
Module:M5
Boundary:(352.9, 153.4)(352.9, 232.7)(352.9, 232.7)(352.9, 248.0)(221.3, 248.0)(221.3, 153.4);GATE
Port:(221.3, 166.8)(225.5, 166.8)(225.5, 234.6)(221.3, 234.6);SD
Port:(352.9, 153.4)(352.9, 232.7)(352.9, 232.7)(352.9, 248.0)(226.8, 248.0)(226.8, 153.4);GATE
Port:(341.8, 159.4)(347.9, 159.4)(347.9, 226.7)(341.8, 226.7);SD
Module:M11
Boundary:(205.0, 10.0)(274.5, 10.0)(274.5, 10.1)(290.2, 10.1)(290.2, 120.5)(205.0, 120.5);GATE
Port:(220.2, 114.6)(275.0, 114.6)(275.0, 120.5)(220.2, 120.5);SD
Port:(205.0, 10.0)(274.5, 10.0)(274.5, 10.1)(290.2, 10.1)(290.2, 113.0)(205.0, 113.0);GATE
Port:(211.9, 15.9)(267.6, 15.9)(267.6, 23.6)(211.9, 23.6);SD
Module:M1
Boundary:(339.8, 619.9)(339.8, 671.8)(339.6, 671.8)(339.6, 688.2)(188.0, 688.2)(188.0, 619.9);GATE
Port:(188.0, 634.2)(192.9, 634.2)(192.9, 673.9)(188.0, 673.9);SD
Port:(339.8, 619.9)(339.8, 671.8)(339.6, 671.8)(339.6, 688.2)(195.4, 688.2)(195.4, 619.9);GATE
Port:(327.9, 625.8)(334.9, 625.8)(334.9, 665.9)(327.9, 665.9);SD
Module:M6
Boundary:(10.0, 273.1)(76.0, 273.1)(76.0, 273.4)(88.7, 273.4)(88.7, 416.8)(10.0, 416.8);GATE
Port:(20.9, 412.5)(77.8, 412.5)(77.8, 416.8)(20.9, 416.8);SD
Port:(10.0, 273.1)(76.0, 273.1)(76.0, 273.4)(88.7, 273.4)(88.7, 411.3)(10.0, 411.3);GATE
Port:(15.3, 277.4)(70.7, 277.4)(70.7, 282.2)(15.3, 282.2);SD
Module:M2
Boundary:(339.4, 831.1)(339.4, 927.6)(133.0, 927.6)(133.0, 831.1);GATE
Port:(133.0, 843.8)(138.5, 843.8)(138.5, 914.9)(133.0, 914.9);SD
Port:(339.4, 831.1)(339.4, 927.6)(139.5, 927.6)(139.5, 831.1);GATE
Port:(329.1, 837.1)(334.4, 837.1)(334.4, 921.6)(329.1, 921.6);SD
Module:M16
Boundary:(310.2, 10.0)(378.4, 10.0)(378.4, 123.4)(310.2, 123.4);GATE
Port:(324.0, 119.2)(364.6, 119.2)(364.6, 123.4)(324.0, 123.4);SD
Port:(310.2, 10.0)(378.4, 10.0)(378.4, 117.5)(310.2, 117.5);GATE
Port:(316.6, 15.4)(372.0, 15.4)(372.0, 21.5)(316.6, 21.5);SD
Module:M13
Boundary:(10.0, 768.6)(88.1, 768.6)(88.1, 768.8)(103.0, 768.8)(103.0, 934.8)(10.0, 934.8);GATE
Port:(23.2, 930.2)(89.8, 930.2)(89.8, 934.8)(23.2, 934.8);SD
Port:(10.0, 768.6)(88.1, 768.6)(88.1, 768.8)(103.0, 768.8)(103.0, 928.5)(10.0, 928.5);GATE
Port:(16.9, 774.5)(81.2, 774.5)(81.2, 780.2)(16.9, 780.2);SD
Module:M10
Boundary:(105.1, 147.6)(174.5, 147.6)(174.5, 147.9)(191.3, 147.9)(191.3, 253.1)(105.1, 253.1);GATE
Port:(119.5, 248.6)(176.9, 248.6)(176.9, 253.1)(119.5, 253.1);SD
Port:(105.1, 147.6)(174.5, 147.6)(174.5, 147.9)(191.3, 147.9)(191.3, 246.9)(105.1, 246.9);GATE
Port:(111.3, 152.8)(168.3, 152.8)(168.3, 158.7)(111.3, 158.7);SD
Module:M7
Boundary:(138.0, 646.9)(138.0, 723.3)(137.9, 723.3)(137.9, 738.6)(20.0, 738.6)(20.0, 646.9);GATE
Port:(20.0, 658.2)(24.4, 658.2)(24.4, 727.3)(20.0, 727.3);SD
Port:(138.0, 646.9)(138.0, 723.3)(137.9, 723.3)(137.9, 738.6)(25.6, 738.6)(25.6, 646.9);GATE
Port:(128.9, 652.9)(133.0, 652.9)(133.0, 717.3)(128.9, 717.3);SD
Module:M3
Boundary:(317.8, 385.9)(317.8, 431.2)(317.6, 431.2)(317.6, 445.5)(114.8, 445.5)(114.8, 385.9);GATE
Port:(114.8, 398.2)(119.3, 398.2)(119.3, 433.2)(114.8, 433.2);SD
Port:(317.8, 385.9)(317.8, 431.2)(317.6, 431.2)(317.6, 445.5)(122.2, 445.5)(122.2, 385.9);GATE
Port:(307.1, 391.3)(313.4, 391.3)(313.4, 425.8)(307.1, 425.8);SD
Module:M15
Boundary:(348.7, 728.2)(348.7, 801.1)(168.0, 801.1)(168.0, 728.2);GATE
Port:(168.0, 740.9)(172.4, 740.9)(172.4, 788.4)(168.0, 788.4);SD
Port:(348.7, 728.2)(348.7, 801.1)(173.9, 801.1)(173.9, 728.2);GATE
Port:(337.6, 734.5)(343.4, 734.5)(343.4, 794.8)(337.6, 794.8);SD
Module:M12
Boundary:(10.0, 10.0)(67.0, 10.0)(67.0, 10.2)(85.1, 10.2)(85.1, 204.2)(10.0, 204.2);GATE
Port:(26.0, 199.2)(69.1, 199.2)(69.1, 204.2)(26.0, 204.2);SD
Port:(10.0, 10.0)(67.0, 10.0)(67.0, 10.2)(85.1, 10.2)(85.1, 197.8)(10.0, 197.8);GATE
Port:(17.0, 16.0)(60.0, 16.0)(60.0, 22.7)(17.0, 22.7);SD
Module:M8
Boundary:(115.1, 20.0)(175.0, 20.0)(175.0, 117.6)(115.1, 117.6);GATE
Port:(127.3, 111.9)(162.8, 111.9)(162.8, 117.6)(127.3, 117.6);SD
Port:(115.1, 20.0)(175.0, 20.0)(175.0, 109.2)(115.1, 109.2);GATE
Port:(121.3, 25.2)(168.8, 25.2)(168.8, 30.0)(121.3, 30.0);SD
Module:M4
Boundary:(312.0, 288.0)(312.0, 355.9)(118.7, 355.9)(118.7, 288.0);GATE
Port:(118.7, 302.2)(123.6, 302.2)(123.6, 341.7)(118.7, 341.7);SD
Port:(312.0, 288.0)(312.0, 355.9)(125.5, 355.9)(125.5, 288.0);GATE
Port:(299.5, 293.9)(307.1, 293.9)(307.1, 350.0)(299.5, 350.0);SD
