Area:(-30.0, -30.0)(680.2, -30.0)(680.2, 603.7)(-30.0, 603.7)
Rule:GATE(5,5);SD(5,5);GATE_SD(0.5);GATE_ITO(0.5);SD_ITO(0.5)
Module:M14
Boundary:(246.5, 277.0)(339.3, 277.0)(339.3, 277.3)(354.7, 277.3)(354.7, 412.2)(246.5, 412.2);GATE
Port:(258.3, 407.8)(342.9, 407.8)(342.9, 412.2)(258.3, 412.2);SD
Port:(246.5, 277.0)(339.3, 277.0)(339.3, 277.3)(354.7, 277.3)(354.7, 406.5)(246.5, 406.5);GATE
Port:(251.7, 281.2)(334.1, 281.2)(334.1, 286.5)(251.7, 286.5);SD
Module:M9
Boundary:(10.0, 372.8)(130.5, 372.8)(130.5, 556.8)(10.0, 556.8);GATE
Port:(23.9, 551.0)(116.6, 551.0)(116.6, 556.8)(23.9, 556.8);SD
Port:(10.0, 372.8)(130.5, 372.8)(130.5, 548.4)(10.0, 548.4);GATE
Port:(15.0, 376.8)(125.5, 376.8)(125.5, 383.6)(15.0, 383.6);SD
Module:M5
Boundary:(540.5, 214.3)(627.0, 214.3)(627.0, 331.4)(540.5, 331.4);GATE
Port:(552.8, 327.1)(614.7, 327.1)(614.7, 331.4)(552.8, 331.4);SD
Port:(540.5, 214.3)(627.0, 214.3)(627.0, 326.0)(540.5, 326.0);GATE
Port:(545.8, 218.6)(621.7, 218.6)(621.7, 223.4)(545.8, 223.4);SD
Module:M11
Boundary:(394.7, 210.3)(494.7, 210.3)(494.7, 210.5)(510.5, 210.5)(510.5, 392.8)(394.7, 392.8);GATE
Port:(409.9, 388.2)(495.3, 388.2)(495.3, 392.8)(409.9, 392.8);SD
Port:(394.7, 210.3)(494.7, 210.3)(494.7, 210.5)(510.5, 210.5)(510.5, 385.4)(394.7, 385.4);GATE
Port:(401.5, 216.1)(487.9, 216.1)(487.9, 223.2)(401.5, 223.2);SD
Module:M1
Boundary:(368.5, 472.2)(368.5, 529.1)(368.3, 529.1)(368.3, 542.5)(170.5, 542.5)(170.5, 472.2);GATE
Port:(170.5, 484.1)(174.8, 484.1)(174.8, 530.6)(170.5, 530.6);SD
Port:(368.5, 472.2)(368.5, 529.1)(368.3, 529.1)(368.3, 542.5)(176.1, 542.5)(176.1, 472.2);GATE
Port:(358.5, 478.1)(363.6, 478.1)(363.6, 523.2)(358.5, 523.2);SD
Module:M6
Boundary:(362.1, 10.0)(362.1, 110.6)(164.1, 110.6)(164.1, 10.0);GATE
Port:(164.1, 23.6)(168.3, 23.6)(168.3, 97.0)(164.1, 97.0);SD
Port:(362.1, 10.0)(362.1, 110.6)(171.2, 110.6)(171.2, 10.0);GATE
Port:(350.7, 15.5)(357.6, 15.5)(357.6, 105.1)(350.7, 105.1);SD
Module:M2
Boundary:(392.1, 20.0)(442.6, 20.0)(442.6, 20.1)(459.0, 20.1)(459.0, 180.3)(392.1, 180.3);GATE
Port:(405.3, 175.7)(445.8, 175.7)(445.8, 180.3)(405.3, 180.3);SD
Port:(392.1, 20.0)(442.6, 20.0)(442.6, 20.1)(459.0, 20.1)(459.0, 173.8)(392.1, 173.8);GATE
Port:(397.9, 24.8)(436.8, 24.8)(436.8, 30.9)(397.9, 30.9);SD
Module:M16
Boundary:(150.5, 271.8)(206.5, 271.8)(206.5, 423.7)(150.5, 423.7);GATE
Port:(165.9, 419.3)(191.1, 419.3)(191.1, 423.7)(165.9, 423.7);SD
Port:(150.5, 271.8)(206.5, 271.8)(206.5, 416.8)(150.5, 416.8);GATE
Port:(157.0, 277.3)(200.0, 277.3)(200.0, 284.6)(157.0, 284.6);SD
Module:M13
Boundary:(408.5, 412.8)(487.9, 412.8)(487.9, 563.7)(408.5, 563.7);GATE
Port:(421.7, 558.4)(474.7, 558.4)(474.7, 563.7)(421.7, 563.7);SD
Port:(408.5, 412.8)(487.9, 412.8)(487.9, 557.0)(408.5, 557.0);GATE
Port:(414.2, 417.5)(482.2, 417.5)(482.2, 423.5)(414.2, 423.5);SD
Module:M10
Boundary:(127.6, 271.8)(127.6, 352.8)(10.0, 352.8)(10.0, 271.8);GATE
Port:(10.0, 285.2)(15.0, 285.2)(15.0, 339.4)(10.0, 339.4);SD
Port:(127.6, 271.8)(127.6, 352.8)(17.3, 352.8)(17.3, 271.8);GATE
Port:(116.8, 277.4)(123.0, 277.4)(123.0, 347.2)(116.8, 347.2);SD
Module:M7
Boundary:(130.1, 174.5)(130.1, 225.8)(129.9, 225.8)(129.9, 241.8)(20.0, 241.8)(20.0, 174.5);GATE
Port:(20.0, 188.9)(24.2, 188.9)(24.2, 227.4)(20.0, 227.4);SD
Port:(130.1, 174.5)(130.1, 225.8)(129.9, 225.8)(129.9, 241.8)(26.7, 241.8)(26.7, 174.5);GATE
Port:(118.7, 180.8)(124.8, 180.8)(124.8, 219.5)(118.7, 219.5);SD
Module:M3
Boundary:(572.4, 10.0)(624.1, 10.0)(624.1, 10.3)(640.2, 10.3)(640.2, 179.3)(572.4, 179.3);GATE
Port:(586.9, 174.6)(625.7, 174.6)(625.7, 179.3)(586.9, 179.3);SD
Port:(572.4, 10.0)(624.1, 10.0)(624.1, 10.3)(640.2, 10.3)(640.2, 172.1)(572.4, 172.1);GATE
Port:(578.6, 15.2)(617.9, 15.2)(617.9, 21.3)(578.6, 21.3);SD
Module:M15
Boundary:(530.5, 361.4)(631.7, 361.4)(631.7, 562.7)(530.5, 562.7);GATE
Port:(544.5, 558.5)(617.7, 558.5)(617.7, 562.7)(544.5, 562.7);SD
Port:(530.5, 361.4)(631.7, 361.4)(631.7, 556.4)(530.5, 556.4);GATE
Port:(536.9, 366.8)(625.3, 366.8)(625.3, 373.1)(536.9, 373.1);SD
Module:M12
Boundary:(489.0, 10.0)(537.2, 10.0)(537.2, 10.1)(552.4, 10.1)(552.4, 184.3)(489.0, 184.3);GATE
Port:(501.6, 179.1)(539.8, 179.1)(539.8, 184.3)(501.6, 184.3);SD
Port:(489.0, 10.0)(537.2, 10.0)(537.2, 10.1)(552.4, 10.1)(552.4, 177.5)(489.0, 177.5);GATE
Port:(494.6, 14.6)(531.6, 14.6)(531.6, 21.0)(494.6, 21.0);SD
Module:M8
Boundary:(20.0, 20.0)(115.4, 20.0)(115.4, 20.5)(134.1, 20.5)(134.1, 134.5)(20.0, 134.5);GATE
Port:(36.0, 128.8)(118.1, 128.8)(118.1, 134.5)(36.0, 134.5);SD
Port:(20.0, 20.0)(115.4, 20.0)(115.4, 20.5)(134.1, 20.5)(134.1, 126.0)(20.0, 126.0);GATE
Port:(26.3, 25.3)(109.1, 25.3)(109.1, 32.5)(26.3, 32.5);SD
Module:M4
Boundary:(339.4, 140.6)(339.4, 227.0)(174.1, 227.0)(174.1, 140.6);GATE
Port:(174.1, 152.7)(179.7, 152.7)(179.7, 214.9)(174.1, 214.9);SD
Port:(339.4, 140.6)(339.4, 227.0)(182.0, 227.0)(182.0, 140.6);GATE
Port:(329.4, 145.8)(335.2, 145.8)(335.2, 221.8)(329.4, 221.8);SD
