Area:(-30.0, -10.0)(453.2, -10.0)(453.2, 847.1)(-30.0, 847.1)
Rule:GATE(5,5);SD(5,5);GATE_SD(0.5);GATE_ITO(0.5);SD_ITO(0.5)
Module:M14
Boundary:(250.5, 30.0)(250.5, 125.2)(30.0, 125.2)(30.0, 30.0);GATE
Port:(30.0, 43.0)(35.5, 43.0)(35.5, 112.2)(30.0, 112.2);SD
Port:(250.5, 30.0)(250.5, 125.2)(37.6, 125.2)(37.6, 30.0);GATE
Port:(239.6, 35.3)(246.2, 35.3)(246.2, 119.9)(239.6, 119.9);SD
Module:M9
Boundary:(164.4, 714.3)(164.4, 792.3)(164.0, 792.3)(164.0, 807.1)(10.0, 807.1)(10.0, 714.3);GATE
Port:(10.0, 727.8)(14.8, 727.8)(14.8, 793.6)(10.0, 793.6);SD
Port:(164.4, 714.3)(164.4, 792.3)(164.0, 792.3)(164.0, 807.1)(17.5, 807.1)(17.5, 714.3);GATE
Port:(153.3, 721.2)(158.5, 721.2)(158.5, 785.4)(153.3, 785.4);SD
Module:M5
Boundary:(20.0, 515.8)(104.4, 515.8)(104.4, 516.2)(118.1, 516.2)(118.1, 684.3)(20.0, 684.3);GATE
Port:(31.5, 679.9)(106.6, 679.9)(106.6, 684.3)(31.5, 684.3);SD
Port:(20.0, 515.8)(104.4, 515.8)(104.4, 516.2)(118.1, 516.2)(118.1, 678.6)(20.0, 678.6);GATE
Port:(25.8, 520.6)(98.6, 520.6)(98.6, 525.6)(25.8, 525.6);SD
Module:M11
Boundary:(412.7, 351.1)(412.7, 419.1)(247.8, 419.1)(247.8, 351.1);GATE
Port:(247.8, 362.9)(252.1, 362.9)(252.1, 407.3)(247.8, 407.3);SD
Port:(412.7, 351.1)(412.7, 419.1)(253.6, 419.1)(253.6, 351.1);GATE
Port:(402.6, 357.6)(407.2, 357.6)(407.2, 412.6)(402.6, 412.6);SD
Module:M1
Boundary:(388.4, 30.0)(388.4, 79.5)(388.2, 79.5)(388.2, 95.0)(310.5, 95.0)(310.5, 30.0);GATE
Port:(310.5, 43.7)(315.0, 43.7)(315.0, 81.3)(310.5, 81.3);SD
Port:(388.4, 30.0)(388.4, 79.5)(388.2, 79.5)(388.2, 95.0)(316.8, 95.0)(316.8, 30.0);GATE
Port:(377.3, 36.9)(382.5, 36.9)(382.5, 72.6)(377.3, 72.6);SD
Module:M6
Boundary:(358.1, 563.6)(392.0, 563.6)(392.0, 563.8)(408.6, 563.8)(408.6, 680.6)(358.1, 680.6);GATE
Port:(371.9, 675.1)(394.8, 675.1)(394.8, 680.6)(371.9, 680.6);SD
Port:(358.1, 563.6)(392.0, 563.6)(392.0, 563.8)(408.6, 563.8)(408.6, 674.0)(358.1, 674.0);GATE
Port:(363.8, 568.3)(386.3, 568.3)(386.3, 574.4)(363.8, 574.4);SD
Module:M2
Boundary:(225.4, 175.2)(225.4, 259.8)(225.0, 259.8)(225.0, 276.3)(20.0, 276.3)(20.0, 175.2);GATE
Port:(20.0, 188.8)(25.6, 188.8)(25.6, 262.7)(20.0, 262.7);SD
Port:(225.4, 175.2)(225.4, 259.8)(225.0, 259.8)(225.0, 276.3)(26.8, 276.3)(26.8, 175.2);GATE
Port:(214.6, 182.1)(219.5, 182.1)(219.5, 252.9)(214.6, 252.9);SD
Module:M16
Boundary:(344.0, 439.1)(396.3, 439.1)(396.3, 439.1)(413.2, 439.1)(413.2, 543.6)(344.0, 543.6);GATE
Port:(357.7, 538.6)(399.5, 538.6)(399.5, 543.6)(357.7, 543.6);SD
Port:(344.0, 439.1)(396.3, 439.1)(396.3, 439.1)(413.2, 439.1)(413.2, 536.8)(344.0, 536.8);GATE
Port:(350.9, 445.0)(389.4, 445.0)(389.4, 450.7)(350.9, 450.7);SD
Module:M13
Boundary:(255.4, 165.2)(291.8, 165.2)(291.8, 165.3)(310.2, 165.3)(310.2, 331.1)(255.4, 331.1);GATE
Port:(270.2, 327.0)(295.4, 327.0)(295.4, 331.1)(270.2, 331.1);SD
Port:(255.4, 165.2)(291.8, 165.2)(291.8, 165.3)(310.2, 165.3)(310.2, 325.5)(255.4, 325.5);GATE
Port:(261.4, 170.2)(285.8, 170.2)(285.8, 176.6)(261.4, 176.6);SD
Module:M10
Boundary:(133.6, 404.8)(133.6, 485.8)(10.0, 485.8)(10.0, 404.8);GATE
Port:(10.0, 418.0)(15.7, 418.0)(15.7, 472.6)(10.0, 472.6);SD
Port:(133.6, 404.8)(133.6, 485.8)(17.6, 485.8)(17.6, 404.8);GATE
Port:(122.1, 410.4)(129.0, 410.4)(129.0, 480.2)(122.1, 480.2);SD
Module:M7
Boundary:(385.0, 710.6)(385.0, 797.2)(194.4, 797.2)(194.4, 710.6);GATE
Port:(194.4, 725.0)(199.7, 725.0)(199.7, 782.8)(194.4, 782.8);SD
Port:(385.0, 710.6)(385.0, 797.2)(202.1, 797.2)(202.1, 710.6);GATE
Port:(373.4, 716.7)(379.9, 716.7)(379.9, 791.1)(373.4, 791.1);SD
Module:M3
Boundary:(175.3, 306.3)(211.0, 306.3)(211.0, 306.4)(227.8, 306.4)(227.8, 452.5)(175.3, 452.5);GATE
Port:(189.3, 446.8)(213.8, 446.8)(213.8, 452.5)(189.3, 452.5);SD
Port:(175.3, 306.3)(211.0, 306.3)(211.0, 306.4)(227.8, 306.4)(227.8, 444.5)(175.3, 444.5);GATE
Port:(180.5, 310.5)(205.8, 310.5)(205.8, 318.1)(180.5, 318.1);SD
Module:M15
Boundary:(155.3, 306.3)(155.3, 368.9)(155.0, 368.9)(155.0, 384.8)(10.0, 384.8)(10.0, 306.3);GATE
Port:(10.0, 318.5)(15.5, 318.5)(15.5, 372.6)(10.0, 372.6);SD
Port:(155.3, 306.3)(155.3, 368.9)(155.0, 368.9)(155.0, 384.8)(18.1, 384.8)(18.1, 306.3);GATE
Port:(146.3, 311.6)(151.0, 311.6)(151.0, 363.6)(146.3, 363.6);SD
Module:M12
Boundary:(324.0, 472.5)(324.0, 549.2)(323.7, 549.2)(323.7, 564.0)(153.6, 564.0)(153.6, 472.5);GATE
Port:(153.6, 485.6)(158.7, 485.6)(158.7, 550.9)(153.6, 550.9);SD
Port:(324.0, 472.5)(324.0, 549.2)(323.7, 549.2)(323.7, 564.0)(160.6, 564.0)(160.6, 472.5);GATE
Port:(313.0, 478.5)(319.0, 478.5)(319.0, 543.2)(313.0, 543.2);SD
Module:M8
Boundary:(328.1, 594.0)(328.1, 663.5)(158.1, 663.5)(158.1, 594.0);GATE
Port:(158.1, 607.8)(164.0, 607.8)(164.0, 649.7)(158.1, 649.7);SD
Port:(328.1, 594.0)(328.1, 663.5)(166.8, 663.5)(166.8, 594.0);GATE
Port:(316.8, 599.3)(323.8, 599.3)(323.8, 658.2)(316.8, 658.2);SD
Module:M4
Boundary:(340.2, 145.0)(388.7, 145.0)(388.7, 145.1)(403.8, 145.1)(403.8, 315.2)(340.2, 315.2);GATE
Port:(353.9, 311.0)(390.1, 311.0)(390.1, 315.2)(353.9, 315.2);SD
Port:(340.2, 145.0)(388.7, 145.0)(388.7, 145.1)(403.8, 145.1)(403.8, 309.1)(340.2, 309.1);GATE
Port:(346.4, 150.2)(382.5, 150.2)(382.5, 156.0)(346.4, 156.0);SD
