Area:(-30.0, -30.0)(360.8, -30.0)(360.8, 1004.7)(-30.0, 1004.7)
Rule:GATE(5,5);SD(5,5);GATE_SD(0.5);GATE_ITO(0.5);SD_ITO(0.5)
Module:M14
Boundary:(127.2, 30.0)(172.9, 30.0)(172.9, 30.0)(186.8, 30.0)(186.8, 149.5)(127.2, 149.5);GATE
Port:(139.6, 144.7)(174.4, 144.7)(174.4, 149.5)(139.6, 149.5);SD
Port:(127.2, 30.0)(172.9, 30.0)(172.9, 30.0)(186.8, 30.0)(186.8, 143.4)(127.2, 143.4);GATE
Port:(133.1, 34.9)(167.0, 34.9)(167.0, 40.7)(133.1, 40.7);SD
Module:M9
Boundary:(224.5, 650.1)(320.8, 650.1)(320.8, 812.7)(224.5, 812.7);GATE
Port:(237.5, 808.4)(307.8, 808.4)(307.8, 812.7)(237.5, 812.7);SD
Port:(224.5, 650.1)(320.8, 650.1)(320.8, 807.4)(224.5, 807.4);GATE
Port:(230.2, 654.8)(315.1, 654.8)(315.1, 661.3)(230.2, 661.3);SD
Module:M5
Boundary:(20.0, 160.0)(55.8, 160.0)(55.8, 160.1)(72.2, 160.1)(72.2, 265.2)(20.0, 265.2);GATE
Port:(34.1, 260.1)(58.1, 260.1)(58.1, 265.2)(34.1, 265.2);SD
Port:(20.0, 160.0)(55.8, 160.0)(55.8, 160.1)(72.2, 160.1)(72.2, 258.5)(20.0, 258.5);GATE
Port:(25.7, 164.7)(50.1, 164.7)(50.1, 172.2)(25.7, 172.2);SD
Module:M11
Boundary:(10.0, 295.2)(68.1, 295.2)(68.1, 295.3)(81.9, 295.3)(81.9, 403.6)(10.0, 403.6);GATE
Port:(21.9, 398.7)(70.0, 398.7)(70.0, 403.6)(21.9, 403.6);SD
Port:(10.0, 295.2)(68.1, 295.2)(68.1, 295.3)(81.9, 295.3)(81.9, 395.8)(10.0, 395.8);GATE
Port:(15.4, 299.6)(62.7, 299.6)(62.7, 305.5)(15.4, 305.5);SD
Module:M1
Boundary:(299.4, 297.1)(299.4, 406.0)(122.2, 406.0)(122.2, 297.1);GATE
Port:(122.2, 310.0)(126.3, 310.0)(126.3, 393.1)(122.2, 393.1);SD
Port:(299.4, 297.1)(299.4, 406.0)(128.9, 406.0)(128.9, 297.1);GATE
Port:(289.0, 302.7)(294.8, 302.7)(294.8, 400.4)(289.0, 400.4);SD
Module:M6
Boundary:(255.3, 832.7)(304.5, 832.7)(304.5, 832.8)(319.4, 832.8)(319.4, 962.3)(255.3, 962.3);GATE
Port:(269.0, 957.8)(305.7, 957.8)(305.7, 962.3)(269.0, 962.3);SD
Port:(255.3, 832.7)(304.5, 832.7)(304.5, 832.8)(319.4, 832.8)(319.4, 955.6)(255.3, 955.6);GATE
Port:(261.3, 837.7)(298.5, 837.7)(298.5, 844.3)(261.3, 844.3);SD
Module:M2
Boundary:(151.5, 860.6)(210.6, 860.6)(210.6, 860.8)(225.3, 860.8)(225.3, 950.6)(151.5, 950.6);GATE
Port:(162.4, 945.2)(214.4, 945.2)(214.4, 950.6)(162.4, 950.6);SD
Port:(151.5, 860.6)(210.6, 860.6)(210.6, 860.8)(225.3, 860.8)(225.3, 943.3)(151.5, 943.3);GATE
Port:(157.0, 865.1)(205.1, 865.1)(205.1, 869.8)(157.0, 869.8);SD
Module:M16
Boundary:(192.6, 781.4)(192.6, 830.6)(10.0, 830.6)(10.0, 781.4);GATE
Port:(10.0, 794.9)(15.1, 794.9)(15.1, 817.1)(10.0, 817.1);SD
Port:(192.6, 781.4)(192.6, 830.6)(16.5, 830.6)(16.5, 781.4);GATE
Port:(182.1, 787.5)(187.5, 787.5)(187.5, 824.5)(182.1, 824.5);SD
Module:M13
Boundary:(121.5, 850.6)(121.5, 948.9)(121.4, 948.9)(121.4, 964.7)(10.0, 964.7)(10.0, 850.6);GATE
Port:(10.0, 864.4)(14.1, 864.4)(14.1, 950.9)(10.0, 950.9);SD
Port:(121.5, 850.6)(121.5, 948.9)(121.4, 948.9)(121.4, 964.7)(15.5, 964.7)(15.5, 850.6);GATE
Port:(109.4, 856.4)(116.7, 856.4)(116.7, 943.1)(109.4, 943.1);SD
Module:M10
Boundary:(319.4, 189.5)(319.4, 257.1)(102.2, 257.1)(102.2, 189.5);GATE
Port:(102.2, 203.1)(106.9, 203.1)(106.9, 243.5)(102.2, 243.5);SD
Port:(319.4, 189.5)(319.4, 257.1)(109.4, 257.1)(109.4, 189.5);GATE
Port:(309.1, 195.4)(314.5, 195.4)(314.5, 251.2)(309.1, 251.2);SD
Module:M7
Boundary:(20.0, 20.0)(77.2, 20.0)(77.2, 120.0)(20.0, 120.0);GATE
Port:(32.3, 115.9)(64.9, 115.9)(64.9, 120.0)(32.3, 120.0);SD
Port:(20.0, 20.0)(77.2, 20.0)(77.2, 114.5)(20.0, 114.5);GATE
Port:(26.0, 25.0)(71.2, 25.0)(71.2, 30.7)(26.0, 30.7);SD
Module:M3
Boundary:(226.8, 10.0)(304.5, 10.0)(304.5, 10.4)(319.5, 10.4)(319.5, 134.2)(226.8, 134.2);GATE
Port:(239.8, 130.1)(306.5, 130.1)(306.5, 134.2)(239.8, 134.2);SD
Port:(226.8, 10.0)(304.5, 10.0)(304.5, 10.4)(319.5, 10.4)(319.5, 127.7)(226.8, 127.7);GATE
Port:(232.1, 14.3)(299.2, 14.3)(299.2, 20.4)(232.1, 20.4);SD
Module:M15
Boundary:(298.9, 537.4)(298.9, 612.1)(298.6, 612.1)(298.6, 630.1)(141.1, 630.1)(141.1, 537.4);GATE
Port:(141.1, 553.1)(146.3, 553.1)(146.3, 614.4)(141.1, 614.4);SD
Port:(298.9, 537.4)(298.9, 612.1)(298.6, 612.1)(298.6, 630.1)(148.8, 630.1)(148.8, 537.4);GATE
Port:(286.3, 544.4)(292.9, 544.4)(292.9, 605.1)(286.3, 605.1);SD
Module:M12
Boundary:(204.5, 673.8)(204.5, 761.4)(10.0, 761.4)(10.0, 673.8);GATE
Port:(10.0, 688.0)(15.5, 688.0)(15.5, 747.2)(10.0, 747.2);SD
Port:(204.5, 673.8)(204.5, 761.4)(17.1, 761.4)(17.1, 673.8);GATE
Port:(193.0, 678.8)(200.5, 678.8)(200.5, 756.4)(193.0, 756.4);SD
Module:M8
Boundary:(20.0, 456.0)(111.1, 456.0)(111.1, 643.8)(20.0, 643.8);GATE
Port:(32.8, 638.6)(98.3, 638.6)(98.3, 643.8)(32.8, 643.8);SD
Port:(20.0, 456.0)(111.1, 456.0)(111.1, 636.7)(20.0, 636.7);GATE
Port:(25.3, 460.3)(105.8, 460.3)(105.8, 466.5)(25.3, 466.5);SD
Module:M4
Boundary:(280.5, 456.0)(280.5, 490.1)(280.3, 490.1)(280.3, 507.4)(151.1, 507.4)(151.1, 456.0);GATE
Port:(151.1, 469.8)(156.9, 469.8)(156.9, 493.6)(151.1, 493.6);SD
Port:(280.5, 456.0)(280.5, 490.1)(280.3, 490.1)(280.3, 507.4)(159.8, 507.4)(159.8, 456.0);GATE
Port:(270.2, 461.8)(275.7, 461.8)(275.7, 484.3)(270.2, 484.3);SD
