Area:(-30.0, -30.0)(417.5, -30.0)(417.5, 972.5)(-30.0, 972.5)
Rule:GATE(5,5);SD(5,5);GATE_SD(0.5);GATE_ITO(0.5);SD_ITO(0.5)
Module:M14
Boundary:(347.3, 688.1)(347.3, 746.8)(347.2, 746.8)(347.2, 761.0)(197.0, 761.0)(197.0, 688.1);GATE
Port:(197.0, 700.2)(202.6, 700.2)(202.6, 748.9)(197.0, 748.9);SD
Port:(347.3, 688.1)(347.3, 746.8)(347.2, 746.8)(347.2, 761.0)(205.0, 761.0)(205.0, 688.1);GATE
Port:(337.6, 694.1)(342.3, 694.1)(342.3, 740.8)(337.6, 740.8);SD
Module:M9
Boundary:(352.8, 577.6)(352.8, 630.5)(352.5, 630.5)(352.5, 648.1)(203.2, 648.1)(203.2, 577.6);GATE
Port:(203.2, 591.7)(208.1, 591.7)(208.1, 634.0)(203.2, 634.0);SD
Port:(352.8, 577.6)(352.8, 630.5)(352.5, 630.5)(352.5, 648.1)(210.0, 648.1)(210.0, 577.6);GATE
Port:(341.9, 583.9)(347.5, 583.9)(347.5, 624.2)(341.9, 624.2);SD
Module:M5
Boundary:(260.7, 811.0)(357.0, 811.0)(357.0, 930.4)(260.7, 930.4);GATE
Port:(274.1, 925.8)(343.6, 925.8)(343.6, 930.4)(274.1, 930.4);SD
Port:(260.7, 811.0)(357.0, 811.0)(357.0, 923.3)(260.7, 923.3);GATE
Port:(267.4, 816.7)(350.3, 816.7)(350.3, 822.1)(267.4, 822.1);SD
Module:M11
Boundary:(312.8, 10.0)(347.7, 10.0)(347.7, 10.1)(363.9, 10.1)(363.9, 180.7)(312.8, 180.7);GATE
Port:(326.5, 175.6)(350.2, 175.6)(350.2, 180.7)(326.5, 180.7);SD
Port:(312.8, 10.0)(347.7, 10.0)(347.7, 10.1)(363.9, 10.1)(363.9, 173.8)(312.8, 173.8);GATE
Port:(318.2, 14.4)(342.3, 14.4)(342.3, 21.4)(318.2, 21.4);SD
Module:M1
Boundary:(30.0, 319.0)(130.3, 319.0)(130.3, 319.2)(147.4, 319.2)(147.4, 484.5)(30.0, 484.5);GATE
Port:(42.1, 479.9)(135.3, 479.9)(135.3, 484.5)(42.1, 484.5);SD
Port:(30.0, 319.0)(130.3, 319.0)(130.3, 319.2)(147.4, 319.2)(147.4, 477.7)(30.0, 477.7);GATE
Port:(35.1, 323.1)(125.2, 323.1)(125.2, 328.4)(35.1, 328.4);SD
Module:M6
Boundary:(330.3, 327.3)(377.5, 327.3)(377.5, 537.9)(330.3, 537.9);GATE
Port:(343.0, 533.2)(364.8, 533.2)(364.8, 537.9)(343.0, 537.9);SD
Port:(330.3, 327.3)(377.5, 327.3)(377.5, 531.2)(330.3, 531.2);GATE
Port:(336.4, 332.4)(371.4, 332.4)(371.4, 338.1)(336.4, 338.1);SD
Module:M2
Boundary:(264.5, 190.1)(264.5, 260.6)(173.2, 260.6)(173.2, 190.1);GATE
Port:(173.2, 204.8)(179.1, 204.8)(179.1, 245.9)(173.2, 245.9);SD
Port:(264.5, 190.1)(264.5, 260.6)(182.0, 260.6)(182.0, 190.1);GATE
Port:(252.0, 197.0)(258.6, 197.0)(258.6, 253.7)(252.0, 253.7);SD
Module:M16
Boundary:(183.2, 524.5)(183.2, 603.0)(182.9, 603.0)(182.9, 618.9)(10.0, 618.9)(10.0, 524.5);GATE
Port:(10.0, 536.4)(15.4, 536.4)(15.4, 607.0)(10.0, 607.0);SD
Port:(183.2, 524.5)(183.2, 603.0)(182.9, 603.0)(182.9, 618.9)(16.7, 618.9)(16.7, 524.5);GATE
Port:(173.9, 529.7)(179.0, 529.7)(179.0, 597.8)(173.9, 597.8);SD
Module:M13
Boundary:(143.2, 161.9)(143.2, 279.0)(10.0, 279.0)(10.0, 161.9);GATE
Port:(10.0, 175.1)(15.9, 175.1)(15.9, 265.8)(10.0, 265.8);SD
Port:(143.2, 161.9)(143.2, 279.0)(18.6, 279.0)(18.6, 161.9);GATE
Port:(132.4, 167.5)(138.6, 167.5)(138.6, 273.4)(132.4, 273.4);SD
Module:M10
Boundary:(207.5, 10.0)(207.5, 141.9)(10.0, 141.9)(10.0, 10.0);GATE
Port:(10.0, 26.0)(14.8, 26.0)(14.8, 125.9)(10.0, 125.9);SD
Port:(207.5, 10.0)(207.5, 141.9)(16.2, 141.9)(16.2, 10.0);GATE
Port:(194.7, 17.0)(201.5, 17.0)(201.5, 134.9)(194.7, 134.9);SD
Module:M7
Boundary:(220.7, 811.0)(220.7, 932.5)(20.0, 932.5)(20.0, 811.0);GATE
Port:(20.0, 825.0)(25.5, 825.0)(25.5, 918.5)(20.0, 918.5);SD
Port:(220.7, 811.0)(220.7, 932.5)(27.9, 932.5)(27.9, 811.0);GATE
Port:(210.1, 816.1)(216.6, 816.1)(216.6, 927.4)(210.1, 927.4);SD
Module:M3
Boundary:(227.5, 10.0)(292.8, 10.0)(292.8, 160.1)(227.5, 160.1);GATE
Port:(239.8, 154.3)(280.5, 154.3)(280.5, 160.1)(239.8, 160.1);SD
Port:(227.5, 10.0)(292.8, 10.0)(292.8, 152.5)(227.5, 152.5);GATE
Port:(233.1, 14.6)(287.2, 14.6)(287.2, 19.9)(233.1, 19.9);SD
Module:M15
Boundary:(316.0, 200.7)(360.7, 200.7)(360.7, 200.8)(375.0, 200.8)(375.0, 307.3)(316.0, 307.3);GATE
Port:(327.3, 301.5)(363.7, 301.5)(363.7, 307.3)(327.3, 307.3);SD
Port:(316.0, 200.7)(360.7, 200.7)(360.7, 200.8)(375.0, 200.8)(375.0, 300.2)(316.0, 300.2);GATE
Port:(322.0, 205.7)(354.7, 205.7)(354.7, 210.3)(322.0, 210.3);SD
Module:M12
Boundary:(296.0, 290.6)(296.0, 340.4)(295.9, 340.4)(295.9, 357.6)(187.4, 357.6)(187.4, 290.6);GATE
Port:(187.4, 303.1)(193.3, 303.1)(193.3, 345.1)(187.4, 345.1);SD
Port:(296.0, 290.6)(296.0, 340.4)(295.9, 340.4)(295.9, 357.6)(195.0, 357.6)(195.0, 290.6);GATE
Port:(286.2, 295.9)(291.7, 295.9)(291.7, 335.1)(286.2, 335.1);SD
Module:M8
Boundary:(20.0, 648.9)(129.0, 648.9)(129.0, 649.5)(147.0, 649.5)(147.0, 766.8)(20.0, 766.8);GATE
Port:(34.9, 761.1)(132.1, 761.1)(132.1, 766.8)(34.9, 766.8);SD
Port:(20.0, 648.9)(129.0, 648.9)(129.0, 649.5)(147.0, 649.5)(147.0, 758.3)(20.0, 758.3);GATE
Port:(26.7, 654.6)(122.3, 654.6)(122.3, 660.6)(26.7, 660.6);SD
Module:M4
Boundary:(213.2, 387.6)(300.3, 387.6)(300.3, 547.6)(213.2, 547.6);GATE
Port:(227.4, 542.5)(286.1, 542.5)(286.1, 547.6)(227.4, 547.6);SD
Port:(213.2, 387.6)(300.3, 387.6)(300.3, 540.7)(213.2, 540.7);GATE
Port:(218.6, 392.0)(294.9, 392.0)(294.9, 399.1)(218.6, 399.1);SD
