Area:(-30.0, -30.0)(407.6, -30.0)(407.6, 999.0)(-30.0, 999.0)
Rule:GATE(5,5);SD(5,5);GATE_SD(0.5);GATE_ITO(0.5);SD_ITO(0.5)
Module:M14
Boundary:(348.1, 837.4)(348.1, 939.2)(249.3, 939.2)(249.3, 837.4);GATE
Port:(249.3, 851.6)(253.3, 851.6)(253.3, 925.0)(249.3, 925.0);SD
Port:(348.1, 837.4)(348.1, 939.2)(255.6, 939.2)(255.6, 837.4);GATE
Port:(336.8, 843.9)(342.6, 843.9)(342.6, 932.7)(336.8, 932.7);SD
Module:M9
Boundary:(10.0, 739.8)(65.1, 739.8)(65.1, 959.0)(10.0, 959.0);GATE
Port:(21.2, 953.5)(53.9, 953.5)(53.9, 959.0)(21.2, 959.0);SD
Port:(10.0, 739.8)(65.1, 739.8)(65.1, 952.5)(10.0, 952.5);GATE
Port:(15.4, 744.2)(59.7, 744.2)(59.7, 749.0)(15.4, 749.0);SD
Module:M5
Boundary:(360.7, 174.9)(360.7, 242.0)(360.6, 242.0)(360.6, 258.4)(175.7, 258.4)(175.7, 174.9);GATE
Port:(175.7, 188.3)(179.7, 188.3)(179.7, 245.0)(175.7, 245.0);SD
Port:(360.7, 174.9)(360.7, 242.0)(360.6, 242.0)(360.6, 258.4)(181.5, 258.4)(181.5, 174.9);GATE
Port:(350.2, 181.7)(354.9, 181.7)(354.9, 235.2)(350.2, 235.2);SD
Module:M11
Boundary:(163.9, 10.0)(163.9, 109.4)(163.5, 109.4)(163.5, 125.2)(10.0, 125.2)(10.0, 10.0);GATE
Port:(10.0, 25.1)(14.4, 25.1)(14.4, 110.1)(10.0, 110.1);SD
Port:(163.9, 10.0)(163.9, 109.4)(163.5, 109.4)(163.5, 125.2)(17.2, 125.2)(17.2, 10.0);GATE
Port:(151.3, 16.1)(158.8, 16.1)(158.8, 103.3)(151.3, 103.3);SD
Module:M1
Boundary:(274.8, 417.1)(336.2, 417.1)(336.2, 417.4)(350.5, 417.4)(350.5, 611.0)(274.8, 611.0);GATE
Port:(288.0, 606.5)(337.3, 606.5)(337.3, 611.0)(288.0, 611.0);SD
Port:(274.8, 417.1)(336.2, 417.1)(336.2, 417.4)(350.5, 417.4)(350.5, 604.8)(274.8, 604.8);GATE
Port:(280.1, 421.4)(330.9, 421.4)(330.9, 428.6)(280.1, 428.6);SD
Module:M6
Boundary:(145.7, 145.2)(145.7, 258.8)(10.0, 258.8)(10.0, 145.2);GATE
Port:(10.0, 158.2)(15.3, 158.2)(15.3, 245.8)(10.0, 245.8);SD
Port:(145.7, 145.2)(145.7, 258.8)(17.7, 258.8)(17.7, 145.2);GATE
Port:(135.0, 151.0)(140.9, 151.0)(140.9, 253.0)(135.0, 253.0);SD
Module:M2
Boundary:(95.1, 576.8)(185.9, 576.8)(185.9, 577.1)(204.2, 577.1)(204.2, 724.9)(95.1, 724.9);GATE
Port:(109.1, 720.9)(190.2, 720.9)(190.2, 724.9)(109.1, 724.9);SD
Port:(95.1, 576.8)(185.9, 576.8)(185.9, 577.1)(204.2, 577.1)(204.2, 718.4)(95.1, 718.4);GATE
Port:(100.4, 581.1)(180.6, 581.1)(180.6, 587.7)(100.4, 587.7);SD
Module:M16
Boundary:(223.5, 288.4)(223.5, 361.5)(223.4, 361.5)(223.4, 379.9)(10.0, 379.9)(10.0, 288.4);GATE
Port:(10.0, 302.8)(15.2, 302.8)(15.2, 365.5)(10.0, 365.5);SD
Port:(223.5, 288.4)(223.5, 361.5)(223.4, 361.5)(223.4, 379.9)(17.8, 379.9)(17.8, 288.4);GATE
Port:(212.5, 293.9)(219.0, 293.9)(219.0, 356.0)(212.5, 356.0);SD
Module:M13
Boundary:(208.9, 754.9)(208.9, 846.0)(208.8, 846.0)(208.8, 860.9)(85.1, 860.9)(85.1, 754.9);GATE
Port:(85.1, 766.8)(90.2, 766.8)(90.2, 849.0)(85.1, 849.0);SD
Port:(208.9, 754.9)(208.9, 846.0)(208.8, 846.0)(208.8, 860.9)(93.1, 860.9)(93.1, 754.9);GATE
Port:(198.8, 760.9)(203.9, 760.9)(203.9, 840.0)(198.8, 840.0);SD
Module:M10
Boundary:(10.0, 499.9)(46.3, 499.9)(46.3, 499.9)(63.2, 499.9)(63.2, 719.8)(10.0, 719.8);GATE
Port:(24.3, 715.2)(48.9, 715.2)(48.9, 719.8)(24.3, 719.8);SD
Port:(10.0, 499.9)(46.3, 499.9)(46.3, 499.9)(63.2, 499.9)(63.2, 713.7)(10.0, 713.7);GATE
Port:(16.8, 505.7)(39.5, 505.7)(39.5, 511.6)(16.8, 511.6);SD
Module:M7
Boundary:(199.3, 890.9)(199.3, 934.6)(95.1, 934.6)(95.1, 890.9);GATE
Port:(95.1, 902.5)(100.4, 902.5)(100.4, 923.0)(95.1, 923.0);SD
Port:(199.3, 890.9)(199.3, 934.6)(101.7, 934.6)(101.7, 890.9);GATE
Port:(189.3, 896.7)(194.5, 896.7)(194.5, 928.8)(189.3, 928.8);SD
Module:M3
Boundary:(122.1, 399.9)(219.0, 399.9)(219.0, 400.1)(234.8, 400.1)(234.8, 546.8)(122.1, 546.8);GATE
Port:(135.5, 542.6)(221.4, 542.6)(221.4, 546.8)(135.5, 546.8);SD
Port:(122.1, 399.9)(219.0, 399.9)(219.0, 400.1)(234.8, 400.1)(234.8, 540.3)(122.1, 540.3);GATE
Port:(127.9, 404.7)(213.2, 404.7)(213.2, 411.1)(127.9, 411.1);SD
Module:M15
Boundary:(102.1, 399.9)(102.1, 464.0)(102.1, 464.0)(102.1, 479.9)(10.0, 479.9)(10.0, 399.9);GATE
Port:(10.0, 412.1)(14.7, 412.1)(14.7, 467.7)(10.0, 467.7);SD
Port:(102.1, 399.9)(102.1, 464.0)(102.1, 464.0)(102.1, 479.9)(16.1, 479.9)(16.1, 399.9);GATE
Port:(91.5, 405.0)(98.0, 405.0)(98.0, 458.9)(91.5, 458.9);SD
Module:M12
Boundary:(367.6, 288.4)(367.6, 359.1)(367.5, 359.1)(367.5, 377.1)(243.5, 377.1)(243.5, 288.4);GATE
Port:(243.5, 302.0)(248.4, 302.0)(248.4, 363.5)(243.5, 363.5);SD
Port:(367.6, 288.4)(367.6, 359.1)(367.5, 359.1)(367.5, 377.1)(249.4, 377.1)(249.4, 288.4);GATE
Port:(357.0, 294.2)(362.8, 294.2)(362.8, 353.3)(357.0, 353.3);SD
Module:M8
Boundary:(346.8, 20.0)(346.8, 134.9)(193.9, 134.9)(193.9, 20.0);GATE
Port:(193.9, 33.2)(199.4, 33.2)(199.4, 121.7)(193.9, 121.7);SD
Port:(346.8, 20.0)(346.8, 134.9)(202.2, 134.9)(202.2, 20.0);GATE
Port:(336.0, 25.5)(342.3, 25.5)(342.3, 129.4)(336.0, 129.4);SD
Module:M4
Boundary:(354.5, 661.0)(354.5, 787.4)(244.2, 787.4)(244.2, 661.0);GATE
Port:(244.2, 675.5)(249.3, 675.5)(249.3, 772.9)(244.2, 772.9);SD
Port:(354.5, 661.0)(354.5, 787.4)(250.9, 787.4)(250.9, 661.0);GATE
Port:(343.0, 666.9)(349.6, 666.9)(349.6, 781.5)(343.0, 781.5);SD
