Area:(-30.0, -30.0)(527.1, -30.0)(527.1, 791.1)(-30.0, 791.1)
Rule:GATE(5,5);SD(5,5);GATE_SD(0.5);GATE_ITO(0.5);SD_ITO(0.5)
Module:M14
Boundary:(171.4, 646.6)(171.4, 751.1)(30.0, 751.1)(30.0, 646.6);GATE
Port:(30.0, 661.0)(34.8, 661.0)(34.8, 736.7)(30.0, 736.7);SD
Port:(171.4, 646.6)(171.4, 751.1)(36.0, 751.1)(36.0, 646.6);GATE
Port:(160.0, 652.6)(166.4, 652.6)(166.4, 745.1)(160.0, 745.1);SD
Module:M9
Boundary:(395.9, 652.4)(486.3, 652.4)(486.3, 744.0)(395.9, 744.0);GATE
Port:(409.1, 739.0)(473.1, 739.0)(473.1, 744.0)(409.1, 744.0);SD
Port:(395.9, 652.4)(486.3, 652.4)(486.3, 736.1)(395.9, 736.1);GATE
Port:(402.4, 657.9)(479.8, 657.9)(479.8, 663.6)(402.4, 663.6);SD
Module:M5
Boundary:(279.2, 153.4)(307.9, 153.4)(307.9, 153.5)(321.1, 153.5)(321.1, 334.9)(279.2, 334.9);GATE
Port:(290.4, 329.6)(309.9, 329.6)(309.9, 334.9)(290.4, 334.9);SD
Port:(279.2, 153.4)(307.9, 153.4)(307.9, 153.5)(321.1, 153.5)(321.1, 327.1)(279.2, 327.1);GATE
Port:(285.0, 158.2)(302.1, 158.2)(302.1, 162.8)(285.0, 162.8);SD
Module:M11
Boundary:(203.4, 10.0)(275.1, 10.0)(275.1, 10.1)(288.3, 10.1)(288.3, 105.7)(203.4, 105.7);GATE
Port:(216.3, 100.7)(275.4, 100.7)(275.4, 105.7)(216.3, 105.7);SD
Port:(203.4, 10.0)(275.1, 10.0)(275.1, 10.1)(288.3, 10.1)(288.3, 99.2)(203.4, 99.2);GATE
Port:(209.9, 15.5)(268.6, 15.5)(268.6, 21.3)(209.9, 21.3);SD
Module:M1
Boundary:(355.9, 680.3)(355.9, 750.2)(231.4, 750.2)(231.4, 680.3);GATE
Port:(231.4, 694.6)(235.7, 694.6)(235.7, 735.9)(231.4, 735.9);SD
Port:(355.9, 680.3)(355.9, 750.2)(237.0, 750.2)(237.0, 680.3);GATE
Port:(344.5, 686.6)(350.6, 686.6)(350.6, 743.9)(344.5, 743.9);SD
Module:M6
Boundary:(240.3, 364.9)(304.3, 364.9)(304.3, 457.7)(240.3, 457.7);GATE
Port:(253.0, 452.9)(291.6, 452.9)(291.6, 457.7)(253.0, 457.7);SD
Port:(240.3, 364.9)(304.3, 364.9)(304.3, 451.6)(240.3, 451.6);GATE
Port:(246.8, 370.4)(297.8, 370.4)(297.8, 375.0)(246.8, 375.0);SD
Module:M2
Boundary:(360.8, 445.8)(477.3, 445.8)(477.3, 622.4)(360.8, 622.4);GATE
Port:(373.2, 617.6)(464.9, 617.6)(464.9, 622.4)(373.2, 622.4);SD
Port:(360.8, 445.8)(477.3, 445.8)(477.3, 616.3)(360.8, 616.3);GATE
Port:(365.9, 449.9)(472.2, 449.9)(472.2, 455.3)(365.9, 455.3);SD
Module:M16
Boundary:(375.8, 10.0)(487.1, 10.0)(487.1, 180.9)(375.8, 180.9);GATE
Port:(389.3, 176.1)(473.6, 176.1)(473.6, 180.9)(389.3, 180.9);SD
Port:(375.8, 10.0)(487.1, 10.0)(487.1, 173.9)(375.8, 173.9);GATE
Port:(381.0, 14.2)(481.9, 14.2)(481.9, 21.1)(381.0, 21.1);SD
Module:M13
Boundary:(183.4, 10.0)(183.4, 94.1)(183.0, 94.1)(183.0, 110.3)(10.0, 110.3)(10.0, 10.0);GATE
Port:(10.0, 24.2)(14.5, 24.2)(14.5, 96.1)(10.0, 96.1);SD
Port:(183.4, 10.0)(183.4, 94.1)(183.0, 94.1)(183.0, 110.3)(15.7, 110.3)(15.7, 10.0);GATE
Port:(171.9, 16.2)(178.2, 16.2)(178.2, 87.9)(171.9, 87.9);SD
Module:M10
Boundary:(308.3, 10.0)(355.8, 10.0)(355.8, 123.4)(308.3, 123.4);GATE
Port:(320.8, 118.5)(343.3, 118.5)(343.3, 123.4)(320.8, 123.4);SD
Port:(308.3, 10.0)(355.8, 10.0)(355.8, 116.5)(308.3, 116.5);GATE
Port:(314.4, 15.1)(349.7, 15.1)(349.7, 20.3)(314.4, 20.3);SD
Module:M7
Boundary:(361.1, 210.9)(458.5, 210.9)(458.5, 211.2)(474.2, 211.2)(474.2, 405.8)(361.1, 405.8);GATE
Port:(375.2, 400.3)(460.1, 400.3)(460.1, 405.8)(375.2, 405.8);SD
Port:(361.1, 210.9)(458.5, 210.9)(458.5, 211.2)(474.2, 211.2)(474.2, 399.2)(361.1, 399.2);GATE
Port:(367.8, 216.6)(451.8, 216.6)(451.8, 222.8)(367.8, 222.8);SD
Module:M3
Boundary:(220.3, 364.8)(220.3, 439.4)(220.1, 439.4)(220.1, 457.2)(10.0, 457.2)(10.0, 364.8);GATE
Port:(10.0, 380.7)(14.8, 380.7)(14.8, 441.3)(10.0, 441.3);SD
Port:(220.3, 364.8)(220.3, 439.4)(220.1, 439.4)(220.1, 457.2)(16.1, 457.2)(16.1, 364.8);GATE
Port:(207.7, 371.7)(214.4, 371.7)(214.4, 432.5)(207.7, 432.5);SD
Module:M15
Boundary:(163.2, 130.3)(249.2, 130.3)(249.2, 286.7)(163.2, 286.7);GATE
Port:(174.8, 281.9)(237.6, 281.9)(237.6, 286.7)(174.8, 286.7);SD
Port:(163.2, 130.3)(249.2, 130.3)(249.2, 279.1)(163.2, 279.1);GATE
Port:(168.3, 134.4)(244.1, 134.4)(244.1, 139.5)(168.3, 139.5);SD
Module:M12
Boundary:(213.8, 477.7)(314.6, 477.7)(314.6, 477.8)(330.8, 477.8)(330.8, 640.3)(213.8, 640.3);GATE
Port:(228.4, 634.4)(316.2, 634.4)(316.2, 640.3)(228.4, 640.3);SD
Port:(213.8, 477.7)(314.6, 477.7)(314.6, 477.8)(330.8, 477.8)(330.8, 632.6)(213.8, 632.6);GATE
Port:(220.8, 483.7)(307.6, 483.7)(307.6, 489.3)(220.8, 489.3);SD
Module:M8
Boundary:(183.8, 487.2)(183.8, 596.6)(20.0, 596.6)(20.0, 487.2);GATE
Port:(20.0, 502.1)(24.2, 502.1)(24.2, 581.7)(20.0, 581.7);SD
Port:(183.8, 487.2)(183.8, 596.6)(26.6, 596.6)(26.6, 487.2);GATE
Port:(172.4, 493.4)(178.6, 493.4)(178.6, 590.4)(172.4, 590.4);SD
Module:M4
Boundary:(20.0, 140.3)(133.2, 140.3)(133.2, 334.8)(20.0, 334.8);GATE
Port:(36.1, 330.4)(117.1, 330.4)(117.1, 334.8)(36.1, 334.8);SD
Port:(20.0, 140.3)(133.2, 140.3)(133.2, 328.3)(20.0, 328.3);GATE
Port:(26.7, 146.0)(126.5, 146.0)(126.5, 152.9)(26.7, 152.9);SD
