Area:(-30.0, -20.0)(482.5, -20.0)(482.5, 874.3)(-30.0, 874.3)
Rule:GATE(5,5);SD(5,5);GATE_SD(0.5);GATE_ITO(0.5);SD_ITO(0.5)
Module:M14
Boundary:(320.0, 30.0)(404.2, 30.0)(404.2, 30.1)(420.4, 30.1)(420.4, 182.0)(320.0, 182.0);GATE
Port:(334.7, 177.7)(405.7, 177.7)(405.7, 182.0)(334.7, 182.0);SD
Port:(320.0, 30.0)(404.2, 30.0)(404.2, 30.1)(420.4, 30.1)(420.4, 176.7)(320.0, 176.7);GATE
Port:(325.7, 34.7)(398.5, 34.7)(398.5, 42.2)(325.7, 42.2);SD
Module:M9
Boundary:(135.3, 247.8)(167.9, 247.8)(167.9, 247.9)(184.5, 247.9)(184.5, 370.6)(135.3, 370.6);GATE
Port:(148.4, 364.8)(171.4, 364.8)(171.4, 370.6)(148.4, 370.6);SD
Port:(135.3, 247.8)(167.9, 247.8)(167.9, 247.9)(184.5, 247.9)(184.5, 363.6)(135.3, 363.6);GATE
Port:(140.7, 252.2)(162.5, 252.2)(162.5, 257.5)(140.7, 257.5);SD
Module:M5
Boundary:(431.7, 737.1)(431.7, 824.0)(252.0, 824.0)(252.0, 737.1);GATE
Port:(252.0, 751.5)(256.7, 751.5)(256.7, 809.6)(252.0, 809.6);SD
Port:(431.7, 737.1)(431.7, 824.0)(259.5, 824.0)(259.5, 737.1);GATE
Port:(420.2, 742.3)(427.5, 742.3)(427.5, 818.8)(420.2, 818.8);SD
Module:M11
Boundary:(214.3, 770.0)(214.3, 834.3)(10.0, 834.3)(10.0, 770.0);GATE
Port:(10.0, 783.6)(15.1, 783.6)(15.1, 820.7)(10.0, 820.7);SD
Port:(214.3, 770.0)(214.3, 834.3)(17.1, 834.3)(17.1, 770.0);GATE
Port:(203.1, 776.7)(208.6, 776.7)(208.6, 827.6)(203.1, 827.6);SD
Module:M1
Boundary:(331.3, 242.0)(403.9, 242.0)(403.9, 242.2)(421.5, 242.2)(421.5, 464.6)(331.3, 464.6);GATE
Port:(346.6, 460.2)(406.2, 460.2)(406.2, 464.6)(346.6, 464.6);SD
Port:(331.3, 242.0)(403.9, 242.0)(403.9, 242.2)(421.5, 242.2)(421.5, 457.5)(331.3, 457.5);GATE
Port:(338.1, 247.8)(397.1, 247.8)(397.1, 254.1)(338.1, 254.1);SD
Module:M6
Boundary:(211.9, 509.1)(211.9, 557.9)(10.0, 557.9)(10.0, 509.1);GATE
Port:(10.0, 522.1)(15.2, 522.1)(15.2, 544.9)(10.0, 544.9);SD
Port:(211.9, 509.1)(211.9, 557.9)(16.6, 557.9)(16.6, 509.1);GATE
Port:(201.0, 514.3)(207.7, 514.3)(207.7, 552.7)(201.0, 552.7);SD
Module:M2
Boundary:(204.2, 20.0)(254.1, 20.0)(254.1, 20.1)(270.0, 20.1)(270.0, 217.8)(204.2, 217.8);GATE
Port:(217.5, 213.2)(256.7, 213.2)(256.7, 217.8)(217.5, 217.8);SD
Port:(204.2, 20.0)(254.1, 20.0)(254.1, 20.1)(270.0, 20.1)(270.0, 210.9)(204.2, 210.9);GATE
Port:(209.8, 24.6)(248.5, 24.6)(248.5, 30.6)(209.8, 30.6);SD
Module:M16
Boundary:(231.9, 505.6)(280.8, 505.6)(280.8, 505.6)(296.5, 505.6)(296.5, 664.0)(231.9, 664.0);GATE
Port:(245.0, 659.9)(283.4, 659.9)(283.4, 664.0)(245.0, 664.0);SD
Port:(231.9, 505.6)(280.8, 505.6)(280.8, 505.6)(296.5, 505.6)(296.5, 657.7)(231.9, 657.7);GATE
Port:(237.2, 509.9)(275.5, 509.9)(275.5, 516.0)(237.2, 516.0);SD
Module:M13
Boundary:(276.8, 390.6)(276.8, 485.6)(173.7, 485.6)(173.7, 390.6);GATE
Port:(173.7, 405.2)(178.8, 405.2)(178.8, 471.0)(173.7, 471.0);SD
Port:(276.8, 390.6)(276.8, 485.6)(180.7, 485.6)(180.7, 390.6);GATE
Port:(264.0, 397.4)(271.0, 397.4)(271.0, 478.8)(264.0, 478.8);SD
Module:M10
Boundary:(153.7, 397.7)(153.7, 489.1)(10.0, 489.1)(10.0, 397.7);GATE
Port:(10.0, 409.8)(15.9, 409.8)(15.9, 477.0)(10.0, 477.0);SD
Port:(153.7, 397.7)(153.7, 489.1)(18.5, 489.1)(18.5, 397.7);GATE
Port:(143.1, 403.3)(149.1, 403.3)(149.1, 483.5)(143.1, 483.5);SD
Module:M7
Boundary:(20.0, 172.3)(105.3, 172.3)(105.3, 367.7)(20.0, 367.7);GATE
Port:(32.7, 363.0)(92.6, 363.0)(92.6, 367.7)(32.7, 367.7);SD
Port:(20.0, 172.3)(105.3, 172.3)(105.3, 361.9)(20.0, 361.9);GATE
Port:(25.3, 176.6)(100.0, 176.6)(100.0, 181.9)(25.3, 181.9);SD
Module:M3
Boundary:(205.8, 577.9)(205.8, 666.9)(10.0, 666.9)(10.0, 577.9);GATE
Port:(10.0, 592.3)(15.5, 592.3)(15.5, 652.5)(10.0, 652.5);SD
Port:(205.8, 577.9)(205.8, 666.9)(16.9, 666.9)(16.9, 577.9);GATE
Port:(194.7, 583.7)(201.0, 583.7)(201.0, 661.1)(194.7, 661.1);SD
Module:M15
Boundary:(316.5, 504.6)(424.4, 504.6)(424.4, 505.0)(442.5, 505.0)(442.5, 707.1)(316.5, 707.1);GATE
Port:(330.9, 702.4)(428.1, 702.4)(428.1, 707.1)(330.9, 707.1);SD
Port:(316.5, 504.6)(424.4, 504.6)(424.4, 505.0)(442.5, 505.0)(442.5, 700.2)(316.5, 700.2);GATE
Port:(321.7, 508.8)(419.2, 508.8)(419.2, 515.6)(321.7, 515.6);SD
Module:M12
Boundary:(222.0, 686.9)(222.0, 750.0)(10.0, 750.0)(10.0, 686.9);GATE
Port:(10.0, 698.5)(15.5, 698.5)(15.5, 738.4)(10.0, 738.4);SD
Port:(222.0, 686.9)(222.0, 750.0)(18.0, 750.0)(18.0, 686.9);GATE
Port:(213.5, 692.3)(217.6, 692.3)(217.6, 744.6)(213.5, 744.6);SD
Module:M8
Boundary:(214.5, 257.8)(264.7, 257.8)(264.7, 258.1)(281.3, 258.1)(281.3, 355.3)(214.5, 355.3);GATE
Port:(227.5, 350.0)(268.3, 350.0)(268.3, 355.3)(227.5, 355.3);SD
Port:(214.5, 257.8)(264.7, 257.8)(264.7, 258.1)(281.3, 258.1)(281.3, 348.7)(214.5, 348.7);GATE
Port:(220.8, 263.1)(258.4, 263.1)(258.4, 268.2)(220.8, 268.2);SD
Module:M4
Boundary:(164.2, 20.0)(164.2, 116.7)(163.8, 116.7)(163.8, 132.3)(20.0, 132.3)(20.0, 20.0);GATE
Port:(20.0, 33.4)(24.7, 33.4)(24.7, 118.9)(20.0, 118.9);SD
Port:(164.2, 20.0)(164.2, 116.7)(163.8, 116.7)(163.8, 132.3)(26.3, 132.3)(26.3, 20.0);GATE
Port:(152.7, 26.9)(158.3, 26.9)(158.3, 109.8)(152.7, 109.8);SD
