Area:(-30.0, -30.0)(440.4, -30.0)(440.4, 826.8)(-30.0, 826.8)
Rule:GATE(5,5);SD(5,5);GATE_SD(0.5);GATE_ITO(0.5);SD_ITO(0.5)
Module:M14
Boundary:(30.0, 537.4)(102.0, 537.4)(102.0, 657.3)(30.0, 657.3);GATE
Port:(45.1, 652.6)(86.9, 652.6)(86.9, 657.3)(45.1, 657.3);SD
Port:(30.0, 537.4)(102.0, 537.4)(102.0, 651.2)(30.0, 651.2);GATE
Port:(36.0, 542.4)(96.0, 542.4)(96.0, 549.4)(36.0, 549.4);SD
Module:M9
Boundary:(177.4, 698.5)(177.4, 786.8)(10.0, 786.8)(10.0, 698.5);GATE
Port:(10.0, 712.4)(15.6, 712.4)(15.6, 772.9)(10.0, 772.9);SD
Port:(177.4, 698.5)(177.4, 786.8)(16.7, 786.8)(16.7, 698.5);GATE
Port:(166.2, 704.9)(172.0, 704.9)(172.0, 780.4)(166.2, 780.4);SD
Module:M5
Boundary:(244.5, 20.0)(360.5, 20.0)(360.5, 20.3)(379.5, 20.3)(379.5, 111.7)(244.5, 111.7);GATE
Port:(260.8, 106.3)(363.2, 106.3)(363.2, 111.7)(260.8, 111.7);SD
Port:(244.5, 20.0)(360.5, 20.0)(360.5, 20.3)(379.5, 20.3)(379.5, 105.1)(244.5, 105.1);GATE
Port:(251.0, 25.5)(354.0, 25.5)(354.0, 32.8)(251.0, 32.8);SD
Module:M11
Boundary:(10.0, 101.8)(103.4, 101.8)(103.4, 246.5)(10.0, 246.5);GATE
Port:(25.9, 241.9)(87.5, 241.9)(87.5, 246.5)(25.9, 246.5);SD
Port:(10.0, 101.8)(103.4, 101.8)(103.4, 240.3)(10.0, 240.3);GATE
Port:(16.7, 107.5)(96.7, 107.5)(96.7, 114.4)(16.7, 114.4);SD
Module:M1
Boundary:(267.1, 253.0)(361.8, 253.0)(361.8, 253.2)(376.7, 253.2)(376.7, 407.8)(267.1, 407.8);GATE
Port:(281.2, 402.9)(362.6, 402.9)(362.6, 407.8)(281.2, 407.8);SD
Port:(267.1, 253.0)(361.8, 253.0)(361.8, 253.2)(376.7, 253.2)(376.7, 401.2)(267.1, 401.2);GATE
Port:(273.7, 258.6)(355.2, 258.6)(355.2, 265.4)(273.7, 265.4);SD
Module:M6
Boundary:(380.2, 141.7)(380.2, 199.4)(380.1, 199.4)(380.1, 213.0)(243.6, 213.0)(243.6, 141.7);GATE
Port:(243.6, 153.8)(248.4, 153.8)(248.4, 200.9)(243.6, 200.9);SD
Port:(380.2, 141.7)(380.2, 199.4)(380.1, 199.4)(380.1, 213.0)(251.3, 213.0)(251.3, 141.7);GATE
Port:(369.7, 147.3)(375.6, 147.3)(375.6, 193.8)(369.7, 193.8);SD
Module:M2
Boundary:(387.5, 457.8)(387.5, 543.1)(242.4, 543.1)(242.4, 457.8);GATE
Port:(242.4, 472.2)(248.0, 472.2)(248.0, 528.7)(242.4, 528.7);SD
Port:(387.5, 457.8)(387.5, 543.1)(249.5, 543.1)(249.5, 457.8);GATE
Port:(376.0, 464.7)(381.6, 464.7)(381.6, 536.2)(376.0, 536.2);SD
Module:M16
Boundary:(384.0, 573.1)(384.0, 678.1)(383.4, 678.1)(383.4, 695.5)(215.1, 695.5)(215.1, 573.1);GATE
Port:(215.1, 587.7)(220.5, 587.7)(220.5, 680.9)(215.1, 680.9);SD
Port:(384.0, 573.1)(384.0, 678.1)(383.4, 678.1)(383.4, 695.5)(223.1, 695.5)(223.1, 573.1);GATE
Port:(372.6, 578.2)(379.9, 578.2)(379.9, 673.0)(372.6, 673.0);SD
Module:M13
Boundary:(400.4, 715.5)(400.4, 768.3)(400.2, 768.3)(400.2, 784.5)(197.4, 784.5)(197.4, 715.5);GATE
Port:(197.4, 730.2)(201.5, 730.2)(201.5, 769.8)(197.4, 769.8);SD
Port:(400.4, 715.5)(400.4, 768.3)(400.2, 768.3)(400.2, 784.5)(204.3, 784.5)(204.3, 715.5);GATE
Port:(388.5, 722.1)(394.8, 722.1)(394.8, 761.7)(388.5, 761.7);SD
Module:M10
Boundary:(142.0, 355.4)(194.7, 355.4)(194.7, 355.7)(212.4, 355.7)(212.4, 526.8)(142.0, 526.8);GATE
Port:(156.0, 522.2)(198.4, 522.2)(198.4, 526.8)(156.0, 526.8);SD
Port:(142.0, 355.4)(194.7, 355.4)(194.7, 355.7)(212.4, 355.7)(212.4, 519.3)(142.0, 519.3);GATE
Port:(148.7, 361.1)(188.0, 361.1)(188.0, 365.9)(148.7, 365.9);SD
Module:M7
Boundary:(20.0, 276.5)(96.2, 276.5)(96.2, 487.4)(20.0, 487.4);GATE
Port:(35.0, 482.7)(81.2, 482.7)(81.2, 487.4)(35.0, 487.4);SD
Port:(20.0, 276.5)(96.2, 276.5)(96.2, 480.7)(20.0, 480.7);GATE
Port:(26.8, 282.3)(89.4, 282.3)(89.4, 288.0)(26.8, 288.0);SD
Module:M3
Boundary:(126.2, 151.4)(207.5, 151.4)(207.5, 151.5)(223.6, 151.5)(223.6, 235.9)(126.2, 235.9);GATE
Port:(139.0, 230.5)(210.8, 230.5)(210.8, 235.9)(139.0, 235.9);SD
Port:(126.2, 151.4)(207.5, 151.4)(207.5, 151.5)(223.6, 151.5)(223.6, 228.6)(126.2, 228.6);GATE
Port:(132.2, 156.4)(201.5, 156.4)(201.5, 161.6)(132.2, 161.6);SD
Module:M15
Boundary:(142.0, 546.8)(195.1, 546.8)(195.1, 678.5)(142.0, 678.5);GATE
Port:(156.7, 673.8)(180.4, 673.8)(180.4, 678.5)(156.7, 678.5);SD
Port:(142.0, 546.8)(195.1, 546.8)(195.1, 672.3)(142.0, 672.3);GATE
Port:(148.8, 552.6)(188.3, 552.6)(188.3, 558.6)(148.8, 558.6);SD
Module:M12
Boundary:(160.0, 10.0)(197.5, 10.0)(197.5, 10.2)(214.5, 10.2)(214.5, 131.4)(160.0, 131.4);GATE
Port:(175.3, 127.0)(199.2, 127.0)(199.2, 131.4)(175.3, 131.4);SD
Port:(160.0, 10.0)(197.5, 10.0)(197.5, 10.2)(214.5, 10.2)(214.5, 124.8)(160.0, 124.8);GATE
Port:(166.1, 15.1)(191.4, 15.1)(191.4, 22.6)(166.1, 22.6);SD
Module:M8
Boundary:(217.1, 265.9)(217.1, 310.9)(217.0, 310.9)(217.0, 325.4)(136.2, 325.4)(136.2, 265.9);GATE
Port:(136.2, 277.6)(141.5, 277.6)(141.5, 313.7)(136.2, 313.7);SD
Port:(217.1, 265.9)(217.1, 310.9)(217.0, 310.9)(217.0, 325.4)(142.6, 325.4)(142.6, 265.9);GATE
Port:(207.1, 271.4)(212.6, 271.4)(212.6, 305.4)(207.1, 305.4);SD
Module:M4
Boundary:(130.0, 20.0)(130.0, 55.8)(129.8, 55.8)(129.8, 71.8)(20.0, 71.8)(20.0, 20.0);GATE
Port:(20.0, 34.9)(24.8, 34.9)(24.8, 56.9)(20.0, 56.9);SD
Port:(130.0, 20.0)(130.0, 55.8)(129.8, 55.8)(129.8, 71.8)(26.8, 71.8)(26.8, 20.0);GATE
Port:(118.3, 26.9)(124.1, 26.9)(124.1, 48.9)(118.3, 48.9);SD
