Area:(-30.0, -30.0)(645.6, -30.0)(645.6, 602.2)(-30.0, 602.2)
Rule:GATE(5,5);SD(5,5);GATE_SD(0.5);GATE_ITO(0.5);SD_ITO(0.5)
Module:M14
Boundary:(525.3, 30.0)(574.9, 30.0)(574.9, 30.2)(590.6, 30.2)(590.6, 126.1)(525.3, 126.1);GATE
Port:(538.6, 121.7)(577.3, 121.7)(577.3, 126.1)(538.6, 126.1);SD
Port:(525.3, 30.0)(574.9, 30.0)(574.9, 30.2)(590.6, 30.2)(590.6, 120.4)(525.3, 120.4);GATE
Port:(531.5, 35.2)(568.7, 35.2)(568.7, 41.0)(531.5, 41.0);SD
Module:M9
Boundary:(199.2, 488.7)(199.2, 543.9)(199.1, 543.9)(199.1, 561.5)(10.0, 561.5)(10.0, 488.7);GATE
Port:(10.0, 504.0)(14.7, 504.0)(14.7, 546.2)(10.0, 546.2);SD
Port:(199.2, 488.7)(199.2, 543.9)(199.1, 543.9)(199.1, 561.5)(16.0, 561.5)(16.0, 488.7);GATE
Port:(186.8, 494.6)(194.3, 494.6)(194.3, 538.0)(186.8, 538.0);SD
Module:M5
Boundary:(580.2, 259.1)(580.2, 323.7)(579.9, 323.7)(579.9, 339.8)(435.2, 339.8)(435.2, 259.1);GATE
Port:(435.2, 271.5)(439.5, 271.5)(439.5, 327.4)(435.2, 327.4);SD
Port:(580.2, 259.1)(580.2, 323.7)(579.9, 323.7)(579.9, 339.8)(441.1, 339.8)(441.1, 259.1);GATE
Port:(570.5, 265.2)(575.1, 265.2)(575.1, 317.6)(570.5, 317.6);SD
Module:M11
Boundary:(485.3, 10.0)(485.3, 64.1)(485.3, 64.1)(485.3, 80.6)(368.2, 80.6)(368.2, 10.0);GATE
Port:(368.2, 25.7)(373.4, 25.7)(373.4, 64.9)(368.2, 64.9);SD
Port:(485.3, 10.0)(485.3, 64.1)(485.3, 64.1)(485.3, 80.6)(376.0, 80.6)(376.0, 10.0);GATE
Port:(472.3, 16.2)(480.1, 16.2)(480.1, 57.9)(472.3, 57.9);SD
Module:M1
Boundary:(183.1, 341.9)(183.1, 431.4)(182.7, 431.4)(182.7, 448.7)(30.0, 448.7)(30.0, 341.9);GATE
Port:(30.0, 357.2)(35.8, 357.2)(35.8, 433.4)(30.0, 433.4);SD
Port:(183.1, 341.9)(183.1, 431.4)(182.7, 431.4)(182.7, 448.7)(37.0, 448.7)(37.0, 341.9);GATE
Port:(171.3, 348.5)(177.5, 348.5)(177.5, 424.8)(171.3, 424.8);SD
Module:M6
Boundary:(513.6, 369.8)(605.5, 369.8)(605.5, 562.2)(513.6, 562.2);GATE
Port:(528.6, 556.2)(590.5, 556.2)(590.5, 562.2)(528.6, 562.2);SD
Port:(513.6, 369.8)(605.5, 369.8)(605.5, 555.0)(513.6, 555.0);GATE
Port:(519.7, 374.9)(599.4, 374.9)(599.4, 382.1)(519.7, 382.1);SD
Module:M2
Boundary:(233.4, 20.0)(338.2, 20.0)(338.2, 173.5)(233.4, 173.5);GATE
Port:(248.3, 168.5)(323.3, 168.5)(323.3, 173.5)(248.3, 173.5);SD
Port:(233.4, 20.0)(338.2, 20.0)(338.2, 167.3)(233.4, 167.3);GATE
Port:(240.0, 25.6)(331.6, 25.6)(331.6, 32.1)(240.0, 32.1);SD
Module:M16
Boundary:(125.1, 207.2)(188.9, 207.2)(188.9, 297.1)(125.1, 297.1);GATE
Port:(138.9, 292.2)(175.1, 292.2)(175.1, 297.1)(138.9, 297.1);SD
Port:(125.1, 207.2)(188.9, 207.2)(188.9, 289.7)(125.1, 289.7);GATE
Port:(131.7, 212.8)(182.3, 212.8)(182.3, 219.0)(131.7, 219.0);SD
Module:M13
Boundary:(10.0, 10.0)(95.2, 10.0)(95.2, 188.1)(10.0, 188.1);GATE
Port:(22.1, 182.9)(83.1, 182.9)(83.1, 188.1)(22.1, 188.1);SD
Port:(10.0, 10.0)(95.2, 10.0)(95.2, 181.8)(10.0, 181.8);GATE
Port:(16.0, 15.0)(89.2, 15.0)(89.2, 20.6)(16.0, 20.6);SD
Module:M10
Boundary:(115.2, 10.0)(187.0, 10.0)(187.0, 10.1)(203.4, 10.1)(203.4, 187.2)(115.2, 187.2);GATE
Port:(130.8, 181.4)(187.8, 181.4)(187.8, 187.2)(130.8, 187.2);SD
Port:(115.2, 10.0)(187.0, 10.0)(187.0, 10.1)(203.4, 10.1)(203.4, 180.3)(115.2, 180.3);GATE
Port:(122.2, 16.0)(180.0, 16.0)(180.0, 23.7)(122.2, 23.7);SD
Module:M7
Boundary:(233.4, 350.6)(312.9, 350.6)(312.9, 351.0)(328.5, 351.0)(328.5, 552.2)(233.4, 552.2);GATE
Port:(246.0, 547.6)(315.9, 547.6)(315.9, 552.2)(246.0, 552.2);SD
Port:(233.4, 350.6)(312.9, 350.6)(312.9, 351.0)(328.5, 351.0)(328.5, 546.1)(233.4, 546.1);GATE
Port:(239.3, 355.5)(307.0, 355.5)(307.0, 361.4)(239.3, 361.4);SD
Module:M3
Boundary:(605.6, 166.1)(605.6, 229.1)(502.2, 229.1)(502.2, 166.1);GATE
Port:(502.2, 179.0)(506.9, 179.0)(506.9, 216.2)(502.2, 216.2);SD
Port:(605.6, 166.1)(605.6, 229.1)(509.3, 229.1)(509.3, 166.1);GATE
Port:(594.8, 171.8)(600.9, 171.8)(600.9, 223.4)(594.8, 223.4);SD
Module:M15
Boundary:(10.0, 208.1)(105.1, 208.1)(105.1, 301.9)(10.0, 301.9);GATE
Port:(22.8, 296.9)(92.3, 296.9)(92.3, 301.9)(22.8, 301.9);SD
Port:(10.0, 208.1)(105.1, 208.1)(105.1, 295.1)(10.0, 295.1);GATE
Port:(16.5, 213.6)(98.6, 213.6)(98.6, 219.0)(16.5, 219.0);SD
Module:M12
Boundary:(405.2, 231.1)(405.2, 305.9)(404.9, 305.9)(404.9, 320.6)(223.4, 320.6)(223.4, 231.1);GATE
Port:(223.4, 242.6)(229.1, 242.6)(229.1, 309.1)(223.4, 309.1);SD
Port:(405.2, 231.1)(405.2, 305.9)(404.9, 305.9)(404.9, 320.6)(232.0, 320.6)(232.0, 231.1);GATE
Port:(395.3, 237.1)(400.2, 237.1)(400.2, 299.9)(395.3, 299.9);SD
Module:M8
Boundary:(368.5, 379.8)(467.4, 379.8)(467.4, 379.9)(483.6, 379.9)(483.6, 549.8)(368.5, 549.8);GATE
Port:(382.1, 545.5)(470.0, 545.5)(470.0, 549.8)(382.1, 549.8);SD
Port:(368.5, 379.8)(467.4, 379.8)(467.4, 379.9)(483.6, 379.9)(483.6, 544.2)(368.5, 544.2);GATE
Port:(374.0, 384.3)(461.9, 384.3)(461.9, 390.3)(374.0, 390.3);SD
Module:M4
Boundary:(378.2, 110.6)(457.0, 110.6)(457.0, 110.9)(472.2, 110.9)(472.2, 201.1)(378.2, 201.1);GATE
Port:(391.6, 196.0)(458.8, 196.0)(458.8, 201.1)(391.6, 201.1);SD
Port:(378.2, 110.6)(457.0, 110.6)(457.0, 110.9)(472.2, 110.9)(472.2, 193.2)(378.2, 193.2);GATE
Port:(383.9, 115.3)(451.3, 115.3)(451.3, 121.5)(383.9, 121.5);SD
