Area:(-30.0, -30.0)(421.3, -30.0)(421.3, 935.7)(-30.0, 935.7)
Rule:GATE(5,5);SD(5,5);GATE_SD(0.5);GATE_ITO(0.5);SD_ITO(0.5)
Module:M14
Boundary:(141.5, 611.3)(266.9, 611.3)(266.9, 722.7)(141.5, 722.7);GATE
Port:(155.5, 716.7)(252.9, 716.7)(252.9, 722.7)(155.5, 722.7);SD
Port:(141.5, 611.3)(266.9, 611.3)(266.9, 715.3)(141.5, 715.3);GATE
Port:(147.7, 616.5)(260.7, 616.5)(260.7, 622.8)(147.7, 622.8);SD
Module:M9
Boundary:(10.0, 477.0)(77.7, 477.0)(77.7, 477.1)(94.6, 477.1)(94.6, 674.0)(10.0, 674.0);GATE
Port:(23.2, 668.3)(81.4, 668.3)(81.4, 674.0)(23.2, 674.0);SD
Port:(10.0, 477.0)(77.7, 477.0)(77.7, 477.1)(94.6, 477.1)(94.6, 666.0)(10.0, 666.0);GATE
Port:(15.7, 481.7)(72.0, 481.7)(72.0, 487.8)(15.7, 487.8);SD
Module:M5
Boundary:(272.7, 772.7)(272.7, 878.2)(272.5, 878.2)(272.5, 895.7)(128.8, 895.7)(128.8, 772.7);GATE
Port:(128.8, 786.6)(134.2, 786.6)(134.2, 881.8)(128.8, 881.8);SD
Port:(272.7, 772.7)(272.7, 878.2)(272.5, 878.2)(272.5, 895.7)(135.5, 895.7)(135.5, 772.7);GATE
Port:(262.0, 778.4)(268.0, 778.4)(268.0, 872.5)(262.0, 872.5);SD
Module:M11
Boundary:(299.2, 10.0)(299.2, 43.7)(299.2, 43.7)(299.2, 58.0)(183.7, 58.0)(183.7, 10.0);GATE
Port:(183.7, 23.5)(188.0, 23.5)(188.0, 44.5)(183.7, 44.5);SD
Port:(299.2, 10.0)(299.2, 43.7)(299.2, 43.7)(299.2, 58.0)(190.8, 58.0)(190.8, 10.0);GATE
Port:(287.8, 16.8)(293.4, 16.8)(293.4, 36.9)(287.8, 36.9);SD
Module:M1
Boundary:(321.3, 245.8)(321.3, 310.8)(321.1, 310.8)(321.1, 327.4)(194.2, 327.4)(194.2, 245.8);GATE
Port:(194.2, 257.7)(198.5, 257.7)(198.5, 315.5)(194.2, 315.5);SD
Port:(321.3, 245.8)(321.3, 310.8)(321.1, 310.8)(321.1, 327.4)(201.1, 327.4)(201.1, 245.8);GATE
Port:(312.2, 250.9)(317.2, 250.9)(317.2, 305.7)(312.2, 305.7);SD
Module:M6
Boundary:(306.9, 591.3)(361.9, 591.3)(361.9, 591.4)(379.0, 591.4)(379.0, 671.6)(306.9, 671.6);GATE
Port:(322.5, 666.5)(363.4, 666.5)(363.4, 671.6)(322.5, 671.6);SD
Port:(306.9, 591.3)(361.9, 591.3)(361.9, 591.4)(379.0, 591.4)(379.0, 663.8)(306.9, 663.8);GATE
Port:(313.3, 596.7)(355.5, 596.7)(355.5, 603.9)(313.3, 603.9);SD
Module:M2
Boundary:(20.0, 137.7)(144.2, 137.7)(144.2, 325.7)(20.0, 325.7);GATE
Port:(34.9, 320.0)(129.3, 320.0)(129.3, 325.7)(34.9, 325.7);SD
Port:(20.0, 137.7)(144.2, 137.7)(144.2, 318.6)(20.0, 318.6);GATE
Port:(26.0, 142.7)(138.2, 142.7)(138.2, 149.8)(26.0, 149.8);SD
Module:M16
Boundary:(10.0, 10.0)(59.5, 10.0)(59.5, 10.2)(75.2, 10.2)(75.2, 107.7)(10.0, 107.7);GATE
Port:(23.8, 103.3)(61.4, 103.3)(61.4, 107.7)(23.8, 107.7);SD
Port:(10.0, 10.0)(59.5, 10.0)(59.5, 10.2)(75.2, 10.2)(75.2, 100.6)(10.0, 100.6);GATE
Port:(16.2, 15.2)(53.3, 15.2)(53.3, 20.9)(16.2, 20.9);SD
Module:M13
Boundary:(101.5, 355.7)(101.5, 457.0)(10.0, 457.0)(10.0, 355.7);GATE
Port:(10.0, 368.8)(14.8, 368.8)(14.8, 443.9)(10.0, 443.9);SD
Port:(101.5, 355.7)(101.5, 457.0)(17.3, 457.0)(17.3, 355.7);GATE
Port:(91.3, 361.0)(97.2, 361.0)(97.2, 451.7)(91.3, 451.7);SD
Module:M10
Boundary:(319.2, 10.0)(366.6, 10.0)(366.6, 10.2)(381.3, 10.2)(381.3, 189.0)(319.2, 189.0);GATE
Port:(331.7, 183.8)(368.8, 183.8)(368.8, 189.0)(331.7, 189.0);SD
Port:(319.2, 10.0)(366.6, 10.0)(366.6, 10.2)(381.3, 10.2)(381.3, 181.9)(319.2, 181.9);GATE
Port:(324.5, 14.3)(361.3, 14.3)(361.3, 20.8)(324.5, 20.8);SD
Module:M7
Boundary:(20.0, 704.0)(72.6, 704.0)(72.6, 704.1)(88.8, 704.1)(88.8, 891.3)(20.0, 891.3);GATE
Port:(35.1, 885.6)(73.7, 885.6)(73.7, 891.3)(35.1, 891.3);SD
Port:(20.0, 704.0)(72.6, 704.0)(72.6, 704.1)(88.8, 704.1)(88.8, 883.1)(20.0, 883.1);GATE
Port:(26.9, 709.9)(65.7, 709.9)(65.7, 716.0)(26.9, 716.0);SD
Module:M3
Boundary:(306.9, 691.6)(360.7, 691.6)(360.7, 691.8)(378.6, 691.8)(378.6, 866.7)(306.9, 866.7);GATE
Port:(321.7, 861.4)(363.8, 861.4)(363.8, 866.7)(321.7, 866.7);SD
Port:(306.9, 691.6)(360.7, 691.6)(360.7, 691.8)(378.6, 691.8)(378.6, 858.6)(306.9, 858.6);GATE
Port:(313.2, 696.9)(354.4, 696.9)(354.4, 703.0)(313.2, 703.0);SD
Module:M15
Boundary:(121.5, 367.4)(230.3, 367.4)(230.3, 547.1)(121.5, 547.1);GATE
Port:(134.1, 542.5)(217.7, 542.5)(217.7, 547.1)(134.1, 547.1);SD
Port:(121.5, 367.4)(230.3, 367.4)(230.3, 539.9)(121.5, 539.9);GATE
Port:(127.3, 372.2)(224.5, 372.2)(224.5, 376.8)(127.3, 376.8);SD
Module:M12
Boundary:(290.3, 78.0)(290.3, 205.8)(183.7, 205.8)(183.7, 78.0);GATE
Port:(183.7, 93.3)(188.0, 93.3)(188.0, 190.5)(183.7, 190.5);SD
Port:(290.3, 78.0)(290.3, 205.8)(190.4, 205.8)(190.4, 78.0);GATE
Port:(278.2, 84.5)(284.8, 84.5)(284.8, 199.3)(278.2, 199.3);SD
Module:M8
Boundary:(105.2, 20.0)(153.7, 20.0)(153.7, 93.3)(105.2, 93.3);GATE
Port:(118.1, 89.0)(140.8, 89.0)(140.8, 93.3)(118.1, 93.3);SD
Port:(105.2, 20.0)(153.7, 20.0)(153.7, 87.5)(105.2, 87.5);GATE
Port:(110.4, 24.2)(148.5, 24.2)(148.5, 30.7)(110.4, 30.7);SD
Module:M4
Boundary:(260.3, 377.4)(341.7, 377.4)(341.7, 377.6)(356.9, 377.6)(356.9, 561.3)(260.3, 561.3);GATE
Port:(275.1, 557.1)(342.1, 557.1)(342.1, 561.3)(275.1, 561.3);SD
Port:(260.3, 377.4)(341.7, 377.4)(341.7, 377.6)(356.9, 377.6)(356.9, 554.2)(260.3, 554.2);GATE
Port:(267.2, 383.3)(334.8, 383.3)(334.8, 389.7)(267.2, 389.7);SD
