Area:(-30.0, -30.0)(724.6, -30.0)(724.6, 572.1)(-30.0, 572.1)
Rule:GATE(5,5);SD(5,5);GATE_SD(0.5);GATE_ITO(0.5);SD_ITO(0.5)
Module:M14
Boundary:(232.2, 276.5)(232.2, 308.8)(232.1, 308.8)(232.1, 323.4)(30.0, 323.4)(30.0, 276.5);GATE
Port:(30.0, 289.4)(34.5, 289.4)(34.5, 310.5)(30.0, 310.5);SD
Port:(232.2, 276.5)(232.2, 308.8)(232.1, 308.8)(232.1, 323.4)(35.6, 323.4)(35.6, 276.5);GATE
Port:(221.3, 282.5)(227.2, 282.5)(227.2, 302.8)(221.3, 302.8);SD
Module:M9
Boundary:(268.8, 10.0)(318.6, 10.0)(318.6, 10.3)(334.3, 10.3)(334.3, 209.3)(268.8, 209.3);GATE
Port:(282.7, 203.4)(320.4, 203.4)(320.4, 209.3)(282.7, 209.3);SD
Port:(268.8, 10.0)(318.6, 10.0)(318.6, 10.3)(334.3, 10.3)(334.3, 202.1)(268.8, 202.1);GATE
Port:(274.8, 15.0)(312.6, 15.0)(312.6, 21.6)(274.8, 21.6);SD
Module:M5
Boundary:(392.0, 239.3)(392.0, 336.4)(391.6, 336.4)(391.6, 352.6)(282.2, 352.6)(282.2, 239.3);GATE
Port:(282.2, 252.4)(287.4, 252.4)(287.4, 339.5)(282.2, 339.5);SD
Port:(392.0, 239.3)(392.0, 336.4)(391.6, 336.4)(391.6, 352.6)(289.4, 352.6)(289.4, 239.3);GATE
Port:(381.9, 245.1)(387.2, 245.1)(387.2, 330.6)(381.9, 330.6);SD
Module:M11
Boundary:(568.8, 334.4)(668.8, 334.4)(668.8, 334.6)(684.6, 334.6)(684.6, 516.9)(568.8, 516.9);GATE
Port:(584.0, 512.3)(669.4, 512.3)(669.4, 516.9)(584.0, 516.9);SD
Port:(568.8, 334.4)(668.8, 334.4)(668.8, 334.6)(684.6, 334.6)(684.6, 509.5)(568.8, 509.5);GATE
Port:(575.6, 340.2)(662.0, 340.2)(662.0, 347.3)(575.6, 347.3);SD
Module:M1
Boundary:(263.6, 402.6)(361.4, 402.6)(361.4, 511.9)(263.6, 511.9);GATE
Port:(277.7, 506.3)(347.3, 506.3)(347.3, 511.9)(277.7, 511.9);SD
Port:(263.6, 402.6)(361.4, 402.6)(361.4, 503.4)(263.6, 503.4);GATE
Port:(270.5, 408.5)(354.5, 408.5)(354.5, 414.8)(270.5, 414.8);SD
Module:M6
Boundary:(159.8, 363.4)(209.3, 363.4)(209.3, 363.6)(223.6, 363.6)(223.6, 531.8)(159.8, 531.8);GATE
Port:(174.0, 527.3)(209.4, 527.3)(209.4, 531.8)(174.0, 531.8);SD
Port:(159.8, 363.4)(209.3, 363.4)(209.3, 363.6)(223.6, 363.6)(223.6, 524.8)(159.8, 524.8);GATE
Port:(166.8, 369.4)(202.3, 369.4)(202.3, 375.7)(166.8, 375.7);SD
Module:M2
Boundary:(238.8, 20.0)(238.8, 115.1)(107.7, 115.1)(107.7, 20.0);GATE
Port:(107.7, 32.5)(113.0, 32.5)(113.0, 102.6)(107.7, 102.6);SD
Port:(238.8, 20.0)(238.8, 115.1)(115.6, 115.1)(115.6, 20.0);GATE
Port:(228.2, 25.3)(234.5, 25.3)(234.5, 109.8)(228.2, 109.8);SD
Module:M16
Boundary:(354.3, 10.0)(445.4, 10.0)(445.4, 199.1)(354.3, 199.1);GATE
Port:(367.3, 194.5)(432.4, 194.5)(432.4, 199.1)(367.3, 199.1);SD
Port:(354.3, 10.0)(445.4, 10.0)(445.4, 192.9)(354.3, 192.9);GATE
Port:(361.1, 15.8)(438.6, 15.8)(438.6, 21.1)(361.1, 21.1);SD
Module:M13
Boundary:(10.0, 10.0)(62.1, 10.0)(62.1, 10.1)(77.7, 10.1)(77.7, 236.5)(10.0, 236.5);GATE
Port:(25.1, 231.0)(62.6, 231.0)(62.6, 236.5)(25.1, 236.5);SD
Port:(10.0, 10.0)(62.1, 10.0)(62.1, 10.1)(77.7, 10.1)(77.7, 228.1)(10.0, 228.1);GATE
Port:(16.6, 15.6)(55.5, 15.6)(55.5, 22.7)(16.6, 22.7);SD
Module:M10
Boundary:(213.7, 145.1)(213.7, 214.7)(213.7, 214.7)(213.7, 231.5)(97.7, 231.5)(97.7, 145.1);GATE
Port:(97.7, 159.3)(103.3, 159.3)(103.3, 217.3)(97.7, 217.3);SD
Port:(213.7, 145.1)(213.7, 214.7)(213.7, 214.7)(213.7, 231.5)(105.9, 231.5)(105.9, 145.1);GATE
Port:(202.1, 152.0)(207.8, 152.0)(207.8, 207.8)(202.1, 207.8);SD
Module:M7
Boundary:(432.0, 229.1)(482.3, 229.1)(482.3, 229.3)(497.9, 229.3)(497.9, 376.4)(432.0, 376.4);GATE
Port:(445.7, 372.3)(484.2, 372.3)(484.2, 376.4)(445.7, 376.4);SD
Port:(432.0, 229.1)(482.3, 229.1)(482.3, 229.3)(497.9, 229.3)(497.9, 370.6)(432.0, 370.6);GATE
Port:(437.5, 233.6)(476.8, 233.6)(476.8, 241.1)(437.5, 241.1);SD
Module:M3
Boundary:(527.9, 163.3)(575.1, 163.3)(575.1, 163.4)(590.8, 163.4)(590.8, 305.7)(527.9, 305.7);GATE
Port:(539.8, 300.6)(578.9, 300.6)(578.9, 305.7)(539.8, 305.7);SD
Port:(527.9, 163.3)(575.1, 163.3)(575.1, 163.4)(590.8, 163.4)(590.8, 298.6)(527.9, 298.6);GATE
Port:(533.4, 167.8)(569.6, 167.8)(569.6, 172.8)(533.4, 172.8);SD
Module:M15
Boundary:(610.8, 163.3)(665.8, 163.3)(665.8, 163.5)(683.6, 163.5)(683.6, 314.4)(610.8, 314.4);GATE
Port:(625.5, 308.9)(668.9, 308.9)(668.9, 314.4)(625.5, 314.4);SD
Port:(610.8, 163.3)(665.8, 163.3)(665.8, 163.5)(683.6, 163.5)(683.6, 306.0)(610.8, 306.0);GATE
Port:(617.4, 168.9)(659.2, 168.9)(659.2, 174.8)(617.4, 174.8);SD
Module:M12
Boundary:(548.8, 406.4)(548.8, 532.1)(422.0, 532.1)(422.0, 406.4);GATE
Port:(422.0, 421.0)(426.1, 421.0)(426.1, 517.5)(422.0, 517.5);SD
Port:(548.8, 406.4)(548.8, 532.1)(428.6, 532.1)(428.6, 406.4);GATE
Port:(537.3, 412.6)(543.6, 412.6)(543.6, 525.9)(537.3, 525.9);SD
Module:M8
Boundary:(20.0, 373.4)(111.9, 373.4)(111.9, 374.0)(129.8, 374.0)(129.8, 520.9)(20.0, 520.9);GATE
Port:(35.8, 516.1)(114.0, 516.1)(114.0, 520.9)(35.8, 520.9);SD
Port:(20.0, 373.4)(111.9, 373.4)(111.9, 374.0)(129.8, 374.0)(129.8, 514.4)(20.0, 514.4);GATE
Port:(26.3, 378.7)(105.6, 378.7)(105.6, 385.8)(26.3, 385.8);SD
Module:M4
Boundary:(670.6, 20.0)(670.6, 117.5)(670.5, 117.5)(670.5, 133.3)(475.4, 133.3)(475.4, 20.0);GATE
Port:(475.4, 34.1)(479.8, 34.1)(479.8, 119.2)(475.4, 119.2);SD
Port:(670.6, 20.0)(670.6, 117.5)(670.5, 117.5)(670.5, 133.3)(481.2, 133.3)(481.2, 20.0);GATE
Port:(659.1, 26.2)(665.4, 26.2)(665.4, 111.3)(659.1, 111.3);SD
