Area:(-30.0, -30.0)(751.9, -30.0)(751.9, 504.9)(-30.0, 504.9)
Rule:GATE(5,5);SD(5,5);GATE_SD(0.5);GATE_ITO(0.5);SD_ITO(0.5)
Module:M14
Boundary:(682.5, 156.4)(682.5, 222.0)(682.3, 222.0)(682.3, 238.5)(513.4, 238.5)(513.4, 156.4);GATE
Port:(513.4, 168.7)(519.0, 168.7)(519.0, 226.2)(513.4, 226.2);SD
Port:(682.5, 156.4)(682.5, 222.0)(682.3, 222.0)(682.3, 238.5)(520.3, 238.5)(520.3, 156.4);GATE
Port:(672.5, 161.5)(678.4, 161.5)(678.4, 216.9)(672.5, 216.9);SD
Module:M9
Boundary:(680.1, 278.5)(680.1, 351.3)(679.9, 351.3)(679.9, 369.4)(522.3, 369.4)(522.3, 278.5);GATE
Port:(522.3, 293.1)(526.5, 293.1)(526.5, 354.8)(522.3, 354.8);SD
Port:(680.1, 278.5)(680.1, 351.3)(679.9, 351.3)(679.9, 369.4)(529.3, 369.4)(529.3, 278.5);GATE
Port:(668.5, 284.6)(675.0, 284.6)(675.0, 345.2)(668.5, 345.2);SD
Module:M5
Boundary:(459.5, 20.0)(459.5, 135.8)(295.6, 135.8)(295.6, 20.0);GATE
Port:(295.6, 34.6)(300.4, 34.6)(300.4, 121.2)(295.6, 121.2);SD
Port:(459.5, 20.0)(459.5, 135.8)(302.7, 135.8)(302.7, 20.0);GATE
Port:(447.1, 26.9)(453.6, 26.9)(453.6, 128.9)(447.1, 128.9);SD
Module:M11
Boundary:(10.0, 10.0)(69.1, 10.0)(69.1, 10.2)(87.7, 10.2)(87.7, 207.9)(10.0, 207.9);GATE
Port:(26.4, 203.1)(71.3, 203.1)(71.3, 207.9)(26.4, 207.9);SD
Port:(10.0, 10.0)(69.1, 10.0)(69.1, 10.2)(87.7, 10.2)(87.7, 200.3)(10.0, 200.3);GATE
Port:(16.9, 15.9)(62.2, 15.9)(62.2, 23.4)(16.9, 23.4);SD
Module:M1
Boundary:(127.7, 30.0)(174.1, 30.0)(174.1, 199.7)(127.7, 199.7);GATE
Port:(140.4, 194.4)(161.4, 194.4)(161.4, 199.7)(140.4, 199.7);SD
Port:(127.7, 30.0)(174.1, 30.0)(174.1, 193.2)(127.7, 193.2);GATE
Port:(134.1, 35.4)(167.7, 35.4)(167.7, 39.9)(134.1, 39.9);SD
Module:M6
Boundary:(155.9, 358.7)(155.9, 449.8)(155.6, 449.8)(155.6, 464.9)(10.0, 464.9)(10.0, 358.7);GATE
Port:(10.0, 370.8)(14.4, 370.8)(14.4, 452.8)(10.0, 452.8);SD
Port:(155.9, 358.7)(155.9, 449.8)(155.6, 449.8)(155.6, 464.9)(17.3, 464.9)(17.3, 358.7);GATE
Port:(146.4, 364.2)(151.4, 364.2)(151.4, 444.3)(146.4, 444.3);SD
Module:M2
Boundary:(296.9, 396.6)(296.9, 431.2)(296.8, 431.2)(296.8, 447.2)(185.9, 447.2)(185.9, 396.6);GATE
Port:(185.9, 410.2)(191.7, 410.2)(191.7, 433.6)(185.9, 433.6);SD
Port:(296.9, 396.6)(296.9, 431.2)(296.8, 431.2)(296.8, 447.2)(193.6, 447.2)(193.6, 396.6);GATE
Port:(285.6, 402.5)(292.0, 402.5)(292.0, 425.3)(285.6, 425.3);SD
Module:M16
Boundary:(711.9, 389.4)(711.9, 464.6)(580.1, 464.6)(580.1, 389.4);GATE
Port:(580.1, 403.4)(584.7, 403.4)(584.7, 450.6)(580.1, 450.6);SD
Port:(711.9, 389.4)(711.9, 464.6)(587.2, 464.6)(587.2, 389.4);GATE
Port:(699.7, 395.9)(706.4, 395.9)(706.4, 458.1)(699.7, 458.1);SD
Module:M13
Boundary:(162.3, 239.7)(162.3, 322.0)(161.9, 322.0)(161.9, 338.7)(10.0, 338.7)(10.0, 239.7);GATE
Port:(10.0, 252.2)(15.6, 252.2)(15.6, 326.2)(10.0, 326.2);SD
Port:(162.3, 239.7)(162.3, 322.0)(161.9, 322.0)(161.9, 338.7)(17.8, 338.7)(17.8, 239.7);GATE
Port:(152.9, 244.8)(158.2, 244.8)(158.2, 316.9)(152.9, 316.9);SD
Module:M10
Boundary:(214.1, 10.0)(265.6, 10.0)(265.6, 155.9)(214.1, 155.9);GATE
Port:(228.2, 151.6)(251.5, 151.6)(251.5, 155.9)(228.2, 155.9);SD
Port:(214.1, 10.0)(265.6, 10.0)(265.6, 150.0)(214.1, 150.0);GATE
Port:(219.2, 14.1)(260.5, 14.1)(260.5, 20.8)(219.2, 20.8);SD
Module:M7
Boundary:(550.1, 403.0)(550.1, 435.5)(550.0, 435.5)(550.0, 451.0)(350.9, 451.0)(350.9, 403.0);GATE
Port:(350.9, 415.7)(356.5, 415.7)(356.5, 438.3)(350.9, 438.3);SD
Port:(550.1, 403.0)(550.1, 435.5)(550.0, 435.5)(550.0, 451.0)(358.9, 451.0)(358.9, 403.0);GATE
Port:(539.2, 409.1)(545.0, 409.1)(545.0, 429.4)(539.2, 429.4);SD
Module:M3
Boundary:(286.1, 175.9)(286.1, 223.2)(285.9, 223.2)(285.9, 238.0)(214.1, 238.0)(214.1, 175.9);GATE
Port:(214.1, 188.5)(218.1, 188.5)(218.1, 225.4)(214.1, 225.4);SD
Port:(286.1, 175.9)(286.1, 223.2)(285.9, 223.2)(285.9, 238.0)(220.5, 238.0)(220.5, 175.9);GATE
Port:(275.3, 181.6)(281.4, 181.6)(281.4, 217.5)(275.3, 217.5);SD
Module:M15
Boundary:(473.4, 165.8)(473.4, 237.4)(473.3, 237.4)(473.3, 251.4)(306.1, 251.4)(306.1, 165.8);GATE
Port:(306.1, 177.1)(310.5, 177.1)(310.5, 240.1)(306.1, 240.1);SD
Port:(473.4, 165.8)(473.4, 237.4)(473.3, 237.4)(473.3, 251.4)(312.9, 251.4)(312.9, 165.8);GATE
Port:(463.9, 171.2)(469.0, 171.2)(469.0, 232.0)(463.9, 232.0);SD
Module:M12
Boundary:(320.9, 271.4)(320.9, 366.6)(182.3, 366.6)(182.3, 271.4);GATE
Port:(182.3, 285.0)(186.8, 285.0)(186.8, 353.0)(182.3, 353.0);SD
Port:(320.9, 271.4)(320.9, 366.6)(188.6, 366.6)(188.6, 271.4);GATE
Port:(309.5, 277.1)(316.2, 277.1)(316.2, 360.9)(309.5, 360.9);SD
Module:M8
Boundary:(492.3, 288.5)(492.3, 348.3)(492.1, 348.3)(492.1, 363.0)(350.9, 363.0)(350.9, 288.5);GATE
Port:(350.9, 300.1)(356.5, 300.1)(356.5, 351.4)(350.9, 351.4);SD
Port:(492.3, 288.5)(492.3, 348.3)(492.1, 348.3)(492.1, 363.0)(359.4, 363.0)(359.4, 288.5);GATE
Port:(482.6, 294.0)(487.8, 294.0)(487.8, 342.8)(482.6, 342.8);SD
Module:M4
Boundary:(704.2, 20.0)(704.2, 89.2)(704.0, 89.2)(704.0, 106.4)(499.5, 106.4)(499.5, 20.0);GATE
Port:(499.5, 34.0)(503.5, 34.0)(503.5, 92.4)(499.5, 92.4);SD
Port:(704.2, 20.0)(704.2, 89.2)(704.0, 89.2)(704.0, 106.4)(505.3, 106.4)(505.3, 20.0);GATE
Port:(692.9, 25.7)(699.5, 25.7)(699.5, 83.5)(692.9, 83.5);SD
