Area:(-30.0, -30.0)(626.9, -30.0)(626.9, 602.5)(-30.0, 602.5)
Rule:GATE(5,5);SD(5,5);GATE_SD(0.5);GATE_ITO(0.5);SD_ITO(0.5)
Module:M14
Boundary:(332.9, 30.0)(445.8, 30.0)(445.8, 112.1)(332.9, 112.1);GATE
Port:(346.5, 107.1)(432.2, 107.1)(432.2, 112.1)(346.5, 112.1);SD
Port:(332.9, 30.0)(445.8, 30.0)(445.8, 106.1)(332.9, 106.1);GATE
Port:(339.6, 35.7)(439.1, 35.7)(439.1, 40.9)(339.6, 40.9);SD
Module:M9
Boundary:(303.5, 242.2)(303.5, 311.9)(303.1, 311.9)(303.1, 329.6)(76.4, 329.6)(76.4, 242.2);GATE
Port:(76.4, 255.6)(80.4, 255.6)(80.4, 316.2)(76.4, 316.2);SD
Port:(303.5, 242.2)(303.5, 311.9)(303.1, 311.9)(303.1, 329.6)(81.5, 329.6)(81.5, 242.2);GATE
Port:(293.2, 248.3)(298.4, 248.3)(298.4, 305.8)(293.2, 305.8);SD
Module:M5
Boundary:(304.2, 474.5)(304.2, 533.7)(304.0, 533.7)(304.0, 548.1)(186.7, 548.1)(186.7, 474.5);GATE
Port:(186.7, 486.5)(191.7, 486.5)(191.7, 536.1)(186.7, 536.1);SD
Port:(304.2, 474.5)(304.2, 533.7)(304.0, 533.7)(304.0, 548.1)(193.2, 548.1)(193.2, 474.5);GATE
Port:(294.0, 480.0)(299.7, 480.0)(299.7, 528.2)(294.0, 528.2);SD
Module:M11
Boundary:(490.8, 10.0)(570.6, 10.0)(570.6, 10.0)(586.9, 10.0)(586.9, 153.9)(490.8, 153.9);GATE
Port:(502.3, 149.3)(575.4, 149.3)(575.4, 153.9)(502.3, 153.9);SD
Port:(490.8, 10.0)(570.6, 10.0)(570.6, 10.0)(586.9, 10.0)(586.9, 146.6)(490.8, 146.6);GATE
Port:(496.0, 14.2)(565.4, 14.2)(565.4, 19.2)(496.0, 19.2);SD
Module:M1
Boundary:(343.9, 172.1)(450.8, 172.1)(450.8, 344.2)(343.9, 344.2);GATE
Port:(358.9, 339.9)(435.8, 339.9)(435.8, 344.2)(358.9, 344.2);SD
Port:(343.9, 172.1)(450.8, 172.1)(450.8, 337.2)(343.9, 337.2);GATE
Port:(350.8, 178.0)(443.9, 178.0)(443.9, 184.1)(350.8, 184.1);SD
Module:M6
Boundary:(490.8, 173.9)(586.2, 173.9)(586.2, 286.2)(490.8, 286.2);GATE
Port:(503.2, 281.1)(573.8, 281.1)(573.8, 286.2)(503.2, 286.2);SD
Port:(490.8, 173.9)(586.2, 173.9)(586.2, 278.5)(490.8, 278.5);GATE
Port:(496.6, 178.7)(580.4, 178.7)(580.4, 184.0)(496.6, 184.0);SD
Module:M2
Boundary:(211.9, 359.6)(293.9, 359.6)(293.9, 434.5)(211.9, 434.5);GATE
Port:(225.5, 429.8)(280.3, 429.8)(280.3, 434.5)(225.5, 434.5);SD
Port:(211.9, 359.6)(293.9, 359.6)(293.9, 428.1)(211.9, 428.1);GATE
Port:(217.6, 364.3)(288.2, 364.3)(288.2, 370.9)(217.6, 370.9);SD
Module:M16
Boundary:(477.1, 384.2)(477.1, 466.8)(477.0, 466.8)(477.0, 482.8)(334.2, 482.8)(334.2, 384.2);GATE
Port:(334.2, 398.4)(338.5, 398.4)(338.5, 468.6)(334.2, 468.6);SD
Port:(477.1, 384.2)(477.1, 466.8)(477.0, 466.8)(477.0, 482.8)(341.3, 482.8)(341.3, 384.2);GATE
Port:(465.9, 390.8)(471.5, 390.8)(471.5, 460.2)(465.9, 460.2);SD
Module:M13
Boundary:(10.0, 10.0)(61.3, 10.0)(61.3, 10.1)(77.3, 10.1)(77.3, 98.2)(10.0, 98.2);GATE
Port:(24.2, 92.2)(63.1, 92.2)(63.1, 98.2)(24.2, 98.2);SD
Port:(10.0, 10.0)(61.3, 10.0)(61.3, 10.1)(77.3, 10.1)(77.3, 90.7)(10.0, 90.7);GATE
Port:(16.4, 15.4)(54.9, 15.4)(54.9, 21.9)(16.4, 21.9);SD
Module:M10
Boundary:(181.9, 349.6)(181.9, 409.9)(181.6, 409.9)(181.6, 425.3)(10.0, 425.3)(10.0, 349.6);GATE
Port:(10.0, 361.0)(14.3, 361.0)(14.3, 413.9)(10.0, 413.9);SD
Port:(181.9, 349.6)(181.9, 409.9)(181.6, 409.9)(181.6, 425.3)(17.2, 425.3)(17.2, 349.6);GATE
Port:(172.8, 354.6)(177.9, 354.6)(177.9, 404.9)(172.8, 404.9);SD
Module:M7
Boundary:(282.9, 20.0)(282.9, 111.9)(282.7, 111.9)(282.7, 126.7)(107.3, 126.7)(107.3, 20.0);GATE
Port:(107.3, 33.1)(112.6, 33.1)(112.6, 113.6)(107.3, 113.6);SD
Port:(282.9, 20.0)(282.9, 111.9)(282.7, 111.9)(282.7, 126.7)(115.0, 126.7)(115.0, 20.0);GATE
Port:(271.6, 26.1)(277.8, 26.1)(277.8, 105.8)(271.6, 105.8);SD
Module:M3
Boundary:(498.5, 502.8)(498.5, 558.3)(334.2, 558.3)(334.2, 502.8);GATE
Port:(334.2, 517.5)(339.9, 517.5)(339.9, 543.6)(334.2, 543.6);SD
Port:(498.5, 502.8)(498.5, 558.3)(341.5, 558.3)(341.5, 502.8);GATE
Port:(486.7, 509.6)(492.7, 509.6)(492.7, 551.5)(486.7, 551.5);SD
Module:M15
Boundary:(10.0, 118.2)(56.4, 118.2)(56.4, 289.6)(10.0, 289.6);GATE
Port:(22.9, 285.6)(43.5, 285.6)(43.5, 289.6)(22.9, 289.6);SD
Port:(10.0, 118.2)(56.4, 118.2)(56.4, 284.0)(10.0, 284.0);GATE
Port:(16.6, 123.8)(49.8, 123.8)(49.8, 129.0)(16.6, 129.0);SD
Module:M12
Boundary:(156.7, 445.3)(156.7, 545.6)(156.2, 545.6)(156.2, 562.5)(10.0, 562.5)(10.0, 445.3);GATE
Port:(10.0, 458.4)(14.4, 458.4)(14.4, 549.4)(10.0, 549.4);SD
Port:(156.7, 445.3)(156.7, 545.6)(156.2, 545.6)(156.2, 562.5)(15.9, 562.5)(15.9, 445.3);GATE
Port:(146.9, 450.9)(152.1, 450.9)(152.1, 540.0)(146.9, 540.0);SD
Module:M8
Boundary:(528.5, 316.2)(572.1, 316.2)(572.1, 482.3)(528.5, 482.3);GATE
Port:(539.0, 476.4)(561.6, 476.4)(561.6, 482.3)(539.0, 482.3);SD
Port:(528.5, 316.2)(572.1, 316.2)(572.1, 475.1)(528.5, 475.1);GATE
Port:(534.0, 320.7)(566.6, 320.7)(566.6, 324.8)(534.0, 324.8);SD
Module:M4
Boundary:(278.6, 166.7)(278.6, 212.2)(86.4, 212.2)(86.4, 166.7);GATE
Port:(86.4, 178.4)(90.5, 178.4)(90.5, 200.5)(86.4, 200.5);SD
Port:(278.6, 166.7)(278.6, 212.2)(93.3, 212.2)(93.3, 166.7);GATE
Port:(268.8, 172.2)(274.1, 172.2)(274.1, 206.7)(268.8, 206.7);SD
