Area:(-30.0, -30.0)(562.0, -30.0)(562.0, 631.5)(-30.0, 631.5)
Rule:GATE(5,5);SD(5,5);GATE_SD(0.5);GATE_ITO(0.5);SD_ITO(0.5)
Module:M14
Boundary:(116.4, 521.3)(116.4, 555.9)(116.2, 555.9)(116.2, 572.2)(30.0, 572.2)(30.0, 521.3);GATE
Port:(30.0, 535.1)(34.6, 535.1)(34.6, 558.4)(30.0, 558.4);SD
Port:(116.4, 521.3)(116.4, 555.9)(116.2, 555.9)(116.2, 572.2)(35.8, 572.2)(35.8, 521.3);GATE
Port:(105.7, 527.4)(111.3, 527.4)(111.3, 549.8)(105.7, 549.8);SD
Module:M9
Boundary:(507.8, 291.6)(507.8, 358.2)(428.3, 358.2)(428.3, 291.6);GATE
Port:(428.3, 306.0)(433.9, 306.0)(433.9, 343.8)(428.3, 343.8);SD
Port:(507.8, 291.6)(507.8, 358.2)(435.8, 358.2)(435.8, 291.6);GATE
Port:(495.4, 298.4)(502.0, 298.4)(502.0, 351.4)(495.4, 351.4);SD
Module:M5
Boundary:(341.3, 365.5)(384.9, 365.5)(384.9, 365.6)(398.3, 365.6)(398.3, 457.4)(341.3, 457.4);GATE
Port:(352.9, 453.1)(386.7, 453.1)(386.7, 457.4)(352.9, 457.4);SD
Port:(341.3, 365.5)(384.9, 365.5)(384.9, 365.6)(398.3, 365.6)(398.3, 451.4)(341.3, 451.4);GATE
Port:(347.7, 370.9)(378.5, 370.9)(378.5, 375.6)(347.7, 375.6);SD
Module:M11
Boundary:(497.3, 487.4)(497.3, 576.5)(497.0, 576.5)(497.0, 591.5)(333.9, 591.5)(333.9, 487.4);GATE
Port:(333.9, 498.2)(339.8, 498.2)(339.8, 580.7)(333.9, 580.7);SD
Port:(497.3, 487.4)(497.3, 576.5)(497.0, 576.5)(497.0, 591.5)(340.9, 591.5)(340.9, 487.4);GATE
Port:(488.6, 492.6)(493.1, 492.6)(493.1, 571.3)(488.6, 571.3);SD
Module:M1
Boundary:(216.2, 235.2)(216.2, 296.9)(215.9, 296.9)(215.9, 311.3)(30.0, 311.3)(30.0, 235.2);GATE
Port:(30.0, 248.3)(35.6, 248.3)(35.6, 298.2)(30.0, 298.2);SD
Port:(216.2, 235.2)(216.2, 296.9)(215.9, 296.9)(215.9, 311.3)(37.8, 311.3)(37.8, 235.2);GATE
Port:(205.1, 241.1)(211.3, 241.1)(211.3, 291.0)(205.1, 291.0);SD
Module:M6
Boundary:(313.9, 501.3)(313.9, 565.0)(313.6, 565.0)(313.6, 581.2)(156.4, 581.2)(156.4, 501.3);GATE
Port:(156.4, 513.3)(160.4, 513.3)(160.4, 569.2)(156.4, 569.2);SD
Port:(313.9, 501.3)(313.9, 565.0)(313.6, 565.0)(313.6, 581.2)(161.5, 581.2)(161.5, 501.3);GATE
Port:(304.7, 506.8)(309.4, 506.8)(309.4, 559.5)(304.7, 559.5);SD
Module:M2
Boundary:(246.2, 20.0)(246.2, 91.5)(245.8, 91.5)(245.8, 109.3)(169.6, 109.3)(169.6, 20.0);GATE
Port:(169.6, 34.3)(174.9, 34.3)(174.9, 95.0)(169.6, 95.0);SD
Port:(246.2, 20.0)(246.2, 91.5)(245.8, 91.5)(245.8, 109.3)(177.6, 109.3)(177.6, 20.0);GATE
Port:(235.4, 26.3)(240.9, 26.3)(240.9, 85.2)(235.4, 85.2);SD
Module:M16
Boundary:(522.0, 10.0)(522.0, 113.7)(366.9, 113.7)(366.9, 10.0);GATE
Port:(366.9, 23.8)(372.6, 23.8)(372.6, 99.9)(366.9, 99.9);SD
Port:(522.0, 10.0)(522.0, 113.7)(374.0, 113.7)(374.0, 10.0);GATE
Port:(510.9, 16.7)(516.3, 16.7)(516.3, 107.0)(510.9, 107.0);SD
Module:M13
Boundary:(235.2, 139.3)(235.2, 190.3)(159.6, 190.3)(159.6, 139.3);GATE
Port:(159.6, 153.5)(164.0, 153.5)(164.0, 176.1)(159.6, 176.1);SD
Port:(235.2, 139.3)(235.2, 190.3)(166.9, 190.3)(166.9, 139.3);GATE
Port:(223.3, 144.7)(230.8, 144.7)(230.8, 184.9)(223.3, 184.9);SD
Module:M10
Boundary:(238.9, 355.5)(293.2, 355.5)(293.2, 355.5)(311.3, 355.5)(311.3, 455.2)(238.9, 455.2);GATE
Port:(253.2, 449.9)(297.0, 449.9)(297.0, 455.2)(253.2, 455.2);SD
Port:(238.9, 355.5)(293.2, 355.5)(293.2, 355.5)(311.3, 355.5)(311.3, 446.9)(238.9, 446.9);GATE
Port:(244.8, 360.4)(287.3, 360.4)(287.3, 366.8)(244.8, 366.8);SD
Module:M7
Boundary:(20.0, 20.0)(114.2, 20.0)(114.2, 20.0)(129.6, 20.0)(129.6, 185.2)(20.0, 185.2);GATE
Port:(32.5, 180.1)(117.1, 180.1)(117.1, 185.2)(32.5, 185.2);SD
Port:(20.0, 20.0)(114.2, 20.0)(114.2, 20.0)(129.6, 20.0)(129.6, 178.5)(20.0, 178.5);GATE
Port:(25.1, 24.1)(109.1, 24.1)(109.1, 30.4)(25.1, 30.4);SD
Module:M3
Boundary:(428.3, 378.2)(481.8, 378.2)(481.8, 378.3)(499.4, 378.3)(499.4, 467.1)(428.3, 467.1);GATE
Port:(442.4, 462.5)(485.3, 462.5)(485.3, 467.1)(442.4, 467.1);SD
Port:(428.3, 378.2)(481.8, 378.2)(481.8, 378.3)(499.4, 378.3)(499.4, 460.9)(428.3, 460.9);GATE
Port:(435.3, 384.2)(474.8, 384.2)(474.8, 389.1)(435.3, 389.1);SD
Module:M15
Boundary:(276.2, 10.0)(346.9, 10.0)(346.9, 158.7)(276.2, 158.7);GATE
Port:(290.8, 153.1)(332.3, 153.1)(332.3, 158.7)(290.8, 158.7);SD
Port:(276.2, 10.0)(346.9, 10.0)(346.9, 150.2)(276.2, 150.2);GATE
Port:(281.6, 14.4)(341.5, 14.4)(341.5, 22.2)(281.6, 22.2);SD
Module:M12
Boundary:(218.9, 351.3)(218.9, 463.2)(218.6, 463.2)(218.6, 481.3)(10.0, 481.3)(10.0, 351.3);GATE
Port:(10.0, 367.4)(15.9, 367.4)(15.9, 465.2)(10.0, 465.2);SD
Port:(218.9, 351.3)(218.9, 463.2)(218.6, 463.2)(218.6, 481.3)(17.8, 481.3)(17.8, 351.3);GATE
Port:(205.9, 358.2)(213.0, 358.2)(213.0, 456.3)(205.9, 456.3);SD
Module:M8
Boundary:(422.1, 143.7)(496.9, 143.7)(496.9, 143.7)(511.4, 143.7)(511.4, 261.6)(422.1, 261.6);GATE
Port:(434.7, 257.5)(498.8, 257.5)(498.8, 261.6)(434.7, 261.6);SD
Port:(422.1, 143.7)(496.9, 143.7)(496.9, 143.7)(511.4, 143.7)(511.4, 255.2)(422.1, 255.2);GATE
Port:(428.0, 148.6)(491.0, 148.6)(491.0, 154.2)(428.0, 154.2);SD
Module:M4
Boundary:(266.2, 188.7)(382.1, 188.7)(382.1, 325.5)(266.2, 325.5);GATE
Port:(280.0, 321.1)(368.3, 321.1)(368.3, 325.5)(280.0, 325.5);SD
Port:(266.2, 188.7)(382.1, 188.7)(382.1, 320.1)(266.2, 320.1);GATE
Port:(273.1, 194.6)(375.2, 194.6)(375.2, 199.9)(273.1, 199.9);SD
