Area:(-30.0, -20.0)(385.1, -20.0)(385.1, 1086.1)(-30.0, 1086.1)
Rule:GATE(5,5);SD(5,5);GATE_SD(0.5);GATE_ITO(0.5);SD_ITO(0.5)
Module:M14
Boundary:(158.5, 725.0)(158.5, 798.1)(30.0, 798.1)(30.0, 725.0);GATE
Port:(30.0, 738.0)(35.0, 738.0)(35.0, 785.1)(30.0, 785.1);SD
Port:(158.5, 725.0)(158.5, 798.1)(37.2, 798.1)(37.2, 725.0);GATE
Port:(147.4, 731.9)(152.6, 731.9)(152.6, 791.2)(147.4, 791.2);SD
Module:M9
Boundary:(172.2, 587.1)(172.2, 685.0)(10.0, 685.0)(10.0, 587.1);GATE
Port:(10.0, 599.5)(15.7, 599.5)(15.7, 672.6)(10.0, 672.6);SD
Port:(172.2, 587.1)(172.2, 685.0)(18.0, 685.0)(18.0, 587.1);GATE
Port:(163.0, 592.1)(168.2, 592.1)(168.2, 680.0)(163.0, 680.0);SD
Module:M5
Boundary:(300.9, 703.8)(300.9, 769.2)(208.5, 769.2)(208.5, 703.8);GATE
Port:(208.5, 717.5)(214.1, 717.5)(214.1, 755.5)(208.5, 755.5);SD
Port:(300.9, 703.8)(300.9, 769.2)(216.7, 769.2)(216.7, 703.8);GATE
Port:(290.3, 710.5)(295.2, 710.5)(295.2, 762.5)(290.3, 762.5);SD
Module:M11
Boundary:(323.7, 554.1)(323.7, 673.8)(192.2, 673.8)(192.2, 554.1);GATE
Port:(192.2, 567.0)(196.9, 567.0)(196.9, 660.9)(192.2, 660.9);SD
Port:(323.7, 554.1)(323.7, 673.8)(198.5, 673.8)(198.5, 554.1);GATE
Port:(313.4, 559.5)(319.3, 559.5)(319.3, 668.4)(313.4, 668.4);SD
Module:M1
Boundary:(221.2, 952.9)(221.2, 1026.5)(30.0, 1026.5)(30.0, 952.9);GATE
Port:(30.0, 967.3)(34.3, 967.3)(34.3, 1012.1)(30.0, 1012.1);SD
Port:(221.2, 952.9)(221.2, 1026.5)(36.1, 1026.5)(36.1, 952.9);GATE
Port:(209.8, 958.2)(216.9, 958.2)(216.9, 1021.2)(209.8, 1021.2);SD
Module:M6
Boundary:(238.6, 299.3)(345.1, 299.3)(345.1, 520.7)(238.6, 520.7);GATE
Port:(254.0, 516.2)(329.7, 516.2)(329.7, 520.7)(254.0, 520.7);SD
Port:(238.6, 299.3)(345.1, 299.3)(345.1, 514.6)(238.6, 514.6);GATE
Port:(245.2, 304.9)(338.5, 304.9)(338.5, 311.3)(245.2, 311.3);SD
Module:M2
Boundary:(334.6, 20.0)(334.6, 109.2)(334.4, 109.2)(334.4, 126.9)(189.3, 126.9)(189.3, 20.0);GATE
Port:(189.3, 34.4)(194.6, 34.4)(194.6, 112.5)(189.3, 112.5);SD
Port:(334.6, 20.0)(334.6, 109.2)(334.4, 109.2)(334.4, 126.9)(196.6, 126.9)(196.6, 20.0);GATE
Port:(323.5, 26.5)(329.1, 26.5)(329.1, 102.7)(323.5, 102.7);SD
Module:M16
Boundary:(151.2, 360.8)(199.4, 360.8)(199.4, 361.0)(214.5, 361.0)(214.5, 534.1)(151.2, 534.1);GATE
Port:(164.6, 530.0)(201.1, 530.0)(201.1, 534.1)(164.6, 534.1);SD
Port:(151.2, 360.8)(199.4, 360.8)(199.4, 361.0)(214.5, 361.0)(214.5, 528.2)(151.2, 528.2);GATE
Port:(156.5, 365.1)(194.1, 365.1)(194.1, 371.5)(156.5, 371.5);SD
Module:M13
Boundary:(121.6, 156.9)(218.6, 156.9)(218.6, 340.8)(121.6, 340.8);GATE
Port:(135.3, 336.0)(204.9, 336.0)(204.9, 340.8)(135.3, 340.8);SD
Port:(121.6, 156.9)(218.6, 156.9)(218.6, 334.1)(121.6, 334.1);GATE
Port:(127.8, 162.1)(212.4, 162.1)(212.4, 168.5)(127.8, 168.5);SD
Module:M10
Boundary:(261.2, 928.4)(309.5, 928.4)(309.5, 1046.1)(261.2, 1046.1);GATE
Port:(274.5, 1040.9)(296.2, 1040.9)(296.2, 1046.1)(274.5, 1046.1);SD
Port:(261.2, 928.4)(309.5, 928.4)(309.5, 1037.9)(261.2, 1037.9);GATE
Port:(266.7, 932.9)(304.0, 932.9)(304.0, 939.9)(266.7, 939.9);SD
Module:M7
Boundary:(254.8, 809.2)(306.3, 809.2)(306.3, 809.3)(323.4, 809.3)(323.4, 898.4)(254.8, 898.4);GATE
Port:(268.1, 893.9)(310.1, 893.9)(310.1, 898.4)(268.1, 898.4);SD
Port:(254.8, 809.2)(306.3, 809.2)(306.3, 809.3)(323.4, 809.3)(323.4, 892.7)(254.8, 892.7);GATE
Port:(260.3, 813.7)(300.8, 813.7)(300.8, 820.3)(260.3, 820.3);SD
Module:M3
Boundary:(10.0, 366.9)(113.9, 366.9)(113.9, 367.2)(131.2, 367.2)(131.2, 567.1)(10.0, 567.1);GATE
Port:(23.9, 562.9)(117.3, 562.9)(117.3, 567.1)(23.9, 567.1);SD
Port:(10.0, 366.9)(113.9, 366.9)(113.9, 367.2)(131.2, 367.2)(131.2, 561.3)(10.0, 561.3);GATE
Port:(16.6, 372.5)(107.3, 372.5)(107.3, 377.4)(16.6, 377.4);SD
Module:M15
Boundary:(238.6, 156.9)(302.8, 156.9)(302.8, 279.3)(238.6, 279.3);GATE
Port:(251.8, 273.6)(289.6, 273.6)(289.6, 279.3)(251.8, 279.3);SD
Port:(238.6, 156.9)(302.8, 156.9)(302.8, 271.9)(238.6, 271.9);GATE
Port:(245.3, 162.6)(296.1, 162.6)(296.1, 168.3)(245.3, 168.3);SD
Module:M12
Boundary:(10.0, 150.9)(86.9, 150.9)(86.9, 151.2)(101.6, 151.2)(101.6, 346.9)(10.0, 346.9);GATE
Port:(22.8, 342.3)(88.8, 342.3)(88.8, 346.9)(22.8, 346.9);SD
Port:(10.0, 150.9)(86.9, 150.9)(86.9, 151.2)(101.6, 151.2)(101.6, 340.2)(10.0, 340.2);GATE
Port:(16.2, 156.1)(80.7, 156.1)(80.7, 162.0)(16.2, 162.0);SD
Module:M8
Boundary:(149.3, 20.0)(149.3, 104.0)(149.0, 104.0)(149.0, 120.9)(20.0, 120.9)(20.0, 20.0);GATE
Port:(20.0, 33.5)(24.2, 33.5)(24.2, 107.4)(20.0, 107.4);SD
Port:(149.3, 20.0)(149.3, 104.0)(149.0, 104.0)(149.0, 120.9)(25.7, 120.9)(25.7, 20.0);GATE
Port:(138.7, 25.0)(145.3, 25.0)(145.3, 99.0)(138.7, 99.0);SD
Module:M4
Boundary:(214.8, 848.1)(214.8, 886.1)(214.7, 886.1)(214.7, 902.9)(20.0, 902.9)(20.0, 848.1);GATE
Port:(20.0, 864.0)(24.6, 864.0)(24.6, 887.0)(20.0, 887.0);SD
Port:(214.8, 848.1)(214.8, 886.1)(214.7, 886.1)(214.7, 902.9)(26.5, 902.9)(26.5, 848.1);GATE
Port:(201.9, 854.8)(209.1, 854.8)(209.1, 879.4)(201.9, 879.4);SD
