Area:(-30.0, -30.0)(508.0, -30.0)(508.0, 1004.2)(-30.0, 1004.2)
Rule:GATE(5,5);SD(5,5);GATE_SD(0.5);GATE_ITO(0.5);SD_ITO(0.5)
Module:M14
Boundary:(438.0, 729.7)(438.0, 807.6)(437.7, 807.6)(437.7, 822.0)(265.1, 822.0)(265.1, 729.7);GATE
Port:(265.1, 743.8)(269.9, 743.8)(269.9, 807.9)(265.1, 807.9);SD
Port:(438.0, 729.7)(438.0, 807.6)(437.7, 807.6)(437.7, 822.0)(271.5, 822.0)(271.5, 729.7);GATE
Port:(426.1, 736.4)(432.3, 736.4)(432.3, 800.9)(426.1, 800.9);SD
Module:M9
Boundary:(432.6, 862.0)(432.6, 964.2)(229.5, 964.2)(229.5, 862.0);GATE
Port:(229.5, 875.9)(234.4, 875.9)(234.4, 950.3)(229.5, 950.3);SD
Port:(432.6, 862.0)(432.6, 964.2)(237.4, 964.2)(237.4, 862.0);GATE
Port:(420.9, 868.5)(427.1, 868.5)(427.1, 957.7)(420.9, 957.7);SD
Module:M5
Boundary:(237.8, 211.2)(237.8, 294.5)(20.0, 294.5)(20.0, 211.2);GATE
Port:(20.0, 225.5)(24.1, 225.5)(24.1, 280.2)(20.0, 280.2);SD
Port:(237.8, 211.2)(237.8, 294.5)(26.9, 294.5)(26.9, 211.2);GATE
Port:(226.7, 218.2)(231.8, 218.2)(231.8, 287.5)(226.7, 287.5);SD
Module:M11
Boundary:(253.5, 555.6)(253.5, 679.9)(107.0, 679.9)(107.0, 555.6);GATE
Port:(107.0, 570.7)(111.4, 570.7)(111.4, 664.8)(107.0, 664.8);SD
Port:(253.5, 555.6)(253.5, 679.9)(114.2, 679.9)(114.2, 555.6);GATE
Port:(241.7, 562.5)(247.6, 562.5)(247.6, 673.0)(241.7, 673.0);SD
Module:M1
Boundary:(326.4, 468.2)(435.0, 468.2)(435.0, 669.7)(326.4, 669.7);GATE
Port:(342.4, 665.3)(419.0, 665.3)(419.0, 669.7)(342.4, 669.7);SD
Port:(326.4, 468.2)(435.0, 468.2)(435.0, 663.1)(326.4, 663.1);GATE
Port:(333.3, 474.1)(428.1, 474.1)(428.1, 480.9)(333.3, 480.9);SD
Module:M6
Boundary:(286.4, 472.9)(286.4, 520.4)(286.3, 520.4)(286.3, 535.6)(107.0, 535.6)(107.0, 472.9);GATE
Port:(107.0, 485.8)(111.4, 485.8)(111.4, 522.7)(107.0, 522.7);SD
Port:(286.4, 472.9)(286.4, 520.4)(286.3, 520.4)(286.3, 535.6)(113.9, 535.6)(113.9, 472.9);GATE
Port:(276.1, 479.6)(280.7, 479.6)(280.7, 513.7)(276.1, 513.7);SD
Module:M2
Boundary:(458.3, 145.9)(458.3, 208.0)(292.9, 208.0)(292.9, 145.9);GATE
Port:(292.9, 159.9)(298.1, 159.9)(298.1, 194.0)(292.9, 194.0);SD
Port:(458.3, 145.9)(458.3, 208.0)(300.0, 208.0)(300.0, 145.9);GATE
Port:(446.0, 152.3)(452.9, 152.3)(452.9, 201.6)(446.0, 201.6);SD
Module:M16
Boundary:(457.8, 10.0)(457.8, 115.9)(282.9, 115.9)(282.9, 10.0);GATE
Port:(282.9, 25.4)(287.9, 25.4)(287.9, 100.5)(282.9, 100.5);SD
Port:(457.8, 10.0)(457.8, 115.9)(290.7, 115.9)(290.7, 10.0);GATE
Port:(444.7, 17.0)(451.8, 17.0)(451.8, 108.9)(444.7, 108.9);SD
Module:M13
Boundary:(10.0, 472.9)(72.5, 472.9)(72.5, 473.0)(87.0, 473.0)(87.0, 678.7)(10.0, 678.7);GATE
Port:(23.6, 673.6)(73.4, 673.6)(73.4, 678.7)(23.6, 678.7);SD
Port:(10.0, 472.9)(72.5, 472.9)(72.5, 473.0)(87.0, 473.0)(87.0, 672.3)(10.0, 672.3);GATE
Port:(16.5, 478.4)(66.0, 478.4)(66.0, 484.5)(16.5, 484.5);SD
Module:M10
Boundary:(460.2, 360.2)(460.2, 428.2)(271.2, 428.2)(271.2, 360.2);GATE
Port:(271.2, 375.2)(275.6, 375.2)(275.6, 413.2)(271.2, 413.2);SD
Port:(460.2, 360.2)(460.2, 428.2)(277.0, 428.2)(277.0, 360.2);GATE
Port:(447.4, 367.2)(454.2, 367.2)(454.2, 421.2)(447.4, 421.2);SD
Module:M7
Boundary:(215.1, 709.9)(215.1, 817.4)(20.0, 817.4)(20.0, 709.9);GATE
Port:(20.0, 723.0)(25.7, 723.0)(25.7, 804.3)(20.0, 804.3);SD
Port:(215.1, 709.9)(215.1, 817.4)(27.7, 817.4)(27.7, 709.9);GATE
Port:(205.4, 715.3)(210.7, 715.3)(210.7, 812.0)(205.4, 812.0);SD
Module:M3
Boundary:(10.0, 10.0)(103.2, 10.0)(103.2, 10.1)(121.9, 10.1)(121.9, 181.2)(10.0, 181.2);GATE
Port:(24.7, 176.1)(107.2, 176.1)(107.2, 181.2)(24.7, 181.2);SD
Port:(10.0, 10.0)(103.2, 10.0)(103.2, 10.1)(121.9, 10.1)(121.9, 174.7)(10.0, 174.7);GATE
Port:(15.3, 14.3)(97.9, 14.3)(97.9, 21.7)(15.3, 21.7);SD
Module:M15
Boundary:(468.0, 238.0)(468.0, 326.3)(467.8, 326.3)(467.8, 340.2)(271.2, 340.2)(271.2, 238.0);GATE
Port:(271.2, 250.9)(277.0, 250.9)(277.0, 327.3)(271.2, 327.3);SD
Port:(468.0, 238.0)(468.0, 326.3)(467.8, 326.3)(467.8, 340.2)(278.2, 340.2)(278.2, 238.0);GATE
Port:(456.9, 244.3)(462.7, 244.3)(462.7, 320.0)(456.9, 320.0);SD
Module:M12
Boundary:(209.5, 847.4)(209.5, 947.8)(209.2, 947.8)(209.2, 964.2)(10.0, 964.2)(10.0, 847.4);GATE
Port:(10.0, 861.0)(15.1, 861.0)(15.1, 950.6)(10.0, 950.6);SD
Port:(209.5, 847.4)(209.5, 947.8)(209.2, 947.8)(209.2, 964.2)(17.1, 964.2)(17.1, 847.4);GATE
Port:(198.7, 853.2)(204.7, 853.2)(204.7, 942.0)(198.7, 942.0);SD
Module:M8
Boundary:(241.2, 334.5)(241.2, 442.9)(20.0, 442.9)(20.0, 334.5);GATE
Port:(20.0, 348.7)(24.6, 348.7)(24.6, 428.7)(20.0, 428.7);SD
Port:(241.2, 334.5)(241.2, 442.9)(26.0, 442.9)(26.0, 334.5);GATE
Port:(230.3, 341.4)(235.3, 341.4)(235.3, 436.0)(230.3, 436.0);SD
Module:M4
Boundary:(151.9, 20.0)(252.9, 20.0)(252.9, 167.7)(151.9, 167.7);GATE
Port:(165.9, 162.6)(238.9, 162.6)(238.9, 167.7)(165.9, 167.7);SD
Port:(151.9, 20.0)(252.9, 20.0)(252.9, 161.3)(151.9, 161.3);GATE
Port:(158.8, 25.9)(246.0, 25.9)(246.0, 31.5)(158.8, 31.5);SD
