Area:(-30.0, -30.0)(866.1, -30.0)(866.1, 426.1)(-30.0, 426.1)
Rule:GATE(5,5);SD(5,5);GATE_SD(0.5);GATE_ITO(0.5);SD_ITO(0.5)
Module:M14
Boundary:(187.6, 30.0)(187.6, 121.5)(30.0, 121.5)(30.0, 30.0);GATE
Port:(30.0, 44.7)(34.4, 44.7)(34.4, 106.8)(30.0, 106.8);SD
Port:(187.6, 30.0)(187.6, 121.5)(36.7, 121.5)(36.7, 30.0);GATE
Port:(175.8, 37.0)(181.6, 37.0)(181.6, 114.5)(175.8, 114.5);SD
Module:M9
Boundary:(616.4, 254.4)(616.4, 363.3)(616.1, 363.3)(616.1, 381.3)(499.0, 381.3)(499.0, 254.4);GATE
Port:(499.0, 269.4)(504.5, 269.4)(504.5, 366.3)(499.0, 366.3);SD
Port:(616.4, 254.4)(616.4, 363.3)(616.1, 363.3)(616.1, 381.3)(507.5, 381.3)(507.5, 254.4);GATE
Port:(604.8, 260.4)(611.4, 260.4)(611.4, 357.3)(604.8, 357.3);SD
Module:M5
Boundary:(720.0, 86.0)(823.8, 86.0)(823.8, 231.2)(720.0, 231.2);GATE
Port:(734.8, 226.9)(809.0, 226.9)(809.0, 231.2)(734.8, 231.2);SD
Port:(720.0, 86.0)(823.8, 86.0)(823.8, 224.4)(720.0, 224.4);GATE
Port:(726.4, 91.4)(817.4, 91.4)(817.4, 97.4)(726.4, 97.4);SD
Module:M11
Boundary:(479.0, 10.0)(479.0, 116.5)(478.8, 116.5)(478.8, 133.8)(348.0, 133.8)(348.0, 10.0);GATE
Port:(348.0, 24.8)(352.5, 24.8)(352.5, 119.0)(348.0, 119.0);SD
Port:(479.0, 10.0)(479.0, 116.5)(478.8, 116.5)(478.8, 133.8)(354.3, 133.8)(354.3, 10.0);GATE
Port:(466.6, 16.9)(473.1, 16.9)(473.1, 109.6)(466.6, 109.6);SD
Module:M1
Boundary:(342.9, 285.5)(456.5, 285.5)(456.5, 365.1)(342.9, 365.1);GATE
Port:(356.9, 359.5)(442.5, 359.5)(442.5, 365.1)(356.9, 365.1);SD
Port:(342.9, 285.5)(456.5, 285.5)(456.5, 357.3)(342.9, 357.3);GATE
Port:(349.4, 291.0)(450.0, 291.0)(450.0, 297.5)(349.4, 297.5);SD
Module:M6
Boundary:(690.0, 140.4)(690.0, 219.2)(689.8, 219.2)(689.8, 234.4)(499.0, 234.4)(499.0, 140.4);GATE
Port:(499.0, 153.2)(504.5, 153.2)(504.5, 221.6)(499.0, 221.6);SD
Port:(690.0, 140.4)(690.0, 219.2)(689.8, 219.2)(689.8, 234.4)(506.9, 234.4)(506.9, 140.4);GATE
Port:(678.8, 146.0)(685.4, 146.0)(685.4, 213.6)(678.8, 213.6);SD
Module:M2
Boundary:(237.6, 20.0)(318.0, 20.0)(318.0, 110.3)(237.6, 110.3);GATE
Port:(251.1, 105.3)(304.5, 105.3)(304.5, 110.3)(251.1, 110.3);SD
Port:(237.6, 20.0)(318.0, 20.0)(318.0, 103.2)(237.6, 103.2);GATE
Port:(243.6, 25.0)(312.0, 25.0)(312.0, 31.4)(243.6, 31.4);SD
Module:M16
Boundary:(106.4, 161.5)(106.4, 249.4)(106.4, 249.4)(106.4, 266.7)(10.0, 266.7)(10.0, 161.5);GATE
Port:(10.0, 176.4)(15.3, 176.4)(15.3, 251.8)(10.0, 251.8);SD
Port:(106.4, 161.5)(106.4, 249.4)(106.4, 249.4)(106.4, 266.7)(17.2, 266.7)(17.2, 161.5);GATE
Port:(94.7, 167.1)(101.8, 167.1)(101.8, 243.8)(94.7, 243.8);SD
Module:M13
Boundary:(826.1, 10.0)(826.1, 56.0)(697.2, 56.0)(697.2, 10.0);GATE
Port:(697.2, 21.8)(703.1, 21.8)(703.1, 44.2)(697.2, 44.2);SD
Port:(826.1, 10.0)(826.1, 56.0)(705.3, 56.0)(705.3, 10.0);GATE
Port:(816.3, 15.2)(821.9, 15.2)(821.9, 50.8)(816.3, 50.8);SD
Module:M10
Boundary:(597.7, 10.0)(661.0, 10.0)(661.0, 10.2)(677.2, 10.2)(677.2, 120.4)(597.7, 120.4);GATE
Port:(609.6, 115.1)(665.3, 115.1)(665.3, 120.4)(609.6, 120.4);SD
Port:(597.7, 10.0)(661.0, 10.0)(661.0, 10.2)(677.2, 10.2)(677.2, 112.2)(597.7, 112.2);GATE
Port:(602.7, 14.0)(656.0, 14.0)(656.0, 19.3)(602.7, 19.3);SD
Module:M7
Boundary:(20.0, 296.7)(151.4, 296.7)(151.4, 375.5)(20.0, 375.5);GATE
Port:(35.3, 370.2)(136.1, 370.2)(136.1, 375.5)(35.3, 375.5);SD
Port:(20.0, 296.7)(151.4, 296.7)(151.4, 367.5)(20.0, 367.5);GATE
Port:(26.8, 302.5)(144.6, 302.5)(144.6, 308.8)(26.8, 308.8);SD
Module:M3
Boundary:(577.7, 10.0)(577.7, 114.0)(499.0, 114.0)(499.0, 10.0);GATE
Port:(499.0, 24.8)(504.4, 24.8)(504.4, 99.2)(499.0, 99.2);SD
Port:(577.7, 10.0)(577.7, 114.0)(507.1, 114.0)(507.1, 10.0);GATE
Port:(565.6, 16.4)(572.3, 16.4)(572.3, 107.6)(565.6, 107.6);SD
Module:M15
Boundary:(181.4, 267.6)(302.9, 267.6)(302.9, 386.1)(181.4, 386.1);GATE
Port:(196.7, 381.7)(287.6, 381.7)(287.6, 386.1)(196.7, 386.1);SD
Port:(181.4, 267.6)(302.9, 267.6)(302.9, 379.6)(181.4, 379.6);GATE
Port:(187.4, 272.6)(296.9, 272.6)(296.9, 279.9)(187.4, 279.9);SD
Module:M12
Boundary:(126.4, 161.5)(204.4, 161.5)(204.4, 161.8)(219.5, 161.8)(219.5, 247.6)(126.4, 247.6);GATE
Port:(138.9, 243.1)(207.0, 243.1)(207.0, 247.6)(138.9, 247.6);SD
Port:(126.4, 161.5)(204.4, 161.5)(204.4, 161.8)(219.5, 161.8)(219.5, 241.8)(126.4, 241.8);GATE
Port:(132.7, 166.8)(198.1, 166.8)(198.1, 171.8)(132.7, 171.8);SD
Module:M8
Boundary:(447.8, 163.8)(447.8, 235.5)(249.5, 235.5)(249.5, 163.8);GATE
Port:(249.5, 178.0)(254.9, 178.0)(254.9, 221.3)(249.5, 221.3);SD
Port:(447.8, 163.8)(447.8, 235.5)(257.5, 235.5)(257.5, 163.8);GATE
Port:(436.8, 169.8)(442.8, 169.8)(442.8, 229.5)(436.8, 229.5);SD
Module:M4
Boundary:(821.8, 271.2)(821.8, 375.8)(646.4, 375.8)(646.4, 271.2);GATE
Port:(646.4, 284.4)(651.4, 284.4)(651.4, 362.6)(646.4, 362.6);SD
Port:(821.8, 271.2)(821.8, 375.8)(653.3, 375.8)(653.3, 271.2);GATE
Port:(812.0, 276.7)(817.3, 276.7)(817.3, 370.3)(812.0, 370.3);SD
