Area:(-30.0, -30.0)(618.9, -30.0)(618.9, 602.2)(-30.0, 602.2)
Rule:GATE(5,5);SD(5,5);GATE_SD(0.5);GATE_ITO(0.5);SD_ITO(0.5)
Module:M14
Boundary:(107.7, 358.7)(107.7, 403.1)(107.6, 403.1)(107.6, 417.1)(30.0, 417.1)(30.0, 358.7);GATE
Port:(30.0, 370.6)(34.3, 370.6)(34.3, 405.2)(30.0, 405.2);SD
Port:(107.7, 358.7)(107.7, 403.1)(107.6, 403.1)(107.6, 417.1)(37.3, 417.1)(37.3, 358.7);GATE
Port:(97.8, 364.8)(102.6, 364.8)(102.6, 397.0)(97.8, 397.0);SD
Module:M9
Boundary:(229.6, 10.0)(303.0, 10.0)(303.0, 10.4)(320.8, 10.4)(320.8, 239.1)(229.6, 239.1);GATE
Port:(244.5, 233.4)(305.9, 233.4)(305.9, 239.1)(244.5, 239.1);SD
Port:(229.6, 10.0)(303.0, 10.0)(303.0, 10.4)(320.8, 10.4)(320.8, 230.6)(229.6, 230.6);GATE
Port:(236.1, 15.5)(296.5, 15.5)(296.5, 21.9)(236.1, 21.9);SD
Module:M5
Boundary:(199.6, 20.0)(199.6, 70.4)(20.0, 70.4)(20.0, 20.0);GATE
Port:(20.0, 33.1)(24.8, 33.1)(24.8, 57.3)(20.0, 57.3);SD
Port:(199.6, 20.0)(199.6, 70.4)(26.8, 70.4)(26.8, 20.0);GATE
Port:(189.8, 25.6)(195.0, 25.6)(195.0, 64.8)(189.8, 64.8);SD
Module:M11
Boundary:(209.3, 100.4)(209.3, 180.9)(10.0, 180.9)(10.0, 100.4);GATE
Port:(10.0, 113.7)(15.7, 113.7)(15.7, 167.6)(10.0, 167.6);SD
Port:(209.3, 100.4)(209.3, 180.9)(16.9, 180.9)(16.9, 100.4);GATE
Port:(197.6, 105.6)(205.1, 105.6)(205.1, 175.7)(197.6, 175.7);SD
Module:M1
Boundary:(551.7, 423.6)(551.7, 514.2)(551.3, 514.2)(551.3, 531.7)(412.3, 531.7)(412.3, 423.6);GATE
Port:(412.3, 439.2)(418.0, 439.2)(418.0, 516.1)(412.3, 516.1);SD
Port:(551.7, 423.6)(551.7, 514.2)(551.3, 514.2)(551.3, 531.7)(419.8, 531.7)(419.8, 423.6);GATE
Port:(539.4, 430.1)(546.2, 430.1)(546.2, 507.7)(539.4, 507.7);SD
Module:M6
Boundary:(372.3, 436.9)(372.3, 544.2)(372.2, 544.2)(372.2, 562.2)(147.7, 562.2)(147.7, 436.9);GATE
Port:(147.7, 450.6)(152.3, 450.6)(152.3, 548.5)(147.7, 548.5);SD
Port:(372.3, 436.9)(372.3, 544.2)(372.2, 544.2)(372.2, 562.2)(154.4, 562.2)(154.4, 436.9);GATE
Port:(362.0, 442.7)(367.5, 442.7)(367.5, 538.4)(362.0, 538.4);SD
Module:M2
Boundary:(20.0, 467.1)(95.8, 467.1)(95.8, 467.4)(114.7, 467.4)(114.7, 545.3)(20.0, 545.3);GATE
Port:(35.2, 539.4)(99.5, 539.4)(99.5, 545.3)(35.2, 545.3);SD
Port:(20.0, 467.1)(95.8, 467.1)(95.8, 467.4)(114.7, 467.4)(114.7, 537.5)(20.0, 537.5);GATE
Port:(25.9, 472.0)(89.9, 472.0)(89.9, 479.1)(25.9, 479.1);SD
Module:M16
Boundary:(340.8, 10.0)(390.3, 10.0)(390.3, 10.1)(405.7, 10.1)(405.7, 146.1)(340.8, 146.1);GATE
Port:(354.1, 141.7)(392.4, 141.7)(392.4, 146.1)(354.1, 146.1);SD
Port:(340.8, 10.0)(390.3, 10.0)(390.3, 10.1)(405.7, 10.1)(405.7, 140.4)(340.8, 140.4);GATE
Port:(347.2, 15.4)(383.9, 15.4)(383.9, 21.7)(347.2, 21.7);SD
Module:M13
Boundary:(493.8, 107.7)(578.3, 107.7)(578.3, 270.6)(493.8, 270.6);GATE
Port:(508.4, 264.7)(563.7, 264.7)(563.7, 270.6)(508.4, 270.6);SD
Port:(493.8, 107.7)(578.3, 107.7)(578.3, 261.8)(493.8, 261.8);GATE
Port:(499.7, 112.6)(572.4, 112.6)(572.4, 120.4)(499.7, 120.4);SD
Module:M10
Boundary:(158.2, 259.1)(277.4, 259.1)(277.4, 416.9)(158.2, 416.9);GATE
Port:(172.8, 412.3)(262.8, 412.3)(262.8, 416.9)(172.8, 416.9);SD
Port:(158.2, 259.1)(277.4, 259.1)(277.4, 410.6)(158.2, 410.6);GATE
Port:(165.1, 265.0)(270.5, 265.0)(270.5, 270.8)(165.1, 270.8);SD
Module:M7
Boundary:(458.3, 176.1)(458.3, 224.5)(458.2, 224.5)(458.2, 239.7)(350.8, 239.7)(350.8, 176.1);GATE
Port:(350.8, 188.7)(356.0, 188.7)(356.0, 227.1)(350.8, 227.1);SD
Port:(458.3, 176.1)(458.3, 224.5)(458.2, 224.5)(458.2, 239.7)(358.0, 239.7)(358.0, 176.1);GATE
Port:(447.7, 182.9)(452.5, 182.9)(452.5, 217.7)(447.7, 217.7);SD
Module:M3
Boundary:(297.4, 269.7)(351.6, 269.7)(351.6, 269.8)(368.5, 269.8)(368.5, 382.0)(297.4, 382.0);GATE
Port:(312.7, 376.0)(353.2, 376.0)(353.2, 382.0)(312.7, 382.0);SD
Port:(297.4, 269.7)(351.6, 269.7)(351.6, 269.8)(368.5, 269.8)(368.5, 374.3)(297.4, 374.3);GATE
Port:(304.0, 275.3)(345.0, 275.3)(345.0, 281.9)(304.0, 281.9);SD
Module:M15
Boundary:(578.9, 10.0)(578.9, 73.5)(578.7, 73.5)(578.7, 87.7)(425.7, 87.7)(425.7, 10.0);GATE
Port:(425.7, 24.0)(429.9, 24.0)(429.9, 73.7)(425.7, 73.7);SD
Port:(578.9, 10.0)(578.9, 73.5)(578.7, 73.5)(578.7, 87.7)(431.3, 87.7)(431.3, 10.0);GATE
Port:(566.5, 16.8)(573.1, 16.8)(573.1, 66.7)(566.5, 66.7);SD
Module:M12
Boundary:(493.8, 290.6)(551.8, 290.6)(551.8, 290.7)(565.2, 290.7)(565.2, 382.6)(493.8, 382.6);GATE
Port:(506.1, 376.8)(552.9, 376.8)(552.9, 382.6)(506.1, 382.6);SD
Port:(493.8, 290.6)(551.8, 290.6)(551.8, 290.7)(565.2, 290.7)(565.2, 373.9)(493.8, 373.9);GATE
Port:(499.9, 295.7)(545.7, 295.7)(545.7, 301.3)(499.9, 301.3);SD
Module:M8
Boundary:(398.5, 279.7)(447.3, 279.7)(447.3, 279.9)(463.8, 279.9)(463.8, 373.6)(398.5, 373.6);GATE
Port:(410.9, 368.8)(451.4, 368.8)(451.4, 373.6)(410.9, 373.6);SD
Port:(398.5, 279.7)(447.3, 279.7)(447.3, 279.9)(463.8, 279.9)(463.8, 365.9)(398.5, 365.9);GATE
Port:(404.5, 284.7)(441.3, 284.7)(441.3, 289.4)(404.5, 289.4);SD
Module:M4
Boundary:(20.0, 210.9)(110.3, 210.9)(110.3, 211.2)(128.2, 211.2)(128.2, 308.7)(20.0, 308.7);GATE
Port:(34.3, 304.5)(113.9, 304.5)(113.9, 308.7)(34.3, 308.7);SD
Port:(20.0, 210.9)(110.3, 210.9)(110.3, 211.2)(128.2, 211.2)(128.2, 303.0)(20.0, 303.0);GATE
Port:(26.5, 216.4)(103.8, 216.4)(103.8, 222.3)(26.5, 222.3);SD
