Area:(-30.0, -30.0)(417.9, -30.0)(417.9, 967.3)(-30.0, 967.3)
Rule:GATE(5,5);SD(5,5);GATE_SD(0.5);GATE_ITO(0.5);SD_ITO(0.5)
Module:M14
Boundary:(30.0, 30.0)(110.1, 30.0)(110.1, 30.2)(125.3, 30.2)(125.3, 234.3)(30.0, 234.3);GATE
Port:(43.9, 229.6)(111.4, 229.6)(111.4, 234.3)(43.9, 234.3);SD
Port:(30.0, 30.0)(110.1, 30.0)(110.1, 30.2)(125.3, 30.2)(125.3, 228.3)(30.0, 228.3);GATE
Port:(36.4, 35.4)(103.7, 35.4)(103.7, 41.7)(36.4, 41.7);SD
Module:M9
Boundary:(165.3, 10.0)(253.9, 10.0)(253.9, 218.9)(165.3, 218.9);GATE
Port:(179.5, 214.1)(239.7, 214.1)(239.7, 218.9)(179.5, 218.9);SD
Port:(165.3, 10.0)(253.9, 10.0)(253.9, 212.5)(165.3, 212.5);GATE
Port:(171.8, 15.5)(247.4, 15.5)(247.4, 21.4)(171.8, 21.4);SD
Module:M5
Boundary:(207.2, 717.5)(275.8, 717.5)(275.8, 793.7)(207.2, 793.7);GATE
Port:(222.0, 788.1)(261.0, 788.1)(261.0, 793.7)(222.0, 793.7);SD
Port:(207.2, 717.5)(275.8, 717.5)(275.8, 786.4)(207.2, 786.4);GATE
Port:(213.7, 723.0)(269.3, 723.0)(269.3, 730.7)(213.7, 730.7);SD
Module:M11
Boundary:(185.7, 857.4)(185.7, 910.5)(185.4, 910.5)(185.4, 927.3)(10.0, 927.3)(10.0, 857.4);GATE
Port:(10.0, 872.5)(15.7, 872.5)(15.7, 912.2)(10.0, 912.2);SD
Port:(185.7, 857.4)(185.7, 910.5)(185.4, 910.5)(185.4, 927.3)(17.5, 927.3)(17.5, 857.4);GATE
Port:(173.5, 864.1)(180.0, 864.1)(180.0, 903.8)(173.5, 903.8);SD
Module:M1
Boundary:(177.3, 294.3)(177.3, 373.5)(30.0, 373.5)(30.0, 294.3);GATE
Port:(30.0, 307.4)(34.7, 307.4)(34.7, 360.4)(30.0, 360.4);SD
Port:(177.3, 294.3)(177.3, 373.5)(37.3, 373.5)(37.3, 294.3);GATE
Port:(166.0, 300.4)(172.2, 300.4)(172.2, 367.4)(166.0, 367.4);SD
Module:M6
Boundary:(371.7, 826.4)(371.7, 908.9)(371.6, 908.9)(371.6, 925.7)(205.7, 925.7)(205.7, 826.4);GATE
Port:(205.7, 838.7)(210.9, 838.7)(210.9, 913.4)(205.7, 913.4);SD
Port:(371.7, 826.4)(371.7, 908.9)(371.6, 908.9)(371.6, 925.7)(212.4, 925.7)(212.4, 826.4);GATE
Port:(362.3, 832.0)(367.1, 832.0)(367.1, 903.3)(362.3, 903.3);SD
Module:M2
Boundary:(369.1, 456.6)(369.1, 553.7)(249.1, 553.7)(249.1, 456.6);GATE
Port:(249.1, 470.0)(253.4, 470.0)(253.4, 540.3)(249.1, 540.3);SD
Port:(369.1, 456.6)(369.1, 553.7)(255.6, 553.7)(255.6, 456.6);GATE
Port:(358.2, 462.5)(364.2, 462.5)(364.2, 547.8)(358.2, 547.8);SD
Module:M16
Boundary:(10.0, 413.5)(79.1, 413.5)(79.1, 413.8)(92.3, 413.8)(92.3, 599.1)(10.0, 599.1);GATE
Port:(21.3, 593.9)(81.0, 593.9)(81.0, 599.1)(21.3, 599.1);SD
Port:(10.0, 413.5)(79.1, 413.5)(79.1, 413.8)(92.3, 413.8)(92.3, 591.7)(10.0, 591.7);GATE
Port:(15.6, 418.1)(73.5, 418.1)(73.5, 423.3)(15.6, 423.3);SD
Module:M13
Boundary:(112.3, 413.5)(219.1, 413.5)(219.1, 597.2)(112.3, 597.2);GATE
Port:(125.8, 591.9)(205.6, 591.9)(205.6, 597.2)(125.8, 597.2);SD
Port:(112.3, 413.5)(219.1, 413.5)(219.1, 589.6)(112.3, 589.6);GATE
Port:(118.3, 418.5)(213.1, 418.5)(213.1, 423.7)(118.3, 423.7);SD
Module:M10
Boundary:(305.8, 583.7)(373.2, 583.7)(373.2, 806.4)(305.8, 806.4);GATE
Port:(320.7, 801.4)(358.3, 801.4)(358.3, 806.4)(320.7, 806.4);SD
Port:(305.8, 583.7)(373.2, 583.7)(373.2, 799.9)(305.8, 799.9);GATE
Port:(312.0, 588.9)(367.0, 588.9)(367.0, 595.7)(312.0, 595.7);SD
Module:M7
Boundary:(211.9, 629.1)(211.9, 662.1)(211.8, 662.1)(211.8, 677.5)(20.0, 677.5)(20.0, 629.1);GATE
Port:(20.0, 641.8)(25.1, 641.8)(25.1, 664.8)(20.0, 664.8);SD
Port:(211.9, 629.1)(211.9, 662.1)(211.8, 662.1)(211.8, 677.5)(26.1, 677.5)(26.1, 629.1);GATE
Port:(201.3, 634.6)(207.4, 634.6)(207.4, 656.6)(201.3, 656.6);SD
Module:M3
Boundary:(310.3, 336.4)(372.7, 336.4)(372.7, 426.6)(310.3, 426.6);GATE
Port:(323.3, 422.2)(359.7, 422.2)(359.7, 426.6)(323.3, 426.6);SD
Port:(310.3, 336.4)(372.7, 336.4)(372.7, 420.1)(310.3, 420.1);GATE
Port:(315.8, 340.9)(367.2, 340.9)(367.2, 347.0)(315.8, 347.0);SD
Module:M15
Boundary:(273.9, 10.0)(360.3, 10.0)(360.3, 10.2)(377.9, 10.2)(377.9, 199.3)(273.9, 199.3);GATE
Port:(287.6, 194.9)(364.2, 194.9)(364.2, 199.3)(287.6, 199.3);SD
Port:(273.9, 10.0)(360.3, 10.0)(360.3, 10.2)(377.9, 10.2)(377.9, 192.3)(273.9, 192.3);GATE
Port:(279.0, 14.1)(355.2, 14.1)(355.2, 20.4)(279.0, 20.4);SD
Module:M12
Boundary:(239.1, 336.4)(290.3, 336.4)(290.3, 416.1)(239.1, 416.1);GATE
Port:(253.8, 412.0)(275.6, 412.0)(275.6, 416.1)(253.8, 416.1);SD
Port:(239.1, 336.4)(290.3, 336.4)(290.3, 410.6)(239.1, 410.6);GATE
Port:(245.5, 341.8)(283.9, 341.8)(283.9, 348.3)(245.5, 348.3);SD
Module:M8
Boundary:(352.5, 248.9)(352.5, 292.7)(352.4, 292.7)(352.4, 306.4)(227.3, 306.4)(227.3, 248.9);GATE
Port:(227.3, 260.8)(231.9, 260.8)(231.9, 294.5)(227.3, 294.5);SD
Port:(352.5, 248.9)(352.5, 292.7)(352.4, 292.7)(352.4, 306.4)(234.7, 306.4)(234.7, 248.9);GATE
Port:(342.1, 254.8)(347.6, 254.8)(347.6, 286.8)(342.1, 286.8);SD
Module:M4
Boundary:(167.2, 717.5)(167.2, 827.4)(20.0, 827.4)(20.0, 717.5);GATE
Port:(20.0, 732.5)(24.3, 732.5)(24.3, 812.4)(20.0, 812.4);SD
Port:(167.2, 717.5)(167.2, 827.4)(25.5, 827.4)(25.5, 717.5);GATE
Port:(155.2, 723.7)(162.0, 723.7)(162.0, 821.2)(155.2, 821.2);SD
