Area:(-30.0, -30.0)(442.2, -30.0)(442.2, 880.0)(-30.0, 880.0)
Rule:GATE(5,5);SD(5,5);GATE_SD(0.5);GATE_ITO(0.5);SD_ITO(0.5)
Module:M14
Boundary:(239.7, 674.4)(239.7, 722.0)(239.7, 722.0)(239.7, 738.2)(106.0, 738.2)(106.0, 674.4);GATE
Port:(106.0, 686.8)(110.4, 686.8)(110.4, 725.8)(106.0, 725.8);SD
Port:(239.7, 674.4)(239.7, 722.0)(239.7, 722.0)(239.7, 738.2)(111.9, 738.2)(111.9, 674.4);GATE
Port:(230.6, 680.3)(234.8, 680.3)(234.8, 716.1)(230.6, 716.1);SD
Module:M9
Boundary:(10.0, 654.4)(52.5, 654.4)(52.5, 654.4)(66.0, 654.4)(66.0, 832.7)(10.0, 832.7);GATE
Port:(21.3, 828.0)(54.7, 828.0)(54.7, 832.7)(21.3, 832.7);SD
Port:(10.0, 654.4)(52.5, 654.4)(52.5, 654.4)(66.0, 654.4)(66.0, 826.4)(10.0, 826.4);GATE
Port:(15.5, 658.9)(47.0, 658.9)(47.0, 663.7)(15.5, 663.7);SD
Module:M5
Boundary:(149.5, 129.6)(149.5, 222.9)(149.2, 222.9)(149.2, 238.4)(20.0, 238.4)(20.0, 129.6);GATE
Port:(20.0, 141.6)(25.5, 141.6)(25.5, 226.4)(20.0, 226.4);SD
Port:(149.5, 129.6)(149.5, 222.9)(149.2, 222.9)(149.2, 238.4)(26.7, 238.4)(26.7, 129.6);GATE
Port:(139.4, 135.1)(145.0, 135.1)(145.0, 217.4)(139.4, 217.4);SD
Module:M11
Boundary:(169.7, 10.0)(169.7, 99.6)(10.0, 99.6)(10.0, 10.0);GATE
Port:(10.0, 21.8)(14.3, 21.8)(14.3, 87.8)(10.0, 87.8);SD
Port:(169.7, 10.0)(169.7, 99.6)(15.4, 99.6)(15.4, 10.0);GATE
Port:(160.2, 16.0)(164.7, 16.0)(164.7, 93.6)(160.2, 93.6);SD
Module:M1
Boundary:(246.4, 288.4)(246.4, 393.6)(30.0, 393.6)(30.0, 288.4);GATE
Port:(30.0, 301.6)(35.7, 301.6)(35.7, 380.4)(30.0, 380.4);SD
Port:(246.4, 288.4)(246.4, 393.6)(37.0, 393.6)(37.0, 288.4);GATE
Port:(236.6, 293.4)(242.4, 293.4)(242.4, 388.6)(236.6, 388.6);SD
Module:M6
Boundary:(355.5, 10.0)(402.2, 10.0)(402.2, 190.1)(355.5, 190.1);GATE
Port:(367.9, 184.6)(389.8, 184.6)(389.8, 190.1)(367.9, 190.1);SD
Port:(355.5, 10.0)(402.2, 10.0)(402.2, 183.2)(355.5, 183.2);GATE
Port:(361.2, 14.7)(396.5, 14.7)(396.5, 20.4)(361.2, 20.4);SD
Module:M2
Boundary:(325.5, 145.3)(325.5, 208.8)(325.2, 208.8)(325.2, 224.7)(189.5, 224.7)(189.5, 145.3);GATE
Port:(189.5, 157.8)(193.7, 157.8)(193.7, 212.2)(189.5, 212.2);SD
Port:(325.5, 145.3)(325.5, 208.8)(325.2, 208.8)(325.2, 224.7)(195.9, 224.7)(195.9, 145.3);GATE
Port:(315.6, 150.3)(321.5, 150.3)(321.5, 203.8)(315.6, 203.8);SD
Module:M16
Boundary:(400.7, 774.2)(400.7, 826.1)(339.6, 826.1)(339.6, 840.0)(287.3, 840.0)(287.3, 774.2);GATE
Port:(287.3, 789.1)(291.5, 789.1)(291.5, 825.1)(287.3, 825.1);SD
Port:(400.7, 774.2)(400.7, 826.1)(339.6, 826.1)(339.6, 840.0)(293.8, 840.0)(293.8, 774.2);GATE
Port:(388.4, 781.0)(394.9, 781.0)(394.9, 818.3)(388.4, 818.3);SD
Module:M13
Boundary:(390.7, 389.4)(390.7, 430.3)(390.7, 430.3)(390.7, 443.0)(286.4, 443.0)(286.4, 389.4);GATE
Port:(286.4, 400.4)(290.8, 400.4)(290.8, 432.0)(286.4, 432.0);SD
Port:(390.7, 389.4)(390.7, 430.3)(390.7, 430.3)(390.7, 443.0)(292.5, 443.0)(292.5, 389.4);GATE
Port:(381.3, 394.4)(386.7, 394.4)(386.7, 425.3)(381.3, 425.3);SD
Module:M10
Boundary:(398.7, 254.7)(398.7, 369.4)(286.4, 369.4)(286.4, 254.7);GATE
Port:(286.4, 268.5)(291.0, 268.5)(291.0, 355.6)(286.4, 355.6);SD
Port:(398.7, 254.7)(398.7, 369.4)(293.5, 369.4)(293.5, 254.7);GATE
Port:(387.7, 261.4)(393.0, 261.4)(393.0, 362.7)(387.7, 362.7);SD
Module:M7
Boundary:(257.3, 788.2)(257.3, 821.2)(257.2, 821.2)(257.2, 836.9)(96.0, 836.9)(96.0, 788.2);GATE
Port:(96.0, 800.8)(100.7, 800.8)(100.7, 824.3)(96.0, 824.3);SD
Port:(257.3, 788.2)(257.3, 821.2)(257.2, 821.2)(257.2, 836.9)(102.7, 836.9)(102.7, 788.2);GATE
Port:(246.6, 794.6)(251.9, 794.6)(251.9, 814.8)(246.6, 814.8);SD
Module:M3
Boundary:(215.9, 433.6)(215.9, 527.3)(10.0, 527.3)(10.0, 433.6);GATE
Port:(10.0, 449.3)(15.5, 449.3)(15.5, 511.6)(10.0, 511.6);SD
Port:(215.9, 433.6)(215.9, 527.3)(17.1, 527.3)(17.1, 433.6);GATE
Port:(203.2, 440.1)(210.4, 440.1)(210.4, 520.8)(203.2, 520.8);SD
Module:M15
Boundary:(247.7, 463.0)(371.3, 463.0)(371.3, 580.3)(247.7, 580.3);GATE
Port:(261.0, 575.8)(358.0, 575.8)(358.0, 580.3)(261.0, 580.3);SD
Port:(247.7, 463.0)(371.3, 463.0)(371.3, 574.1)(247.7, 574.1);GATE
Port:(253.5, 467.8)(365.5, 467.8)(365.5, 473.4)(253.5, 473.4);SD
Module:M12
Boundary:(279.7, 600.3)(382.4, 600.3)(382.4, 678.2)(398.0, 678.2)(398.0, 754.2)(279.7, 754.2);GATE
Port:(293.5, 750.1)(384.2, 750.1)(384.2, 754.2)(293.5, 754.2);SD
Port:(279.7, 600.3)(382.4, 600.3)(382.4, 678.2)(398.0, 678.2)(398.0, 748.9)(279.7, 748.9);GATE
Port:(286.5, 606.1)(374.6, 606.1)(374.6, 611.8)(286.5, 611.8);SD
Module:M8
Boundary:(217.7, 557.3)(217.7, 624.4)(20.0, 624.4)(20.0, 557.3);GATE
Port:(20.0, 571.2)(25.2, 571.2)(25.2, 610.5)(20.0, 610.5);SD
Port:(217.7, 557.3)(217.7, 624.4)(27.9, 624.4)(27.9, 557.3);GATE
Port:(206.6, 563.1)(212.9, 563.1)(212.9, 618.6)(206.6, 618.6);SD
Module:M4
Boundary:(199.7, 20.0)(320.9, 20.0)(320.9, 105.3)(199.7, 105.3);GATE
Port:(213.9, 99.7)(306.7, 99.7)(306.7, 105.3)(213.9, 105.3);SD
Port:(199.7, 20.0)(320.9, 20.0)(320.9, 98.4)(199.7, 98.4);GATE
Port:(205.7, 25.0)(314.9, 25.0)(314.9, 31.2)(205.7, 31.2);SD
