Area:(-30.0, -30.0)(369.0, -30.0)(369.0, 1073.1)(-30.0, 1073.1)
Rule:GATE(5,5);SD(5,5);GATE_SD(0.5);GATE_ITO(0.5);SD_ITO(0.5)
Module:M14
Boundary:(210.1, 30.0)(210.1, 142.5)(30.0, 142.5)(30.0, 30.0);GATE
Port:(30.0, 43.2)(34.5, 43.2)(34.5, 129.3)(30.0, 129.3);SD
Port:(210.1, 30.0)(210.1, 142.5)(36.5, 142.5)(36.5, 30.0);GATE
Port:(200.2, 35.3)(205.8, 35.3)(205.8, 137.2)(200.2, 137.2);SD
Module:M9
Boundary:(225.1, 855.0)(328.4, 855.0)(328.4, 943.6)(225.1, 943.6);GATE
Port:(236.8, 939.1)(316.7, 939.1)(316.7, 943.6)(236.8, 943.6);SD
Port:(225.1, 855.0)(328.4, 855.0)(328.4, 937.7)(225.1, 937.7);GATE
Port:(230.6, 859.5)(322.9, 859.5)(322.9, 864.1)(230.6, 864.1);SD
Module:M5
Boundary:(155.2, 493.0)(155.2, 559.9)(20.0, 559.9)(20.0, 493.0);GATE
Port:(20.0, 505.8)(25.2, 505.8)(25.2, 547.1)(20.0, 547.1);SD
Port:(155.2, 493.0)(155.2, 559.9)(26.4, 559.9)(26.4, 493.0);GATE
Port:(145.4, 498.1)(151.1, 498.1)(151.1, 554.8)(145.4, 554.8);SD
Module:M11
Boundary:(168.9, 390.5)(168.9, 449.3)(168.6, 449.3)(168.6, 463.0)(10.0, 463.0)(10.0, 390.5);GATE
Port:(10.0, 403.1)(15.9, 403.1)(15.9, 450.4)(10.0, 450.4);SD
Port:(168.9, 390.5)(168.9, 449.3)(168.6, 449.3)(168.6, 463.0)(16.9, 463.0)(16.9, 390.5);GATE
Port:(158.5, 397.1)(163.3, 397.1)(163.3, 442.7)(158.5, 442.7);SD
Module:M1
Boundary:(215.0, 629.1)(215.0, 715.0)(122.3, 715.0)(122.3, 629.1);GATE
Port:(122.3, 643.5)(126.5, 643.5)(126.5, 700.6)(122.3, 700.6);SD
Port:(215.0, 629.1)(215.0, 715.0)(129.0, 715.0)(129.0, 629.1);GATE
Port:(203.1, 635.2)(209.9, 635.2)(209.9, 708.9)(203.1, 708.9);SD
Module:M6
Boundary:(315.6, 963.6)(315.6, 1013.1)(315.4, 1013.1)(315.4, 1029.3)(225.1, 1029.3)(225.1, 963.6);GATE
Port:(225.1, 977.1)(230.0, 977.1)(230.0, 1015.8)(225.1, 1015.8);SD
Port:(315.6, 963.6)(315.6, 1013.1)(315.4, 1013.1)(315.4, 1029.3)(231.6, 1029.3)(231.6, 963.6);GATE
Port:(304.7, 968.6)(311.6, 968.6)(311.6, 1008.1)(304.7, 1008.1);SD
Module:M2
Boundary:(20.0, 599.9)(54.9, 599.9)(54.9, 600.1)(72.3, 600.1)(72.3, 721.8)(20.0, 721.8);GATE
Port:(33.5, 717.5)(58.8, 717.5)(58.8, 721.8)(33.5, 721.8);SD
Port:(20.0, 599.9)(54.9, 599.9)(54.9, 600.1)(72.3, 600.1)(72.3, 715.5)(20.0, 715.5);GATE
Port:(25.5, 604.4)(49.4, 604.4)(49.4, 610.8)(25.5, 610.8);SD
Module:M16
Boundary:(188.9, 412.4)(292.4, 412.4)(292.4, 413.0)(310.0, 413.0)(310.0, 589.1)(188.9, 589.1);GATE
Port:(202.0, 584.3)(296.9, 584.3)(296.9, 589.1)(202.0, 589.1);SD
Port:(188.9, 412.4)(292.4, 412.4)(292.4, 413.0)(310.0, 413.0)(310.0, 581.9)(188.9, 581.9);GATE
Port:(194.6, 417.1)(286.7, 417.1)(286.7, 422.0)(194.6, 422.0);SD
Module:M13
Boundary:(250.1, 10.0)(313.8, 10.0)(313.8, 10.3)(329.0, 10.3)(329.0, 232.1)(250.1, 232.1);GATE
Port:(263.5, 226.9)(315.6, 226.9)(315.6, 232.1)(263.5, 232.1);SD
Port:(250.1, 10.0)(313.8, 10.0)(313.8, 10.3)(329.0, 10.3)(329.0, 224.3)(250.1, 224.3);GATE
Port:(257.0, 15.9)(306.9, 15.9)(306.9, 21.1)(257.0, 21.1);SD
Module:M10
Boundary:(255.0, 609.1)(321.4, 609.1)(321.4, 835.0)(255.0, 835.0);GATE
Port:(269.1, 829.2)(307.3, 829.2)(307.3, 835.0)(269.1, 835.0);SD
Port:(255.0, 609.1)(321.4, 609.1)(321.4, 826.6)(255.0, 826.6);GATE
Port:(261.5, 614.6)(314.9, 614.6)(314.9, 620.2)(261.5, 620.2);SD
Module:M7
Boundary:(240.8, 262.1)(311.8, 262.1)(311.8, 262.4)(325.2, 262.4)(325.2, 382.4)(240.8, 382.4);GATE
Port:(252.7, 377.3)(313.3, 377.3)(313.3, 382.4)(252.7, 382.4);SD
Port:(240.8, 262.1)(311.8, 262.1)(311.8, 262.4)(325.2, 262.4)(325.2, 375.7)(240.8, 375.7);GATE
Port:(246.6, 266.9)(306.0, 266.9)(306.0, 272.3)(246.6, 272.3);SD
Module:M3
Boundary:(206.0, 182.5)(206.0, 285.3)(10.0, 285.3)(10.0, 182.5);GATE
Port:(10.0, 197.1)(15.1, 197.1)(15.1, 270.7)(10.0, 270.7);SD
Port:(206.0, 182.5)(206.0, 285.3)(16.6, 285.3)(16.6, 182.5);GATE
Port:(193.0, 189.4)(200.1, 189.4)(200.1, 278.4)(193.0, 278.4);SD
Module:M15
Boundary:(203.6, 953.5)(203.6, 1033.1)(10.0, 1033.1)(10.0, 953.5);GATE
Port:(10.0, 967.9)(15.1, 967.9)(15.1, 1018.7)(10.0, 1018.7);SD
Port:(203.6, 953.5)(203.6, 1033.1)(18.1, 1033.1)(18.1, 953.5);GATE
Port:(190.9, 960.1)(198.0, 960.1)(198.0, 1026.5)(190.9, 1026.5);SD
Module:M12
Boundary:(210.8, 305.3)(210.8, 370.5)(10.0, 370.5)(10.0, 305.3);GATE
Port:(10.0, 318.0)(14.5, 318.0)(14.5, 357.8)(10.0, 357.8);SD
Port:(210.8, 305.3)(210.8, 370.5)(15.7, 370.5)(15.7, 305.3);GATE
Port:(200.4, 310.7)(206.4, 310.7)(206.4, 365.1)(200.4, 365.1);SD
Module:M8
Boundary:(213.9, 765.0)(213.9, 810.2)(213.8, 810.2)(213.8, 824.0)(20.0, 824.0)(20.0, 765.0);GATE
Port:(20.0, 777.2)(24.9, 777.2)(24.9, 811.8)(20.0, 811.8);SD
Port:(213.9, 765.0)(213.9, 810.2)(213.8, 810.2)(213.8, 824.0)(26.5, 824.0)(26.5, 765.0);GATE
Port:(203.2, 771.5)(208.4, 771.5)(208.4, 803.7)(203.2, 803.7);SD
Module:M4
Boundary:(195.1, 864.0)(195.1, 909.1)(195.0, 909.1)(195.0, 923.5)(20.0, 923.5)(20.0, 864.0);GATE
Port:(20.0, 875.7)(25.4, 875.7)(25.4, 911.8)(20.0, 911.8);SD
Port:(195.1, 864.0)(195.1, 909.1)(195.0, 909.1)(195.0, 923.5)(28.2, 923.5)(28.2, 864.0);GATE
Port:(185.4, 870.3)(189.8, 870.3)(189.8, 902.8)(185.4, 902.8);SD
