Area:(-20.0, -30.0)(698.6, -30.0)(698.6, 531.3)(-20.0, 531.3)
Rule:GATE(5,5);SD(5,5);GATE_SD(0.5);GATE_ITO(0.5);SD_ITO(0.5)
Module:M14
Boundary:(156.7, 332.4)(257.1, 332.4)(257.1, 453.1)(156.7, 453.1);GATE
Port:(169.4, 449.0)(244.4, 449.0)(244.4, 453.1)(169.4, 453.1);SD
Port:(156.7, 332.4)(257.1, 332.4)(257.1, 447.3)(156.7, 447.3);GATE
Port:(162.4, 337.1)(251.4, 337.1)(251.4, 343.4)(162.4, 343.4);SD
Module:M9
Boundary:(443.5, 124.8)(443.5, 213.3)(442.9, 213.3)(442.9, 230.6)(304.4, 230.6)(304.4, 124.8);GATE
Port:(304.4, 139.8)(308.9, 139.8)(308.9, 215.6)(304.4, 215.6);SD
Port:(443.5, 124.8)(443.5, 213.3)(442.9, 213.3)(442.9, 230.6)(311.8, 230.6)(311.8, 124.8);GATE
Port:(431.7, 131.8)(437.5, 131.8)(437.5, 206.3)(431.7, 206.3);SD
Module:M5
Boundary:(307.1, 391.4)(387.2, 391.4)(387.2, 468.7)(307.1, 468.7);GATE
Port:(319.8, 463.3)(374.5, 463.3)(374.5, 468.7)(319.8, 468.7);SD
Port:(307.1, 391.4)(387.2, 391.4)(387.2, 462.0)(307.1, 462.0);GATE
Port:(312.3, 395.6)(382.0, 395.6)(382.0, 401.0)(312.3, 401.0);SD
Module:M11
Boundary:(548.2, 235.5)(658.6, 235.5)(658.6, 358.0)(548.2, 358.0);GATE
Port:(560.6, 353.1)(646.2, 353.1)(646.2, 358.0)(560.6, 358.0);SD
Port:(548.2, 235.5)(658.6, 235.5)(658.6, 351.6)(548.2, 351.6);GATE
Port:(553.4, 239.7)(653.4, 239.7)(653.4, 245.3)(553.4, 245.3);SD
Module:M1
Boundary:(30.0, 30.0)(105.8, 30.0)(105.8, 30.0)(120.7, 30.0)(120.7, 211.2)(30.0, 211.2);GATE
Port:(42.4, 206.8)(108.3, 206.8)(108.3, 211.2)(42.4, 211.2);SD
Port:(30.0, 30.0)(105.8, 30.0)(105.8, 30.0)(120.7, 30.0)(120.7, 205.3)(30.0, 205.3);GATE
Port:(36.0, 35.0)(99.8, 35.0)(99.8, 39.7)(36.0, 39.7);SD
Module:M6
Boundary:(481.3, 10.0)(544.4, 10.0)(544.4, 132.6)(481.3, 132.6);GATE
Port:(494.5, 128.4)(531.2, 128.4)(531.2, 132.6)(494.5, 132.6);SD
Port:(481.3, 10.0)(544.4, 10.0)(544.4, 127.2)(481.3, 127.2);GATE
Port:(486.7, 14.4)(539.0, 14.4)(539.0, 20.7)(486.7, 20.7);SD
Module:M2
Boundary:(274.4, 20.0)(274.4, 110.0)(170.7, 110.0)(170.7, 20.0);GATE
Port:(170.7, 32.1)(176.1, 32.1)(176.1, 97.9)(170.7, 97.9);SD
Port:(274.4, 20.0)(274.4, 110.0)(177.9, 110.0)(177.9, 20.0);GATE
Port:(264.4, 25.1)(270.3, 25.1)(270.3, 104.9)(264.4, 104.9);SD
Module:M16
Boundary:(658.6, 152.6)(658.6, 215.5)(547.9, 215.5)(547.9, 152.6);GATE
Port:(547.9, 166.0)(553.3, 166.0)(553.3, 202.1)(547.9, 202.1);SD
Port:(658.6, 152.6)(658.6, 215.5)(555.0, 215.5)(555.0, 152.6);GATE
Port:(647.2, 159.1)(653.1, 159.1)(653.1, 209.0)(647.2, 209.0);SD
Module:M13
Boundary:(648.0, 379.2)(648.0, 475.5)(647.9, 475.5)(647.9, 491.3)(419.4, 491.3)(419.4, 379.2);GATE
Port:(419.4, 392.2)(423.7, 392.2)(423.7, 478.3)(419.4, 478.3);SD
Port:(648.0, 379.2)(648.0, 475.5)(647.9, 475.5)(647.9, 491.3)(426.7, 491.3)(426.7, 379.2);GATE
Port:(636.9, 385.1)(643.1, 385.1)(643.1, 469.6)(636.9, 469.6);SD
Module:M10
Boundary:(564.4, 10.0)(633.0, 10.0)(633.0, 10.2)(650.1, 10.2)(650.1, 125.3)(564.4, 125.3);GATE
Port:(577.6, 121.0)(636.9, 121.0)(636.9, 125.3)(577.6, 125.3);SD
Port:(564.4, 10.0)(633.0, 10.0)(633.0, 10.2)(650.1, 10.2)(650.1, 119.0)(564.4, 119.0);GATE
Port:(570.3, 14.9)(627.1, 14.9)(627.1, 20.3)(570.3, 20.3);SD
Module:M7
Boundary:(20.0, 261.2)(89.2, 261.2)(89.2, 261.3)(106.7, 261.3)(106.7, 481.3)(20.0, 481.3);GATE
Port:(33.1, 476.2)(93.6, 476.2)(93.6, 481.3)(33.1, 481.3);SD
Port:(20.0, 261.2)(89.2, 261.2)(89.2, 261.3)(106.7, 261.3)(106.7, 475.2)(20.0, 475.2);GATE
Port:(25.0, 265.2)(84.2, 265.2)(84.2, 271.2)(25.0, 271.2);SD
Module:M3
Boundary:(463.5, 152.6)(527.9, 152.6)(527.9, 249.9)(463.5, 249.9);GATE
Port:(476.9, 245.6)(514.5, 245.6)(514.5, 249.9)(476.9, 249.9);SD
Port:(463.5, 152.6)(527.9, 152.6)(527.9, 243.8)(463.5, 243.8);GATE
Port:(469.6, 157.7)(521.8, 157.7)(521.8, 163.1)(469.6, 163.1);SD
Module:M15
Boundary:(419.4, 269.9)(510.1, 269.9)(510.1, 270.1)(528.2, 270.1)(528.2, 359.2)(419.4, 359.2);GATE
Port:(433.6, 353.6)(514.0, 353.6)(514.0, 359.2)(433.6, 359.2);SD
Port:(419.4, 269.9)(510.1, 269.9)(510.1, 270.1)(528.2, 270.1)(528.2, 351.4)(419.4, 351.4);GATE
Port:(425.3, 274.8)(504.2, 274.8)(504.2, 280.8)(425.3, 280.8);SD
Module:M12
Boundary:(160.7, 140.0)(277.8, 140.0)(277.8, 292.4)(160.7, 292.4);GATE
Port:(174.9, 286.4)(263.6, 286.4)(263.6, 292.4)(174.9, 292.4);SD
Port:(160.7, 140.0)(277.8, 140.0)(277.8, 285.0)(160.7, 285.0);GATE
Port:(166.8, 145.1)(271.7, 145.1)(271.7, 151.3)(166.8, 151.3);SD
Module:M8
Boundary:(451.3, 20.0)(451.3, 94.8)(314.4, 94.8)(314.4, 20.0);GATE
Port:(314.4, 31.7)(318.7, 31.7)(318.7, 83.1)(314.4, 83.1);SD
Port:(451.3, 20.0)(451.3, 94.8)(320.5, 94.8)(320.5, 20.0);GATE
Port:(441.7, 25.7)(446.6, 25.7)(446.6, 89.1)(441.7, 89.1);SD
Module:M4
Boundary:(389.4, 260.6)(389.4, 336.4)(389.2, 336.4)(389.2, 351.4)(307.8, 351.4)(307.8, 260.6);GATE
Port:(307.8, 272.8)(311.9, 272.8)(311.9, 339.2)(307.8, 339.2);SD
Port:(389.4, 260.6)(389.4, 336.4)(389.2, 336.4)(389.2, 351.4)(314.6, 351.4)(314.6, 260.6);GATE
Port:(379.8, 266.7)(384.3, 266.7)(384.3, 330.3)(379.8, 330.3);SD
