Area:(-30.0, -30.0)(769.2, -30.0)(769.2, 516.7)(-30.0, 516.7)
Rule:GATE(5,5);SD(5,5);GATE_SD(0.5);GATE_ITO(0.5);SD_ITO(0.5)
Module:M14
Boundary:(531.1, 30.0)(602.2, 30.0)(602.2, 173.2)(531.1, 173.2);GATE
Port:(545.5, 168.9)(587.8, 168.9)(587.8, 173.2)(545.5, 173.2);SD
Port:(531.1, 30.0)(602.2, 30.0)(602.2, 166.8)(531.1, 166.8);GATE
Port:(537.9, 35.8)(595.4, 35.8)(595.4, 41.8)(537.9, 41.8);SD
Module:M9
Boundary:(174.2, 10.0)(174.2, 94.2)(173.8, 94.2)(173.8, 110.9)(10.0, 110.9)(10.0, 10.0);GATE
Port:(10.0, 24.0)(14.0, 24.0)(14.0, 96.9)(10.0, 96.9);SD
Port:(174.2, 10.0)(174.2, 94.2)(173.8, 94.2)(173.8, 110.9)(15.0, 110.9)(15.0, 10.0);GATE
Port:(163.3, 16.2)(169.0, 16.2)(169.0, 88.0)(163.3, 88.0);SD
Module:M5
Boundary:(481.1, 20.0)(481.1, 87.7)(346.2, 87.7)(346.2, 20.0);GATE
Port:(346.2, 34.0)(350.9, 34.0)(350.9, 73.7)(346.2, 73.7);SD
Port:(481.1, 20.0)(481.1, 87.7)(353.0, 87.7)(353.0, 20.0);GATE
Port:(468.8, 25.7)(476.4, 25.7)(476.4, 82.0)(468.8, 82.0);SD
Module:M11
Boundary:(167.2, 130.9)(167.2, 218.3)(10.0, 218.3)(10.0, 130.9);GATE
Port:(10.0, 145.7)(14.9, 145.7)(14.9, 203.5)(10.0, 203.5);SD
Port:(167.2, 130.9)(167.2, 218.3)(16.4, 218.3)(16.4, 130.9);GATE
Port:(155.1, 137.1)(162.0, 137.1)(162.0, 212.1)(155.1, 212.1);SD
Module:M1
Boundary:(380.1, 363.8)(380.1, 441.2)(379.8, 441.2)(379.8, 455.9)(179.4, 455.9)(179.4, 363.8);GATE
Port:(179.4, 377.2)(184.8, 377.2)(184.8, 442.5)(179.4, 442.5);SD
Port:(380.1, 363.8)(380.1, 441.2)(379.8, 441.2)(379.8, 455.9)(186.8, 455.9)(186.8, 363.8);GATE
Port:(368.4, 369.1)(375.8, 369.1)(375.8, 435.9)(368.4, 435.9);SD
Module:M6
Boundary:(371.8, 122.9)(371.8, 206.0)(371.4, 206.0)(371.4, 222.6)(194.2, 222.6)(194.2, 122.9);GATE
Port:(194.2, 135.7)(198.5, 135.7)(198.5, 209.8)(194.2, 209.8);SD
Port:(371.8, 122.9)(371.8, 206.0)(371.4, 206.0)(371.4, 222.6)(200.9, 222.6)(200.9, 122.9);GATE
Port:(361.0, 128.2)(367.5, 128.2)(367.5, 200.7)(361.0, 200.7);SD
Module:M2
Boundary:(668.3, 240.3)(702.7, 240.3)(702.7, 240.4)(720.4, 240.4)(720.4, 397.9)(668.3, 397.9);GATE
Port:(681.7, 393.6)(707.0, 393.6)(707.0, 397.9)(681.7, 397.9);SD
Port:(668.3, 240.3)(702.7, 240.3)(702.7, 240.4)(720.4, 240.4)(720.4, 392.0)(668.3, 392.0);GATE
Port:(674.1, 245.1)(696.9, 245.1)(696.9, 251.0)(674.1, 251.0);SD
Module:M16
Boundary:(276.2, 242.6)(276.2, 309.1)(194.2, 309.1)(194.2, 242.6);GATE
Port:(194.2, 256.1)(198.9, 256.1)(198.9, 295.6)(194.2, 295.6);SD
Port:(276.2, 242.6)(276.2, 309.1)(199.9, 309.1)(199.9, 242.6);GATE
Port:(265.6, 248.5)(271.3, 248.5)(271.3, 303.2)(265.6, 303.2);SD
Module:M13
Boundary:(655.3, 10.0)(710.1, 10.0)(710.1, 10.3)(729.2, 10.3)(729.2, 210.3)(655.3, 210.3);GATE
Port:(669.2, 205.0)(715.3, 205.0)(715.3, 210.3)(669.2, 210.3);SD
Port:(655.3, 10.0)(710.1, 10.0)(710.1, 10.3)(729.2, 10.3)(729.2, 202.7)(655.3, 202.7);GATE
Port:(660.3, 14.0)(705.1, 14.0)(705.1, 20.7)(660.3, 20.7);SD
Module:M10
Boundary:(316.2, 10.0)(316.2, 102.9)(194.2, 102.9)(194.2, 10.0);GATE
Port:(194.2, 22.7)(198.3, 22.7)(198.3, 90.2)(194.2, 90.2);SD
Port:(316.2, 10.0)(316.2, 102.9)(201.0, 102.9)(201.0, 10.0);GATE
Port:(305.5, 15.6)(311.6, 15.6)(311.6, 97.3)(305.5, 97.3);SD
Module:M7
Boundary:(401.8, 127.7)(476.6, 127.7)(476.6, 304.9)(401.8, 304.9);GATE
Port:(414.0, 300.0)(464.4, 300.0)(464.4, 304.9)(414.0, 304.9);SD
Port:(401.8, 127.7)(476.6, 127.7)(476.6, 298.1)(401.8, 298.1);GATE
Port:(407.4, 132.3)(471.0, 132.3)(471.0, 138.1)(407.4, 138.1);SD
Module:M3
Boundary:(139.3, 356.6)(139.3, 460.1)(139.3, 460.1)(139.3, 476.7)(10.0, 476.7)(10.0, 356.6);GATE
Port:(10.0, 371.2)(15.6, 371.2)(15.6, 462.1)(10.0, 462.1);SD
Port:(139.3, 356.6)(139.3, 460.1)(139.3, 460.1)(139.3, 476.7)(18.1, 476.7)(18.1, 356.6);GATE
Port:(127.4, 363.3)(133.6, 363.3)(133.6, 453.4)(127.4, 453.4);SD
Module:M15
Boundary:(296.2, 242.6)(370.6, 242.6)(370.6, 323.8)(296.2, 323.8);GATE
Port:(311.8, 318.0)(355.0, 318.0)(355.0, 323.8)(311.8, 323.8);SD
Port:(296.2, 242.6)(370.6, 242.6)(370.6, 315.7)(296.2, 315.7);GATE
Port:(302.6, 248.0)(364.2, 248.0)(364.2, 255.2)(302.6, 255.2);SD
Module:M12
Boundary:(10.0, 238.3)(139.4, 238.3)(139.4, 336.6)(10.0, 336.6);GATE
Port:(24.8, 331.1)(124.6, 331.1)(124.6, 336.6)(24.8, 336.6);SD
Port:(10.0, 238.3)(139.4, 238.3)(139.4, 328.1)(10.0, 328.1);GATE
Port:(16.2, 243.5)(133.2, 243.5)(133.2, 249.9)(16.2, 249.9);SD
Module:M8
Boundary:(625.3, 223.2)(625.3, 294.8)(625.3, 294.8)(625.3, 308.2)(516.6, 308.2)(516.6, 223.2);GATE
Port:(516.6, 235.8)(521.8, 235.8)(521.8, 295.6)(516.6, 295.6);SD
Port:(625.3, 223.2)(625.3, 294.8)(625.3, 294.8)(625.3, 308.2)(523.6, 308.2)(523.6, 223.2);GATE
Port:(614.8, 230.1)(619.4, 230.1)(619.4, 287.9)(614.8, 287.9);SD
Module:M4
Boundary:(628.3, 348.2)(628.3, 449.3)(628.0, 449.3)(628.0, 466.3)(430.1, 466.3)(430.1, 348.2);GATE
Port:(430.1, 360.9)(435.4, 360.9)(435.4, 453.6)(430.1, 453.6);SD
Port:(628.3, 348.2)(628.3, 449.3)(628.0, 449.3)(628.0, 466.3)(438.2, 466.3)(438.2, 348.2);GATE
Port:(618.3, 354.2)(623.3, 354.2)(623.3, 443.3)(618.3, 443.3);SD
