Area:(-30.0, -20.0)(403.2, -20.0)(403.2, 942.8)(-30.0, 942.8)
Rule:GATE(5,5);SD(5,5);GATE_SD(0.5);GATE_ITO(0.5);SD_ITO(0.5)
Module:M14
Boundary:(217.9, 787.4)(217.9, 872.9)(217.6, 872.9)(217.6, 889.5)(30.0, 889.5)(30.0, 787.4);GATE
Port:(30.0, 802.0)(35.4, 802.0)(35.4, 874.9)(30.0, 874.9);SD
Port:(217.9, 787.4)(217.9, 872.9)(217.6, 872.9)(217.6, 889.5)(37.7, 889.5)(37.7, 787.4);GATE
Port:(205.9, 794.1)(212.2, 794.1)(212.2, 866.2)(205.9, 866.2);SD
Module:M9
Boundary:(275.4, 405.3)(345.2, 405.3)(345.2, 405.6)(362.1, 405.6)(362.1, 578.9)(275.4, 578.9);GATE
Port:(290.1, 573.0)(347.4, 573.0)(347.4, 578.9)(290.1, 578.9);SD
Port:(275.4, 405.3)(345.2, 405.3)(345.2, 405.6)(362.1, 405.6)(362.1, 571.4)(275.4, 571.4);GATE
Port:(281.3, 410.2)(339.3, 410.2)(339.3, 417.2)(281.3, 417.2);SD
Module:M5
Boundary:(352.0, 20.0)(352.0, 105.7)(189.0, 105.7)(189.0, 20.0);GATE
Port:(189.0, 35.2)(193.4, 35.2)(193.4, 90.5)(189.0, 90.5);SD
Port:(352.0, 20.0)(352.0, 105.7)(196.1, 105.7)(196.1, 20.0);GATE
Port:(339.0, 26.4)(346.6, 26.4)(346.6, 99.3)(339.0, 99.3);SD
Module:M11
Boundary:(103.2, 282.0)(103.2, 360.0)(10.0, 360.0)(10.0, 282.0);GATE
Port:(10.0, 293.1)(15.2, 293.1)(15.2, 348.9)(10.0, 348.9);SD
Port:(103.2, 282.0)(103.2, 360.0)(17.8, 360.0)(17.8, 282.0);GATE
Port:(94.6, 287.2)(99.0, 287.2)(99.0, 354.8)(94.6, 354.8);SD
Module:M1
Boundary:(134.5, 425.3)(219.6, 425.3)(219.6, 425.6)(235.4, 425.6)(235.4, 530.8)(134.5, 530.8);GATE
Port:(150.0, 525.8)(219.9, 525.8)(219.9, 530.8)(150.0, 530.8);SD
Port:(134.5, 425.3)(219.6, 425.3)(219.6, 425.6)(235.4, 425.6)(235.4, 523.6)(134.5, 523.6);GATE
Port:(141.4, 431.2)(212.7, 431.2)(212.7, 438.3)(141.4, 438.3);SD
Module:M6
Boundary:(352.3, 708.3)(352.3, 782.7)(352.2, 782.7)(352.2, 800.5)(257.9, 800.5)(257.9, 708.3);GATE
Port:(257.9, 724.0)(262.1, 724.0)(262.1, 784.8)(257.9, 784.8);SD
Port:(352.3, 708.3)(352.3, 782.7)(352.2, 782.7)(352.2, 800.5)(263.8, 800.5)(263.8, 708.3);GATE
Port:(339.4, 714.5)(347.1, 714.5)(347.1, 776.5)(339.4, 776.5);SD
Module:M2
Boundary:(149.0, 20.0)(149.0, 124.7)(20.0, 124.7)(20.0, 20.0);GATE
Port:(20.0, 33.6)(25.5, 33.6)(25.5, 111.1)(20.0, 111.1);SD
Port:(149.0, 20.0)(149.0, 124.7)(28.2, 124.7)(28.2, 20.0);GATE
Port:(137.9, 25.4)(144.6, 25.4)(144.6, 119.3)(137.9, 119.3);SD
Module:M16
Boundary:(360.4, 820.5)(360.4, 886.8)(360.2, 886.8)(360.2, 902.8)(257.9, 902.8)(257.9, 820.5);GATE
Port:(257.9, 834.6)(262.5, 834.6)(262.5, 888.7)(257.9, 888.7);SD
Port:(360.4, 820.5)(360.4, 886.8)(360.2, 886.8)(360.2, 902.8)(264.1, 902.8)(264.1, 820.5);GATE
Port:(348.9, 826.6)(355.3, 826.6)(355.3, 880.7)(348.9, 880.7);SD
Module:M13
Boundary:(10.0, 154.7)(76.9, 154.7)(76.9, 154.9)(93.3, 154.9)(93.3, 262.0)(10.0, 262.0);GATE
Port:(23.7, 257.5)(79.6, 257.5)(79.6, 262.0)(23.7, 262.0);SD
Port:(10.0, 154.7)(76.9, 154.7)(76.9, 154.9)(93.3, 154.9)(93.3, 255.2)(10.0, 255.2);GATE
Port:(16.4, 160.1)(70.5, 160.1)(70.5, 165.9)(16.4, 165.9);SD
Module:M10
Boundary:(113.3, 154.7)(176.8, 154.7)(176.8, 255.5)(113.3, 255.5);GATE
Port:(124.9, 250.5)(165.2, 250.5)(165.2, 255.5)(124.9, 255.5);SD
Port:(113.3, 154.7)(176.8, 154.7)(176.8, 247.5)(113.3, 247.5);GATE
Port:(118.3, 158.7)(171.8, 158.7)(171.8, 163.2)(118.3, 163.2);SD
Module:M7
Boundary:(201.3, 684.4)(201.3, 719.5)(201.2, 719.5)(201.2, 737.4)(20.0, 737.4)(20.0, 684.4);GATE
Port:(20.0, 698.1)(24.6, 698.1)(24.6, 723.7)(20.0, 723.7);SD
Port:(201.3, 684.4)(201.3, 719.5)(201.2, 719.5)(201.2, 737.4)(27.4, 737.4)(27.4, 684.4);GATE
Port:(190.8, 690.5)(196.2, 690.5)(196.2, 713.4)(190.8, 713.4);SD
Module:M3
Boundary:(356.4, 135.7)(356.4, 237.2)(356.2, 237.2)(356.2, 254.4)(196.8, 254.4)(196.8, 135.7);GATE
Port:(196.8, 148.3)(201.0, 148.3)(201.0, 241.8)(196.8, 241.8);SD
Port:(356.4, 135.7)(356.4, 237.2)(356.2, 237.2)(356.2, 254.4)(203.6, 254.4)(203.6, 135.7);GATE
Port:(347.1, 141.3)(351.8, 141.3)(351.8, 231.6)(347.1, 231.6);SD
Module:M15
Boundary:(363.2, 598.9)(363.2, 673.3)(362.8, 673.3)(362.8, 688.3)(231.3, 688.3)(231.3, 598.9);GATE
Port:(231.3, 610.5)(236.0, 610.5)(236.0, 676.7)(231.3, 676.7);SD
Port:(363.2, 598.9)(363.2, 673.3)(362.8, 673.3)(362.8, 688.3)(237.1, 688.3)(237.1, 598.9);GATE
Port:(353.9, 603.9)(359.2, 603.9)(359.2, 668.3)(353.9, 668.3);SD
Module:M12
Boundary:(165.4, 570.8)(165.4, 638.5)(165.1, 638.5)(165.1, 654.4)(10.0, 654.4)(10.0, 570.8);GATE
Port:(10.0, 585.1)(15.8, 585.1)(15.8, 640.1)(10.0, 640.1);SD
Port:(165.4, 570.8)(165.4, 638.5)(165.1, 638.5)(165.1, 654.4)(18.0, 654.4)(18.0, 570.8);GATE
Port:(153.3, 577.3)(159.9, 577.3)(159.9, 632.0)(153.3, 632.0);SD
Module:M8
Boundary:(20.0, 390.0)(68.0, 390.0)(68.0, 390.1)(84.5, 390.1)(84.5, 536.5)(20.0, 536.5);GATE
Port:(32.5, 531.9)(72.0, 531.9)(72.0, 536.5)(32.5, 536.5);SD
Port:(20.0, 390.0)(68.0, 390.0)(68.0, 390.1)(84.5, 390.1)(84.5, 530.2)(20.0, 530.2);GATE
Port:(25.3, 394.3)(62.7, 394.3)(62.7, 399.5)(25.3, 399.5);SD
Module:M4
Boundary:(342.0, 285.5)(342.0, 375.3)(133.2, 375.3)(133.2, 285.5);GATE
Port:(133.2, 298.8)(137.5, 298.8)(137.5, 362.0)(133.2, 362.0);SD
Port:(342.0, 285.5)(342.0, 375.3)(139.7, 375.3)(139.7, 285.5);GATE
Port:(331.0, 291.8)(336.7, 291.8)(336.7, 369.0)(331.0, 369.0);SD
