Area:(-30.0, -30.0)(379.9, -30.0)(379.9, 890.0)(-30.0, 890.0)
Rule:GATE(5,5);SD(5,5);GATE_SD(0.5);GATE_ITO(0.5);SD_ITO(0.5)
Module:M14
Boundary:(314.1, 376.6)(314.1, 469.7)(233.2, 469.7)(233.2, 376.6);GATE
Port:(233.2, 389.9)(237.3, 389.9)(237.3, 456.4)(233.2, 456.4);SD
Port:(314.1, 376.6)(314.1, 469.7)(239.0, 469.7)(239.0, 376.6);GATE
Port:(302.4, 382.3)(309.4, 382.3)(309.4, 464.0)(302.4, 464.0);SD
Module:M9
Boundary:(118.9, 709.5)(118.9, 743.6)(118.8, 743.6)(118.8, 759.7)(10.0, 759.7)(10.0, 709.5);GATE
Port:(10.0, 722.8)(15.9, 722.8)(15.9, 746.4)(10.0, 746.4);SD
Port:(118.9, 709.5)(118.9, 743.6)(118.8, 743.6)(118.8, 759.7)(17.3, 759.7)(17.3, 709.5);GATE
Port:(108.0, 716.5)(112.9, 716.5)(112.9, 736.6)(108.0, 736.6);SD
Module:M5
Boundary:(225.4, 519.7)(309.0, 519.7)(309.0, 654.6)(225.4, 654.6);GATE
Port:(239.1, 649.6)(295.3, 649.6)(295.3, 654.6)(239.1, 654.6);SD
Port:(225.4, 519.7)(309.0, 519.7)(309.0, 648.4)(225.4, 648.4);GATE
Port:(231.3, 524.6)(303.1, 524.6)(303.1, 530.5)(231.3, 530.5);SD
Module:M11
Boundary:(176.2, 709.5)(222.4, 709.5)(222.4, 830.7)(176.2, 830.7);GATE
Port:(188.2, 826.0)(210.4, 826.0)(210.4, 830.7)(188.2, 830.7);SD
Port:(176.2, 709.5)(222.4, 709.5)(222.4, 824.2)(176.2, 824.2);GATE
Port:(181.5, 713.8)(217.1, 713.8)(217.1, 719.9)(181.5, 719.9);SD
Module:M1
Boundary:(138.9, 132.3)(211.5, 132.3)(211.5, 132.5)(229.1, 132.5)(229.1, 296.3)(138.9, 296.3);GATE
Port:(153.6, 291.3)(214.4, 291.3)(214.4, 296.3)(153.6, 296.3);SD
Port:(138.9, 132.3)(211.5, 132.3)(211.5, 132.5)(229.1, 132.5)(229.1, 288.3)(138.9, 288.3);GATE
Port:(145.5, 137.9)(204.9, 137.9)(204.9, 144.3)(145.5, 144.3);SD
Module:M6
Boundary:(251.8, 10.0)(251.8, 76.0)(251.5, 76.0)(251.5, 92.3)(103.5, 92.3)(103.5, 10.0);GATE
Port:(103.5, 22.9)(109.3, 22.9)(109.3, 79.4)(103.5, 79.4);SD
Port:(251.8, 10.0)(251.8, 76.0)(251.5, 76.0)(251.5, 92.3)(112.0, 92.3)(112.0, 10.0);GATE
Port:(240.9, 15.3)(247.5, 15.3)(247.5, 70.7)(240.9, 70.7);SD
Module:M2
Boundary:(20.0, 522.8)(66.5, 522.8)(66.5, 522.8)(80.2, 522.8)(80.2, 677.1)(20.0, 677.1);GATE
Port:(33.0, 671.6)(67.2, 671.6)(67.2, 677.1)(33.0, 677.1);SD
Port:(20.0, 522.8)(66.5, 522.8)(66.5, 522.8)(80.2, 522.8)(80.2, 669.2)(20.0, 669.2);GATE
Port:(25.8, 527.6)(60.7, 527.6)(60.7, 534.1)(25.8, 534.1);SD
Module:M16
Boundary:(10.0, 306.1)(95.2, 306.1)(95.2, 492.8)(10.0, 492.8);GATE
Port:(23.1, 487.8)(82.1, 487.8)(82.1, 492.8)(23.1, 492.8);SD
Port:(10.0, 306.1)(95.2, 306.1)(95.2, 486.7)(10.0, 486.7);GATE
Port:(15.2, 310.3)(90.0, 310.3)(90.0, 315.8)(15.2, 315.8);SD
Module:M13
Boundary:(10.0, 10.0)(83.5, 10.0)(83.5, 86.1)(10.0, 86.1);GATE
Port:(22.2, 81.2)(71.3, 81.2)(71.3, 86.1)(22.2, 86.1);SD
Port:(10.0, 10.0)(83.5, 10.0)(83.5, 78.5)(10.0, 78.5);GATE
Port:(15.4, 14.4)(78.1, 14.4)(78.1, 20.4)(15.4, 20.4);SD
Module:M10
Boundary:(10.0, 112.3)(98.9, 112.3)(98.9, 286.1)(10.0, 286.1);GATE
Port:(24.0, 281.6)(84.9, 281.6)(84.9, 286.1)(24.0, 286.1);SD
Port:(10.0, 112.3)(98.9, 112.3)(98.9, 280.3)(10.0, 280.3);GATE
Port:(15.7, 117.0)(93.2, 117.0)(93.2, 123.1)(15.7, 123.1);SD
Module:M7
Boundary:(120.2, 569.1)(169.0, 569.1)(169.0, 569.2)(185.4, 569.2)(185.4, 679.5)(120.2, 679.5);GATE
Port:(133.2, 673.8)(172.4, 673.8)(172.4, 679.5)(133.2, 679.5);SD
Port:(120.2, 569.1)(169.0, 569.1)(169.0, 569.2)(185.4, 569.2)(185.4, 671.3)(120.2, 671.3);GATE
Port:(125.6, 573.5)(163.6, 573.5)(163.6, 578.9)(125.6, 578.9);SD
Module:M3
Boundary:(271.8, 10.0)(339.9, 10.0)(339.9, 190.6)(271.8, 190.6);GATE
Port:(285.7, 185.6)(326.0, 185.6)(326.0, 190.6)(285.7, 190.6);SD
Port:(271.8, 10.0)(339.9, 10.0)(339.9, 184.5)(271.8, 184.5);GATE
Port:(277.3, 14.5)(334.4, 14.5)(334.4, 20.9)(277.3, 20.9);SD
Module:M15
Boundary:(156.2, 779.7)(156.2, 850.0)(10.0, 850.0)(10.0, 779.7);GATE
Port:(10.0, 794.2)(15.3, 794.2)(15.3, 835.5)(10.0, 835.5);SD
Port:(156.2, 779.7)(156.2, 850.0)(16.8, 850.0)(16.8, 779.7);GATE
Port:(145.0, 786.1)(150.8, 786.1)(150.8, 843.6)(145.0, 843.6);SD
Module:M12
Boundary:(115.2, 336.3)(177.9, 336.3)(177.9, 336.5)(193.2, 336.5)(193.2, 539.1)(115.2, 539.1);GATE
Port:(127.5, 534.5)(180.9, 534.5)(180.9, 539.1)(127.5, 539.1);SD
Port:(115.2, 336.3)(177.9, 336.3)(177.9, 336.5)(193.2, 336.5)(193.2, 532.0)(115.2, 532.0);GATE
Port:(121.1, 341.2)(172.0, 341.2)(172.0, 347.0)(121.1, 347.0);SD
Module:M8
Boundary:(252.4, 694.6)(328.5, 694.6)(328.5, 841.9)(252.4, 841.9);GATE
Port:(263.8, 836.6)(317.1, 836.6)(317.1, 841.9)(263.8, 841.9);SD
Port:(252.4, 694.6)(328.5, 694.6)(328.5, 833.9)(252.4, 833.9);GATE
Port:(258.0, 699.2)(322.9, 699.2)(322.9, 704.4)(258.0, 704.4);SD
Module:M4
Boundary:(279.1, 220.6)(313.8, 220.6)(313.8, 220.7)(329.0, 220.7)(329.0, 326.6)(279.1, 326.6);GATE
Port:(293.4, 321.5)(314.7, 321.5)(314.7, 326.6)(293.4, 326.6);SD
Port:(279.1, 220.6)(313.8, 220.6)(313.8, 220.7)(329.0, 220.7)(329.0, 318.5)(279.1, 318.5);GATE
Port:(285.3, 225.8)(307.6, 225.8)(307.6, 232.1)(285.3, 232.1);SD
