Area:(-30.0, -30.0)(377.0, -30.0)(377.0, 1066.7)(-30.0, 1066.7)
Rule:GATE(5,5);SD(5,5);GATE_SD(0.5);GATE_ITO(0.5);SD_ITO(0.5)
Module:M14
Boundary:(318.7, 751.9)(318.7, 866.6)(242.4, 866.6)(242.4, 751.9);GATE
Port:(242.4, 765.5)(246.6, 765.5)(246.6, 853.0)(242.4, 853.0);SD
Port:(318.7, 751.9)(318.7, 866.6)(249.3, 866.6)(249.3, 751.9);GATE
Port:(307.2, 756.9)(314.7, 756.9)(314.7, 861.6)(307.2, 861.6);SD
Module:M9
Boundary:(10.0, 256.8)(56.7, 256.8)(56.7, 256.9)(71.7, 256.9)(71.7, 428.8)(10.0, 428.8);GATE
Port:(22.6, 423.5)(59.1, 423.5)(59.1, 428.8)(22.6, 428.8);SD
Port:(10.0, 256.8)(56.7, 256.8)(56.7, 256.9)(71.7, 256.9)(71.7, 422.1)(10.0, 422.1);GATE
Port:(15.2, 261.0)(51.5, 261.0)(51.5, 267.0)(15.2, 267.0);SD
Module:M5
Boundary:(20.0, 646.4)(70.4, 646.4)(70.4, 748.4)(20.0, 748.4);GATE
Port:(33.3, 743.6)(57.1, 743.6)(57.1, 748.4)(33.3, 748.4);SD
Port:(20.0, 646.4)(70.4, 646.4)(70.4, 741.3)(20.0, 741.3);GATE
Port:(25.5, 650.9)(64.9, 650.9)(64.9, 657.3)(25.5, 657.3);SD
Module:M11
Boundary:(10.0, 778.4)(70.6, 778.4)(70.6, 778.6)(84.5, 778.6)(84.5, 930.1)(10.0, 930.1);GATE
Port:(23.2, 924.5)(71.3, 924.5)(71.3, 930.1)(23.2, 930.1);SD
Port:(10.0, 778.4)(70.6, 778.4)(70.6, 778.6)(84.5, 778.6)(84.5, 922.5)(10.0, 922.5);GATE
Port:(16.2, 783.6)(64.4, 783.6)(64.4, 789.8)(16.2, 789.8);SD
Module:M1
Boundary:(243.5, 277.2)(308.2, 277.2)(308.2, 277.3)(324.3, 277.3)(324.3, 423.3)(243.5, 423.3);GATE
Port:(256.6, 418.9)(311.2, 418.9)(311.2, 423.3)(256.6, 423.3);SD
Port:(243.5, 277.2)(308.2, 277.2)(308.2, 277.3)(324.3, 277.3)(324.3, 417.6)(243.5, 417.6);GATE
Port:(249.3, 282.0)(302.4, 282.0)(302.4, 287.7)(249.3, 287.7);SD
Module:M6
Boundary:(10.0, 10.0)(110.2, 10.0)(110.2, 10.1)(127.0, 10.1)(127.0, 236.8)(10.0, 236.8);GATE
Port:(22.6, 232.7)(114.4, 232.7)(114.4, 236.8)(22.6, 236.8);SD
Port:(10.0, 10.0)(110.2, 10.0)(110.2, 10.1)(127.0, 10.1)(127.0, 230.5)(10.0, 230.5);GATE
Port:(15.8, 14.8)(104.4, 14.8)(104.4, 20.0)(15.8, 20.0);SD
Module:M2
Boundary:(214.8, 473.3)(337.0, 473.3)(337.0, 701.9)(214.8, 701.9);GATE
Port:(229.2, 696.8)(322.6, 696.8)(322.6, 701.9)(229.2, 701.9);SD
Port:(214.8, 473.3)(337.0, 473.3)(337.0, 694.6)(214.8, 694.6);GATE
Port:(221.4, 478.9)(330.4, 478.9)(330.4, 484.8)(221.4, 484.8);SD
Module:M16
Boundary:(202.4, 950.1)(202.4, 1026.7)(10.0, 1026.7)(10.0, 950.1);GATE
Port:(10.0, 962.8)(15.0, 962.8)(15.0, 1014.0)(10.0, 1014.0);SD
Port:(202.4, 950.1)(202.4, 1026.7)(16.9, 1026.7)(16.9, 950.1);GATE
Port:(191.3, 956.4)(197.1, 956.4)(197.1, 1020.4)(191.3, 1020.4);SD
Module:M13
Boundary:(104.5, 815.6)(178.8, 815.6)(178.8, 815.7)(192.6, 815.7)(192.6, 905.6)(104.5, 905.6);GATE
Port:(117.1, 900.2)(180.0, 900.2)(180.0, 905.6)(117.1, 905.6);SD
Port:(104.5, 815.6)(178.8, 815.6)(178.8, 815.7)(192.6, 815.7)(192.6, 897.4)(104.5, 897.4);GATE
Port:(111.2, 821.3)(172.1, 821.3)(172.1, 826.7)(111.2, 826.7);SD
Module:M10
Boundary:(10.0, 448.8)(80.7, 448.8)(80.7, 449.0)(94.6, 449.0)(94.6, 616.4)(10.0, 616.4);GATE
Port:(21.0, 611.0)(83.6, 611.0)(83.6, 616.4)(21.0, 616.4);SD
Port:(10.0, 448.8)(80.7, 448.8)(80.7, 449.0)(94.6, 449.0)(94.6, 609.8)(10.0, 609.8);GATE
Port:(15.1, 452.9)(75.6, 452.9)(75.6, 457.9)(15.1, 457.9);SD
Module:M7
Boundary:(124.6, 680.4)(155.8, 680.4)(155.8, 680.4)(170.5, 680.4)(170.5, 785.6)(124.6, 785.6);GATE
Port:(137.1, 779.9)(158.0, 779.9)(158.0, 785.6)(137.1, 785.6);SD
Port:(124.6, 680.4)(155.8, 680.4)(155.8, 680.4)(170.5, 680.4)(170.5, 778.5)(124.6, 778.5);GATE
Port:(129.9, 684.7)(150.5, 684.7)(150.5, 690.9)(129.9, 690.9);SD
Module:M3
Boundary:(147.0, 10.0)(210.9, 10.0)(210.9, 237.2)(147.0, 237.2);GATE
Port:(160.2, 232.9)(197.7, 232.9)(197.7, 237.2)(160.2, 237.2);SD
Port:(147.0, 10.0)(210.9, 10.0)(210.9, 231.0)(147.0, 231.0);GATE
Port:(153.7, 15.7)(204.2, 15.7)(204.2, 21.5)(153.7, 21.5);SD
Module:M15
Boundary:(114.6, 422.3)(167.9, 422.3)(167.9, 422.3)(184.8, 422.3)(184.8, 650.4)(114.6, 650.4);GATE
Port:(128.8, 645.7)(170.6, 645.7)(170.6, 650.4)(128.8, 650.4);SD
Port:(114.6, 422.3)(167.9, 422.3)(167.9, 422.3)(184.8, 422.3)(184.8, 643.9)(114.6, 643.9);GATE
Port:(121.4, 428.1)(161.1, 428.1)(161.1, 434.4)(121.4, 434.4);SD
Module:M12
Boundary:(91.7, 257.2)(187.6, 257.2)(187.6, 257.6)(203.5, 257.6)(203.5, 402.3)(91.7, 402.3);GATE
Port:(104.6, 397.3)(190.6, 397.3)(190.6, 402.3)(104.6, 402.3);SD
Port:(91.7, 257.2)(187.6, 257.2)(187.6, 257.6)(203.5, 257.6)(203.5, 395.0)(91.7, 395.0);GATE
Port:(97.1, 261.6)(182.2, 261.6)(182.2, 267.9)(97.1, 267.9);SD
Module:M8
Boundary:(240.9, 20.0)(335.5, 20.0)(335.5, 219.8)(240.9, 219.8);GATE
Port:(254.0, 215.0)(322.4, 215.0)(322.4, 219.8)(254.0, 219.8);SD
Port:(240.9, 20.0)(335.5, 20.0)(335.5, 212.4)(240.9, 212.4);GATE
Port:(247.7, 25.8)(328.7, 25.8)(328.7, 31.3)(247.7, 31.3);SD
Module:M4
Boundary:(330.3, 916.6)(330.3, 1004.2)(232.4, 1004.2)(232.4, 916.6);GATE
Port:(232.4, 932.4)(238.0, 932.4)(238.0, 988.4)(232.4, 988.4);SD
Port:(330.3, 916.6)(330.3, 1004.2)(240.7, 1004.2)(240.7, 916.6);GATE
Port:(317.7, 923.2)(324.7, 923.2)(324.7, 997.6)(317.7, 997.6);SD
