Area:(-30.0, -30.0)(980.7, -30.0)(980.7, 405.9)(-30.0, 405.9)
Rule:GATE(5,5);SD(5,5);GATE_SD(0.5);GATE_ITO(0.5);SD_ITO(0.5)
Module:M14
Boundary:(934.5, 150.0)(934.5, 245.7)(934.0, 245.7)(934.0, 261.0)(802.5, 261.0)(802.5, 150.0);GATE
Port:(802.5, 164.1)(808.2, 164.1)(808.2, 246.9)(802.5, 246.9);SD
Port:(934.5, 150.0)(934.5, 245.7)(934.0, 245.7)(934.0, 261.0)(810.3, 261.0)(810.3, 150.0);GATE
Port:(922.8, 156.6)(928.9, 156.6)(928.9, 239.1)(922.8, 239.1);SD
Module:M9
Boundary:(177.9, 243.8)(227.8, 243.8)(227.8, 320.8)(177.9, 320.8);GATE
Port:(190.6, 316.0)(215.1, 316.0)(215.1, 320.8)(190.6, 320.8);SD
Port:(177.9, 243.8)(227.8, 243.8)(227.8, 313.4)(177.9, 313.4);GATE
Port:(183.4, 248.3)(222.3, 248.3)(222.3, 254.3)(183.4, 254.3);SD
Module:M5
Boundary:(694.1, 145.8)(752.5, 145.8)(752.5, 273.1)(694.1, 273.1);GATE
Port:(706.7, 268.1)(739.9, 268.1)(739.9, 273.1)(706.7, 273.1);SD
Port:(694.1, 145.8)(752.5, 145.8)(752.5, 265.4)(694.1, 265.4);GATE
Port:(699.6, 150.3)(747.0, 150.3)(747.0, 156.6)(699.6, 156.6);SD
Module:M11
Boundary:(535.4, 142.1)(535.4, 215.0)(417.5, 215.0)(417.5, 142.1);GATE
Port:(417.5, 157.2)(423.2, 157.2)(423.2, 199.9)(417.5, 199.9);SD
Port:(535.4, 142.1)(535.4, 215.0)(424.6, 215.0)(424.6, 142.1);GATE
Port:(523.3, 148.7)(529.8, 148.7)(529.8, 208.4)(523.3, 208.4);SD
Module:M1
Boundary:(425.5, 30.0)(425.5, 83.3)(425.5, 83.3)(425.5, 101.8)(252.1, 101.8)(252.1, 30.0);GATE
Port:(252.1, 43.5)(257.0, 43.5)(257.0, 88.3)(252.1, 88.3);SD
Port:(425.5, 30.0)(425.5, 83.3)(425.5, 83.3)(425.5, 101.8)(258.9, 101.8)(258.9, 30.0);GATE
Port:(415.3, 35.2)(421.3, 35.2)(421.3, 78.1)(415.3, 78.1);SD
Module:M6
Boundary:(654.1, 142.1)(654.1, 203.4)(653.8, 203.4)(653.8, 218.0)(555.4, 218.0)(555.4, 142.1);GATE
Port:(555.4, 155.1)(560.0, 155.1)(560.0, 205.0)(555.4, 205.0);SD
Port:(654.1, 142.1)(654.1, 203.4)(653.8, 203.4)(653.8, 218.0)(562.8, 218.0)(562.8, 142.1);GATE
Port:(643.6, 147.2)(650.0, 147.2)(650.0, 198.3)(643.6, 198.3);SD
Module:M2
Boundary:(436.4, 253.8)(436.4, 358.2)(257.8, 358.2)(257.8, 253.8);GATE
Port:(257.8, 267.4)(262.8, 267.4)(262.8, 344.6)(257.8, 344.6);SD
Port:(436.4, 253.8)(436.4, 358.2)(265.3, 358.2)(265.3, 253.8);GATE
Port:(426.1, 260.2)(431.0, 260.2)(431.0, 351.8)(426.1, 351.8);SD
Module:M16
Boundary:(940.7, 10.0)(940.7, 110.0)(759.2, 110.0)(759.2, 10.0);GATE
Port:(759.2, 22.6)(764.9, 22.6)(764.9, 97.4)(759.2, 97.4);SD
Port:(940.7, 10.0)(940.7, 110.0)(767.3, 110.0)(767.3, 10.0);GATE
Port:(931.6, 15.5)(936.2, 15.5)(936.2, 104.5)(931.6, 104.5);SD
Module:M13
Boundary:(638.0, 10.0)(739.2, 10.0)(739.2, 115.8)(638.0, 115.8);GATE
Port:(651.3, 110.5)(725.9, 110.5)(725.9, 115.8)(651.3, 115.8);SD
Port:(638.0, 10.0)(739.2, 10.0)(739.2, 108.1)(638.0, 108.1);GATE
Port:(643.3, 14.3)(733.9, 14.3)(733.9, 20.2)(643.3, 20.2);SD
Module:M10
Boundary:(212.1, 10.0)(212.1, 65.4)(211.9, 65.4)(211.9, 82.1)(10.0, 82.1)(10.0, 10.0);GATE
Port:(10.0, 25.4)(14.5, 25.4)(14.5, 66.7)(10.0, 66.7);SD
Port:(212.1, 10.0)(212.1, 65.4)(211.9, 65.4)(211.9, 82.1)(15.9, 82.1)(15.9, 10.0);GATE
Port:(198.8, 16.8)(206.3, 16.8)(206.3, 58.6)(198.8, 58.6);SD
Module:M7
Boundary:(147.9, 246.6)(147.9, 338.3)(147.5, 338.3)(147.5, 356.9)(20.0, 356.9)(20.0, 246.6);GATE
Port:(20.0, 260.7)(24.4, 260.7)(24.4, 342.8)(20.0, 342.8);SD
Port:(147.9, 246.6)(147.9, 338.3)(147.5, 338.3)(147.5, 356.9)(26.2, 356.9)(26.2, 246.6);GATE
Port:(137.0, 253.0)(142.5, 253.0)(142.5, 331.9)(137.0, 331.9);SD
Module:M3
Boundary:(134.8, 102.1)(134.8, 216.6)(10.0, 216.6)(10.0, 102.1);GATE
Port:(10.0, 114.5)(14.2, 114.5)(14.2, 204.2)(10.0, 204.2);SD
Port:(134.8, 102.1)(134.8, 216.6)(15.3, 216.6)(15.3, 102.1);GATE
Port:(125.1, 107.6)(130.3, 107.6)(130.3, 211.1)(125.1, 211.1);SD
Module:M15
Boundary:(882.1, 303.1)(882.1, 346.7)(882.1, 346.7)(882.1, 359.9)(684.1, 359.9)(684.1, 303.1);GATE
Port:(684.1, 315.1)(688.5, 315.1)(688.5, 347.9)(684.1, 347.9);SD
Port:(882.1, 303.1)(882.1, 346.7)(882.1, 346.7)(882.1, 359.9)(690.8, 359.9)(690.8, 303.1);GATE
Port:(871.8, 308.9)(877.3, 308.9)(877.3, 340.9)(871.8, 340.9);SD
Module:M12
Boundary:(664.1, 238.0)(664.1, 365.9)(466.4, 365.9)(466.4, 238.0);GATE
Port:(466.4, 252.6)(471.2, 252.6)(471.2, 351.3)(466.4, 351.3);SD
Port:(664.1, 238.0)(664.1, 365.9)(473.3, 365.9)(473.3, 238.0);GATE
Port:(652.6, 243.1)(660.0, 243.1)(660.0, 360.8)(652.6, 360.8);SD
Module:M8
Boundary:(387.5, 151.8)(387.5, 199.5)(387.3, 199.5)(387.3, 213.8)(187.9, 213.8)(187.9, 151.8);GATE
Port:(187.9, 165.5)(192.3, 165.5)(192.3, 200.1)(187.9, 200.1);SD
Port:(387.5, 151.8)(387.5, 199.5)(387.3, 199.5)(387.3, 213.8)(193.4, 213.8)(193.4, 151.8);GATE
Port:(375.9, 158.0)(382.3, 158.0)(382.3, 193.3)(375.9, 193.3);SD
Module:M4
Boundary:(608.0, 20.0)(608.0, 97.2)(607.9, 97.2)(607.9, 112.1)(475.5, 112.1)(475.5, 20.0);GATE
Port:(475.5, 32.5)(479.8, 32.5)(479.8, 99.6)(475.5, 99.6);SD
Port:(608.0, 20.0)(608.0, 97.2)(607.9, 97.2)(607.9, 112.1)(482.4, 112.1)(482.4, 20.0);GATE
Port:(597.1, 26.2)(602.8, 26.2)(602.8, 91.0)(597.1, 91.0);SD
