Area:(-30.0, -30.0)(696.0, -30.0)(696.0, 542.0)(-30.0, 542.0)
Rule:GATE(5,5);SD(5,5);GATE_SD(0.5);GATE_ITO(0.5);SD_ITO(0.5)
Module:M14
Boundary:(350.3, 30.0)(418.8, 30.0)(418.8, 30.1)(435.3, 30.1)(435.3, 119.7)(350.3, 119.7);GATE
Port:(364.2, 115.3)(421.4, 115.3)(421.4, 119.7)(364.2, 119.7);SD
Port:(350.3, 30.0)(418.8, 30.0)(418.8, 30.1)(435.3, 30.1)(435.3, 112.5)(350.3, 112.5);GATE
Port:(356.8, 35.5)(412.3, 35.5)(412.3, 41.4)(356.8, 41.4);SD
Module:M9
Boundary:(310.3, 10.0)(310.3, 97.7)(132.4, 97.7)(132.4, 10.0);GATE
Port:(132.4, 24.1)(138.0, 24.1)(138.0, 83.6)(132.4, 83.6);SD
Port:(310.3, 10.0)(310.3, 97.7)(140.2, 97.7)(140.2, 10.0);GATE
Port:(298.9, 16.4)(304.9, 16.4)(304.9, 91.3)(298.9, 91.3);SD
Module:M5
Boundary:(467.1, 351.9)(512.6, 351.9)(512.6, 352.0)(526.7, 352.0)(526.7, 486.8)(467.1, 486.8);GATE
Port:(479.4, 481.9)(514.4, 481.9)(514.4, 486.8)(479.4, 486.8);SD
Port:(467.1, 351.9)(512.6, 351.9)(512.6, 352.0)(526.7, 352.0)(526.7, 480.8)(467.1, 480.8);GATE
Port:(473.9, 357.7)(505.8, 357.7)(505.8, 362.2)(473.9, 362.2);SD
Module:M11
Boundary:(655.5, 10.0)(655.5, 92.6)(475.3, 92.6)(475.3, 10.0);GATE
Port:(475.3, 25.0)(480.7, 25.0)(480.7, 77.6)(475.3, 77.6);SD
Port:(655.5, 10.0)(655.5, 92.6)(483.2, 92.6)(483.2, 10.0);GATE
Port:(643.2, 16.8)(649.7, 16.8)(649.7, 85.8)(643.2, 85.8);SD
Module:M1
Boundary:(30.0, 157.6)(116.8, 157.6)(116.8, 273.1)(30.0, 273.1);GATE
Port:(43.7, 267.8)(103.1, 267.8)(103.1, 273.1)(43.7, 273.1);SD
Port:(30.0, 157.6)(116.8, 157.6)(116.8, 266.3)(30.0, 266.3);GATE
Port:(36.7, 163.3)(110.1, 163.3)(110.1, 168.6)(36.7, 168.6);SD
Module:M6
Boundary:(156.8, 117.7)(267.8, 117.7)(267.8, 245.5)(156.8, 245.5);GATE
Port:(169.4, 240.4)(255.2, 240.4)(255.2, 245.5)(169.4, 245.5);SD
Port:(156.8, 117.7)(267.8, 117.7)(267.8, 238.3)(156.8, 238.3);GATE
Port:(163.5, 123.4)(261.1, 123.4)(261.1, 128.0)(163.5, 128.0);SD
Module:M2
Boundary:(548.3, 122.6)(646.1, 122.6)(646.1, 273.4)(548.3, 273.4);GATE
Port:(562.5, 268.9)(631.9, 268.9)(631.9, 273.4)(562.5, 273.4);SD
Port:(548.3, 122.6)(646.1, 122.6)(646.1, 267.0)(548.3, 267.0);GATE
Port:(554.7, 128.0)(639.7, 128.0)(639.7, 134.4)(554.7, 134.4);SD
Module:M16
Boundary:(140.9, 398.3)(140.9, 483.3)(140.7, 483.3)(140.7, 499.3)(10.0, 499.3)(10.0, 398.3);GATE
Port:(10.0, 413.1)(15.6, 413.1)(15.6, 484.5)(10.0, 484.5);SD
Port:(140.9, 398.3)(140.9, 483.3)(140.7, 483.3)(140.7, 499.3)(17.3, 499.3)(17.3, 398.3);GATE
Port:(128.1, 405.1)(135.1, 405.1)(135.1, 476.5)(128.1, 476.5);SD
Module:M13
Boundary:(430.8, 245.1)(501.4, 245.1)(501.4, 245.1)(518.3, 245.1)(518.3, 321.9)(430.8, 321.9);GATE
Port:(445.9, 317.0)(503.2, 317.0)(503.2, 321.9)(445.9, 321.9);SD
Port:(430.8, 245.1)(501.4, 245.1)(501.4, 245.1)(518.3, 245.1)(518.3, 314.0)(430.8, 314.0);GATE
Port:(437.6, 250.9)(494.6, 250.9)(494.6, 257.5)(437.6, 257.5);SD
Module:M10
Boundary:(556.7, 303.4)(656.0, 303.4)(656.0, 498.9)(556.7, 498.9);GATE
Port:(570.4, 493.3)(642.3, 493.3)(642.3, 498.9)(570.4, 498.9);SD
Port:(556.7, 303.4)(656.0, 303.4)(656.0, 490.8)(556.7, 490.8);GATE
Port:(563.6, 309.3)(649.1, 309.3)(649.1, 315.1)(563.6, 315.1);SD
Module:M7
Boundary:(170.9, 275.5)(254.0, 275.5)(254.0, 275.9)(270.7, 275.9)(270.7, 502.0)(170.9, 502.0);GATE
Port:(183.9, 496.2)(257.7, 496.2)(257.7, 502.0)(183.9, 502.0);SD
Port:(170.9, 275.5)(254.0, 275.5)(254.0, 275.9)(270.7, 275.9)(270.7, 494.8)(170.9, 494.8);GATE
Port:(176.2, 279.8)(248.7, 279.8)(248.7, 285.6)(176.2, 285.6);SD
Module:M3
Boundary:(140.6, 313.1)(140.6, 362.3)(140.6, 362.3)(140.6, 378.3)(10.0, 378.3)(10.0, 313.1);GATE
Port:(10.0, 326.5)(15.3, 326.5)(15.3, 364.9)(10.0, 364.9);SD
Port:(140.6, 313.1)(140.6, 362.3)(140.6, 362.3)(140.6, 378.3)(17.5, 378.3)(17.5, 313.1);GATE
Port:(130.4, 318.8)(135.9, 318.8)(135.9, 356.6)(130.4, 356.6);SD
Module:M15
Boundary:(493.5, 159.7)(493.5, 209.3)(493.4, 209.3)(493.4, 225.1)(287.8, 225.1)(287.8, 159.7);GATE
Port:(287.8, 173.1)(292.5, 173.1)(292.5, 211.7)(287.8, 211.7);SD
Port:(493.5, 159.7)(493.5, 209.3)(493.4, 209.3)(493.4, 225.1)(294.4, 225.1)(294.4, 159.7);GATE
Port:(482.4, 165.7)(488.5, 165.7)(488.5, 203.3)(482.4, 203.3);SD
Module:M12
Boundary:(112.4, 10.0)(112.4, 99.9)(111.9, 99.9)(111.9, 117.6)(10.0, 117.6)(10.0, 10.0);GATE
Port:(10.0, 25.2)(15.3, 25.2)(15.3, 102.4)(10.0, 102.4);SD
Port:(112.4, 10.0)(112.4, 99.9)(111.9, 99.9)(111.9, 117.6)(18.0, 117.6)(18.0, 10.0);GATE
Port:(100.5, 15.6)(107.8, 15.6)(107.8, 94.3)(100.5, 94.3);SD
Module:M8
Boundary:(427.1, 384.7)(427.1, 469.3)(426.8, 469.3)(426.8, 485.1)(310.7, 485.1)(310.7, 384.7);GATE
Port:(310.7, 399.7)(315.6, 399.7)(315.6, 470.1)(310.7, 470.1);SD
Port:(427.1, 384.7)(427.1, 469.3)(426.8, 469.3)(426.8, 485.1)(317.5, 485.1)(317.5, 384.7);GATE
Port:(414.0, 391.2)(421.6, 391.2)(421.6, 462.8)(414.0, 462.8);SD
Module:M4
Boundary:(310.7, 255.1)(382.9, 255.1)(382.9, 255.1)(400.8, 255.1)(400.8, 344.7)(310.7, 344.7);GATE
Port:(324.9, 339.2)(386.6, 339.2)(386.6, 344.7)(324.9, 344.7);SD
Port:(310.7, 255.1)(382.9, 255.1)(382.9, 255.1)(400.8, 255.1)(400.8, 336.7)(310.7, 336.7);GATE
Port:(317.1, 260.5)(376.5, 260.5)(376.5, 266.0)(317.1, 266.0);SD
