Area:(-30.0, -30.0)(473.9, -30.0)(473.9, 723.7)(-30.0, 723.7)
Rule:GATE(5,5);SD(5,5);GATE_SD(0.5);GATE_ITO(0.5);SD_ITO(0.5)
Module:M14
Boundary:(415.1, 574.9)(415.1, 660.4)(414.9, 660.4)(414.9, 676.9)(282.5, 676.9)(282.5, 574.9);GATE
Port:(282.5, 589.4)(287.5, 589.4)(287.5, 662.4)(282.5, 662.4);SD
Port:(415.1, 574.9)(415.1, 660.4)(414.9, 660.4)(414.9, 676.9)(289.6, 676.9)(289.6, 574.9);GATE
Port:(403.2, 580.8)(410.2, 580.8)(410.2, 654.5)(403.2, 654.5);SD
Module:M9
Boundary:(433.2, 471.9)(433.2, 519.1)(432.9, 519.1)(432.9, 534.9)(216.3, 534.9)(216.3, 471.9);GATE
Port:(216.3, 484.5)(221.0, 484.5)(221.0, 522.3)(216.3, 522.3);SD
Port:(433.2, 471.9)(433.2, 519.1)(432.9, 519.1)(432.9, 534.9)(222.1, 534.9)(222.1, 471.9);GATE
Port:(423.9, 478.0)(428.1, 478.0)(428.1, 513.0)(423.9, 513.0);SD
Module:M5
Boundary:(184.3, 20.0)(184.3, 88.4)(184.0, 88.4)(184.0, 105.4)(20.0, 105.4)(20.0, 20.0);GATE
Port:(20.0, 33.6)(25.6, 33.6)(25.6, 91.8)(20.0, 91.8);SD
Port:(184.3, 20.0)(184.3, 88.4)(184.0, 88.4)(184.0, 105.4)(26.9, 105.4)(26.9, 20.0);GATE
Port:(173.3, 25.1)(180.2, 25.1)(180.2, 83.3)(173.3, 83.3);SD
Module:M11
Boundary:(115.7, 135.4)(163.5, 135.4)(163.5, 288.6)(115.7, 288.6);GATE
Port:(127.9, 284.4)(151.3, 284.4)(151.3, 288.6)(127.9, 288.6);SD
Port:(115.7, 135.4)(163.5, 135.4)(163.5, 282.2)(115.7, 282.2);GATE
Port:(121.2, 139.9)(158.0, 139.9)(158.0, 144.9)(121.2, 144.9);SD
Module:M1
Boundary:(356.2, 150.6)(404.5, 150.6)(404.5, 150.7)(418.5, 150.7)(418.5, 310.4)(356.2, 310.4);GATE
Port:(370.1, 305.2)(404.6, 305.2)(404.6, 310.4)(370.1, 310.4);SD
Port:(356.2, 150.6)(404.5, 150.6)(404.5, 150.7)(418.5, 150.7)(418.5, 302.3)(356.2, 302.3);GATE
Port:(362.5, 155.9)(398.2, 155.9)(398.2, 162.9)(362.5, 162.9);SD
Module:M6
Boundary:(286.1, 308.6)(286.1, 352.4)(115.7, 352.4)(115.7, 308.6);GATE
Port:(115.7, 320.1)(120.3, 320.1)(120.3, 340.9)(115.7, 340.9);SD
Port:(286.1, 308.6)(286.1, 352.4)(122.2, 352.4)(122.2, 308.6);GATE
Port:(276.4, 313.7)(282.0, 313.7)(282.0, 347.3)(276.4, 347.3);SD
Module:M2
Boundary:(433.9, 20.0)(433.9, 84.5)(433.8, 84.5)(433.8, 100.6)(340.4, 100.6)(340.4, 20.0);GATE
Port:(340.4, 32.4)(344.9, 32.4)(344.9, 88.2)(340.4, 88.2);SD
Port:(433.9, 20.0)(433.9, 84.5)(433.8, 84.5)(433.8, 100.6)(346.7, 100.6)(346.7, 20.0);GATE
Port:(423.9, 25.2)(429.7, 25.2)(429.7, 79.3)(423.9, 79.3);SD
Module:M16
Boundary:(310.4, 10.0)(310.4, 45.7)(310.4, 45.7)(310.4, 62.6)(214.3, 62.6)(214.3, 10.0);GATE
Port:(214.3, 24.6)(219.9, 24.6)(219.9, 48.0)(214.3, 48.0);SD
Port:(310.4, 10.0)(310.4, 45.7)(310.4, 45.7)(310.4, 62.6)(222.1, 62.6)(222.1, 10.0);GATE
Port:(298.8, 15.6)(305.8, 15.6)(305.8, 40.1)(298.8, 40.1);SD
Module:M13
Boundary:(305.7, 82.6)(305.7, 150.4)(305.4, 150.4)(305.4, 166.9)(214.3, 166.9)(214.3, 82.6);GATE
Port:(214.3, 96.5)(218.9, 96.5)(218.9, 153.0)(214.3, 153.0);SD
Port:(305.7, 82.6)(305.7, 150.4)(305.4, 150.4)(305.4, 166.9)(220.6, 166.9)(220.6, 82.6);GATE
Port:(294.9, 89.4)(299.9, 89.4)(299.9, 143.6)(294.9, 143.6);SD
Module:M10
Boundary:(10.0, 317.4)(75.4, 317.4)(75.4, 457.8)(10.0, 457.8);GATE
Port:(23.8, 452.0)(61.6, 452.0)(61.6, 457.8)(23.8, 457.8);SD
Port:(10.0, 317.4)(75.4, 317.4)(75.4, 449.7)(10.0, 449.7);GATE
Port:(16.1, 322.5)(69.3, 322.5)(69.3, 329.0)(16.1, 329.0);SD
Module:M7
Boundary:(232.5, 610.1)(232.5, 683.7)(20.0, 683.7)(20.0, 610.1);GATE
Port:(20.0, 625.2)(24.5, 625.2)(24.5, 668.6)(20.0, 668.6);SD
Port:(232.5, 610.1)(232.5, 683.7)(27.3, 683.7)(27.3, 610.1);GATE
Port:(220.8, 616.8)(226.8, 616.8)(226.8, 677.0)(220.8, 677.0);SD
Module:M3
Boundary:(10.0, 135.4)(78.0, 135.4)(78.0, 135.5)(95.7, 135.5)(95.7, 297.4)(10.0, 297.4);GATE
Port:(23.2, 293.4)(82.5, 293.4)(82.5, 297.4)(23.2, 297.4);SD
Port:(10.0, 135.4)(78.0, 135.4)(78.0, 135.5)(95.7, 135.5)(95.7, 291.7)(10.0, 291.7);GATE
Port:(15.0, 139.4)(73.0, 139.4)(73.0, 145.2)(15.0, 145.2);SD
Module:M15
Boundary:(316.2, 186.9)(316.2, 266.6)(315.7, 266.6)(315.7, 282.4)(183.5, 282.4)(183.5, 186.9);GATE
Port:(183.5, 199.2)(188.5, 199.2)(188.5, 270.1)(183.5, 270.1);SD
Port:(316.2, 186.9)(316.2, 266.6)(315.7, 266.6)(315.7, 282.4)(191.5, 282.4)(191.5, 186.9);GATE
Port:(306.1, 193.2)(310.9, 193.2)(310.9, 260.3)(306.1, 260.3);SD
Module:M12
Boundary:(298.5, 372.4)(298.5, 451.9)(95.4, 451.9)(95.4, 372.4);GATE
Port:(95.4, 385.3)(100.8, 385.3)(100.8, 439.0)(95.4, 439.0);SD
Port:(298.5, 372.4)(298.5, 451.9)(102.6, 451.9)(102.6, 372.4);GATE
Port:(288.5, 377.6)(294.3, 377.6)(294.3, 446.7)(288.5, 446.7);SD
Module:M8
Boundary:(186.3, 487.8)(186.3, 554.4)(186.1, 554.4)(186.1, 570.1)(20.0, 570.1)(20.0, 487.8);GATE
Port:(20.0, 501.8)(25.3, 501.8)(25.3, 556.1)(20.0, 556.1);SD
Port:(186.3, 487.8)(186.3, 554.4)(186.1, 554.4)(186.1, 570.1)(27.1, 570.1)(27.1, 487.8);GATE
Port:(174.6, 494.7)(180.4, 494.7)(180.4, 547.5)(174.6, 547.5);SD
Module:M4
Boundary:(425.1, 360.4)(425.1, 441.6)(328.5, 441.6)(328.5, 360.4);GATE
Port:(328.5, 373.8)(332.8, 373.8)(332.8, 428.2)(328.5, 428.2);SD
Port:(425.1, 360.4)(425.1, 441.6)(334.0, 441.6)(334.0, 360.4);GATE
Port:(413.9, 367.1)(419.4, 367.1)(419.4, 434.9)(413.9, 434.9);SD
