Area:(-30.0, -30.0)(683.9, -30.0)(683.9, 556.0)(-30.0, 556.0)
Rule:GATE(5,5);SD(5,5);GATE_SD(0.5);GATE_ITO(0.5);SD_ITO(0.5)
Module:M14
Boundary:(570.4, 211.2)(570.4, 317.6)(459.6, 317.6)(459.6, 211.2);GATE
Port:(459.6, 227.1)(464.6, 227.1)(464.6, 301.7)(459.6, 301.7);SD
Port:(570.4, 211.2)(570.4, 317.6)(466.6, 317.6)(466.6, 211.2);GATE
Port:(557.7, 218.0)(564.6, 218.0)(564.6, 310.8)(557.7, 310.8);SD
Module:M9
Boundary:(554.5, 357.6)(629.3, 357.6)(629.3, 357.9)(643.9, 357.9)(643.9, 510.3)(554.5, 510.3);GATE
Port:(566.8, 505.2)(631.6, 505.2)(631.6, 510.3)(566.8, 510.3);SD
Port:(554.5, 357.6)(629.3, 357.6)(629.3, 357.9)(643.9, 357.9)(643.9, 503.7)(554.5, 503.7);GATE
Port:(560.0, 362.1)(623.8, 362.1)(623.8, 367.7)(560.0, 367.7);SD
Module:M5
Boundary:(221.3, 443.6)(221.3, 493.2)(221.1, 493.2)(221.1, 508.4)(20.0, 508.4)(20.0, 443.6);GATE
Port:(20.0, 457.7)(25.4, 457.7)(25.4, 494.3)(20.0, 494.3);SD
Port:(221.3, 443.6)(221.3, 493.2)(221.1, 493.2)(221.1, 508.4)(27.0, 508.4)(27.0, 443.6);GATE
Port:(209.6, 449.1)(216.8, 449.1)(216.8, 487.7)(209.6, 487.7);SD
Module:M11
Boundary:(439.6, 357.6)(515.4, 357.6)(515.4, 357.6)(534.5, 357.6)(534.5, 516.0)(439.6, 516.0);GATE
Port:(454.5, 511.2)(519.6, 511.2)(519.6, 516.0)(454.5, 516.0);SD
Port:(439.6, 357.6)(515.4, 357.6)(515.4, 357.6)(534.5, 357.6)(534.5, 509.7)(439.6, 509.7);GATE
Port:(445.1, 362.1)(509.9, 362.1)(509.9, 369.3)(445.1, 369.3);SD
Module:M1
Boundary:(122.4, 120.1)(122.4, 183.6)(122.2, 183.6)(122.2, 198.4)(30.0, 198.4)(30.0, 120.1);GATE
Port:(30.0, 133.5)(35.9, 133.5)(35.9, 185.0)(30.0, 185.0);SD
Port:(122.4, 120.1)(122.4, 183.6)(122.2, 183.6)(122.2, 198.4)(38.3, 198.4)(38.3, 120.1);GATE
Port:(111.2, 126.6)(116.9, 126.6)(116.9, 177.1)(111.2, 177.1);SD
Module:M6
Boundary:(317.0, 258.8)(317.0, 360.5)(142.8, 360.5)(142.8, 258.8);GATE
Port:(142.8, 273.7)(148.4, 273.7)(148.4, 345.6)(142.8, 345.6);SD
Port:(317.0, 258.8)(317.0, 360.5)(151.1, 360.5)(151.1, 258.8);GATE
Port:(304.8, 265.8)(311.0, 265.8)(311.0, 353.5)(304.8, 353.5);SD
Module:M2
Boundary:(449.6, 20.0)(527.2, 20.0)(527.2, 141.2)(449.6, 141.2);GATE
Port:(462.3, 135.7)(514.5, 135.7)(514.5, 141.2)(462.3, 141.2);SD
Port:(449.6, 20.0)(527.2, 20.0)(527.2, 132.9)(449.6, 132.9);GATE
Port:(455.9, 25.3)(520.9, 25.3)(520.9, 29.8)(455.9, 29.8);SD
Module:M16
Boundary:(341.1, 10.0)(419.6, 10.0)(419.6, 226.5)(341.1, 226.5);GATE
Port:(353.2, 221.5)(407.5, 221.5)(407.5, 226.5)(353.2, 226.5);SD
Port:(341.1, 10.0)(419.6, 10.0)(419.6, 218.7)(341.1, 218.7);GATE
Port:(346.5, 14.4)(414.2, 14.4)(414.2, 20.4)(346.5, 20.4);SD
Module:M13
Boundary:(557.2, 10.0)(643.5, 10.0)(643.5, 171.2)(557.2, 171.2);GATE
Port:(571.4, 165.6)(629.3, 165.6)(629.3, 171.2)(571.4, 171.2);SD
Port:(557.2, 10.0)(643.5, 10.0)(643.5, 163.5)(557.2, 163.5);GATE
Port:(564.0, 15.8)(636.7, 15.8)(636.7, 21.1)(564.0, 21.1);SD
Module:M10
Boundary:(122.8, 318.2)(122.8, 413.6)(10.0, 413.6)(10.0, 318.2);GATE
Port:(10.0, 330.0)(15.0, 330.0)(15.0, 401.8)(10.0, 401.8);SD
Port:(122.8, 318.2)(122.8, 413.6)(17.9, 413.6)(17.9, 318.2);GATE
Port:(113.8, 324.0)(118.0, 324.0)(118.0, 407.8)(113.8, 407.8);SD
Module:M7
Boundary:(351.1, 256.5)(398.9, 256.5)(398.9, 355.3)(351.1, 355.3);GATE
Port:(364.1, 349.4)(385.9, 349.4)(385.9, 355.3)(364.1, 355.3);SD
Port:(351.1, 256.5)(398.9, 256.5)(398.9, 347.7)(351.1, 347.7);GATE
Port:(356.8, 261.2)(393.2, 261.2)(393.2, 267.5)(356.8, 267.5);SD
Module:M3
Boundary:(212.5, 10.0)(212.5, 80.1)(10.0, 80.1)(10.0, 10.0);GATE
Port:(10.0, 24.9)(15.8, 24.9)(15.8, 65.2)(10.0, 65.2);SD
Port:(212.5, 10.0)(212.5, 80.1)(17.7, 80.1)(17.7, 10.0);GATE
Port:(200.6, 16.9)(206.6, 16.9)(206.6, 73.2)(200.6, 73.2);SD
Module:M15
Boundary:(314.4, 141.8)(314.4, 238.8)(162.4, 238.8)(162.4, 141.8);GATE
Port:(162.4, 155.5)(166.9, 155.5)(166.9, 225.1)(162.4, 225.1);SD
Port:(314.4, 141.8)(314.4, 238.8)(169.8, 238.8)(169.8, 141.8);GATE
Port:(303.3, 147.7)(309.5, 147.7)(309.5, 232.9)(303.3, 232.9);SD
Module:M12
Boundary:(99.5, 238.4)(99.5, 298.2)(10.0, 298.2)(10.0, 238.4);GATE
Port:(10.0, 249.5)(14.9, 249.5)(14.9, 287.1)(10.0, 287.1);SD
Port:(99.5, 238.4)(99.5, 298.2)(17.3, 298.2)(17.3, 238.4);GATE
Port:(90.3, 243.5)(95.4, 243.5)(95.4, 293.1)(90.3, 293.1);SD
Module:M8
Boundary:(242.5, 20.0)(311.1, 20.0)(311.1, 111.8)(242.5, 111.8);GATE
Port:(257.1, 106.4)(296.5, 106.4)(296.5, 111.8)(257.1, 111.8);SD
Port:(242.5, 20.0)(311.1, 20.0)(311.1, 105.3)(242.5, 105.3);GATE
Port:(248.5, 25.0)(305.1, 25.0)(305.1, 31.9)(248.5, 31.9);SD
Module:M4
Boundary:(389.4, 395.3)(389.4, 488.4)(389.3, 488.4)(389.3, 506.8)(261.3, 506.8)(261.3, 395.3);GATE
Port:(261.3, 411.0)(265.6, 411.0)(265.6, 491.1)(261.3, 491.1);SD
Port:(389.4, 395.3)(389.4, 488.4)(389.3, 488.4)(389.3, 506.8)(267.1, 506.8)(267.1, 395.3);GATE
Port:(377.2, 401.9)(383.8, 401.9)(383.8, 481.8)(377.2, 481.8);SD
