Area:(-30.0, -30.0)(920.6, -30.0)(920.6, 426.3)(-30.0, 426.3)
Rule:GATE(5,5);SD(5,5);GATE_SD(0.5);GATE_ITO(0.5);SD_ITO(0.5)
Module:M14
Boundary:(638.0, 30.0)(638.0, 99.5)(498.3, 99.5)(498.3, 30.0);GATE
Port:(498.3, 43.2)(502.5, 43.2)(502.5, 86.3)(498.3, 86.3);SD
Port:(638.0, 30.0)(638.0, 99.5)(505.5, 99.5)(505.5, 30.0);GATE
Port:(627.9, 36.0)(633.0, 36.0)(633.0, 93.5)(627.9, 93.5);SD
Module:M9
Boundary:(678.0, 10.0)(767.7, 10.0)(767.7, 10.1)(781.9, 10.1)(781.9, 121.6)(678.0, 121.6);GATE
Port:(691.0, 116.0)(768.9, 116.0)(768.9, 121.6)(691.0, 121.6);SD
Port:(678.0, 10.0)(767.7, 10.0)(767.7, 10.1)(781.9, 10.1)(781.9, 113.2)(678.0, 113.2);GATE
Port:(684.8, 15.8)(760.9, 15.8)(760.9, 21.3)(684.8, 21.3);SD
Module:M5
Boundary:(737.6, 321.5)(737.6, 384.5)(534.8, 384.5)(534.8, 321.5);GATE
Port:(534.8, 334.4)(540.2, 334.4)(540.2, 371.6)(534.8, 371.6);SD
Port:(737.6, 321.5)(737.6, 384.5)(542.3, 384.5)(542.3, 321.5);GATE
Port:(727.1, 327.9)(732.2, 327.9)(732.2, 378.1)(727.1, 378.1);SD
Module:M11
Boundary:(10.0, 10.0)(83.0, 10.0)(83.0, 10.2)(96.4, 10.2)(96.4, 209.6)(10.0, 209.6);GATE
Port:(23.3, 204.4)(83.1, 204.4)(83.1, 209.6)(23.3, 209.6);SD
Port:(10.0, 10.0)(83.0, 10.0)(83.0, 10.2)(96.4, 10.2)(96.4, 201.9)(10.0, 201.9);GATE
Port:(16.9, 15.9)(76.1, 15.9)(76.1, 21.3)(16.9, 21.3);SD
Module:M1
Boundary:(484.8, 324.7)(484.8, 374.2)(278.4, 374.2)(278.4, 324.7);GATE
Port:(278.4, 337.9)(283.4, 337.9)(283.4, 361.0)(278.4, 361.0);SD
Port:(484.8, 324.7)(484.8, 374.2)(286.4, 374.2)(286.4, 324.7);GATE
Port:(474.5, 329.7)(480.8, 329.7)(480.8, 369.2)(474.5, 369.2);SD
Module:M6
Boundary:(739.6, 141.6)(739.6, 207.3)(739.5, 207.3)(739.5, 222.9)(547.2, 222.9)(547.2, 141.6);GATE
Port:(547.2, 155.4)(552.2, 155.4)(552.2, 209.1)(547.2, 209.1);SD
Port:(739.6, 141.6)(739.6, 207.3)(739.5, 207.3)(739.5, 222.9)(553.3, 222.9)(553.3, 141.6);GATE
Port:(728.5, 148.5)(733.7, 148.5)(733.7, 200.4)(728.5, 200.4);SD
Module:M2
Boundary:(145.1, 239.1)(212.0, 239.1)(212.0, 239.5)(228.4, 239.5)(228.4, 382.2)(145.1, 382.2);GATE
Port:(158.3, 376.8)(215.2, 376.8)(215.2, 382.2)(158.3, 382.2);SD
Port:(145.1, 239.1)(212.0, 239.1)(212.0, 239.5)(228.4, 239.5)(228.4, 375.7)(145.1, 375.7);GATE
Port:(151.9, 244.9)(205.2, 244.9)(205.2, 249.5)(151.9, 249.5);SD
Module:M16
Boundary:(10.0, 229.6)(97.6, 229.6)(97.6, 230.1)(115.1, 230.1)(115.1, 386.3)(10.0, 386.3);GATE
Port:(24.1, 380.8)(101.0, 380.8)(101.0, 386.3)(24.1, 386.3);SD
Port:(10.0, 229.6)(97.6, 229.6)(97.6, 230.1)(115.1, 230.1)(115.1, 378.8)(10.0, 378.8);GATE
Port:(16.3, 234.9)(91.3, 234.9)(91.3, 240.2)(16.3, 240.2);SD
Module:M13
Boundary:(432.7, 153.6)(527.2, 153.6)(527.2, 249.6)(432.7, 249.6);GATE
Port:(447.5, 244.8)(512.4, 244.8)(512.4, 249.6)(447.5, 249.6);SD
Port:(432.7, 153.6)(527.2, 153.6)(527.2, 242.5)(432.7, 242.5);GATE
Port:(438.2, 158.1)(521.7, 158.1)(521.7, 164.9)(438.2, 164.9);SD
Module:M10
Boundary:(116.4, 10.0)(219.2, 10.0)(219.2, 10.0)(236.0, 10.0)(236.0, 119.8)(116.4, 119.8);GATE
Port:(131.1, 115.1)(221.3, 115.1)(221.3, 119.8)(131.1, 119.8);SD
Port:(116.4, 10.0)(219.2, 10.0)(219.2, 10.0)(236.0, 10.0)(236.0, 112.7)(116.4, 112.7);GATE
Port:(121.4, 14.0)(214.2, 14.0)(214.2, 21.8)(121.4, 21.8);SD
Module:M7
Boundary:(777.6, 216.3)(863.7, 216.3)(863.7, 363.5)(777.6, 363.5);GATE
Port:(790.9, 357.6)(850.4, 357.6)(850.4, 363.5)(790.9, 363.5);SD
Port:(777.6, 216.3)(863.7, 216.3)(863.7, 355.4)(777.6, 355.4);GATE
Port:(783.2, 220.9)(858.1, 220.9)(858.1, 226.2)(783.2, 226.2);SD
Module:M3
Boundary:(801.9, 10.0)(865.2, 10.0)(865.2, 10.0)(880.6, 10.0)(880.6, 186.3)(801.9, 186.3);GATE
Port:(814.5, 180.8)(868.0, 180.8)(868.0, 186.3)(814.5, 186.3);SD
Port:(801.9, 10.0)(865.2, 10.0)(865.2, 10.0)(880.6, 10.0)(880.6, 179.4)(801.9, 179.4);GATE
Port:(808.2, 15.3)(858.9, 15.3)(858.9, 20.7)(808.2, 20.7);SD
Module:M15
Boundary:(739.5, 242.9)(739.5, 291.5)(547.2, 291.5)(547.2, 242.9);GATE
Port:(547.2, 256.2)(551.6, 256.2)(551.6, 278.2)(547.2, 278.2);SD
Port:(739.5, 242.9)(739.5, 291.5)(554.4, 291.5)(554.4, 242.9);GATE
Port:(728.3, 249.4)(734.0, 249.4)(734.0, 285.0)(728.3, 285.0);SD
Module:M12
Boundary:(235.3, 139.8)(235.3, 192.1)(235.2, 192.1)(235.2, 209.1)(116.4, 209.1)(116.4, 139.8);GATE
Port:(116.4, 154.1)(121.8, 154.1)(121.8, 194.8)(116.4, 194.8);SD
Port:(235.3, 139.8)(235.3, 192.1)(235.2, 192.1)(235.2, 209.1)(124.5, 209.1)(124.5, 139.8);GATE
Port:(224.0, 146.0)(230.1, 146.0)(230.1, 185.9)(224.0, 185.9);SD
Module:M8
Boundary:(448.3, 20.0)(448.3, 106.5)(448.0, 106.5)(448.0, 123.6)(266.0, 123.6)(266.0, 20.0);GATE
Port:(266.0, 34.2)(270.7, 34.2)(270.7, 109.4)(266.0, 109.4);SD
Port:(448.3, 20.0)(448.3, 106.5)(448.0, 106.5)(448.0, 123.6)(272.3, 123.6)(272.3, 20.0);GATE
Port:(437.2, 26.0)(443.3, 26.0)(443.3, 100.5)(437.2, 100.5);SD
Module:M4
Boundary:(402.7, 163.6)(402.7, 274.7)(268.4, 274.7)(268.4, 163.6);GATE
Port:(268.4, 176.6)(273.5, 176.6)(273.5, 261.7)(268.4, 261.7);SD
Port:(402.7, 163.6)(402.7, 274.7)(276.2, 274.7)(276.2, 163.6);GATE
Port:(391.5, 170.3)(397.0, 170.3)(397.0, 268.0)(391.5, 268.0);SD
