Area:(-30.0, -30.0)(396.8, -30.0)(396.8, 963.5)(-30.0, 963.5)
Rule:GATE(5,5);SD(5,5);GATE_SD(0.5);GATE_ITO(0.5);SD_ITO(0.5)
Module:M14
Boundary:(232.6, 639.2)(323.2, 639.2)(323.2, 639.7)(341.7, 639.7)(341.7, 751.6)(232.6, 751.6);GATE
Port:(246.3, 746.4)(328.0, 746.4)(328.0, 751.6)(246.3, 751.6);SD
Port:(232.6, 639.2)(323.2, 639.2)(323.2, 639.7)(341.7, 639.7)(341.7, 743.8)(232.6, 743.8);GATE
Port:(237.8, 643.4)(318.0, 643.4)(318.0, 649.8)(237.8, 649.8);SD
Module:M9
Boundary:(139.9, 302.2)(139.9, 378.6)(139.7, 378.6)(139.7, 393.0)(10.0, 393.0)(10.0, 302.2);GATE
Port:(10.0, 315.2)(15.9, 315.2)(15.9, 380.0)(10.0, 380.0);SD
Port:(139.9, 302.2)(139.9, 378.6)(139.7, 378.6)(139.7, 393.0)(18.2, 393.0)(18.2, 302.2);GATE
Port:(128.4, 308.9)(134.2, 308.9)(134.2, 371.9)(128.4, 371.9);SD
Module:M5
Boundary:(212.1, 829.5)(212.1, 923.5)(20.0, 923.5)(20.0, 829.5);GATE
Port:(20.0, 844.7)(25.3, 844.7)(25.3, 908.3)(20.0, 908.3);SD
Port:(212.1, 829.5)(212.1, 923.5)(28.1, 923.5)(28.1, 829.5);GATE
Port:(199.8, 836.4)(206.2, 836.4)(206.2, 916.6)(199.8, 916.6);SD
Module:M11
Boundary:(148.2, 176.3)(148.2, 265.2)(147.8, 265.2)(147.8, 282.2)(10.0, 282.2)(10.0, 176.3);GATE
Port:(10.0, 191.8)(14.9, 191.8)(14.9, 266.7)(10.0, 266.7);SD
Port:(148.2, 176.3)(148.2, 265.2)(147.8, 265.2)(147.8, 282.2)(16.1, 282.2)(16.1, 176.3);GATE
Port:(135.7, 183.1)(142.4, 183.1)(142.4, 258.4)(135.7, 258.4);SD
Module:M1
Boundary:(343.4, 499.7)(343.4, 563.5)(343.1, 563.5)(343.1, 579.2)(166.2, 579.2)(166.2, 499.7);GATE
Port:(166.2, 512.6)(170.8, 512.6)(170.8, 566.3)(166.2, 566.3);SD
Port:(343.4, 499.7)(343.4, 563.5)(343.1, 563.5)(343.1, 579.2)(171.8, 579.2)(171.8, 499.7);GATE
Port:(333.5, 505.4)(338.7, 505.4)(338.7, 557.8)(333.5, 557.8);SD
Module:M6
Boundary:(10.0, 413.0)(109.9, 413.0)(109.9, 413.1)(126.2, 413.1)(126.2, 572.5)(10.0, 572.5);GATE
Port:(23.7, 568.1)(112.5, 568.1)(112.5, 572.5)(23.7, 572.5);SD
Port:(10.0, 413.0)(109.9, 413.0)(109.9, 413.1)(126.2, 413.1)(126.2, 565.9)(10.0, 565.9);GATE
Port:(15.9, 417.9)(104.0, 417.9)(104.0, 424.0)(15.9, 424.0);SD
Module:M2
Boundary:(243.3, 20.0)(346.2, 20.0)(346.2, 136.8)(243.3, 136.8);GATE
Port:(256.6, 131.3)(332.9, 131.3)(332.9, 136.8)(256.6, 136.8);SD
Port:(243.3, 20.0)(346.2, 20.0)(346.2, 128.3)(243.3, 128.3);GATE
Port:(248.7, 24.4)(340.8, 24.4)(340.8, 31.0)(248.7, 31.0);SD
Module:M16
Boundary:(255.1, 413.0)(255.1, 458.9)(146.2, 458.9)(146.2, 413.0);GATE
Port:(146.2, 425.1)(151.1, 425.1)(151.1, 446.8)(146.2, 446.8);SD
Port:(255.1, 413.0)(255.1, 458.9)(152.4, 458.9)(152.4, 413.0);GATE
Port:(246.1, 418.5)(250.6, 418.5)(250.6, 453.4)(246.1, 453.4);SD
Module:M13
Boundary:(10.0, 10.0)(60.9, 10.0)(60.9, 10.2)(77.5, 10.2)(77.5, 156.3)(10.0, 156.3);GATE
Port:(23.3, 151.5)(64.2, 151.5)(64.2, 156.3)(23.3, 156.3);SD
Port:(10.0, 10.0)(60.9, 10.0)(60.9, 10.2)(77.5, 10.2)(77.5, 149.0)(10.0, 149.0);GATE
Port:(16.9, 15.9)(54.0, 15.9)(54.0, 20.4)(16.9, 20.4);SD
Module:M10
Boundary:(275.1, 264.6)(356.8, 264.6)(356.8, 459.7)(275.1, 459.7);GATE
Port:(288.8, 455.4)(343.1, 455.4)(343.1, 459.7)(288.8, 459.7);SD
Port:(275.1, 264.6)(356.8, 264.6)(356.8, 453.7)(275.1, 453.7);GATE
Port:(281.5, 270.0)(350.4, 270.0)(350.4, 275.4)(281.5, 275.4);SD
Module:M7
Boundary:(20.0, 602.5)(89.5, 602.5)(89.5, 788.6)(20.0, 788.6);GATE
Port:(33.4, 783.6)(76.1, 783.6)(76.1, 788.6)(33.4, 788.6);SD
Port:(20.0, 602.5)(89.5, 602.5)(89.5, 780.8)(20.0, 780.8);GATE
Port:(25.4, 606.9)(84.1, 606.9)(84.1, 612.7)(25.4, 612.7);SD
Module:M3
Boundary:(119.5, 619.2)(192.6, 619.2)(192.6, 799.5)(119.5, 799.5);GATE
Port:(131.6, 794.7)(180.5, 794.7)(180.5, 799.5)(131.6, 799.5);SD
Port:(119.5, 619.2)(192.6, 619.2)(192.6, 792.2)(119.5, 792.2);GATE
Port:(124.7, 623.4)(187.4, 623.4)(187.4, 629.5)(124.7, 629.5);SD
Module:M15
Boundary:(168.2, 264.6)(234.5, 264.6)(234.5, 264.9)(251.9, 264.9)(251.9, 392.9)(168.2, 392.9);GATE
Port:(180.3, 388.5)(239.8, 388.5)(239.8, 392.9)(180.3, 392.9);SD
Port:(168.2, 264.6)(234.5, 264.6)(234.5, 264.9)(251.9, 264.9)(251.9, 385.8)(168.2, 385.8);GATE
Port:(173.4, 268.8)(229.3, 268.8)(229.3, 273.4)(173.4, 273.4);SD
Module:M12
Boundary:(97.5, 10.0)(197.1, 10.0)(197.1, 10.4)(213.3, 10.4)(213.3, 144.3)(97.5, 144.3);GATE
Port:(111.3, 138.4)(199.5, 138.4)(199.5, 144.3)(111.3, 144.3);SD
Port:(97.5, 10.0)(197.1, 10.0)(197.1, 10.4)(213.3, 10.4)(213.3, 135.9)(97.5, 135.9);GATE
Port:(103.9, 15.4)(190.7, 15.4)(190.7, 21.1)(103.9, 21.1);SD
Module:M8
Boundary:(252.1, 801.6)(328.5, 801.6)(328.5, 923.5)(252.1, 923.5);GATE
Port:(265.0, 918.1)(315.6, 918.1)(315.6, 923.5)(265.0, 923.5);SD
Port:(252.1, 801.6)(328.5, 801.6)(328.5, 916.7)(252.1, 916.7);GATE
Port:(258.8, 807.3)(321.8, 807.3)(321.8, 812.6)(258.8, 812.6);SD
Module:M4
Boundary:(348.4, 176.8)(348.4, 221.2)(348.2, 221.2)(348.2, 234.6)(178.2, 234.6)(178.2, 176.8);GATE
Port:(178.2, 189.2)(183.3, 189.2)(183.3, 222.2)(178.2, 222.2);SD
Port:(348.4, 176.8)(348.4, 221.2)(348.2, 221.2)(348.2, 234.6)(184.3, 234.6)(184.3, 176.8);GATE
Port:(337.7, 182.7)(343.5, 182.7)(343.5, 215.3)(337.7, 215.3);SD
