Area:(-30.0, -30.0)(366.9, -30.0)(366.9, 1048.6)(-30.0, 1048.6)
Rule:GATE(5,5);SD(5,5);GATE_SD(0.5);GATE_ITO(0.5);SD_ITO(0.5)
Module:M14
Boundary:(30.0, 30.0)(131.4, 30.0)(131.4, 225.0)(30.0, 225.0);GATE
Port:(42.8, 220.2)(118.6, 220.2)(118.6, 225.0)(42.8, 225.0);SD
Port:(30.0, 30.0)(131.4, 30.0)(131.4, 218.8)(30.0, 218.8);GATE
Port:(35.4, 34.4)(126.0, 34.4)(126.0, 39.8)(35.4, 39.8);SD
Module:M9
Boundary:(244.2, 771.8)(244.2, 872.6)(243.8, 872.6)(243.8, 889.4)(118.8, 889.4)(118.8, 771.8);GATE
Port:(118.8, 784.9)(123.8, 784.9)(123.8, 876.3)(118.8, 876.3);SD
Port:(244.2, 771.8)(244.2, 872.6)(243.8, 872.6)(243.8, 889.4)(125.9, 889.4)(125.9, 771.8);GATE
Port:(233.8, 777.5)(239.5, 777.5)(239.5, 866.9)(233.8, 866.9);SD
Module:M5
Boundary:(20.0, 919.4)(92.6, 919.4)(92.6, 1000.4)(20.0, 1000.4);GATE
Port:(34.1, 996.3)(78.5, 996.3)(78.5, 1000.4)(34.1, 1000.4);SD
Port:(20.0, 919.4)(92.6, 919.4)(92.6, 993.5)(20.0, 993.5);GATE
Port:(26.4, 924.8)(86.2, 924.8)(86.2, 930.7)(26.4, 930.7);SD
Module:M11
Boundary:(87.2, 838.2)(87.2, 885.0)(10.0, 885.0)(10.0, 838.2);GATE
Port:(10.0, 851.1)(14.9, 851.1)(14.9, 872.1)(10.0, 872.1);SD
Port:(87.2, 838.2)(87.2, 885.0)(17.2, 885.0)(17.2, 838.2);GATE
Port:(75.9, 843.5)(82.9, 843.5)(82.9, 879.7)(75.9, 879.7);SD
Module:M1
Boundary:(30.0, 535.4)(78.8, 535.4)(78.8, 663.0)(30.0, 663.0);GATE
Port:(42.9, 657.0)(65.9, 657.0)(65.9, 663.0)(42.9, 663.0);SD
Port:(30.0, 535.4)(78.8, 535.4)(78.8, 655.3)(30.0, 655.3);GATE
Port:(35.6, 540.0)(73.2, 540.0)(73.2, 545.3)(35.6, 545.3);SD
Module:M6
Boundary:(316.3, 10.0)(316.3, 124.4)(171.4, 124.4)(171.4, 10.0);GATE
Port:(171.4, 23.4)(175.6, 23.4)(175.6, 111.0)(171.4, 111.0);SD
Port:(316.3, 10.0)(316.3, 124.4)(178.0, 124.4)(178.0, 10.0);GATE
Port:(304.9, 16.1)(311.2, 16.1)(311.2, 118.3)(304.9, 118.3);SD
Module:M2
Boundary:(311.5, 284.8)(311.5, 355.3)(132.8, 355.3)(132.8, 284.8);GATE
Port:(132.8, 298.8)(137.1, 298.8)(137.1, 341.3)(132.8, 341.3);SD
Port:(311.5, 284.8)(311.5, 355.3)(139.8, 355.3)(139.8, 284.8);GATE
Port:(300.2, 291.0)(306.3, 291.0)(306.3, 349.1)(300.2, 349.1);SD
Module:M16
Boundary:(264.2, 722.7)(326.9, 722.7)(326.9, 862.5)(264.2, 862.5);GATE
Port:(276.8, 856.5)(314.3, 856.5)(314.3, 862.5)(276.8, 862.5);SD
Port:(264.2, 722.7)(326.9, 722.7)(326.9, 854.7)(264.2, 854.7);GATE
Port:(269.8, 727.3)(321.3, 727.3)(321.3, 732.4)(269.8, 732.4);SD
Module:M13
Boundary:(318.1, 385.3)(318.1, 459.2)(235.8, 459.2)(235.8, 385.3);GATE
Port:(235.8, 400.6)(240.2, 400.6)(240.2, 443.9)(235.8, 443.9);SD
Port:(318.1, 385.3)(318.1, 459.2)(243.1, 459.2)(243.1, 385.3);GATE
Port:(306.1, 392.0)(312.4, 392.0)(312.4, 452.5)(306.1, 452.5);SD
Module:M10
Boundary:(257.9, 479.2)(309.1, 479.2)(309.1, 479.3)(326.3, 479.3)(326.3, 702.7)(257.9, 702.7);GATE
Port:(271.2, 698.6)(313.0, 698.6)(313.0, 702.7)(271.2, 702.7);SD
Port:(257.9, 479.2)(309.1, 479.2)(309.1, 479.3)(326.3, 479.3)(326.3, 696.3)(257.9, 696.3);GATE
Port:(264.1, 484.4)(302.9, 484.4)(302.9, 489.1)(264.1, 489.1);SD
Module:M7
Boundary:(20.0, 713.0)(81.6, 713.0)(81.6, 808.2)(20.0, 808.2);GATE
Port:(32.7, 803.1)(68.9, 803.1)(68.9, 808.2)(32.7, 808.2);SD
Port:(20.0, 713.0)(81.6, 713.0)(81.6, 801.7)(20.0, 801.7);GATE
Port:(25.5, 717.5)(76.1, 717.5)(76.1, 723.4)(25.5, 723.4);SD
Module:M3
Boundary:(10.0, 265.0)(102.8, 265.0)(102.8, 366.0)(10.0, 366.0);GATE
Port:(22.3, 360.6)(90.5, 360.6)(90.5, 366.0)(22.3, 366.0);SD
Port:(10.0, 265.0)(102.8, 265.0)(102.8, 359.1)(10.0, 359.1);GATE
Port:(15.5, 269.5)(97.3, 269.5)(97.3, 275.0)(15.5, 275.0);SD
Module:M15
Boundary:(215.8, 386.0)(215.8, 477.2)(215.7, 477.2)(215.7, 495.4)(10.0, 495.4)(10.0, 386.0);GATE
Port:(10.0, 400.5)(14.0, 400.5)(14.0, 480.9)(10.0, 480.9);SD
Port:(215.8, 386.0)(215.8, 477.2)(215.7, 477.2)(215.7, 495.4)(15.4, 495.4)(15.4, 386.0);GATE
Port:(204.3, 392.2)(210.6, 392.2)(210.6, 471.0)(204.3, 471.0);SD
Module:M12
Boundary:(303.1, 144.4)(303.1, 254.8)(171.4, 254.8)(171.4, 144.4);GATE
Port:(171.4, 157.8)(177.2, 157.8)(177.2, 241.4)(171.4, 241.4);SD
Port:(303.1, 144.4)(303.1, 254.8)(178.9, 254.8)(178.9, 144.4);GATE
Port:(291.4, 151.0)(297.5, 151.0)(297.5, 248.2)(291.4, 248.2);SD
Module:M8
Boundary:(128.8, 525.4)(227.9, 525.4)(227.9, 741.8)(128.8, 741.8);GATE
Port:(142.0, 736.2)(214.7, 736.2)(214.7, 741.8)(142.0, 741.8);SD
Port:(128.8, 525.4)(227.9, 525.4)(227.9, 733.3)(128.8, 733.3);GATE
Port:(133.8, 529.4)(222.9, 529.4)(222.9, 535.6)(133.8, 535.6);SD
Module:M4
Boundary:(306.7, 919.4)(306.7, 1008.6)(132.6, 1008.6)(132.6, 919.4);GATE
Port:(132.6, 932.1)(136.7, 932.1)(136.7, 995.9)(132.6, 995.9);SD
Port:(306.7, 919.4)(306.7, 1008.6)(138.5, 1008.6)(138.5, 919.4);GATE
Port:(296.0, 925.7)(301.4, 925.7)(301.4, 1002.3)(296.0, 1002.3);SD
