Area:(-30.0, -30.0)(595.7, -30.0)(595.7, 652.6)(-30.0, 652.6)
Rule:GATE(5,5);SD(5,5);GATE_SD(0.5);GATE_ITO(0.5);SD_ITO(0.5)
Module:M14
Boundary:(306.1, 151.0)(402.3, 151.0)(402.3, 306.6)(306.1, 306.6);GATE
Port:(319.0, 301.8)(389.4, 301.8)(389.4, 306.6)(319.0, 306.6);SD
Port:(306.1, 151.0)(402.3, 151.0)(402.3, 299.9)(306.1, 299.9);GATE
Port:(311.4, 155.3)(397.0, 155.3)(397.0, 162.0)(311.4, 162.0);SD
Module:M9
Boundary:(221.9, 458.0)(221.9, 493.9)(221.7, 493.9)(221.7, 510.9)(124.5, 510.9)(124.5, 458.0);GATE
Port:(124.5, 472.4)(129.3, 472.4)(129.3, 496.5)(124.5, 496.5);SD
Port:(221.9, 458.0)(221.9, 493.9)(221.7, 493.9)(221.7, 510.9)(131.6, 510.9)(131.6, 458.0);GATE
Port:(210.8, 464.2)(216.7, 464.2)(216.7, 487.7)(210.8, 487.7);SD
Module:M5
Boundary:(452.3, 20.0)(554.1, 20.0)(554.1, 205.8)(452.3, 205.8);GATE
Port:(464.8, 199.9)(541.6, 199.9)(541.6, 205.8)(464.8, 205.8);SD
Port:(452.3, 20.0)(554.1, 20.0)(554.1, 197.3)(452.3, 197.3);GATE
Port:(457.5, 24.2)(548.9, 24.2)(548.9, 29.1)(457.5, 29.1);SD
Module:M11
Boundary:(205.5, 556.4)(205.5, 591.5)(205.4, 591.5)(205.4, 607.0)(10.0, 607.0)(10.0, 556.4);GATE
Port:(10.0, 570.7)(14.3, 570.7)(14.3, 592.7)(10.0, 592.7);SD
Port:(205.5, 556.4)(205.5, 591.5)(205.4, 591.5)(205.4, 607.0)(15.9, 607.0)(15.9, 556.4);GATE
Port:(193.8, 563.0)(199.9, 563.0)(199.9, 584.9)(193.8, 584.9);SD
Module:M1
Boundary:(492.5, 255.8)(555.7, 255.8)(555.7, 444.0)(492.5, 444.0);GATE
Port:(504.9, 439.7)(543.3, 439.7)(543.3, 444.0)(504.9, 444.0);SD
Port:(492.5, 255.8)(555.7, 255.8)(555.7, 437.0)(492.5, 437.0);GATE
Port:(498.7, 261.0)(549.5, 261.0)(549.5, 266.0)(498.7, 266.0);SD
Module:M6
Boundary:(257.2, 346.6)(308.2, 346.6)(308.2, 346.6)(323.8, 346.6)(323.8, 432.3)(257.2, 432.3);GATE
Port:(270.9, 427.9)(310.1, 427.9)(310.1, 432.3)(270.9, 432.3);SD
Port:(257.2, 346.6)(308.2, 346.6)(308.2, 346.6)(323.8, 346.6)(323.8, 425.4)(257.2, 425.4);GATE
Port:(262.9, 351.3)(302.5, 351.3)(302.5, 358.8)(262.9, 358.8);SD
Module:M2
Boundary:(227.2, 340.6)(227.2, 414.1)(226.8, 414.1)(226.8, 428.0)(20.0, 428.0)(20.0, 340.6);GATE
Port:(20.0, 353.3)(26.0, 353.3)(26.0, 415.3)(20.0, 415.3);SD
Port:(227.2, 340.6)(227.2, 414.1)(226.8, 414.1)(226.8, 428.0)(27.5, 428.0)(27.5, 340.6);GATE
Port:(216.6, 347.3)(221.5, 347.3)(221.5, 407.4)(216.6, 407.4);SD
Module:M16
Boundary:(403.1, 10.0)(403.1, 111.0)(261.3, 111.0)(261.3, 10.0);GATE
Port:(261.3, 23.8)(267.1, 23.8)(267.1, 97.2)(261.3, 97.2);SD
Port:(403.1, 10.0)(403.1, 111.0)(269.6, 111.0)(269.6, 10.0);GATE
Port:(392.4, 16.1)(398.0, 16.1)(398.0, 104.9)(392.4, 104.9);SD
Module:M13
Boundary:(343.8, 346.6)(434.4, 346.6)(434.4, 346.9)(452.5, 346.9)(452.5, 496.1)(343.8, 496.1);GATE
Port:(358.3, 491.3)(438.0, 491.3)(438.0, 496.1)(358.3, 496.1);SD
Port:(343.8, 346.6)(434.4, 346.6)(434.4, 346.9)(452.5, 346.9)(452.5, 490.1)(343.8, 490.1);GATE
Port:(349.0, 350.8)(429.2, 350.8)(429.2, 357.8)(349.0, 357.8);SD
Module:M10
Boundary:(10.0, 132.9)(59.8, 132.9)(59.8, 225.6)(10.0, 225.6);GATE
Port:(22.9, 219.9)(46.9, 219.9)(46.9, 225.6)(22.9, 225.6);SD
Port:(10.0, 132.9)(59.8, 132.9)(59.8, 217.8)(10.0, 217.8);GATE
Port:(15.1, 137.0)(54.7, 137.0)(54.7, 142.4)(15.1, 142.4);SD
Module:M7
Boundary:(89.8, 142.9)(176.1, 142.9)(176.1, 283.1)(89.8, 283.1);GATE
Port:(104.4, 278.0)(161.5, 278.0)(161.5, 283.1)(104.4, 283.1);SD
Port:(89.8, 142.9)(176.1, 142.9)(176.1, 277.0)(89.8, 277.0);GATE
Port:(95.9, 148.0)(170.0, 148.0)(170.0, 155.4)(95.9, 155.4);SD
Module:M3
Boundary:(241.9, 458.0)(323.5, 458.0)(323.5, 612.6)(241.9, 612.6);GATE
Port:(254.1, 607.0)(311.3, 607.0)(311.3, 612.6)(254.1, 612.6);SD
Port:(241.9, 458.0)(323.5, 458.0)(323.5, 605.7)(241.9, 605.7);GATE
Port:(247.2, 462.3)(318.2, 462.3)(318.2, 466.9)(247.2, 466.9);SD
Module:M15
Boundary:(104.5, 458.0)(104.5, 536.4)(10.0, 536.4)(10.0, 458.0);GATE
Port:(10.0, 470.6)(14.7, 470.6)(14.7, 523.8)(10.0, 523.8);SD
Port:(104.5, 458.0)(104.5, 536.4)(15.8, 536.4)(15.8, 458.0);GATE
Port:(94.1, 464.3)(99.2, 464.3)(99.2, 530.1)(94.1, 530.1);SD
Module:M12
Boundary:(206.1, 132.9)(251.9, 132.9)(251.9, 133.1)(266.1, 133.1)(266.1, 310.6)(206.1, 310.6);GATE
Port:(217.9, 306.4)(254.3, 306.4)(254.3, 310.6)(217.9, 310.6);SD
Port:(206.1, 132.9)(251.9, 132.9)(251.9, 133.1)(266.1, 133.1)(266.1, 303.5)(206.1, 303.5);GATE
Port:(211.7, 137.5)(246.3, 137.5)(246.3, 143.1)(211.7, 143.1);SD
Module:M8
Boundary:(542.6, 526.1)(542.6, 603.0)(353.8, 603.0)(353.8, 526.1);GATE
Port:(353.8, 538.7)(358.1, 538.7)(358.1, 590.4)(353.8, 590.4);SD
Port:(542.6, 526.1)(542.6, 603.0)(359.2, 603.0)(359.2, 526.1);GATE
Port:(531.8, 531.9)(537.8, 531.9)(537.8, 597.2)(531.8, 597.2);SD
Module:M4
Boundary:(231.3, 20.0)(231.3, 85.9)(231.2, 85.9)(231.2, 102.9)(20.0, 102.9)(20.0, 20.0);GATE
Port:(20.0, 32.5)(24.1, 32.5)(24.1, 90.4)(20.0, 90.4);SD
Port:(231.3, 20.0)(231.3, 85.9)(231.2, 85.9)(231.2, 102.9)(26.4, 102.9)(26.4, 20.0);GATE
Port:(222.2, 25.5)(226.8, 25.5)(226.8, 80.4)(222.2, 80.4);SD
