Area:(-30.0, -30.0)(1034.7, -30.0)(1034.7, 364.7)(-30.0, 364.7)
Rule:GATE(5,5);SD(5,5);GATE_SD(0.5);GATE_ITO(0.5);SD_ITO(0.5)
Module:M14
Boundary:(709.4, 30.0)(709.4, 112.0)(507.2, 112.0)(507.2, 30.0);GATE
Port:(507.2, 43.7)(511.2, 43.7)(511.2, 98.3)(507.2, 98.3);SD
Port:(709.4, 30.0)(709.4, 112.0)(512.5, 112.0)(512.5, 30.0);GATE
Port:(698.3, 35.7)(704.7, 35.7)(704.7, 106.3)(698.3, 106.3);SD
Module:M9
Boundary:(536.6, 152.0)(605.4, 152.0)(605.4, 259.9)(536.6, 259.9);GATE
Port:(551.3, 254.5)(590.7, 254.5)(590.7, 259.9)(551.3, 259.9);SD
Port:(536.6, 152.0)(605.4, 152.0)(605.4, 252.1)(536.6, 252.1);GATE
Port:(542.0, 156.4)(600.0, 156.4)(600.0, 163.3)(542.0, 163.3);SD
Module:M5
Boundary:(759.4, 191.9)(827.9, 191.9)(827.9, 191.9)(841.5, 191.9)(841.5, 309.7)(759.4, 309.7);GATE
Port:(769.8, 304.1)(831.1, 304.1)(831.1, 309.7)(769.8, 309.7);SD
Port:(759.4, 191.9)(827.9, 191.9)(827.9, 191.9)(841.5, 191.9)(841.5, 302.9)(759.4, 302.9);GATE
Port:(764.4, 195.9)(822.9, 195.9)(822.9, 200.6)(764.4, 200.6);SD
Module:M11
Boundary:(749.4, 10.0)(835.8, 10.0)(835.8, 10.6)(853.1, 10.6)(853.1, 161.9)(749.4, 161.9);GATE
Port:(763.0, 156.1)(839.5, 156.1)(839.5, 161.9)(763.0, 161.9);SD
Port:(749.4, 10.0)(835.8, 10.0)(835.8, 10.6)(853.1, 10.6)(853.1, 153.4)(749.4, 153.4);GATE
Port:(756.2, 15.8)(829.0, 15.8)(829.0, 20.3)(756.2, 20.3);SD
Module:M1
Boundary:(447.2, 30.0)(447.2, 87.1)(335.7, 87.1)(335.7, 30.0);GATE
Port:(335.7, 40.9)(340.8, 40.9)(340.8, 76.2)(335.7, 76.2);SD
Port:(447.2, 30.0)(447.2, 87.1)(343.1, 87.1)(343.1, 30.0);GATE
Port:(438.1, 35.3)(442.9, 35.3)(442.9, 81.8)(438.1, 81.8);SD
Module:M6
Boundary:(152.5, 109.5)(152.5, 175.4)(152.1, 175.4)(152.1, 191.5)(10.0, 191.5)(10.0, 109.5);GATE
Port:(10.0, 122.6)(15.7, 122.6)(15.7, 178.4)(10.0, 178.4);SD
Port:(152.5, 109.5)(152.5, 175.4)(152.1, 175.4)(152.1, 191.5)(18.1, 191.5)(18.1, 109.5);GATE
Port:(141.5, 115.0)(148.0, 115.0)(148.0, 169.9)(141.5, 169.9);SD
Module:M2
Boundary:(242.8, 20.0)(273.4, 20.0)(273.4, 20.1)(285.7, 20.1)(285.7, 110.3)(242.8, 110.3);GATE
Port:(255.1, 104.8)(273.4, 104.8)(273.4, 110.3)(255.1, 110.3);SD
Port:(242.8, 20.0)(273.4, 20.0)(273.4, 20.1)(285.7, 20.1)(285.7, 103.0)(242.8, 103.0);GATE
Port:(249.8, 26.0)(266.4, 26.0)(266.4, 30.7)(249.8, 30.7);SD
Module:M16
Boundary:(625.4, 152.0)(728.0, 152.0)(728.0, 323.5)(625.4, 323.5);GATE
Port:(641.1, 318.8)(712.3, 318.8)(712.3, 323.5)(641.1, 323.5);SD
Port:(625.4, 152.0)(728.0, 152.0)(728.0, 317.3)(625.4, 317.3);GATE
Port:(632.2, 157.8)(721.2, 157.8)(721.2, 165.5)(632.2, 165.5);SD
Module:M13
Boundary:(523.7, 281.1)(523.7, 309.6)(523.5, 309.6)(523.5, 324.7)(308.3, 324.7)(308.3, 281.1);GATE
Port:(308.3, 292.0)(312.6, 292.0)(312.6, 313.8)(308.3, 313.8);SD
Port:(523.7, 281.1)(523.7, 309.6)(523.5, 309.6)(523.5, 324.7)(313.6, 324.7)(313.6, 281.1);GATE
Port:(515.3, 286.1)(519.7, 286.1)(519.7, 304.6)(515.3, 304.6);SD
Module:M10
Boundary:(288.3, 140.3)(288.3, 209.8)(172.5, 209.8)(172.5, 140.3);GATE
Port:(172.5, 154.9)(177.7, 154.9)(177.7, 195.2)(172.5, 195.2);SD
Port:(288.3, 140.3)(288.3, 209.8)(180.2, 209.8)(180.2, 140.3);GATE
Port:(276.3, 147.1)(282.5, 147.1)(282.5, 203.0)(276.3, 203.0);SD
Module:M7
Boundary:(271.5, 239.8)(271.5, 294.9)(271.2, 294.9)(271.2, 311.7)(148.8, 311.7)(148.8, 239.8);GATE
Port:(148.8, 255.6)(154.6, 255.6)(154.6, 295.9)(148.8, 295.9);SD
Port:(271.5, 239.8)(271.5, 294.9)(271.2, 294.9)(271.2, 311.7)(156.9, 311.7)(156.9, 239.8);GATE
Port:(258.6, 246.8)(265.5, 246.8)(265.5, 287.9)(258.6, 287.9);SD
Module:M3
Boundary:(873.1, 10.0)(994.7, 10.0)(994.7, 173.5)(873.1, 173.5);GATE
Port:(887.4, 168.9)(980.4, 168.9)(980.4, 173.5)(887.4, 173.5);SD
Port:(873.1, 10.0)(994.7, 10.0)(994.7, 167.5)(873.1, 167.5);GATE
Port:(880.0, 15.9)(987.8, 15.9)(987.8, 22.0)(880.0, 22.0);SD
Module:M15
Boundary:(118.8, 211.5)(118.8, 312.2)(10.0, 312.2)(10.0, 211.5);GATE
Port:(10.0, 223.6)(14.1, 223.6)(14.1, 300.1)(10.0, 300.1);SD
Port:(118.8, 211.5)(118.8, 312.2)(15.7, 312.2)(15.7, 211.5);GATE
Port:(108.2, 217.4)(113.9, 217.4)(113.9, 306.3)(108.2, 306.3);SD
Module:M12
Boundary:(212.8, 10.0)(212.8, 89.5)(10.0, 89.5)(10.0, 10.0);GATE
Port:(10.0, 22.3)(15.5, 22.3)(15.5, 77.2)(10.0, 77.2);SD
Port:(212.8, 10.0)(212.8, 89.5)(16.6, 89.5)(16.6, 10.0);GATE
Port:(202.2, 15.7)(208.1, 15.7)(208.1, 83.8)(202.2, 83.8);SD
Module:M8
Boundary:(506.6, 162.0)(506.6, 236.3)(506.5, 236.3)(506.5, 251.1)(325.7, 251.1)(325.7, 162.0);GATE
Port:(325.7, 173.9)(330.7, 173.9)(330.7, 239.2)(325.7, 239.2);SD
Port:(506.6, 162.0)(506.6, 236.3)(506.5, 236.3)(506.5, 251.1)(332.6, 251.1)(332.6, 162.0);GATE
Port:(496.7, 167.0)(502.6, 167.0)(502.6, 231.3)(496.7, 231.3);SD
Module:M4
Boundary:(883.1, 203.5)(979.8, 203.5)(979.8, 302.7)(883.1, 302.7);GATE
Port:(896.6, 296.9)(966.3, 296.9)(966.3, 302.7)(896.6, 302.7);SD
Port:(883.1, 203.5)(979.8, 203.5)(979.8, 294.4)(883.1, 294.4);GATE
Port:(889.7, 209.1)(973.2, 209.1)(973.2, 214.8)(889.7, 214.8);SD
