Area:(-30.0, -30.0)(1042.6, -30.0)(1042.6, 420.4)(-30.0, 420.4)
Rule:GATE(5,5);SD(5,5);GATE_SD(0.5);GATE_ITO(0.5);SD_ITO(0.5)
Module:M14
Boundary:(985.0, 30.0)(985.0, 120.2)(807.2, 120.2)(807.2, 30.0);GATE
Port:(807.2, 45.0)(813.0, 45.0)(813.0, 105.2)(807.2, 105.2);SD
Port:(985.0, 30.0)(985.0, 120.2)(814.0, 120.2)(814.0, 30.0);GATE
Port:(973.3, 36.7)(979.3, 36.7)(979.3, 113.5)(973.3, 113.5);SD
Module:M9
Boundary:(841.2, 160.2)(891.7, 160.2)(891.7, 376.8)(841.2, 376.8);GATE
Port:(854.3, 371.2)(878.6, 371.2)(878.6, 376.8)(854.3, 376.8);SD
Port:(841.2, 160.2)(891.7, 160.2)(891.7, 369.4)(841.2, 369.4);GATE
Port:(846.8, 164.8)(886.1, 164.8)(886.1, 170.7)(846.8, 170.7);SD
Module:M5
Boundary:(451.1, 111.4)(567.7, 111.4)(567.7, 294.6)(451.1, 294.6);GATE
Port:(464.7, 290.2)(554.1, 290.2)(554.1, 294.6)(464.7, 294.6);SD
Port:(451.1, 111.4)(567.7, 111.4)(567.7, 288.4)(451.1, 288.4);GATE
Port:(456.5, 115.8)(562.3, 115.8)(562.3, 122.2)(456.5, 122.2);SD
Module:M11
Boundary:(911.7, 160.2)(1002.6, 160.2)(1002.6, 353.9)(911.7, 353.9);GATE
Port:(926.1, 349.4)(988.2, 349.4)(988.2, 353.9)(926.1, 353.9);SD
Port:(911.7, 160.2)(1002.6, 160.2)(1002.6, 347.8)(911.7, 347.8);GATE
Port:(917.1, 164.6)(997.2, 164.6)(997.2, 171.1)(917.1, 171.1);SD
Module:M1
Boundary:(390.7, 255.8)(390.7, 341.5)(390.4, 341.5)(390.4, 358.4)(203.3, 358.4)(203.3, 255.8);GATE
Port:(203.3, 269.4)(208.3, 269.4)(208.3, 344.8)(203.3, 344.8);SD
Port:(390.7, 255.8)(390.7, 341.5)(390.4, 341.5)(390.4, 358.4)(210.5, 358.4)(210.5, 255.8);GATE
Port:(379.3, 260.9)(386.6, 260.9)(386.6, 336.4)(379.3, 336.4);SD
Module:M6
Boundary:(10.0, 231.2)(74.3, 231.2)(74.3, 362.5)(10.0, 362.5);GATE
Port:(22.4, 357.7)(61.9, 357.7)(61.9, 362.5)(22.4, 362.5);SD
Port:(10.0, 231.2)(74.3, 231.2)(74.3, 355.6)(10.0, 355.6);GATE
Port:(15.2, 235.4)(69.1, 235.4)(69.1, 241.7)(15.2, 241.7);SD
Module:M2
Boundary:(742.3, 170.2)(811.2, 170.2)(811.2, 366.9)(742.3, 366.9);GATE
Port:(756.8, 362.7)(796.7, 362.7)(796.7, 366.9)(756.8, 366.9);SD
Port:(742.3, 170.2)(811.2, 170.2)(811.2, 361.3)(742.3, 361.3);GATE
Port:(748.8, 175.7)(804.7, 175.7)(804.7, 181.7)(748.8, 181.7);SD
Module:M16
Boundary:(163.3, 10.0)(163.3, 91.6)(163.1, 91.6)(163.1, 107.8)(10.0, 107.8)(10.0, 10.0);GATE
Port:(10.0, 23.1)(15.8, 23.1)(15.8, 94.7)(10.0, 94.7);SD
Port:(163.3, 10.0)(163.3, 91.6)(163.1, 91.6)(163.1, 107.8)(17.4, 107.8)(17.4, 10.0);GATE
Port:(152.8, 16.2)(158.1, 16.2)(158.1, 85.4)(152.8, 85.4);SD
Module:M13
Boundary:(570.8, 324.6)(570.8, 380.4)(430.7, 380.4)(430.7, 324.6);GATE
Port:(430.7, 335.4)(435.6, 335.4)(435.6, 369.6)(430.7, 369.6);SD
Port:(570.8, 324.6)(570.8, 380.4)(436.6, 380.4)(436.6, 324.6);GATE
Port:(562.1, 329.9)(566.5, 329.9)(566.5, 375.1)(562.1, 375.1);SD
Module:M10
Boundary:(384.3, 10.0)(384.3, 72.0)(384.2, 72.0)(384.2, 86.6)(183.3, 86.6)(183.3, 10.0);GATE
Port:(183.3, 22.6)(188.2, 22.6)(188.2, 74.0)(183.3, 74.0);SD
Port:(384.3, 10.0)(384.3, 72.0)(384.2, 72.0)(384.2, 86.6)(189.8, 86.6)(189.8, 10.0);GATE
Port:(373.5, 16.1)(379.2, 16.1)(379.2, 65.9)(373.5, 65.9);SD
Module:M7
Boundary:(757.2, 20.0)(757.2, 119.9)(621.7, 119.9)(621.7, 20.0);GATE
Port:(621.7, 35.0)(626.2, 35.0)(626.2, 104.9)(621.7, 104.9);SD
Port:(757.2, 20.0)(757.2, 119.9)(628.0, 119.9)(628.0, 20.0);GATE
Port:(744.5, 26.9)(751.3, 26.9)(751.3, 113.0)(744.5, 113.0);SD
Module:M3
Boundary:(140.5, 127.8)(140.5, 194.8)(140.3, 194.8)(140.3, 211.2)(10.0, 211.2)(10.0, 127.8);GATE
Port:(10.0, 141.3)(15.0, 141.3)(15.0, 197.7)(10.0, 197.7);SD
Port:(140.5, 127.8)(140.5, 194.8)(140.3, 194.8)(140.3, 211.2)(16.1, 211.2)(16.1, 127.8);GATE
Port:(129.4, 133.5)(135.8, 133.5)(135.8, 189.1)(129.4, 189.1);SD
Module:M15
Boundary:(94.3, 231.2)(141.3, 231.2)(141.3, 231.4)(155.9, 231.4)(155.9, 370.4)(94.3, 370.4);GATE
Port:(107.3, 366.2)(142.9, 366.2)(142.9, 370.4)(107.3, 370.4);SD
Port:(94.3, 231.2)(141.3, 231.2)(141.3, 231.4)(155.9, 231.4)(155.9, 363.4)(94.3, 363.4);GATE
Port:(100.5, 236.4)(135.1, 236.4)(135.1, 241.7)(100.5, 241.7);SD
Module:M12
Boundary:(591.7, 10.0)(591.7, 67.3)(591.6, 67.3)(591.6, 81.4)(404.3, 81.4)(404.3, 10.0);GATE
Port:(404.3, 21.1)(409.2, 21.1)(409.2, 70.3)(404.3, 70.3);SD
Port:(591.7, 10.0)(591.7, 67.3)(591.6, 67.3)(591.6, 81.4)(411.7, 81.4)(411.7, 10.0);GATE
Port:(582.3, 15.3)(587.4, 15.3)(587.4, 62.0)(582.3, 62.0);SD
Module:M8
Boundary:(607.7, 159.9)(702.3, 159.9)(702.3, 376.2)(607.7, 376.2);GATE
Port:(618.5, 371.2)(691.5, 371.2)(691.5, 376.2)(618.5, 376.2);SD
Port:(607.7, 159.9)(702.3, 159.9)(702.3, 369.8)(607.7, 369.8);GATE
Port:(613.0, 164.2)(697.0, 164.2)(697.0, 169.1)(613.0, 169.1);SD
Module:M4
Boundary:(411.1, 116.6)(411.1, 205.8)(193.3, 205.8)(193.3, 116.6);GATE
Port:(193.3, 130.4)(199.2, 130.4)(199.2, 192.0)(193.3, 192.0);SD
Port:(411.1, 116.6)(411.1, 205.8)(201.8, 205.8)(201.8, 116.6);GATE
Port:(400.3, 122.2)(406.5, 122.2)(406.5, 200.2)(400.3, 200.2);SD
