Area:(-30.0, -30.0)(803.4, -30.0)(803.4, 554.8)(-30.0, 554.8)
Rule:GATE(5,5);SD(5,5);GATE_SD(0.5);GATE_ITO(0.5);SD_ITO(0.5)
Module:M14
Boundary:(192.5, 132.7)(275.3, 132.7)(275.3, 133.1)(291.4, 133.1)(291.4, 292.5)(192.5, 292.5);GATE
Port:(206.3, 288.1)(277.6, 288.1)(277.6, 292.5)(206.3, 292.5);SD
Port:(192.5, 132.7)(275.3, 132.7)(275.3, 133.1)(291.4, 133.1)(291.4, 286.6)(192.5, 286.6);GATE
Port:(198.1, 137.3)(269.7, 137.3)(269.7, 143.7)(198.1, 143.7);SD
Module:M9
Boundary:(753.9, 401.9)(753.9, 498.5)(753.8, 498.5)(753.8, 514.8)(552.2, 514.8)(552.2, 401.9);GATE
Port:(552.2, 414.5)(556.8, 414.5)(556.8, 502.2)(552.2, 502.2);SD
Port:(753.9, 401.9)(753.9, 498.5)(753.8, 498.5)(753.8, 514.8)(559.7, 514.8)(559.7, 401.9);GATE
Port:(744.4, 406.9)(749.9, 406.9)(749.9, 493.5)(744.4, 493.5);SD
Module:M5
Boundary:(519.5, 145.4)(519.5, 277.3)(341.4, 277.3)(341.4, 145.4);GATE
Port:(341.4, 160.9)(346.1, 160.9)(346.1, 261.8)(341.4, 261.8);SD
Port:(519.5, 145.4)(519.5, 277.3)(347.5, 277.3)(347.5, 145.4);GATE
Port:(507.1, 152.0)(513.9, 152.0)(513.9, 270.7)(507.1, 270.7);SD
Module:M11
Boundary:(463.3, 307.3)(532.2, 307.3)(532.2, 514.8)(463.3, 514.8);GATE
Port:(477.4, 509.0)(518.1, 509.0)(518.1, 514.8)(477.4, 514.8);SD
Port:(463.3, 307.3)(532.2, 307.3)(532.2, 507.1)(463.3, 507.1);GATE
Port:(469.3, 312.3)(526.2, 312.3)(526.2, 317.9)(469.3, 317.9);SD
Module:M1
Boundary:(30.0, 30.0)(132.5, 30.0)(132.5, 136.9)(30.0, 136.9);GATE
Port:(42.1, 131.9)(120.4, 131.9)(120.4, 136.9)(42.1, 136.9);SD
Port:(30.0, 30.0)(132.5, 30.0)(132.5, 129.0)(30.0, 129.0);GATE
Port:(35.0, 34.0)(127.5, 34.0)(127.5, 40.2)(35.0, 40.2);SD
Module:M6
Boundary:(675.7, 157.8)(763.4, 157.8)(763.4, 344.1)(675.7, 344.1);GATE
Port:(690.3, 339.1)(748.8, 339.1)(748.8, 344.1)(690.3, 344.1);SD
Port:(675.7, 157.8)(763.4, 157.8)(763.4, 337.3)(675.7, 337.3);GATE
Port:(682.2, 163.3)(756.9, 163.3)(756.9, 169.6)(682.2, 169.6);SD
Module:M2
Boundary:(242.1, 342.5)(334.8, 342.5)(334.8, 490.1)(242.1, 490.1);GATE
Port:(254.9, 484.2)(322.0, 484.2)(322.0, 490.1)(254.9, 490.1);SD
Port:(242.1, 342.5)(334.8, 342.5)(334.8, 483.1)(242.1, 483.1);GATE
Port:(248.7, 348.1)(328.2, 348.1)(328.2, 353.5)(248.7, 353.5);SD
Module:M16
Boundary:(212.1, 357.2)(212.1, 430.5)(139.1, 430.5)(139.1, 357.2);GATE
Port:(139.1, 369.7)(143.7, 369.7)(143.7, 418.0)(139.1, 418.0);SD
Port:(212.1, 357.2)(212.1, 430.5)(146.6, 430.5)(146.6, 357.2);GATE
Port:(201.9, 363.6)(206.7, 363.6)(206.7, 424.1)(201.9, 424.1);SD
Module:M13
Boundary:(510.0, 10.0)(510.0, 97.7)(509.6, 97.7)(509.6, 115.4)(358.1, 115.4)(358.1, 10.0);GATE
Port:(358.1, 23.8)(363.1, 23.8)(363.1, 101.6)(358.1, 101.6);SD
Port:(510.0, 10.0)(510.0, 97.7)(509.6, 97.7)(509.6, 115.4)(364.2, 115.4)(364.2, 10.0);GATE
Port:(499.7, 16.3)(504.7, 16.3)(504.7, 91.4)(499.7, 91.4);SD
Module:M10
Boundary:(364.8, 307.3)(428.7, 307.3)(428.7, 307.5)(443.3, 307.5)(443.3, 501.6)(364.8, 501.6);GATE
Port:(378.8, 496.4)(429.3, 496.4)(429.3, 501.6)(378.8, 501.6);SD
Port:(364.8, 307.3)(428.7, 307.3)(428.7, 307.5)(443.3, 307.5)(443.3, 494.8)(364.8, 494.8);GATE
Port:(371.2, 312.7)(422.3, 312.7)(422.3, 319.4)(371.2, 319.4);SD
Module:M7
Boundary:(20.0, 186.9)(141.9, 186.9)(141.9, 327.2)(20.0, 327.2);GATE
Port:(34.3, 321.4)(127.6, 321.4)(127.6, 327.2)(34.3, 327.2);SD
Port:(20.0, 186.9)(141.9, 186.9)(141.9, 319.1)(20.0, 319.1);GATE
Port:(25.8, 191.7)(136.1, 191.7)(136.1, 198.5)(25.8, 198.5);SD
Module:M3
Boundary:(338.1, 10.0)(338.1, 92.7)(172.5, 92.7)(172.5, 10.0);GATE
Port:(172.5, 23.4)(177.5, 23.4)(177.5, 79.3)(172.5, 79.3);SD
Port:(338.1, 10.0)(338.1, 92.7)(179.7, 92.7)(179.7, 10.0);GATE
Port:(327.8, 15.5)(333.6, 15.5)(333.6, 87.2)(327.8, 87.2);SD
Module:M15
Boundary:(119.1, 357.2)(119.1, 407.6)(118.9, 407.6)(118.9, 424.6)(10.0, 424.6)(10.0, 357.2);GATE
Port:(10.0, 370.7)(14.1, 370.7)(14.1, 411.1)(10.0, 411.1);SD
Port:(119.1, 357.2)(119.1, 407.6)(118.9, 407.6)(118.9, 424.6)(15.6, 424.6)(15.6, 357.2);GATE
Port:(108.6, 362.3)(115.0, 362.3)(115.0, 402.5)(108.6, 402.5);SD
Module:M12
Boundary:(207.6, 450.5)(207.6, 507.5)(10.0, 507.5)(10.0, 450.5);GATE
Port:(10.0, 461.6)(14.7, 461.6)(14.7, 496.4)(10.0, 496.4);SD
Port:(207.6, 450.5)(207.6, 507.5)(16.9, 507.5)(16.9, 450.5);GATE
Port:(198.5, 455.7)(203.4, 455.7)(203.4, 502.3)(198.5, 502.3);SD
Module:M8
Boundary:(751.8, 20.0)(751.8, 127.8)(559.5, 127.8)(559.5, 20.0);GATE
Port:(559.5, 33.7)(564.1, 33.7)(564.1, 114.1)(559.5, 114.1);SD
Port:(751.8, 20.0)(751.8, 127.8)(566.1, 127.8)(566.1, 20.0);GATE
Port:(740.3, 26.4)(746.4, 26.4)(746.4, 121.4)(740.3, 121.4);SD
Module:M4
Boundary:(562.2, 167.8)(630.2, 167.8)(630.2, 167.9)(645.7, 167.9)(645.7, 371.9)(562.2, 371.9);GATE
Port:(577.3, 366.6)(630.6, 366.6)(630.6, 371.9)(577.3, 371.9);SD
Port:(562.2, 167.8)(630.2, 167.8)(630.2, 167.9)(645.7, 167.9)(645.7, 365.5)(562.2, 365.5);GATE
Port:(569.2, 173.8)(623.2, 173.8)(623.2, 180.9)(569.2, 180.9);SD
