Area:(-30.0, -30.0)(687.0, -30.0)(687.0, 570.3)(-30.0, 570.3)
Rule:GATE(5,5);SD(5,5);GATE_SD(0.5);GATE_ITO(0.5);SD_ITO(0.5)
Module:M14
Boundary:(510.2, 30.0)(510.2, 104.9)(510.1, 104.9)(510.1, 123.0)(292.4, 123.0)(292.4, 30.0);GATE
Port:(292.4, 46.0)(298.0, 46.0)(298.0, 107.0)(292.4, 107.0);SD
Port:(510.2, 30.0)(510.2, 104.9)(510.1, 104.9)(510.1, 123.0)(299.3, 123.0)(299.3, 30.0);GATE
Port:(497.6, 36.8)(504.4, 36.8)(504.4, 98.1)(497.6, 98.1);SD
Module:M9
Boundary:(291.0, 422.7)(387.3, 422.7)(387.3, 422.8)(403.0, 422.8)(403.0, 530.3)(291.0, 530.3);GATE
Port:(304.3, 525.8)(389.7, 525.8)(389.7, 530.3)(304.3, 530.3);SD
Port:(291.0, 422.7)(387.3, 422.7)(387.3, 422.8)(403.0, 422.8)(403.0, 524.2)(291.0, 524.2);GATE
Port:(296.4, 427.1)(381.9, 427.1)(381.9, 433.7)(296.4, 433.7);SD
Module:M5
Boundary:(637.4, 432.7)(637.4, 507.9)(637.2, 507.9)(637.2, 521.9)(433.0, 521.9)(433.0, 432.7);GATE
Port:(433.0, 446.3)(438.5, 446.3)(438.5, 508.3)(433.0, 508.3);SD
Port:(637.4, 432.7)(637.4, 507.9)(637.2, 507.9)(637.2, 521.9)(439.7, 521.9)(439.7, 432.7);GATE
Port:(625.9, 439.1)(632.0, 439.1)(632.0, 501.5)(625.9, 501.5);SD
Module:M11
Boundary:(614.1, 329.5)(614.1, 402.7)(394.9, 402.7)(394.9, 329.5);GATE
Port:(394.9, 341.5)(399.1, 341.5)(399.1, 390.7)(394.9, 390.7);SD
Port:(614.1, 329.5)(614.1, 402.7)(400.7, 402.7)(400.7, 329.5);GATE
Port:(603.9, 335.8)(608.8, 335.8)(608.8, 396.4)(603.9, 396.4);SD
Module:M1
Boundary:(363.8, 183.0)(463.3, 183.0)(463.3, 277.6)(363.8, 277.6);GATE
Port:(377.0, 273.1)(450.1, 273.1)(450.1, 277.6)(377.0, 277.6);SD
Port:(363.8, 183.0)(463.3, 183.0)(463.3, 271.8)(363.8, 271.8);GATE
Port:(368.8, 187.0)(458.3, 187.0)(458.3, 194.3)(368.8, 194.3);SD
Module:M6
Boundary:(215.2, 159.6)(215.2, 204.4)(10.0, 204.4)(10.0, 159.6);GATE
Port:(10.0, 172.0)(14.9, 172.0)(14.9, 192.0)(10.0, 192.0);SD
Port:(215.2, 159.6)(215.2, 204.4)(16.6, 204.4)(16.6, 159.6);GATE
Port:(205.1, 164.9)(210.9, 164.9)(210.9, 199.1)(205.1, 199.1);SD
Module:M2
Boundary:(560.2, 20.0)(622.8, 20.0)(622.8, 20.3)(637.7, 20.3)(637.7, 190.8)(560.2, 190.8);GATE
Port:(572.9, 186.3)(625.0, 186.3)(625.0, 190.8)(572.9, 190.8);SD
Port:(560.2, 20.0)(622.8, 20.0)(622.8, 20.3)(637.7, 20.3)(637.7, 185.3)(560.2, 185.3);GATE
Port:(566.2, 25.0)(616.8, 25.0)(616.8, 30.8)(566.2, 30.8);SD
Module:M16
Boundary:(10.0, 340.3)(114.8, 340.3)(114.8, 519.3)(10.0, 519.3);GATE
Port:(23.4, 514.7)(101.4, 514.7)(101.4, 519.3)(23.4, 519.3);SD
Port:(10.0, 340.3)(114.8, 340.3)(114.8, 512.5)(10.0, 512.5);GATE
Port:(16.7, 346.0)(108.1, 346.0)(108.1, 352.0)(16.7, 352.0);SD
Module:M13
Boundary:(374.9, 317.6)(374.9, 396.8)(235.2, 396.8)(235.2, 317.6);GATE
Port:(235.2, 331.2)(240.0, 331.2)(240.0, 383.2)(235.2, 383.2);SD
Port:(374.9, 317.6)(374.9, 396.8)(241.6, 396.8)(241.6, 317.6);GATE
Port:(363.1, 324.3)(369.2, 324.3)(369.2, 390.1)(363.1, 390.1);SD
Module:M10
Boundary:(148.0, 224.4)(198.1, 224.4)(198.1, 224.5)(214.9, 224.5)(214.9, 396.5)(148.0, 396.5);GATE
Port:(160.7, 391.7)(202.2, 391.7)(202.2, 396.5)(160.7, 396.5);SD
Port:(148.0, 224.4)(198.1, 224.4)(198.1, 224.5)(214.9, 224.5)(214.9, 390.1)(148.0, 390.1);GATE
Port:(153.3, 228.7)(192.8, 228.7)(192.8, 234.9)(153.3, 234.9);SD
Module:M7
Boundary:(245.2, 173.0)(296.0, 173.0)(296.0, 173.3)(313.8, 173.3)(313.8, 284.2)(245.2, 284.2);GATE
Port:(258.0, 278.4)(301.0, 278.4)(301.0, 284.2)(258.0, 284.2);SD
Port:(245.2, 173.0)(296.0, 173.0)(296.0, 173.3)(313.8, 173.3)(313.8, 276.9)(245.2, 276.9);GATE
Port:(250.2, 177.0)(291.0, 177.0)(291.0, 182.4)(250.2, 182.4);SD
Module:M3
Boundary:(271.0, 416.8)(271.0, 510.4)(271.0, 510.4)(271.0, 528.7)(134.8, 528.7)(134.8, 416.8);GATE
Port:(134.8, 432.6)(139.3, 432.6)(139.3, 512.9)(134.8, 512.9);SD
Port:(271.0, 416.8)(271.0, 510.4)(271.0, 510.4)(271.0, 528.7)(140.9, 528.7)(140.9, 416.8);GATE
Port:(258.4, 423.1)(265.7, 423.1)(265.7, 504.1)(258.4, 504.1);SD
Module:M15
Boundary:(647.0, 220.8)(647.0, 295.8)(647.0, 295.8)(647.0, 309.5)(503.3, 309.5)(503.3, 220.8);GATE
Port:(503.3, 234.7)(509.1, 234.7)(509.1, 295.6)(503.3, 295.6);SD
Port:(647.0, 220.8)(647.0, 295.8)(647.0, 295.8)(647.0, 309.5)(510.5, 309.5)(510.5, 220.8);GATE
Port:(634.7, 227.5)(641.3, 227.5)(641.3, 289.1)(634.7, 289.1);SD
Module:M12
Boundary:(10.0, 10.0)(120.9, 10.0)(120.9, 121.7)(10.0, 121.7);GATE
Port:(25.7, 117.0)(105.2, 117.0)(105.2, 121.7)(25.7, 121.7);SD
Port:(10.0, 10.0)(120.9, 10.0)(120.9, 115.6)(10.0, 115.6);GATE
Port:(16.4, 15.4)(114.5, 15.4)(114.5, 22.2)(16.4, 22.2);SD
Module:M8
Boundary:(20.0, 234.4)(102.2, 234.4)(102.2, 234.6)(118.0, 234.6)(118.0, 310.3)(20.0, 310.3);GATE
Port:(33.9, 304.6)(104.1, 304.6)(104.1, 310.3)(33.9, 310.3);SD
Port:(20.0, 234.4)(102.2, 234.4)(102.2, 234.6)(118.0, 234.6)(118.0, 303.4)(20.0, 303.4);GATE
Port:(25.9, 239.3)(96.3, 239.3)(96.3, 246.1)(25.9, 246.1);SD
Module:M4
Boundary:(242.4, 20.0)(242.4, 111.4)(242.3, 111.4)(242.3, 129.6)(150.9, 129.6)(150.9, 20.0);GATE
Port:(150.9, 34.7)(156.8, 34.7)(156.8, 114.9)(150.9, 114.9);SD
Port:(242.4, 20.0)(242.4, 111.4)(242.3, 111.4)(242.3, 129.6)(158.7, 129.6)(158.7, 20.0);GATE
Port:(231.0, 25.4)(238.0, 25.4)(238.0, 106.0)(231.0, 106.0);SD
