Area:(-30.0, -30.0)(567.2, -30.0)(567.2, 569.7)(-30.0, 569.7)
Rule:GATE(5,5);SD(5,5);GATE_SD(0.5);GATE_ITO(0.5);SD_ITO(0.5)
Module:M14
Boundary:(398.0, 434.8)(486.2, 434.8)(486.2, 435.1)(504.0, 435.1)(504.0, 512.0)(398.0, 512.0);GATE
Port:(412.0, 507.2)(490.0, 507.2)(490.0, 512.0)(412.0, 512.0);SD
Port:(398.0, 434.8)(486.2, 434.8)(486.2, 435.1)(504.0, 435.1)(504.0, 505.3)(398.0, 505.3);GATE
Port:(403.8, 439.6)(480.4, 439.6)(480.4, 445.7)(403.8, 445.7);SD
Module:M9
Boundary:(406.2, 211.9)(406.2, 269.6)(278.0, 269.6)(278.0, 211.9);GATE
Port:(278.0, 224.5)(283.3, 224.5)(283.3, 257.0)(278.0, 257.0);SD
Port:(406.2, 211.9)(406.2, 269.6)(285.8, 269.6)(285.8, 211.9);GATE
Port:(395.6, 217.8)(401.3, 217.8)(401.3, 263.7)(395.6, 263.7);SD
Module:M5
Boundary:(519.5, 20.0)(519.5, 87.1)(410.6, 87.1)(410.6, 20.0);GATE
Port:(410.6, 34.3)(416.4, 34.3)(416.4, 72.8)(410.6, 72.8);SD
Port:(519.5, 20.0)(519.5, 87.1)(419.1, 87.1)(419.1, 20.0);GATE
Port:(507.0, 26.1)(514.4, 26.1)(514.4, 81.0)(507.0, 81.0);SD
Module:M11
Boundary:(116.9, 424.8)(116.9, 509.9)(116.7, 509.9)(116.7, 526.1)(10.0, 526.1)(10.0, 424.8);GATE
Port:(10.0, 439.8)(14.9, 439.8)(14.9, 511.1)(10.0, 511.1);SD
Port:(116.9, 424.8)(116.9, 509.9)(116.7, 509.9)(116.7, 526.1)(16.7, 526.1)(16.7, 424.8);GATE
Port:(104.7, 431.5)(111.2, 431.5)(111.2, 503.2)(104.7, 503.2);SD
Module:M1
Boundary:(238.0, 251.6)(238.0, 286.6)(237.9, 286.6)(237.9, 303.8)(30.0, 303.8)(30.0, 251.6);GATE
Port:(30.0, 265.4)(35.9, 265.4)(35.9, 290.0)(30.0, 290.0);SD
Port:(238.0, 251.6)(238.0, 286.6)(237.9, 286.6)(237.9, 303.8)(38.5, 303.8)(38.5, 251.6);GATE
Port:(227.6, 257.8)(232.8, 257.8)(232.8, 280.4)(227.6, 280.4);SD
Module:M6
Boundary:(216.0, 424.8)(216.0, 529.7)(136.9, 529.7)(136.9, 424.8);GATE
Port:(136.9, 438.0)(142.5, 438.0)(142.5, 516.5)(136.9, 516.5);SD
Port:(216.0, 424.8)(216.0, 529.7)(145.0, 529.7)(145.0, 424.8);GATE
Port:(206.1, 429.9)(211.9, 429.9)(211.9, 524.6)(206.1, 524.6);SD
Module:M2
Boundary:(409.3, 299.6)(409.3, 384.8)(330.6, 384.8)(330.6, 299.6);GATE
Port:(330.6, 311.9)(336.5, 311.9)(336.5, 372.5)(330.6, 372.5);SD
Port:(409.3, 299.6)(409.3, 384.8)(338.8, 384.8)(338.8, 299.6);GATE
Port:(399.1, 306.0)(403.9, 306.0)(403.9, 378.4)(399.1, 378.4);SD
Module:M16
Boundary:(439.3, 117.1)(509.8, 117.1)(509.8, 117.3)(527.2, 117.3)(527.2, 335.2)(439.3, 335.2);GATE
Port:(453.2, 331.1)(513.3, 331.1)(513.3, 335.2)(453.2, 335.2);SD
Port:(439.3, 117.1)(509.8, 117.1)(509.8, 117.3)(527.2, 117.3)(527.2, 329.5)(439.3, 329.5);GATE
Port:(445.9, 122.7)(503.2, 122.7)(503.2, 128.4)(445.9, 128.4);SD
Module:M13
Boundary:(300.6, 343.8)(300.6, 389.1)(300.5, 389.1)(300.5, 403.1)(225.1, 403.1)(225.1, 343.8);GATE
Port:(225.1, 356.0)(230.2, 356.0)(230.2, 390.9)(225.1, 390.9);SD
Port:(300.6, 343.8)(300.6, 389.1)(300.5, 389.1)(300.5, 403.1)(231.5, 403.1)(231.5, 343.8);GATE
Port:(290.3, 350.4)(295.0, 350.4)(295.0, 382.5)(290.3, 382.5);SD
Module:M10
Boundary:(189.8, 10.0)(189.8, 91.4)(110.4, 91.4)(110.4, 10.0);GATE
Port:(110.4, 24.5)(115.2, 24.5)(115.2, 76.9)(110.4, 76.9);SD
Port:(189.8, 10.0)(189.8, 91.4)(117.5, 91.4)(117.5, 10.0);GATE
Port:(177.7, 16.9)(183.9, 16.9)(183.9, 84.5)(177.7, 84.5);SD
Module:M7
Boundary:(370.6, 20.0)(370.6, 92.9)(219.8, 92.9)(219.8, 20.0);GATE
Port:(219.8, 31.4)(224.4, 31.4)(224.4, 81.5)(219.8, 81.5);SD
Port:(370.6, 20.0)(370.6, 92.9)(226.0, 92.9)(226.0, 20.0);GATE
Port:(360.8, 25.2)(366.4, 25.2)(366.4, 87.7)(360.8, 87.7);SD
Module:M3
Boundary:(395.3, 122.9)(395.3, 191.9)(267.9, 191.9)(267.9, 122.9);GATE
Port:(267.9, 137.0)(273.8, 137.0)(273.8, 177.8)(267.9, 177.8);SD
Port:(395.3, 122.9)(395.3, 191.9)(276.8, 191.9)(276.8, 122.9);GATE
Port:(383.8, 129.4)(389.8, 129.4)(389.8, 185.4)(383.8, 185.4);SD
Module:M15
Boundary:(205.1, 343.8)(205.1, 389.0)(204.8, 389.0)(204.8, 404.8)(10.0, 404.8)(10.0, 343.8);GATE
Port:(10.0, 355.2)(14.1, 355.2)(14.1, 393.4)(10.0, 393.4);SD
Port:(205.1, 343.8)(205.1, 389.0)(204.8, 389.0)(204.8, 404.8)(16.5, 404.8)(16.5, 343.8);GATE
Port:(196.8, 349.0)(200.9, 349.0)(200.9, 383.8)(196.8, 383.8);SD
Module:M12
Boundary:(10.0, 10.0)(74.7, 10.0)(74.7, 10.2)(90.4, 10.2)(90.4, 204.6)(10.0, 204.6);GATE
Port:(23.4, 200.2)(77.0, 200.2)(77.0, 204.6)(23.4, 204.6);SD
Port:(10.0, 10.0)(74.7, 10.0)(74.7, 10.2)(90.4, 10.2)(90.4, 197.9)(10.0, 197.9);GATE
Port:(15.6, 14.6)(69.1, 14.6)(69.1, 21.2)(15.6, 21.2);SD
Module:M8
Boundary:(237.9, 132.9)(237.9, 201.6)(120.4, 201.6)(120.4, 132.9);GATE
Port:(120.4, 146.4)(125.4, 146.4)(125.4, 188.1)(120.4, 188.1);SD
Port:(237.9, 132.9)(237.9, 201.6)(127.2, 201.6)(127.2, 132.9);GATE
Port:(227.0, 139.1)(232.7, 139.1)(232.7, 195.4)(227.0, 195.4);SD
Module:M4
Boundary:(348.0, 433.1)(348.0, 528.0)(246.0, 528.0)(246.0, 433.1);GATE
Port:(246.0, 447.0)(252.0, 447.0)(252.0, 514.1)(246.0, 514.1);SD
Port:(348.0, 433.1)(348.0, 528.0)(254.3, 528.0)(254.3, 433.1);GATE
Port:(336.4, 439.9)(342.2, 439.9)(342.2, 521.2)(336.4, 521.2);SD
