Area:(-30.0, -30.0)(704.2, -30.0)(704.2, 569.0)(-30.0, 569.0)
Rule:GATE(5,5);SD(5,5);GATE_SD(0.5);GATE_ITO(0.5);SD_ITO(0.5)
Module:M14
Boundary:(178.9, 348.2)(178.9, 408.4)(178.6, 408.4)(178.6, 423.0)(30.0, 423.0)(30.0, 348.2);GATE
Port:(30.0, 360.5)(34.2, 360.5)(34.2, 410.7)(30.0, 410.7);SD
Port:(178.9, 348.2)(178.9, 408.4)(178.6, 408.4)(178.6, 423.0)(36.5, 423.0)(36.5, 348.2);GATE
Port:(169.0, 353.2)(174.9, 353.2)(174.9, 403.4)(169.0, 403.4);SD
Module:M9
Boundary:(10.0, 10.0)(96.7, 10.0)(96.7, 10.0)(110.5, 10.0)(110.5, 191.1)(10.0, 191.1);GATE
Port:(22.7, 186.1)(97.8, 186.1)(97.8, 191.1)(22.7, 191.1);SD
Port:(10.0, 10.0)(96.7, 10.0)(96.7, 10.0)(110.5, 10.0)(110.5, 184.8)(10.0, 184.8);GATE
Port:(15.4, 14.4)(91.3, 14.4)(91.3, 21.0)(15.4, 21.0);SD
Module:M5
Boundary:(408.2, 131.2)(496.1, 131.2)(496.1, 131.5)(513.3, 131.5)(513.3, 329.1)(408.2, 329.1);GATE
Port:(422.6, 325.0)(498.9, 325.0)(498.9, 329.1)(422.6, 329.1);SD
Port:(408.2, 131.2)(496.1, 131.2)(496.1, 131.5)(513.3, 131.5)(513.3, 323.4)(408.2, 323.4);GATE
Port:(413.7, 135.7)(490.6, 135.7)(490.6, 143.2)(413.7, 143.2);SD
Module:M11
Boundary:(166.7, 136.4)(255.4, 136.4)(255.4, 220.6)(166.7, 220.6);GATE
Port:(181.4, 215.0)(240.7, 215.0)(240.7, 220.6)(181.4, 220.6);SD
Port:(166.7, 136.4)(255.4, 136.4)(255.4, 213.6)(166.7, 213.6);GATE
Port:(172.8, 141.5)(249.3, 141.5)(249.3, 147.9)(172.8, 147.9);SD
Module:M1
Boundary:(533.2, 30.0)(533.2, 81.2)(392.2, 81.2)(392.2, 30.0);GATE
Port:(392.2, 43.8)(397.9, 43.8)(397.9, 67.4)(392.2, 67.4);SD
Port:(533.2, 30.0)(533.2, 81.2)(399.8, 81.2)(399.8, 30.0);GATE
Port:(522.5, 36.2)(528.0, 36.2)(528.0, 75.0)(522.5, 75.0);SD
Module:M6
Boundary:(146.7, 211.1)(146.7, 281.1)(146.4, 281.1)(146.4, 294.7)(10.0, 294.7)(10.0, 211.1);GATE
Port:(10.0, 222.2)(15.5, 222.2)(15.5, 283.6)(10.0, 283.6);SD
Port:(146.7, 211.1)(146.7, 281.1)(146.4, 281.1)(146.4, 294.7)(18.2, 294.7)(18.2, 211.1);GATE
Port:(137.3, 217.2)(141.6, 217.2)(141.6, 275.0)(137.3, 275.0);SD
Module:M2
Boundary:(418.3, 437.1)(418.3, 491.1)(418.3, 491.1)(418.3, 508.4)(232.1, 508.4)(232.1, 437.1);GATE
Port:(232.1, 451.9)(237.4, 451.9)(237.4, 493.6)(232.1, 493.6);SD
Port:(418.3, 437.1)(418.3, 491.1)(418.3, 491.1)(418.3, 508.4)(239.9, 508.4)(239.9, 437.1);GATE
Port:(406.9, 443.5)(412.9, 443.5)(412.9, 484.7)(406.9, 484.7);SD
Module:M16
Boundary:(202.1, 463.0)(202.1, 512.3)(202.1, 512.3)(202.1, 529.0)(10.0, 529.0)(10.0, 463.0);GATE
Port:(10.0, 476.1)(14.6, 476.1)(14.6, 515.9)(10.0, 515.9);SD
Port:(202.1, 463.0)(202.1, 512.3)(202.1, 512.3)(202.1, 529.0)(17.5, 529.0)(17.5, 463.0);GATE
Port:(192.0, 468.4)(197.7, 468.4)(197.7, 506.9)(192.0, 506.9);SD
Module:M13
Boundary:(537.3, 359.1)(537.3, 391.3)(537.3, 391.3)(537.3, 407.1)(396.6, 407.1)(396.6, 359.1);GATE
Port:(396.6, 372.1)(402.4, 372.1)(402.4, 394.1)(396.6, 394.1);SD
Port:(537.3, 359.1)(537.3, 391.3)(537.3, 391.3)(537.3, 407.1)(405.3, 407.1)(405.3, 359.1);GATE
Port:(526.9, 364.5)(532.9, 364.5)(532.9, 385.9)(526.9, 385.9);SD
Module:M10
Boundary:(573.2, 10.0)(664.2, 10.0)(664.2, 162.4)(573.2, 162.4);GATE
Port:(587.4, 157.1)(650.0, 157.1)(650.0, 162.4)(587.4, 162.4);SD
Port:(573.2, 10.0)(664.2, 10.0)(664.2, 155.7)(573.2, 155.7);GATE
Port:(578.5, 14.3)(658.9, 14.3)(658.9, 20.8)(578.5, 20.8);SD
Module:M7
Boundary:(285.4, 20.0)(342.2, 20.0)(342.2, 206.2)(285.4, 206.2);GATE
Port:(301.0, 201.3)(326.6, 201.3)(326.6, 206.2)(301.0, 206.2);SD
Port:(285.4, 20.0)(342.2, 20.0)(342.2, 199.3)(285.4, 199.3);GATE
Port:(292.2, 25.8)(335.4, 25.8)(335.4, 33.0)(292.2, 33.0);SD
Module:M3
Boundary:(130.5, 10.0)(238.4, 10.0)(238.4, 116.4)(130.5, 116.4);GATE
Port:(144.9, 111.5)(224.0, 111.5)(224.0, 116.4)(144.9, 116.4);SD
Port:(130.5, 10.0)(238.4, 10.0)(238.4, 110.3)(130.5, 110.3);GATE
Port:(136.0, 14.5)(232.9, 14.5)(232.9, 20.9)(136.0, 20.9);SD
Module:M15
Boundary:(662.3, 427.1)(662.3, 528.2)(448.3, 528.2)(448.3, 427.1);GATE
Port:(448.3, 441.0)(453.2, 441.0)(453.2, 514.3)(448.3, 514.3);SD
Port:(662.3, 427.1)(662.3, 528.2)(455.4, 528.2)(455.4, 427.1);GATE
Port:(651.4, 433.5)(656.9, 433.5)(656.9, 521.8)(651.4, 521.8);SD
Module:M12
Boundary:(557.3, 182.4)(655.2, 182.4)(655.2, 349.4)(557.3, 349.4);GATE
Port:(569.6, 343.5)(642.9, 343.5)(642.9, 349.4)(569.6, 349.4);SD
Port:(557.3, 182.4)(655.2, 182.4)(655.2, 342.2)(557.3, 342.2);GATE
Port:(562.4, 186.5)(650.1, 186.5)(650.1, 191.9)(562.4, 191.9);SD
Module:M8
Boundary:(366.6, 338.2)(366.6, 368.8)(366.6, 368.8)(366.6, 382.8)(232.1, 382.8)(232.1, 338.2);GATE
Port:(232.1, 350.4)(236.8, 350.4)(236.8, 370.6)(232.1, 370.6);SD
Port:(366.6, 338.2)(366.6, 368.8)(366.6, 368.8)(366.6, 382.8)(237.8, 382.8)(237.8, 338.2);GATE
Port:(356.2, 343.3)(362.5, 343.3)(362.5, 363.7)(356.2, 363.7);SD
Module:M4
Boundary:(368.2, 250.6)(368.2, 298.2)(176.7, 298.2)(176.7, 250.6);GATE
Port:(176.7, 263.6)(181.8, 263.6)(181.8, 285.2)(176.7, 285.2);SD
Port:(368.2, 250.6)(368.2, 298.2)(182.9, 298.2)(182.9, 250.6);GATE
Port:(357.1, 256.3)(363.5, 256.3)(363.5, 292.5)(357.1, 292.5);SD
