Area:(-30.0, -30.0)(672.5, -30.0)(672.5, 533.3)(-30.0, 533.3)
Rule:GATE(5,5);SD(5,5);GATE_SD(0.5);GATE_ITO(0.5);SD_ITO(0.5)
Module:M14
Boundary:(218.0, 420.9)(218.0, 483.7)(30.0, 483.7)(30.0, 420.9);GATE
Port:(30.0, 433.3)(34.9, 433.3)(34.9, 471.3)(30.0, 471.3);SD
Port:(218.0, 420.9)(218.0, 483.7)(36.6, 483.7)(36.6, 420.9);GATE
Port:(207.3, 426.3)(213.6, 426.3)(213.6, 478.3)(207.3, 478.3);SD
Module:M9
Boundary:(477.5, 183.9)(477.5, 229.1)(347.8, 229.1)(347.8, 183.9);GATE
Port:(347.8, 196.1)(353.8, 196.1)(353.8, 216.9)(347.8, 216.9);SD
Port:(477.5, 183.9)(477.5, 229.1)(356.4, 229.1)(356.4, 183.9);GATE
Port:(468.1, 189.2)(473.2, 189.2)(473.2, 223.8)(468.1, 223.8);SD
Module:M5
Boundary:(446.4, 20.0)(446.4, 76.5)(446.3, 76.5)(446.3, 89.5)(357.8, 89.5)(357.8, 20.0);GATE
Port:(357.8, 32.2)(361.8, 32.2)(361.8, 77.3)(357.8, 77.3);SD
Port:(446.4, 20.0)(446.4, 76.5)(446.3, 76.5)(446.3, 89.5)(364.5, 89.5)(364.5, 20.0);GATE
Port:(436.0, 26.1)(441.3, 26.1)(441.3, 70.4)(436.0, 70.4);SD
Module:M11
Boundary:(379.8, 406.6)(379.8, 479.4)(379.7, 479.4)(379.7, 493.3)(258.0, 493.3)(258.0, 406.6);GATE
Port:(258.0, 418.3)(263.9, 418.3)(263.9, 481.6)(258.0, 481.6);SD
Port:(379.8, 406.6)(379.8, 479.4)(379.7, 479.4)(379.7, 493.3)(265.0, 493.3)(265.0, 406.6);GATE
Port:(369.6, 412.1)(375.3, 412.1)(375.3, 473.9)(369.6, 473.9);SD
Module:M1
Boundary:(221.4, 269.5)(221.4, 346.2)(221.0, 346.2)(221.0, 360.9)(30.0, 360.9)(30.0, 269.5);GATE
Port:(30.0, 282.8)(34.0, 282.8)(34.0, 347.6)(30.0, 347.6);SD
Port:(221.4, 269.5)(221.4, 346.2)(221.0, 346.2)(221.0, 360.9)(36.2, 360.9)(36.2, 269.5);GATE
Port:(210.4, 276.3)(215.6, 276.3)(215.6, 339.4)(210.4, 339.4);SD
Module:M6
Boundary:(10.0, 10.0)(60.2, 10.0)(60.2, 10.1)(76.9, 10.1)(76.9, 210.1)(10.0, 210.1);GATE
Port:(23.6, 204.7)(63.3, 204.7)(63.3, 210.1)(23.6, 210.1);SD
Port:(10.0, 10.0)(60.2, 10.0)(60.2, 10.1)(76.9, 10.1)(76.9, 202.3)(10.0, 202.3);GATE
Port:(15.9, 14.9)(54.3, 14.9)(54.3, 20.8)(15.9, 20.8);SD
Module:M2
Boundary:(624.2, 427.4)(624.2, 461.3)(624.2, 461.3)(624.2, 476.2)(409.8, 476.2)(409.8, 427.4);GATE
Port:(409.8, 441.1)(414.9, 441.1)(414.9, 462.5)(409.8, 462.5);SD
Port:(624.2, 427.4)(624.2, 461.3)(624.2, 461.3)(624.2, 476.2)(416.4, 476.2)(416.4, 427.4);GATE
Port:(613.2, 434.3)(618.3, 434.3)(618.3, 454.4)(613.2, 454.4);SD
Module:M16
Boundary:(271.7, 10.0)(327.8, 10.0)(327.8, 228.2)(271.7, 228.2);GATE
Port:(283.2, 222.5)(316.3, 222.5)(316.3, 228.2)(283.2, 228.2);SD
Port:(271.7, 10.0)(327.8, 10.0)(327.8, 221.0)(271.7, 221.0);GATE
Port:(277.0, 14.3)(322.5, 14.3)(322.5, 19.6)(277.0, 19.6);SD
Module:M13
Boundary:(247.8, 132.8)(247.8, 229.5)(96.9, 229.5)(96.9, 132.8);GATE
Port:(96.9, 145.9)(102.2, 145.9)(102.2, 216.4)(96.9, 216.4);SD
Port:(247.8, 132.8)(247.8, 229.5)(104.7, 229.5)(104.7, 132.8);GATE
Port:(236.8, 139.1)(242.5, 139.1)(242.5, 223.2)(236.8, 223.2);SD
Module:M10
Boundary:(460.5, 249.1)(460.5, 297.2)(271.7, 297.2)(271.7, 249.1);GATE
Port:(271.7, 261.3)(275.9, 261.3)(275.9, 285.0)(271.7, 285.0);SD
Port:(460.5, 249.1)(460.5, 297.2)(277.5, 297.2)(277.5, 249.1);GATE
Port:(451.1, 254.9)(455.7, 254.9)(455.7, 291.4)(451.1, 291.4);SD
Module:M7
Boundary:(507.5, 102.1)(610.0, 102.1)(610.0, 102.1)(626.5, 102.1)(626.5, 274.9)(507.5, 274.9);GATE
Port:(522.4, 269.2)(611.6, 269.2)(611.6, 274.9)(522.4, 274.9);SD
Port:(507.5, 102.1)(610.0, 102.1)(610.0, 102.1)(626.5, 102.1)(626.5, 266.9)(507.5, 266.9);GATE
Port:(513.9, 107.5)(603.6, 107.5)(603.6, 114.1)(513.9, 114.1);SD
Module:M3
Boundary:(422.3, 119.5)(422.3, 163.9)(347.8, 163.9)(347.8, 119.5);GATE
Port:(347.8, 130.9)(353.6, 130.9)(353.6, 152.5)(347.8, 152.5);SD
Port:(422.3, 119.5)(422.3, 163.9)(354.9, 163.9)(354.9, 119.5);GATE
Port:(413.3, 125.1)(417.7, 125.1)(417.7, 158.3)(413.3, 158.3);SD
Module:M15
Boundary:(632.5, 10.0)(632.5, 72.1)(476.4, 72.1)(476.4, 10.0);GATE
Port:(476.4, 23.5)(480.9, 23.5)(480.9, 58.6)(476.4, 58.6);SD
Port:(632.5, 10.0)(632.5, 72.1)(482.5, 72.1)(482.5, 10.0);GATE
Port:(621.3, 16.4)(627.1, 16.4)(627.1, 65.7)(621.3, 65.7);SD
Module:M12
Boundary:(251.7, 10.0)(251.7, 95.6)(251.3, 95.6)(251.3, 112.8)(96.9, 112.8)(96.9, 10.0);GATE
Port:(96.9, 23.3)(102.4, 23.3)(102.4, 99.5)(96.9, 99.5);SD
Port:(251.7, 10.0)(251.7, 95.6)(251.3, 95.6)(251.3, 112.8)(103.9, 112.8)(103.9, 10.0);GATE
Port:(241.4, 16.5)(246.2, 16.5)(246.2, 89.1)(241.4, 89.1);SD
Module:M8
Boundary:(478.8, 327.2)(478.8, 359.8)(478.7, 359.8)(478.7, 376.6)(281.7, 376.6)(281.7, 327.2);GATE
Port:(281.7, 339.8)(286.2, 339.8)(286.2, 364.0)(281.7, 364.0);SD
Port:(478.8, 327.2)(478.8, 359.8)(478.7, 359.8)(478.7, 376.6)(288.3, 376.6)(288.3, 327.2);GATE
Port:(469.1, 333.1)(473.9, 333.1)(473.9, 353.9)(469.1, 353.9);SD
Module:M4
Boundary:(602.9, 314.9)(602.9, 387.4)(518.8, 387.4)(518.8, 314.9);GATE
Port:(518.8, 326.9)(522.8, 326.9)(522.8, 375.4)(518.8, 375.4);SD
Port:(602.9, 314.9)(602.9, 387.4)(525.2, 387.4)(525.2, 314.9);GATE
Port:(592.6, 321.2)(597.6, 321.2)(597.6, 381.1)(592.6, 381.1);SD
