Area:(-30.0, -30.0)(780.9, -30.0)(780.9, 486.2)(-30.0, 486.2)
Rule:GATE(5,5);SD(5,5);GATE_SD(0.5);GATE_ITO(0.5);SD_ITO(0.5)
Module:M14
Boundary:(596.6, 30.0)(631.7, 30.0)(631.7, 30.1)(648.4, 30.1)(648.4, 193.3)(596.6, 193.3);GATE
Port:(611.1, 189.2)(633.9, 189.2)(633.9, 193.3)(611.1, 193.3);SD
Port:(596.6, 30.0)(631.7, 30.0)(631.7, 30.1)(648.4, 30.1)(648.4, 187.9)(596.6, 187.9);GATE
Port:(603.0, 35.4)(625.3, 35.4)(625.3, 41.6)(603.0, 41.6);SD
Module:M9
Boundary:(374.2, 199.3)(465.8, 199.3)(465.8, 292.3)(374.2, 292.3);GATE
Port:(385.5, 287.6)(454.5, 287.6)(454.5, 292.3)(385.5, 292.3);SD
Port:(374.2, 199.3)(465.8, 199.3)(465.8, 286.3)(374.2, 286.3);GATE
Port:(379.8, 203.9)(460.2, 203.9)(460.2, 208.2)(379.8, 208.2);SD
Module:M5
Boundary:(495.8, 243.3)(592.2, 243.3)(592.2, 243.8)(608.2, 243.8)(608.2, 365.6)(495.8, 365.6);GATE
Port:(508.6, 360.3)(595.4, 360.3)(595.4, 365.6)(508.6, 365.6);SD
Port:(495.8, 243.3)(592.2, 243.3)(592.2, 243.8)(608.2, 243.8)(608.2, 359.3)(495.8, 359.3);GATE
Port:(501.3, 247.8)(586.7, 247.8)(586.7, 253.4)(501.3, 253.4);SD
Module:M11
Boundary:(10.0, 258.0)(112.1, 258.0)(112.1, 258.0)(128.5, 258.0)(128.5, 441.7)(10.0, 441.7);GATE
Port:(24.3, 435.8)(114.2, 435.8)(114.2, 441.7)(24.3, 441.7);SD
Port:(10.0, 258.0)(112.1, 258.0)(112.1, 258.0)(128.5, 258.0)(128.5, 433.3)(10.0, 433.3);GATE
Port:(16.1, 263.1)(106.0, 263.1)(106.0, 270.3)(16.1, 270.3);SD
Module:M1
Boundary:(333.4, 359.1)(333.4, 421.5)(333.1, 421.5)(333.1, 436.6)(168.5, 436.6)(168.5, 359.1);GATE
Port:(168.5, 372.0)(172.7, 372.0)(172.7, 423.7)(168.5, 423.7);SD
Port:(333.4, 359.1)(333.4, 421.5)(333.1, 421.5)(333.1, 436.6)(174.7, 436.6)(174.7, 359.1);GATE
Port:(323.2, 364.2)(329.3, 364.2)(329.3, 416.4)(323.2, 416.4);SD
Module:M6
Boundary:(688.4, 10.0)(723.2, 10.0)(723.2, 10.0)(737.5, 10.0)(737.5, 233.2)(688.4, 233.2);GATE
Port:(702.4, 228.1)(723.5, 228.1)(723.5, 233.2)(702.4, 233.2);SD
Port:(688.4, 10.0)(723.2, 10.0)(723.2, 10.0)(737.5, 10.0)(737.5, 225.9)(688.4, 225.9);GATE
Port:(694.7, 15.3)(716.9, 15.3)(716.9, 22.4)(694.7, 22.4);SD
Module:M2
Boundary:(20.0, 20.0)(108.3, 20.0)(108.3, 20.4)(122.6, 20.4)(122.6, 228.0)(20.0, 228.0);GATE
Port:(31.9, 222.8)(110.7, 222.8)(110.7, 228.0)(31.9, 228.0);SD
Port:(20.0, 20.0)(108.3, 20.0)(108.3, 20.4)(122.6, 20.4)(122.6, 220.5)(20.0, 220.5);GATE
Port:(25.6, 24.6)(102.7, 24.6)(102.7, 30.2)(25.6, 30.2);SD
Module:M16
Boundary:(556.6, 10.0)(556.6, 80.3)(376.1, 80.3)(376.1, 10.0);GATE
Port:(376.1, 24.1)(380.3, 24.1)(380.3, 66.2)(376.1, 66.2);SD
Port:(556.6, 10.0)(556.6, 80.3)(382.3, 80.3)(382.3, 10.0);GATE
Port:(545.3, 15.5)(552.1, 15.5)(552.1, 74.8)(545.3, 74.8);SD
Module:M13
Boundary:(152.6, 10.0)(232.8, 10.0)(232.8, 138.1)(152.6, 138.1);GATE
Port:(166.5, 133.7)(218.9, 133.7)(218.9, 138.1)(166.5, 138.1);SD
Port:(152.6, 10.0)(232.8, 10.0)(232.8, 132.0)(152.6, 132.0);GATE
Port:(159.3, 15.7)(226.1, 15.7)(226.1, 21.6)(159.3, 21.6);SD
Module:M10
Boundary:(545.0, 100.3)(545.0, 164.5)(544.7, 164.5)(544.7, 179.3)(349.2, 179.3)(349.2, 100.3);GATE
Port:(349.2, 114.4)(353.3, 114.4)(353.3, 165.2)(349.2, 165.2);SD
Port:(545.0, 100.3)(545.0, 164.5)(544.7, 164.5)(544.7, 179.3)(354.8, 179.3)(354.8, 100.3);GATE
Port:(532.7, 107.1)(539.2, 107.1)(539.2, 157.7)(532.7, 157.7);SD
Module:M7
Boundary:(605.4, 405.6)(605.4, 433.1)(605.3, 433.1)(605.3, 446.2)(489.8, 446.2)(489.8, 405.6);GATE
Port:(489.8, 416.2)(494.8, 416.2)(494.8, 435.6)(489.8, 435.6);SD
Port:(605.4, 405.6)(605.4, 433.1)(605.3, 433.1)(605.3, 446.2)(497.5, 446.2)(497.5, 405.6);GATE
Port:(596.5, 410.7)(601.3, 410.7)(601.3, 428.0)(596.5, 428.0);SD
Module:M3
Boundary:(356.1, 10.0)(356.1, 64.5)(252.8, 64.5)(252.8, 10.0);GATE
Port:(252.8, 24.6)(257.4, 24.6)(257.4, 49.9)(252.8, 49.9);SD
Port:(356.1, 10.0)(356.1, 64.5)(260.3, 64.5)(260.3, 10.0);GATE
Port:(343.8, 16.1)(351.0, 16.1)(351.0, 58.4)(343.8, 58.4);SD
Module:M15
Boundary:(354.2, 245.7)(354.2, 319.1)(152.6, 319.1)(152.6, 245.7);GATE
Port:(152.6, 261.6)(156.9, 261.6)(156.9, 303.2)(152.6, 303.2);SD
Port:(354.2, 245.7)(354.2, 319.1)(159.3, 319.1)(159.3, 245.7);GATE
Port:(340.6, 252.5)(348.4, 252.5)(348.4, 312.3)(340.6, 312.3);SD
Module:M12
Boundary:(329.2, 158.1)(329.2, 209.7)(329.1, 209.7)(329.1, 225.7)(152.6, 225.7)(152.6, 158.1);GATE
Port:(152.6, 172.0)(157.1, 172.0)(157.1, 211.8)(152.6, 211.8);SD
Port:(329.2, 158.1)(329.2, 209.7)(329.1, 209.7)(329.1, 225.7)(159.7, 225.7)(159.7, 158.1);GATE
Port:(317.1, 164.7)(323.6, 164.7)(323.6, 203.1)(317.1, 203.1);SD
Module:M8
Boundary:(648.2, 263.2)(726.0, 263.2)(726.0, 263.6)(740.9, 263.6)(740.9, 445.6)(648.2, 445.6);GATE
Port:(660.9, 440.8)(728.2, 440.8)(728.2, 445.6)(660.9, 445.6);SD
Port:(648.2, 263.2)(726.0, 263.2)(726.0, 263.6)(740.9, 263.6)(740.9, 439.8)(648.2, 439.8);GATE
Port:(654.8, 268.8)(719.4, 268.8)(719.4, 273.8)(654.8, 273.8);SD
Module:M4
Boundary:(384.2, 322.3)(433.7, 322.3)(433.7, 322.4)(449.8, 322.4)(449.8, 433.4)(384.2, 433.4);GATE
Port:(397.3, 429.3)(436.7, 429.3)(436.7, 433.4)(397.3, 433.4);SD
Port:(384.2, 322.3)(433.7, 322.3)(433.7, 322.4)(449.8, 322.4)(449.8, 427.4)(384.2, 427.4);GATE
Port:(390.3, 327.4)(427.6, 327.4)(427.6, 332.5)(390.3, 332.5);SD
