Area:(-30.0, -30.0)(400.0, -30.0)(400.0, 1063.6)(-30.0, 1063.6)
Rule:GATE(5,5);SD(5,5);GATE_SD(0.5);GATE_ITO(0.5);SD_ITO(0.5)
Module:M14
Boundary:(307.7, 384.8)(307.7, 432.9)(307.5, 432.9)(307.5, 448.3)(183.6, 448.3)(183.6, 384.8);GATE
Port:(183.6, 397.6)(188.8, 397.6)(188.8, 435.5)(183.6, 435.5);SD
Port:(307.7, 384.8)(307.7, 432.9)(307.5, 432.9)(307.5, 448.3)(190.8, 448.3)(190.8, 384.8);GATE
Port:(297.3, 391.3)(302.2, 391.3)(302.2, 426.4)(297.3, 426.4);SD
Module:M9
Boundary:(136.1, 708.0)(136.1, 787.3)(135.6, 787.3)(135.6, 802.7)(10.0, 802.7)(10.0, 708.0);GATE
Port:(10.0, 721.5)(15.0, 721.5)(15.0, 789.2)(10.0, 789.2);SD
Port:(136.1, 708.0)(136.1, 787.3)(135.6, 787.3)(135.6, 802.7)(17.4, 802.7)(17.4, 708.0);GATE
Port:(125.1, 713.0)(132.1, 713.0)(132.1, 782.3)(125.1, 782.3);SD
Module:M5
Boundary:(133.6, 374.4)(133.6, 445.4)(20.0, 445.4)(20.0, 374.4);GATE
Port:(20.0, 389.0)(24.2, 389.0)(24.2, 430.8)(20.0, 430.8);SD
Port:(133.6, 374.4)(133.6, 445.4)(26.5, 445.4)(26.5, 374.4);GATE
Port:(122.4, 381.0)(128.0, 381.0)(128.0, 438.8)(122.4, 438.8);SD
Module:M11
Boundary:(10.0, 10.0)(98.3, 10.0)(98.3, 222.7)(10.0, 222.7);GATE
Port:(25.3, 217.9)(83.0, 217.9)(83.0, 222.7)(25.3, 222.7);SD
Port:(10.0, 10.0)(98.3, 10.0)(98.3, 216.5)(10.0, 216.5);GATE
Port:(16.2, 15.2)(92.1, 15.2)(92.1, 22.3)(16.2, 22.3);SD
Module:M1
Boundary:(225.4, 804.5)(324.8, 804.5)(324.8, 1023.6)(225.4, 1023.6);GATE
Port:(237.2, 1018.9)(313.0, 1018.9)(313.0, 1023.6)(237.2, 1023.6);SD
Port:(225.4, 804.5)(324.8, 804.5)(324.8, 1016.8)(225.4, 1016.8);GATE
Port:(231.4, 809.5)(318.8, 809.5)(318.8, 814.8)(231.4, 814.8);SD
Module:M6
Boundary:(348.5, 670.0)(348.5, 748.9)(348.1, 748.9)(348.1, 764.5)(156.1, 764.5)(156.1, 670.0);GATE
Port:(156.1, 682.8)(160.2, 682.8)(160.2, 751.7)(156.1, 751.7);SD
Port:(348.5, 670.0)(348.5, 748.9)(348.1, 748.9)(348.1, 764.5)(162.9, 764.5)(162.9, 670.0);GATE
Port:(338.5, 676.0)(343.5, 676.0)(343.5, 742.9)(338.5, 742.9);SD
Module:M2
Boundary:(341.0, 248.1)(341.0, 318.0)(340.6, 318.0)(340.6, 334.8)(245.0, 334.8)(245.0, 248.1);GATE
Port:(245.0, 263.0)(251.0, 263.0)(251.0, 319.9)(245.0, 319.9);SD
Port:(341.0, 248.1)(341.0, 318.0)(340.6, 318.0)(340.6, 334.8)(252.2, 334.8)(252.2, 248.1);GATE
Port:(328.8, 253.6)(336.5, 253.6)(336.5, 312.5)(328.8, 312.5);SD
Module:M16
Boundary:(215.0, 242.7)(215.0, 344.4)(10.0, 344.4)(10.0, 242.7);GATE
Port:(10.0, 256.6)(15.6, 256.6)(15.6, 330.5)(10.0, 330.5);SD
Port:(215.0, 242.7)(215.0, 344.4)(17.3, 344.4)(17.3, 242.7);GATE
Port:(204.1, 248.8)(209.9, 248.8)(209.9, 338.3)(204.1, 338.3);SD
Module:M13
Boundary:(237.2, 488.3)(327.5, 488.3)(327.5, 488.7)(345.6, 488.7)(345.6, 650.0)(237.2, 650.0);GATE
Port:(251.5, 644.2)(331.3, 644.2)(331.3, 650.0)(251.5, 650.0);SD
Port:(237.2, 488.3)(327.5, 488.3)(327.5, 488.7)(345.6, 488.7)(345.6, 641.9)(237.2, 641.9);GATE
Port:(243.0, 493.1)(321.7, 493.1)(321.7, 499.6)(243.0, 499.6);SD
Module:M10
Boundary:(223.7, 10.0)(255.5, 10.0)(255.5, 10.1)(268.4, 10.1)(268.4, 207.3)(223.7, 207.3);GATE
Port:(236.5, 201.6)(255.6, 201.6)(255.6, 207.3)(236.5, 207.3);SD
Port:(223.7, 10.0)(255.5, 10.0)(255.5, 10.1)(268.4, 10.1)(268.4, 200.2)(223.7, 200.2);GATE
Port:(229.5, 14.8)(249.7, 14.8)(249.7, 21.2)(229.5, 21.2);SD
Module:M7
Boundary:(129.7, 498.3)(191.8, 498.3)(191.8, 498.6)(207.2, 498.6)(207.2, 619.0)(129.7, 619.0);GATE
Port:(141.8, 613.8)(195.1, 613.8)(195.1, 619.0)(141.8, 619.0);SD
Port:(129.7, 498.3)(191.8, 498.3)(191.8, 498.6)(207.2, 498.6)(207.2, 612.2)(129.7, 612.2);GATE
Port:(135.0, 502.6)(186.5, 502.6)(186.5, 508.4)(135.0, 508.4);SD
Module:M3
Boundary:(168.4, 949.6)(168.4, 1001.5)(168.3, 1001.5)(168.3, 1018.3)(10.0, 1018.3)(10.0, 949.6);GATE
Port:(10.0, 964.0)(15.2, 964.0)(15.2, 1003.9)(10.0, 1003.9);SD
Port:(168.4, 949.6)(168.4, 1001.5)(168.3, 1001.5)(168.3, 1018.3)(17.2, 1018.3)(17.2, 949.6);GATE
Port:(156.8, 955.1)(163.9, 955.1)(163.9, 996.0)(156.8, 996.0);SD
Module:M15
Boundary:(185.4, 822.7)(185.4, 912.4)(185.1, 912.4)(185.1, 929.6)(10.0, 929.6)(10.0, 822.7);GATE
Port:(10.0, 837.8)(14.3, 837.8)(14.3, 914.5)(10.0, 914.5);SD
Port:(185.4, 822.7)(185.4, 912.4)(185.1, 912.4)(185.1, 929.6)(16.1, 929.6)(16.1, 822.7);GATE
Port:(172.6, 829.7)(179.4, 829.7)(179.4, 905.4)(172.6, 905.4);SD
Module:M12
Boundary:(288.4, 10.0)(345.6, 10.0)(345.6, 10.1)(360.0, 10.1)(360.0, 218.1)(288.4, 218.1);GATE
Port:(298.8, 213.9)(349.6, 213.9)(349.6, 218.1)(298.8, 218.1);SD
Port:(288.4, 10.0)(345.6, 10.0)(345.6, 10.1)(360.0, 10.1)(360.0, 211.9)(288.4, 211.9);GATE
Port:(293.7, 14.3)(340.3, 14.3)(340.3, 18.6)(293.7, 18.6);SD
Module:M8
Boundary:(20.0, 485.4)(89.7, 485.4)(89.7, 678.0)(20.0, 678.0);GATE
Port:(34.8, 672.3)(74.9, 672.3)(74.9, 678.0)(34.8, 678.0);SD
Port:(20.0, 485.4)(89.7, 485.4)(89.7, 669.3)(20.0, 669.3);GATE
Port:(26.5, 490.9)(83.2, 490.9)(83.2, 497.3)(26.5, 497.3);SD
Module:M4
Boundary:(128.3, 20.0)(193.7, 20.0)(193.7, 212.5)(128.3, 212.5);GATE
Port:(141.7, 208.1)(180.3, 208.1)(180.3, 212.5)(141.7, 212.5);SD
Port:(128.3, 20.0)(193.7, 20.0)(193.7, 205.3)(128.3, 205.3);GATE
Port:(134.4, 25.1)(187.6, 25.1)(187.6, 31.2)(134.4, 31.2);SD
