Area:(-30.0, -30.0)(359.8, -30.0)(359.8, 992.0)(-30.0, 992.0)
Rule:GATE(5,5);SD(5,5);GATE_SD(0.5);GATE_ITO(0.5);SD_ITO(0.5)
Module:M14
Boundary:(137.4, 616.4)(171.3, 616.4)(171.3, 616.6)(187.7, 616.6)(187.7, 734.9)(137.4, 734.9);GATE
Port:(150.5, 730.7)(174.6, 730.7)(174.6, 734.9)(150.5, 734.9);SD
Port:(137.4, 616.4)(171.3, 616.4)(171.3, 616.6)(187.7, 616.6)(187.7, 728.4)(137.4, 728.4);GATE
Port:(143.7, 621.7)(165.0, 621.7)(165.0, 627.2)(143.7, 627.2);SD
Module:M9
Boundary:(190.8, 447.6)(190.8, 558.0)(190.5, 558.0)(190.5, 576.4)(10.0, 576.4)(10.0, 447.6);GATE
Port:(10.0, 462.0)(14.9, 462.0)(14.9, 562.0)(10.0, 562.0);SD
Port:(190.8, 447.6)(190.8, 558.0)(190.5, 558.0)(190.5, 576.4)(16.6, 576.4)(16.6, 447.6);GATE
Port:(179.7, 452.9)(186.5, 452.9)(186.5, 552.7)(179.7, 552.7);SD
Module:M5
Boundary:(20.0, 282.0)(62.9, 282.0)(62.9, 412.5)(20.0, 412.5);GATE
Port:(31.2, 408.3)(51.7, 408.3)(51.7, 412.5)(31.2, 412.5);SD
Port:(20.0, 282.0)(62.9, 282.0)(62.9, 406.9)(20.0, 406.9);GATE
Port:(25.2, 286.2)(57.7, 286.2)(57.7, 291.5)(25.2, 291.5);SD
Module:M11
Boundary:(180.3, 114.4)(180.3, 190.0)(91.9, 190.0)(91.9, 114.4);GATE
Port:(91.9, 127.9)(95.9, 127.9)(95.9, 176.5)(91.9, 176.5);SD
Port:(180.3, 114.4)(180.3, 190.0)(98.4, 190.0)(98.4, 114.4);GATE
Port:(168.8, 120.2)(175.5, 120.2)(175.5, 184.2)(168.8, 184.2);SD
Module:M1
Boundary:(30.0, 616.4)(62.5, 616.4)(62.5, 616.5)(77.4, 616.5)(77.4, 708.6)(30.0, 708.6);GATE
Port:(42.7, 703.3)(64.7, 703.3)(64.7, 708.6)(42.7, 708.6);SD
Port:(30.0, 616.4)(62.5, 616.4)(62.5, 616.5)(77.4, 616.5)(77.4, 700.8)(30.0, 700.8);GATE
Port:(36.0, 621.4)(56.5, 621.4)(56.5, 627.3)(36.0, 627.3);SD
Module:M6
Boundary:(184.0, 774.9)(184.0, 822.2)(183.7, 822.2)(183.7, 837.7)(10.0, 837.7)(10.0, 774.9);GATE
Port:(10.0, 787.7)(15.4, 787.7)(15.4, 824.9)(10.0, 824.9);SD
Port:(184.0, 774.9)(184.0, 822.2)(183.7, 822.2)(183.7, 837.7)(17.5, 837.7)(17.5, 774.9);GATE
Port:(173.8, 780.7)(179.2, 780.7)(179.2, 816.4)(173.8, 816.4);SD
Module:M2
Boundary:(102.9, 220.0)(165.8, 220.0)(165.8, 220.0)(180.2, 220.0)(180.2, 417.6)(102.9, 417.6);GATE
Port:(116.8, 413.1)(166.3, 413.1)(166.3, 417.6)(116.8, 417.6);SD
Port:(102.9, 220.0)(165.8, 220.0)(165.8, 220.0)(180.2, 220.0)(180.2, 410.2)(102.9, 410.2);GATE
Port:(109.3, 225.4)(159.4, 225.4)(159.4, 231.5)(109.3, 231.5);SD
Module:M16
Boundary:(10.0, 138.4)(67.6, 138.4)(67.6, 252.0)(10.0, 252.0);GATE
Port:(21.2, 247.2)(56.4, 247.2)(56.4, 252.0)(21.2, 252.0);SD
Port:(10.0, 138.4)(67.6, 138.4)(67.6, 245.7)(10.0, 245.7);GATE
Port:(15.9, 143.3)(61.7, 143.3)(61.7, 147.6)(15.9, 147.6);SD
Module:M13
Boundary:(154.0, 857.7)(154.0, 952.0)(10.0, 952.0)(10.0, 857.7);GATE
Port:(10.0, 871.9)(15.6, 871.9)(15.6, 937.8)(10.0, 937.8);SD
Port:(154.0, 857.7)(154.0, 952.0)(16.7, 952.0)(16.7, 857.7);GATE
Port:(141.6, 863.5)(149.2, 863.5)(149.2, 946.2)(141.6, 946.2);SD
Module:M10
Boundary:(10.0, 10.0)(71.9, 10.0)(71.9, 118.4)(10.0, 118.4);GATE
Port:(22.4, 114.3)(59.5, 114.3)(59.5, 118.4)(22.4, 118.4);SD
Port:(10.0, 10.0)(71.9, 10.0)(71.9, 111.4)(10.0, 111.4);GATE
Port:(16.5, 15.5)(65.4, 15.5)(65.4, 20.6)(16.5, 20.6);SD
Module:M7
Boundary:(220.2, 241.1)(305.1, 241.1)(305.1, 360.5)(220.2, 360.5);GATE
Port:(234.5, 356.3)(290.8, 356.3)(290.8, 360.5)(234.5, 360.5);SD
Port:(220.2, 241.1)(305.1, 241.1)(305.1, 353.5)(220.2, 353.5);GATE
Port:(226.5, 246.4)(298.8, 246.4)(298.8, 252.7)(226.5, 252.7);SD
Module:M3
Boundary:(196.7, 10.0)(196.7, 94.4)(91.9, 94.4)(91.9, 10.0);GATE
Port:(91.9, 24.8)(96.8, 24.8)(96.8, 79.6)(91.9, 79.6);SD
Port:(196.7, 10.0)(196.7, 94.4)(99.2, 94.4)(99.2, 10.0);GATE
Port:(183.9, 16.8)(190.9, 16.8)(190.9, 87.6)(183.9, 87.6);SD
Module:M15
Boundary:(227.7, 551.7)(302.0, 551.7)(302.0, 551.7)(319.8, 551.7)(319.8, 756.7)(227.7, 756.7);GATE
Port:(243.5, 752.2)(304.0, 752.2)(304.0, 756.7)(243.5, 756.7);SD
Port:(227.7, 551.7)(302.0, 551.7)(302.0, 551.7)(319.8, 551.7)(319.8, 750.7)(227.7, 750.7);GATE
Port:(234.3, 557.3)(295.4, 557.3)(295.4, 564.5)(234.3, 564.5);SD
Module:M12
Boundary:(216.7, 10.0)(316.8, 10.0)(316.8, 211.1)(216.7, 211.1);GATE
Port:(230.4, 205.6)(303.1, 205.6)(303.1, 211.1)(230.4, 211.1);SD
Port:(216.7, 10.0)(316.8, 10.0)(316.8, 203.0)(216.7, 203.0);GATE
Port:(222.3, 14.6)(311.2, 14.6)(311.2, 20.8)(222.3, 20.8);SD
Module:M8
Boundary:(300.0, 400.5)(300.0, 521.7)(220.8, 521.7)(220.8, 400.5);GATE
Port:(220.8, 415.6)(226.8, 415.6)(226.8, 506.6)(220.8, 506.6);SD
Port:(300.0, 400.5)(300.0, 521.7)(228.8, 521.7)(228.8, 400.5);GATE
Port:(287.9, 406.3)(295.2, 406.3)(295.2, 515.9)(287.9, 515.9);SD
Module:M4
Boundary:(214.0, 786.7)(313.5, 786.7)(313.5, 945.5)(214.0, 945.5);GATE
Port:(227.5, 940.5)(300.0, 940.5)(300.0, 945.5)(227.5, 945.5);SD
Port:(214.0, 786.7)(313.5, 786.7)(313.5, 937.6)(214.0, 937.6);GATE
Port:(220.6, 792.3)(306.9, 792.3)(306.9, 797.4)(220.6, 797.4);SD
