Area:(-20.0, -30.0)(703.8, -30.0)(703.8, 540.3)(-20.0, 540.3)
Rule:GATE(5,5);SD(5,5);GATE_SD(0.5);GATE_ITO(0.5);SD_ITO(0.5)
Module:M14
Boundary:(533.1, 128.4)(533.1, 238.1)(532.5, 238.1)(532.5, 255.9)(454.1, 255.9)(454.1, 128.4);GATE
Port:(454.1, 144.4)(459.3, 144.4)(459.3, 239.9)(454.1, 239.9);SD
Port:(533.1, 128.4)(533.1, 238.1)(532.5, 238.1)(532.5, 255.9)(462.1, 255.9)(462.1, 128.4);GATE
Port:(520.4, 134.9)(527.6, 134.9)(527.6, 231.6)(520.4, 231.6);SD
Module:M9
Boundary:(354.6, 189.9)(399.8, 189.9)(399.8, 189.9)(414.1, 189.9)(414.1, 281.3)(354.6, 281.3);GATE
Port:(366.4, 276.1)(402.3, 276.1)(402.3, 281.3)(366.4, 281.3);SD
Port:(354.6, 189.9)(399.8, 189.9)(399.8, 189.9)(414.1, 189.9)(414.1, 274.7)(354.6, 274.7);GATE
Port:(360.4, 194.7)(394.0, 194.7)(394.0, 199.9)(360.4, 199.9);SD
Module:M5
Boundary:(20.0, 281.7)(120.6, 281.7)(120.6, 464.1)(20.0, 464.1);GATE
Port:(33.9, 459.0)(106.7, 459.0)(106.7, 464.1)(33.9, 464.1);SD
Port:(20.0, 281.7)(120.6, 281.7)(120.6, 457.7)(20.0, 457.7);GATE
Port:(25.1, 285.8)(115.5, 285.8)(115.5, 292.2)(25.1, 292.2);SD
Module:M11
Boundary:(437.3, 425.8)(437.3, 500.3)(248.5, 500.3)(248.5, 425.8);GATE
Port:(248.5, 437.7)(254.0, 437.7)(254.0, 488.4)(248.5, 488.4);SD
Port:(437.3, 425.8)(437.3, 500.3)(256.3, 500.3)(256.3, 425.8);GATE
Port:(427.7, 432.0)(432.1, 432.0)(432.1, 494.1)(427.7, 494.1);SD
Module:M1
Boundary:(207.7, 30.0)(270.3, 30.0)(270.3, 160.7)(207.7, 160.7);GATE
Port:(220.3, 155.9)(257.7, 155.9)(257.7, 160.7)(220.3, 160.7);SD
Port:(207.7, 30.0)(270.3, 30.0)(270.3, 153.8)(207.7, 153.8);GATE
Port:(213.8, 35.1)(264.2, 35.1)(264.2, 40.6)(213.8, 40.6);SD
Module:M6
Boundary:(150.6, 348.0)(228.5, 348.0)(228.5, 498.8)(150.6, 498.8);GATE
Port:(163.4, 494.3)(215.7, 494.3)(215.7, 498.8)(163.4, 498.8);SD
Port:(150.6, 348.0)(228.5, 348.0)(228.5, 492.8)(150.6, 492.8);GATE
Port:(156.6, 353.0)(222.5, 353.0)(222.5, 359.1)(156.6, 359.1);SD
Module:M2
Boundary:(591.4, 20.0)(650.4, 20.0)(650.4, 20.2)(663.8, 20.2)(663.8, 242.9)(591.4, 242.9);GATE
Port:(604.0, 237.6)(651.2, 237.6)(651.2, 242.9)(604.0, 242.9);SD
Port:(591.4, 20.0)(650.4, 20.0)(650.4, 20.2)(663.8, 20.2)(663.8, 234.9)(591.4, 234.9);GATE
Port:(597.7, 25.3)(644.1, 25.3)(644.1, 31.0)(597.7, 31.0);SD
Module:M16
Boundary:(248.5, 200.7)(317.3, 200.7)(317.3, 200.7)(334.6, 200.7)(334.6, 405.8)(248.5, 405.8);GATE
Port:(262.5, 400.4)(320.6, 400.4)(320.6, 405.8)(262.5, 405.8);SD
Port:(248.5, 200.7)(317.3, 200.7)(317.3, 200.7)(334.6, 200.7)(334.6, 398.1)(248.5, 398.1);GATE
Port:(254.6, 205.8)(311.2, 205.8)(311.2, 211.2)(254.6, 211.2);SD
Module:M13
Boundary:(561.4, 10.0)(561.4, 73.3)(561.2, 73.3)(561.2, 88.4)(417.3, 88.4)(417.3, 10.0);GATE
Port:(417.3, 22.8)(422.6, 22.8)(422.6, 75.6)(417.3, 75.6);SD
Port:(561.4, 10.0)(561.4, 73.3)(561.2, 73.3)(561.2, 88.4)(424.7, 88.4)(424.7, 10.0);GATE
Port:(550.6, 16.9)(555.5, 16.9)(555.5, 66.4)(550.6, 66.4);SD
Module:M10
Boundary:(354.6, 301.3)(472.3, 301.3)(472.3, 404.2)(354.6, 404.2);GATE
Port:(368.0, 399.4)(458.9, 399.4)(458.9, 404.2)(368.0, 404.2);SD
Port:(354.6, 301.3)(472.3, 301.3)(472.3, 397.4)(354.6, 397.4);GATE
Port:(360.9, 306.6)(466.0, 306.6)(466.0, 311.5)(360.9, 311.5);SD
Module:M7
Boundary:(124.3, 144.5)(124.3, 225.6)(124.2, 225.6)(124.2, 241.7)(20.0, 241.7)(20.0, 144.5);GATE
Port:(20.0, 157.8)(25.6, 157.8)(25.6, 228.4)(20.0, 228.4);SD
Port:(124.3, 144.5)(124.3, 225.6)(124.2, 225.6)(124.2, 241.7)(27.0, 241.7)(27.0, 144.5);GATE
Port:(114.2, 150.8)(119.0, 150.8)(119.0, 219.3)(114.2, 219.3);SD
Module:M3
Boundary:(659.3, 425.8)(659.3, 475.4)(659.2, 475.4)(659.2, 492.7)(457.3, 492.7)(457.3, 425.8);GATE
Port:(457.3, 438.4)(462.7, 438.4)(462.7, 480.1)(457.3, 480.1);SD
Port:(659.3, 425.8)(659.3, 475.4)(659.2, 475.4)(659.2, 492.7)(463.8, 492.7)(463.8, 425.8);GATE
Port:(649.6, 430.8)(655.3, 430.8)(655.3, 470.4)(649.6, 470.4);SD
Module:M15
Boundary:(154.3, 200.7)(201.0, 200.7)(201.0, 200.8)(215.4, 200.8)(215.4, 328.0)(154.3, 328.0);GATE
Port:(167.2, 322.4)(202.5, 322.4)(202.5, 328.0)(167.2, 328.0);SD
Port:(154.3, 200.7)(201.0, 200.7)(201.0, 200.8)(215.4, 200.8)(215.4, 320.1)(154.3, 320.1);GATE
Port:(160.0, 205.4)(195.3, 205.4)(195.3, 212.1)(160.0, 212.1);SD
Module:M12
Boundary:(656.1, 295.9)(656.1, 405.8)(492.3, 405.8)(492.3, 295.9);GATE
Port:(492.3, 308.2)(497.5, 308.2)(497.5, 393.5)(492.3, 393.5);SD
Port:(656.1, 295.9)(656.1, 405.8)(498.8, 405.8)(498.8, 295.9);GATE
Port:(646.0, 301.4)(651.6, 301.4)(651.6, 400.3)(646.0, 400.3);SD
Module:M8
Boundary:(320.3, 20.0)(371.0, 20.0)(371.0, 20.0)(387.3, 20.0)(387.3, 159.9)(320.3, 159.9);GATE
Port:(333.9, 155.3)(373.7, 155.3)(373.7, 159.9)(333.9, 159.9);SD
Port:(320.3, 20.0)(371.0, 20.0)(371.0, 20.0)(387.3, 20.0)(387.3, 154.1)(320.3, 154.1);GATE
Port:(326.2, 24.9)(365.1, 24.9)(365.1, 30.7)(326.2, 30.7);SD
Module:M4
Boundary:(157.7, 20.0)(157.7, 90.8)(157.6, 90.8)(157.6, 104.5)(20.0, 104.5)(20.0, 20.0);GATE
Port:(20.0, 31.7)(24.8, 31.7)(24.8, 92.8)(20.0, 92.8);SD
Port:(157.7, 20.0)(157.7, 90.8)(157.6, 90.8)(157.6, 104.5)(26.6, 104.5)(26.6, 20.0);GATE
Port:(147.9, 25.6)(153.1, 25.6)(153.1, 85.2)(147.9, 85.2);SD
