Area:(-30.0, -30.0)(621.3, -30.0)(621.3, 556.8)(-30.0, 556.8)
Rule:GATE(5,5);SD(5,5);GATE_SD(0.5);GATE_ITO(0.5);SD_ITO(0.5)
Module:M14
Boundary:(497.5, 30.0)(549.7, 30.0)(549.7, 30.0)(566.4, 30.0)(566.4, 183.2)(497.5, 183.2);GATE
Port:(511.5, 178.9)(552.4, 178.9)(552.4, 183.2)(511.5, 183.2);SD
Port:(497.5, 30.0)(549.7, 30.0)(549.7, 30.0)(566.4, 30.0)(566.4, 176.5)(497.5, 176.5);GATE
Port:(503.7, 35.2)(543.5, 35.2)(543.5, 41.6)(503.7, 41.6);SD
Module:M9
Boundary:(285.1, 10.0)(329.2, 10.0)(329.2, 10.1)(342.7, 10.1)(342.7, 151.9)(285.1, 151.9);GATE
Port:(296.9, 146.3)(330.9, 146.3)(330.9, 151.9)(296.9, 151.9);SD
Port:(285.1, 10.0)(329.2, 10.0)(329.2, 10.1)(342.7, 10.1)(342.7, 144.3)(285.1, 144.3);GATE
Port:(291.5, 15.4)(322.8, 15.4)(322.8, 20.3)(291.5, 20.3);SD
Module:M5
Boundary:(471.1, 255.1)(471.1, 373.6)(345.8, 373.6)(345.8, 255.1);GATE
Port:(345.8, 270.4)(350.2, 270.4)(350.2, 358.3)(345.8, 358.3);SD
Port:(471.1, 255.1)(471.1, 373.6)(351.3, 373.6)(351.3, 255.1);GATE
Port:(458.9, 261.9)(465.3, 261.9)(465.3, 366.8)(458.9, 366.8);SD
Module:M11
Boundary:(10.0, 312.5)(96.1, 312.5)(96.1, 432.7)(10.0, 432.7);GATE
Port:(23.9, 428.2)(82.2, 428.2)(82.2, 432.7)(23.9, 432.7);SD
Port:(10.0, 312.5)(96.1, 312.5)(96.1, 426.1)(10.0, 426.1);GATE
Port:(15.6, 317.1)(90.5, 317.1)(90.5, 324.3)(15.6, 324.3);SD
Module:M1
Boundary:(444.6, 425.5)(444.6, 493.0)(310.3, 493.0)(310.3, 425.5);GATE
Port:(310.3, 436.4)(315.7, 436.4)(315.7, 482.1)(310.3, 482.1);SD
Port:(444.6, 425.5)(444.6, 493.0)(317.8, 493.0)(317.8, 425.5);GATE
Port:(435.3, 431.3)(439.8, 431.3)(439.8, 487.2)(435.3, 487.2);SD
Module:M6
Boundary:(179.9, 207.2)(179.9, 292.5)(10.0, 292.5)(10.0, 207.2);GATE
Port:(10.0, 222.5)(15.7, 222.5)(15.7, 277.2)(10.0, 277.2);SD
Port:(179.9, 207.2)(179.9, 292.5)(17.6, 292.5)(17.6, 207.2);GATE
Port:(166.9, 214.1)(174.0, 214.1)(174.0, 285.6)(166.9, 285.6);SD
Module:M2
Boundary:(20.0, 20.0)(137.4, 20.0)(137.4, 177.2)(20.0, 177.2);GATE
Port:(33.4, 171.6)(124.0, 171.6)(124.0, 177.2)(33.4, 177.2);SD
Port:(20.0, 20.0)(137.4, 20.0)(137.4, 169.7)(20.0, 169.7);GATE
Port:(25.0, 24.0)(132.4, 24.0)(132.4, 30.7)(25.0, 30.7);SD
Module:M16
Boundary:(313.3, 171.9)(313.3, 223.8)(252.2, 223.8)(252.2, 237.7)(199.9, 237.7)(199.9, 171.9);GATE
Port:(199.9, 186.8)(204.1, 186.8)(204.1, 222.8)(199.9, 222.8);SD
Port:(313.3, 171.9)(313.3, 223.8)(252.2, 223.8)(252.2, 237.7)(206.4, 237.7)(206.4, 171.9);GATE
Port:(301.0, 178.7)(307.5, 178.7)(307.5, 216.0)(301.0, 216.0);SD
Module:M13
Boundary:(225.3, 257.7)(301.4, 257.7)(301.4, 258.1)(315.8, 258.1)(315.8, 385.5)(225.3, 385.5);GATE
Port:(238.4, 381.3)(302.7, 381.3)(302.7, 385.5)(238.4, 385.5);SD
Port:(225.3, 257.7)(301.4, 257.7)(301.4, 258.1)(315.8, 258.1)(315.8, 379.6)(225.3, 379.6);GATE
Port:(231.5, 262.9)(295.2, 262.9)(295.2, 268.9)(231.5, 268.9);SD
Module:M10
Boundary:(167.4, 10.0)(249.3, 10.0)(249.3, 10.3)(265.1, 10.3)(265.1, 149.6)(167.4, 149.6);GATE
Port:(180.8, 144.6)(251.7, 144.6)(251.7, 149.6)(180.8, 149.6);SD
Port:(167.4, 10.0)(249.3, 10.0)(249.3, 10.3)(265.1, 10.3)(265.1, 142.7)(167.4, 142.7);GATE
Port:(172.4, 14.0)(244.3, 14.0)(244.3, 21.7)(172.4, 21.7);SD
Module:M7
Boundary:(581.3, 233.2)(581.3, 357.4)(511.1, 357.4)(511.1, 233.2);GATE
Port:(511.1, 247.0)(515.8, 247.0)(515.8, 343.6)(511.1, 343.6);SD
Port:(581.3, 233.2)(581.3, 357.4)(518.0, 357.4)(518.0, 233.2);GATE
Port:(570.9, 238.5)(577.0, 238.5)(577.0, 352.1)(570.9, 352.1);SD
Module:M3
Boundary:(484.6, 403.6)(581.0, 403.6)(581.0, 516.8)(484.6, 516.8);GATE
Port:(498.6, 511.5)(567.0, 511.5)(567.0, 516.8)(498.6, 516.8);SD
Port:(484.6, 403.6)(581.0, 403.6)(581.0, 509.5)(484.6, 509.5);GATE
Port:(490.0, 408.0)(575.6, 408.0)(575.6, 415.4)(490.0, 415.4);SD
Module:M15
Boundary:(362.7, 10.0)(457.5, 10.0)(457.5, 225.1)(362.7, 225.1);GATE
Port:(374.5, 220.2)(445.7, 220.2)(445.7, 225.1)(374.5, 225.1);SD
Port:(362.7, 10.0)(457.5, 10.0)(457.5, 217.5)(362.7, 217.5);GATE
Port:(368.5, 14.8)(451.7, 14.8)(451.7, 19.3)(368.5, 19.3);SD
Module:M12
Boundary:(107.7, 452.7)(107.7, 498.3)(107.6, 498.3)(107.6, 513.2)(10.0, 513.2)(10.0, 452.7);GATE
Port:(10.0, 464.4)(14.3, 464.4)(14.3, 501.5)(10.0, 501.5);SD
Port:(107.7, 452.7)(107.7, 498.3)(107.6, 498.3)(107.6, 513.2)(16.9, 513.2)(16.9, 452.7);GATE
Port:(97.8, 458.1)(103.3, 458.1)(103.3, 492.9)(97.8, 492.9);SD
Module:M8
Boundary:(260.3, 420.7)(260.3, 494.9)(137.7, 494.9)(137.7, 420.7);GATE
Port:(137.7, 435.7)(141.8, 435.7)(141.8, 479.9)(137.7, 479.9);SD
Port:(260.3, 420.7)(260.3, 494.9)(143.9, 494.9)(143.9, 420.7);GATE
Port:(248.3, 427.7)(254.3, 427.7)(254.3, 487.9)(248.3, 487.9);SD
Module:M4
Boundary:(195.3, 322.5)(195.3, 380.7)(126.1, 380.7)(126.1, 322.5);GATE
Port:(126.1, 334.3)(130.2, 334.3)(130.2, 368.9)(126.1, 368.9);SD
Port:(195.3, 322.5)(195.3, 380.7)(131.4, 380.7)(131.4, 322.5);GATE
Port:(185.4, 328.8)(190.0, 328.8)(190.0, 374.4)(185.4, 374.4);SD
