Area:(-30.0, -30.0)(522.4, -30.0)(522.4, 774.9)(-30.0, 774.9)
Rule:GATE(5,5);SD(5,5);GATE_SD(0.5);GATE_ITO(0.5);SD_ITO(0.5)
Module:M14
Boundary:(327.4, 148.8)(327.4, 210.4)(327.3, 210.4)(327.3, 225.1)(227.3, 225.1)(227.3, 148.8);GATE
Port:(227.3, 161.9)(232.6, 161.9)(232.6, 212.0)(227.3, 212.0);SD
Port:(327.4, 148.8)(327.4, 210.4)(327.3, 210.4)(327.3, 225.1)(235.5, 225.1)(235.5, 148.8);GATE
Port:(316.7, 155.5)(321.7, 155.5)(321.7, 203.7)(316.7, 203.7);SD
Module:M9
Boundary:(412.9, 264.1)(476.9, 264.1)(476.9, 402.0)(412.9, 402.0);GATE
Port:(425.3, 396.5)(464.5, 396.5)(464.5, 402.0)(425.3, 402.0);SD
Port:(412.9, 264.1)(476.9, 264.1)(476.9, 394.2)(412.9, 394.2);GATE
Port:(418.2, 268.4)(471.6, 268.4)(471.6, 274.7)(418.2, 274.7);SD
Module:M5
Boundary:(356.5, 402.6)(356.5, 476.6)(148.2, 476.6)(148.2, 402.6);GATE
Port:(148.2, 414.7)(153.5, 414.7)(153.5, 464.5)(148.2, 464.5);SD
Port:(356.5, 402.6)(356.5, 476.6)(156.1, 476.6)(156.1, 402.6);GATE
Port:(346.1, 408.6)(351.5, 408.6)(351.5, 470.6)(346.1, 470.6);SD
Module:M11
Boundary:(207.3, 10.0)(284.6, 10.0)(284.6, 10.3)(298.8, 10.3)(298.8, 108.7)(207.3, 108.7);GATE
Port:(220.8, 102.7)(285.3, 102.7)(285.3, 108.7)(220.8, 108.7);SD
Port:(207.3, 10.0)(284.6, 10.0)(284.6, 10.3)(298.8, 10.3)(298.8, 100.6)(207.3, 100.6);GATE
Port:(214.0, 15.7)(277.9, 15.7)(277.9, 21.8)(214.0, 21.8);SD
Module:M1
Boundary:(255.5, 526.6)(308.6, 526.6)(308.6, 716.2)(255.5, 716.2);GATE
Port:(266.9, 710.3)(297.2, 710.3)(297.2, 716.2)(266.9, 716.2);SD
Port:(255.5, 526.6)(308.6, 526.6)(308.6, 708.6)(255.5, 708.6);GATE
Port:(260.5, 530.6)(303.6, 530.6)(303.6, 536.5)(260.5, 536.5);SD
Module:M6
Boundary:(182.2, 254.6)(182.2, 369.3)(10.0, 369.3)(10.0, 254.6);GATE
Port:(10.0, 268.0)(15.5, 268.0)(15.5, 355.9)(10.0, 355.9);SD
Port:(182.2, 254.6)(182.2, 369.3)(18.1, 369.3)(18.1, 254.6);GATE
Port:(171.2, 260.8)(177.0, 260.8)(177.0, 363.1)(171.2, 363.1);SD
Module:M2
Boundary:(130.2, 177.7)(130.2, 224.6)(20.0, 224.6)(20.0, 177.7);GATE
Port:(20.0, 190.0)(25.0, 190.0)(25.0, 212.3)(20.0, 212.3);SD
Port:(130.2, 177.7)(130.2, 224.6)(27.4, 224.6)(27.4, 177.7);GATE
Port:(120.3, 182.9)(126.0, 182.9)(126.0, 219.4)(120.3, 219.4);SD
Module:M16
Boundary:(10.0, 389.3)(100.8, 389.3)(100.8, 389.3)(118.2, 389.3)(118.2, 612.2)(10.0, 612.2);GATE
Port:(26.3, 607.0)(101.9, 607.0)(101.9, 612.2)(26.3, 612.2);SD
Port:(10.0, 389.3)(100.8, 389.3)(100.8, 389.3)(118.2, 389.3)(118.2, 604.1)(10.0, 604.1);GATE
Port:(16.7, 395.0)(94.1, 395.0)(94.1, 402.1)(16.7, 402.1);SD
Module:M13
Boundary:(470.2, 10.0)(470.2, 108.8)(318.8, 108.8)(318.8, 10.0);GATE
Port:(318.8, 26.0)(323.3, 26.0)(323.3, 92.8)(318.8, 92.8);SD
Port:(470.2, 10.0)(470.2, 108.8)(325.9, 108.8)(325.9, 10.0);GATE
Port:(457.6, 15.9)(465.3, 15.9)(465.3, 102.9)(457.6, 102.9);SD
Module:M10
Boundary:(348.6, 558.7)(449.4, 558.7)(449.4, 558.9)(466.0, 558.9)(466.0, 734.9)(348.6, 734.9);GATE
Port:(362.7, 729.0)(451.9, 729.0)(451.9, 734.9)(362.7, 734.9);SD
Port:(348.6, 558.7)(449.4, 558.7)(449.4, 558.9)(466.0, 558.9)(466.0, 727.2)(348.6, 727.2);GATE
Port:(354.6, 563.7)(443.4, 563.7)(443.4, 569.5)(354.6, 569.5);SD
Module:M7
Boundary:(205.5, 645.9)(205.5, 730.5)(20.0, 730.5)(20.0, 645.9);GATE
Port:(20.0, 660.0)(25.4, 660.0)(25.4, 716.4)(20.0, 716.4);SD
Port:(205.5, 645.9)(205.5, 730.5)(27.3, 730.5)(27.3, 645.9);GATE
Port:(194.4, 651.5)(200.9, 651.5)(200.9, 724.9)(194.4, 724.9);SD
Module:M3
Boundary:(367.4, 128.8)(460.6, 128.8)(460.6, 129.0)(475.5, 129.0)(475.5, 244.1)(367.4, 244.1);GATE
Port:(380.6, 238.4)(462.3, 238.4)(462.3, 244.1)(380.6, 244.1);SD
Port:(367.4, 128.8)(460.6, 128.8)(460.6, 129.0)(475.5, 129.0)(475.5, 236.4)(367.4, 236.4);GATE
Port:(373.8, 134.2)(454.2, 134.2)(454.2, 139.9)(373.8, 139.9);SD
Module:M15
Boundary:(392.9, 265.1)(392.9, 372.6)(207.3, 372.6)(207.3, 265.1);GATE
Port:(207.3, 279.4)(213.0, 279.4)(213.0, 358.3)(207.3, 358.3);SD
Port:(392.9, 265.1)(392.9, 372.6)(214.8, 372.6)(214.8, 265.1);GATE
Port:(382.0, 272.0)(387.0, 272.0)(387.0, 365.7)(382.0, 365.7);SD
Module:M12
Boundary:(482.4, 422.0)(482.4, 522.0)(482.2, 522.0)(482.2, 538.7)(386.5, 538.7)(386.5, 422.0);GATE
Port:(386.5, 434.7)(392.0, 434.7)(392.0, 526.0)(386.5, 526.0);SD
Port:(482.4, 422.0)(482.4, 522.0)(482.2, 522.0)(482.2, 538.7)(394.3, 538.7)(394.3, 422.0);GATE
Port:(472.5, 427.5)(477.9, 427.5)(477.9, 516.5)(472.5, 516.5);SD
Module:M8
Boundary:(148.2, 516.6)(193.5, 516.6)(193.5, 605.9)(148.2, 605.9);GATE
Port:(160.2, 600.9)(181.5, 600.9)(181.5, 605.9)(160.2, 605.9);SD
Port:(148.2, 516.6)(193.5, 516.6)(193.5, 598.3)(148.2, 598.3);GATE
Port:(154.7, 522.1)(187.0, 522.1)(187.0, 526.8)(154.7, 526.8);SD
Module:M4
Boundary:(177.3, 20.0)(177.3, 121.2)(177.0, 121.2)(177.0, 137.7)(20.0, 137.7)(20.0, 20.0);GATE
Port:(20.0, 33.9)(24.8, 33.9)(24.8, 123.8)(20.0, 123.8);SD
Port:(177.3, 20.0)(177.3, 121.2)(177.0, 121.2)(177.0, 137.7)(27.6, 137.7)(27.6, 20.0);GATE
Port:(165.5, 25.1)(173.2, 25.1)(173.2, 116.1)(165.5, 116.1);SD
