Area:(-30.0, -30.0)(380.1, -30.0)(380.1, 1035.3)(-30.0, 1035.3)
Rule:GATE(5,5);SD(5,5);GATE_SD(0.5);GATE_ITO(0.5);SD_ITO(0.5)
Module:M14
Boundary:(315.6, 699.0)(315.6, 733.9)(315.5, 733.9)(315.5, 749.4)(139.8, 749.4)(139.8, 699.0);GATE
Port:(139.8, 713.2)(144.7, 713.2)(144.7, 735.2)(139.8, 735.2);SD
Port:(315.6, 699.0)(315.6, 733.9)(315.5, 733.9)(315.5, 749.4)(147.4, 749.4)(147.4, 699.0);GATE
Port:(304.1, 705.2)(310.4, 705.2)(310.4, 727.7)(304.1, 727.7);SD
Module:M9
Boundary:(238.7, 229.1)(238.7, 343.0)(124.1, 343.0)(124.1, 229.1);GATE
Port:(124.1, 244.8)(129.3, 244.8)(129.3, 327.3)(124.1, 327.3);SD
Port:(238.7, 229.1)(238.7, 343.0)(130.9, 343.0)(130.9, 229.1);GATE
Port:(226.5, 234.6)(234.2, 234.6)(234.2, 337.5)(226.5, 337.5);SD
Module:M5
Boundary:(245.1, 20.0)(324.2, 20.0)(324.2, 188.9)(245.1, 188.9);GATE
Port:(258.2, 184.5)(311.1, 184.5)(311.1, 188.9)(258.2, 188.9);SD
Port:(245.1, 20.0)(324.2, 20.0)(324.2, 182.0)(245.1, 182.0);GATE
Port:(251.3, 25.2)(318.0, 25.2)(318.0, 31.1)(251.3, 31.1);SD
Module:M11
Boundary:(10.0, 10.0)(81.0, 10.0)(81.0, 178.2)(10.0, 178.2);GATE
Port:(21.9, 173.7)(69.1, 173.7)(69.1, 178.2)(21.9, 178.2);SD
Port:(10.0, 10.0)(81.0, 10.0)(81.0, 172.1)(10.0, 172.1);GATE
Port:(15.0, 14.0)(76.0, 14.0)(76.0, 19.8)(15.0, 19.8);SD
Module:M1
Boundary:(247.6, 908.5)(247.6, 995.3)(30.0, 995.3)(30.0, 908.5);GATE
Port:(30.0, 920.0)(35.2, 920.0)(35.2, 983.8)(30.0, 983.8);SD
Port:(247.6, 908.5)(247.6, 995.3)(37.1, 995.3)(37.1, 908.5);GATE
Port:(237.6, 914.0)(243.1, 914.0)(243.1, 989.8)(237.6, 989.8);SD
Module:M6
Boundary:(10.0, 741.2)(58.8, 741.2)(58.8, 741.3)(74.1, 741.3)(74.1, 867.8)(10.0, 867.8);GATE
Port:(23.7, 862.2)(60.4, 862.2)(60.4, 867.8)(23.7, 867.8);SD
Port:(10.0, 741.2)(58.8, 741.2)(58.8, 741.3)(74.1, 741.3)(74.1, 861.0)(10.0, 861.0);GATE
Port:(15.9, 746.1)(52.9, 746.1)(52.9, 752.5)(15.9, 752.5);SD
Module:M2
Boundary:(129.8, 373.0)(248.3, 373.0)(248.3, 507.9)(129.8, 507.9);GATE
Port:(143.8, 502.4)(234.3, 502.4)(234.3, 507.9)(143.8, 507.9);SD
Port:(129.8, 373.0)(248.3, 373.0)(248.3, 500.3)(129.8, 500.3);GATE
Port:(136.3, 378.5)(241.8, 378.5)(241.8, 384.0)(136.3, 384.0);SD
Module:M16
Boundary:(10.0, 360.4)(85.1, 360.4)(85.1, 360.8)(99.8, 360.8)(99.8, 567.2)(10.0, 567.2);GATE
Port:(21.8, 562.4)(88.0, 562.4)(88.0, 567.2)(21.8, 567.2);SD
Port:(10.0, 360.4)(85.1, 360.4)(85.1, 360.8)(99.8, 360.8)(99.8, 559.5)(10.0, 559.5);GATE
Port:(15.0, 364.4)(80.1, 364.4)(80.1, 370.4)(15.0, 370.4);SD
Module:M13
Boundary:(278.3, 329.7)(324.5, 329.7)(324.5, 329.8)(340.1, 329.8)(340.1, 518.1)(278.3, 518.1);GATE
Port:(290.6, 513.5)(327.8, 513.5)(327.8, 518.1)(290.6, 518.1);SD
Port:(278.3, 329.7)(324.5, 329.7)(324.5, 329.8)(340.1, 329.8)(340.1, 512.5)(278.3, 512.5);GATE
Port:(283.5, 333.9)(319.3, 333.9)(319.3, 339.2)(283.5, 339.2);SD
Module:M10
Boundary:(104.1, 229.1)(104.1, 321.9)(104.0, 321.9)(104.0, 340.4)(10.0, 340.4)(10.0, 229.1);GATE
Port:(10.0, 243.9)(14.2, 243.9)(14.2, 325.6)(10.0, 325.6);SD
Port:(104.1, 229.1)(104.1, 321.9)(104.0, 321.9)(104.0, 340.4)(15.8, 340.4)(15.8, 229.1);GATE
Port:(92.2, 235.0)(99.2, 235.0)(99.2, 316.0)(92.2, 316.0);SD
Module:M7
Boundary:(315.0, 799.4)(315.0, 844.5)(314.9, 844.5)(314.9, 858.5)(104.1, 858.5)(104.1, 799.4);GATE
Port:(104.1, 811.9)(109.3, 811.9)(109.3, 846.0)(104.1, 846.0);SD
Port:(315.0, 799.4)(315.0, 844.5)(314.9, 844.5)(314.9, 858.5)(110.8, 858.5)(110.8, 799.4);GATE
Port:(304.1, 804.9)(310.5, 804.9)(310.5, 839.0)(304.1, 839.0);SD
Module:M3
Boundary:(10.0, 587.2)(78.2, 587.2)(78.2, 587.5)(95.6, 587.5)(95.6, 721.2)(10.0, 721.2);GATE
Port:(23.2, 716.4)(82.4, 716.4)(82.4, 721.2)(23.2, 721.2);SD
Port:(10.0, 587.2)(78.2, 587.2)(78.2, 587.5)(95.6, 587.5)(95.6, 714.2)(10.0, 714.2);GATE
Port:(15.1, 591.3)(73.1, 591.3)(73.1, 597.3)(15.1, 597.3);SD
Module:M15
Boundary:(215.1, 10.0)(215.1, 61.2)(214.8, 61.2)(214.8, 78.7)(101.0, 78.7)(101.0, 10.0);GATE
Port:(101.0, 23.0)(105.8, 23.0)(105.8, 65.7)(101.0, 65.7);SD
Port:(215.1, 10.0)(215.1, 61.2)(214.8, 61.2)(214.8, 78.7)(107.1, 78.7)(107.1, 10.0);GATE
Port:(205.3, 15.1)(211.0, 15.1)(211.0, 56.1)(205.3, 56.1);SD
Module:M12
Boundary:(258.7, 218.9)(311.0, 218.9)(311.0, 219.0)(329.0, 219.0)(329.0, 309.7)(258.7, 309.7);GATE
Port:(272.3, 305.1)(315.4, 305.1)(315.4, 309.7)(272.3, 309.7);SD
Port:(258.7, 218.9)(311.0, 218.9)(311.0, 219.0)(329.0, 219.0)(329.0, 303.3)(258.7, 303.3);GATE
Port:(264.2, 223.4)(305.5, 223.4)(305.5, 229.5)(264.2, 229.5);SD
Module:M8
Boundary:(111.0, 108.7)(188.7, 108.7)(188.7, 109.1)(203.4, 109.1)(203.4, 199.1)(111.0, 199.1);GATE
Port:(124.3, 194.4)(190.1, 194.4)(190.1, 199.1)(124.3, 199.1);SD
Port:(111.0, 108.7)(188.7, 108.7)(188.7, 109.1)(203.4, 109.1)(203.4, 193.3)(111.0, 193.3);GATE
Port:(117.6, 114.3)(182.1, 114.3)(182.1, 119.7)(117.6, 119.7);SD
Module:M4
Boundary:(329.7, 548.1)(329.7, 649.0)(129.8, 649.0)(129.8, 548.1);GATE
Port:(129.8, 559.9)(135.1, 559.9)(135.1, 637.2)(129.8, 637.2);SD
Port:(329.7, 548.1)(329.7, 649.0)(137.0, 649.0)(137.0, 548.1);GATE
Port:(319.6, 553.6)(325.2, 553.6)(325.2, 643.5)(319.6, 643.5);SD
