Area:(-30.0, -30.0)(460.0, -30.0)(460.0, 866.1)(-30.0, 866.1)
Rule:GATE(5,5);SD(5,5);GATE_SD(0.5);GATE_ITO(0.5);SD_ITO(0.5)
Module:M14
Boundary:(385.1, 719.7)(385.1, 776.1)(384.8, 776.1)(384.8, 795.7)(313.4, 795.7)(313.4, 719.7);GATE
Port:(313.4, 734.2)(319.4, 734.2)(319.4, 781.2)(313.4, 781.2);SD
Port:(385.1, 719.7)(385.1, 776.1)(384.8, 776.1)(384.8, 795.7)(320.6, 795.7)(320.6, 719.7);GATE
Port:(374.1, 725.0)(380.8, 725.0)(380.8, 770.8)(374.1, 770.8);SD
Module:M9
Boundary:(10.0, 112.1)(111.3, 112.1)(111.3, 112.5)(127.9, 112.5)(127.9, 342.5)(10.0, 342.5);GATE
Port:(24.2, 336.6)(113.7, 336.6)(113.7, 342.5)(24.2, 342.5);SD
Port:(10.0, 112.1)(111.3, 112.1)(111.3, 112.5)(127.9, 112.5)(127.9, 334.4)(10.0, 334.4);GATE
Port:(16.0, 117.1)(105.3, 117.1)(105.3, 123.5)(16.0, 123.5);SD
Module:M5
Boundary:(20.0, 372.5)(101.7, 372.5)(101.7, 563.5)(20.0, 563.5);GATE
Port:(33.7, 558.8)(88.0, 558.8)(88.0, 563.5)(33.7, 563.5);SD
Port:(20.0, 372.5)(101.7, 372.5)(101.7, 557.6)(20.0, 557.6);GATE
Port:(26.2, 377.7)(95.5, 377.7)(95.5, 383.7)(26.2, 383.7);SD
Module:M11
Boundary:(10.0, 717.8)(116.1, 717.8)(116.1, 826.1)(10.0, 826.1);GATE
Port:(22.7, 820.3)(103.4, 820.3)(103.4, 826.1)(22.7, 826.1);SD
Port:(10.0, 717.8)(116.1, 717.8)(116.1, 818.8)(10.0, 818.8);GATE
Port:(16.2, 723.0)(109.9, 723.0)(109.9, 728.9)(16.2, 728.9);SD
Module:M1
Boundary:(167.9, 100.5)(294.9, 100.5)(294.9, 304.4)(167.9, 304.4);GATE
Port:(183.2, 299.7)(279.6, 299.7)(279.6, 304.4)(183.2, 304.4);SD
Port:(167.9, 100.5)(294.9, 100.5)(294.9, 297.3)(167.9, 297.3);GATE
Port:(174.3, 105.9)(288.5, 105.9)(288.5, 112.5)(174.3, 112.5);SD
Module:M6
Boundary:(250.1, 482.7)(329.0, 482.7)(329.0, 483.0)(344.8, 483.0)(344.8, 586.2)(250.1, 586.2);GATE
Port:(262.0, 581.2)(332.9, 581.2)(332.9, 586.2)(262.0, 586.2);SD
Port:(250.1, 482.7)(329.0, 482.7)(329.0, 483.0)(344.8, 483.0)(344.8, 578.5)(250.1, 578.5);GATE
Port:(255.6, 487.2)(323.5, 487.2)(323.5, 492.3)(255.6, 492.3);SD
Module:M2
Boundary:(263.4, 619.3)(263.4, 685.1)(263.1, 685.1)(263.1, 701.4)(156.9, 701.4)(156.9, 619.3);GATE
Port:(156.9, 632.5)(161.8, 632.5)(161.8, 688.2)(156.9, 688.2);SD
Port:(263.4, 619.3)(263.4, 685.1)(263.1, 685.1)(263.1, 701.4)(164.5, 701.4)(164.5, 619.3);GATE
Port:(252.5, 624.5)(259.2, 624.5)(259.2, 679.9)(252.5, 679.9);SD
Module:M16
Boundary:(338.2, 10.0)(338.2, 60.5)(139.8, 60.5)(139.8, 10.0);GATE
Port:(139.8, 24.3)(144.8, 24.3)(144.8, 46.2)(139.8, 46.2);SD
Port:(338.2, 10.0)(338.2, 60.5)(146.0, 60.5)(146.0, 10.0);GATE
Port:(326.7, 16.6)(332.6, 16.6)(332.6, 53.9)(326.7, 53.9);SD
Module:M13
Boundary:(358.2, 10.0)(420.0, 10.0)(420.0, 138.9)(358.2, 138.9);GATE
Port:(371.5, 134.6)(406.7, 134.6)(406.7, 138.9)(371.5, 138.9);SD
Port:(358.2, 10.0)(420.0, 10.0)(420.0, 133.1)(358.2, 133.1);GATE
Port:(364.7, 15.5)(413.5, 15.5)(413.5, 21.4)(364.7, 21.4);SD
Module:M10
Boundary:(364.8, 482.7)(401.8, 482.7)(401.8, 482.8)(418.2, 482.8)(418.2, 679.7)(364.8, 679.7);GATE
Port:(380.2, 675.3)(402.8, 675.3)(402.8, 679.7)(380.2, 679.7);SD
Port:(364.8, 482.7)(401.8, 482.7)(401.8, 482.8)(418.2, 482.8)(418.2, 672.6)(364.8, 672.6);GATE
Port:(371.2, 488.1)(395.4, 488.1)(395.4, 495.4)(371.2, 495.4);SD
Module:M7
Boundary:(244.5, 741.4)(244.5, 817.2)(146.1, 817.2)(146.1, 741.4);GATE
Port:(146.1, 754.7)(151.4, 754.7)(151.4, 803.9)(146.1, 803.9);SD
Port:(244.5, 741.4)(244.5, 817.2)(153.2, 817.2)(153.2, 741.4);GATE
Port:(233.3, 748.4)(238.5, 748.4)(238.5, 810.2)(233.3, 810.2);SD
Module:M3
Boundary:(119.8, 10.0)(119.8, 92.1)(10.0, 92.1)(10.0, 10.0);GATE
Port:(10.0, 23.8)(14.3, 23.8)(14.3, 78.3)(10.0, 78.3);SD
Port:(119.8, 10.0)(119.8, 92.1)(15.9, 92.1)(15.9, 10.0);GATE
Port:(109.1, 15.9)(114.9, 15.9)(114.9, 86.2)(109.1, 86.2);SD
Module:M15
Boundary:(146.9, 362.5)(230.1, 362.5)(230.1, 589.3)(146.9, 589.3);GATE
Port:(161.3, 584.1)(215.7, 584.1)(215.7, 589.3)(161.3, 589.3);SD
Port:(146.9, 362.5)(230.1, 362.5)(230.1, 581.4)(146.9, 581.4);GATE
Port:(152.9, 367.5)(224.1, 367.5)(224.1, 374.9)(152.9, 374.9);SD
Module:M12
Boundary:(419.6, 373.0)(419.6, 444.8)(419.6, 444.8)(419.6, 462.7)(250.1, 462.7)(250.1, 373.0);GATE
Port:(250.1, 387.4)(255.8, 387.4)(255.8, 448.3)(250.1, 448.3);SD
Port:(419.6, 373.0)(419.6, 444.8)(419.6, 444.8)(419.6, 462.7)(258.0, 462.7)(258.0, 373.0);GATE
Port:(408.4, 378.7)(414.9, 378.7)(414.9, 439.1)(408.4, 439.1);SD
Module:M8
Boundary:(344.9, 168.9)(397.0, 168.9)(397.0, 343.0)(344.9, 343.0);GATE
Port:(358.6, 338.9)(383.3, 338.9)(383.3, 343.0)(358.6, 343.0);SD
Port:(344.9, 168.9)(397.0, 168.9)(397.0, 337.3)(344.9, 337.3);GATE
Port:(351.1, 174.1)(390.8, 174.1)(390.8, 180.2)(351.1, 180.2);SD
Module:M4
Boundary:(116.9, 603.5)(116.9, 671.1)(116.7, 671.1)(116.7, 687.8)(20.0, 687.8)(20.0, 603.5);GATE
Port:(20.0, 616.9)(25.1, 616.9)(25.1, 674.4)(20.0, 674.4);SD
Port:(116.9, 603.5)(116.9, 671.1)(116.7, 671.1)(116.7, 687.8)(27.6, 687.8)(27.6, 603.5);GATE
Port:(106.0, 609.9)(111.5, 609.9)(111.5, 664.7)(106.0, 664.7);SD
