Area:(-30.0, -30.0)(985.5, -30.0)(985.5, 393.0)(-30.0, 393.0)
Rule:GATE(5,5);SD(5,5);GATE_SD(0.5);GATE_ITO(0.5);SD_ITO(0.5)
Module:M14
Boundary:(776.8, 249.1)(776.8, 318.7)(776.4, 318.7)(776.4, 332.2)(553.8, 332.2)(553.8, 249.1);GATE
Port:(553.8, 260.6)(558.8, 260.6)(558.8, 320.7)(553.8, 320.7);SD
Port:(776.8, 249.1)(776.8, 318.7)(776.4, 318.7)(776.4, 332.2)(560.9, 332.2)(560.9, 249.1);GATE
Port:(767.1, 254.2)(772.7, 254.2)(772.7, 313.6)(767.1, 313.6);SD
Module:M9
Boundary:(379.9, 10.0)(429.9, 10.0)(429.9, 10.1)(445.9, 10.1)(445.9, 172.2)(379.9, 172.2);GATE
Port:(393.8, 166.6)(432.0, 166.6)(432.0, 172.2)(393.8, 172.2);SD
Port:(379.9, 10.0)(429.9, 10.0)(429.9, 10.1)(445.9, 10.1)(445.9, 164.3)(379.9, 164.3);GATE
Port:(385.9, 15.0)(423.9, 15.0)(423.9, 20.8)(385.9, 20.8);SD
Module:M5
Boundary:(139.1, 20.0)(139.1, 112.7)(20.0, 112.7)(20.0, 20.0);GATE
Port:(20.0, 33.4)(25.8, 33.4)(25.8, 99.3)(20.0, 99.3);SD
Port:(139.1, 20.0)(139.1, 112.7)(26.9, 112.7)(26.9, 20.0);GATE
Port:(128.2, 26.1)(134.0, 26.1)(134.0, 106.6)(128.2, 106.6);SD
Module:M11
Boundary:(227.2, 146.0)(320.0, 146.0)(320.0, 146.3)(338.4, 146.3)(338.4, 259.4)(227.2, 259.4);GATE
Port:(242.2, 253.8)(323.4, 253.8)(323.4, 259.4)(242.2, 259.4);SD
Port:(227.2, 146.0)(320.0, 146.0)(320.0, 146.3)(338.4, 146.3)(338.4, 251.2)(227.2, 251.2);GATE
Port:(233.1, 150.9)(314.1, 150.9)(314.1, 158.1)(233.1, 158.1);SD
Module:M1
Boundary:(928.9, 204.2)(928.9, 321.3)(842.9, 321.3)(842.9, 204.2);GATE
Port:(842.9, 217.6)(848.6, 217.6)(848.6, 307.9)(842.9, 307.9);SD
Port:(928.9, 204.2)(928.9, 321.3)(850.2, 321.3)(850.2, 204.2);GATE
Port:(917.8, 209.8)(924.3, 209.8)(924.3, 315.7)(917.8, 315.7);SD
Module:M6
Boundary:(465.9, 10.0)(549.3, 10.0)(549.3, 10.3)(565.8, 10.3)(565.8, 187.8)(465.9, 187.8);GATE
Port:(479.1, 181.9)(552.6, 181.9)(552.6, 187.8)(479.1, 187.8);SD
Port:(465.9, 10.0)(549.3, 10.0)(549.3, 10.3)(565.8, 10.3)(565.8, 179.2)(465.9, 179.2);GATE
Port:(471.8, 14.9)(543.4, 14.9)(543.4, 20.9)(471.8, 20.9);SD
Module:M2
Boundary:(710.3, 20.0)(710.3, 82.8)(595.8, 82.8)(595.8, 20.0);GATE
Port:(595.8, 34.1)(601.5, 34.1)(601.5, 68.7)(595.8, 68.7);SD
Port:(710.3, 20.0)(710.3, 82.8)(602.8, 82.8)(602.8, 20.0);GATE
Port:(698.3, 26.9)(704.4, 26.9)(704.4, 75.9)(698.3, 75.9);SD
Module:M16
Boundary:(740.3, 10.0)(823.0, 10.0)(823.0, 115.5)(740.3, 115.5);GATE
Port:(754.8, 111.4)(808.5, 111.4)(808.5, 115.5)(754.8, 115.5);SD
Port:(740.3, 10.0)(823.0, 10.0)(823.0, 109.4)(740.3, 109.4);GATE
Port:(747.0, 15.7)(816.3, 15.7)(816.3, 22.1)(747.0, 22.1);SD
Module:M13
Boundary:(513.8, 207.8)(513.8, 312.8)(513.6, 312.8)(513.6, 330.6)(358.4, 330.6)(358.4, 207.8);GATE
Port:(358.4, 221.4)(363.4, 221.4)(363.4, 317.0)(358.4, 317.0);SD
Port:(513.8, 207.8)(513.8, 312.8)(513.6, 312.8)(513.6, 330.6)(366.3, 330.6)(366.3, 207.8);GATE
Port:(503.6, 213.2)(509.4, 213.2)(509.4, 307.4)(503.6, 307.4);SD
Module:M10
Boundary:(802.9, 135.5)(802.9, 191.1)(802.7, 191.1)(802.7, 209.1)(706.6, 209.1)(706.6, 135.5);GATE
Port:(706.6, 150.8)(712.0, 150.8)(712.0, 193.8)(706.6, 193.8);SD
Port:(802.9, 135.5)(802.9, 191.1)(802.7, 191.1)(802.7, 209.1)(714.9, 209.1)(714.9, 135.5);GATE
Port:(790.8, 141.9)(797.5, 141.9)(797.5, 184.7)(790.8, 184.7);SD
Module:M7
Boundary:(349.9, 20.0)(349.9, 100.4)(349.5, 100.4)(349.5, 116.0)(179.1, 116.0)(179.1, 20.0);GATE
Port:(179.1, 33.1)(183.8, 33.1)(183.8, 102.9)(179.1, 102.9);SD
Port:(349.9, 20.0)(349.9, 100.4)(349.5, 100.4)(349.5, 116.0)(186.3, 116.0)(186.3, 20.0);GATE
Port:(338.9, 25.5)(345.4, 25.5)(345.4, 94.9)(338.9, 94.9);SD
Module:M3
Boundary:(178.5, 269.0)(178.5, 353.0)(10.0, 353.0)(10.0, 269.0);GATE
Port:(10.0, 282.3)(15.0, 282.3)(15.0, 339.7)(10.0, 339.7);SD
Port:(178.5, 269.0)(178.5, 353.0)(17.3, 353.0)(17.3, 269.0);GATE
Port:(167.9, 275.3)(173.2, 275.3)(173.2, 346.7)(167.9, 346.7);SD
Module:M15
Boundary:(326.2, 279.4)(326.2, 332.9)(326.1, 332.9)(326.1, 351.3)(198.5, 351.3)(198.5, 279.4);GATE
Port:(198.5, 293.0)(204.4, 293.0)(204.4, 337.7)(198.5, 337.7);SD
Port:(326.2, 279.4)(326.2, 332.9)(326.1, 332.9)(326.1, 351.3)(206.4, 351.3)(206.4, 279.4);GATE
Port:(315.8, 285.7)(320.9, 285.7)(320.9, 326.6)(315.8, 326.6);SD
Module:M12
Boundary:(207.2, 146.0)(207.2, 232.7)(207.0, 232.7)(207.0, 249.0)(10.0, 249.0)(10.0, 146.0);GATE
Port:(10.0, 161.6)(15.8, 161.6)(15.8, 233.4)(10.0, 233.4);SD
Port:(207.2, 146.0)(207.2, 232.7)(207.0, 232.7)(207.0, 249.0)(18.0, 249.0)(18.0, 146.0);GATE
Port:(194.1, 152.4)(201.8, 152.4)(201.8, 226.3)(194.1, 226.3);SD
Module:M8
Boundary:(676.6, 122.8)(676.6, 171.8)(676.5, 171.8)(676.5, 186.8)(595.8, 186.8)(595.8, 122.8);GATE
Port:(595.8, 136.1)(601.8, 136.1)(601.8, 173.5)(595.8, 173.5);SD
Port:(676.6, 122.8)(676.6, 171.8)(676.5, 171.8)(676.5, 186.8)(603.4, 186.8)(603.4, 122.8);GATE
Port:(664.9, 129.5)(670.9, 129.5)(670.9, 165.1)(664.9, 165.1);SD
Module:M4
Boundary:(853.0, 20.0)(945.5, 20.0)(945.5, 154.2)(853.0, 154.2);GATE
Port:(869.2, 149.4)(929.3, 149.4)(929.3, 154.2)(869.2, 154.2);SD
Port:(853.0, 20.0)(945.5, 20.0)(945.5, 146.6)(853.0, 146.6);GATE
Port:(859.9, 25.9)(938.6, 25.9)(938.6, 33.1)(859.9, 33.1);SD
