Area:(-30.0, -30.0)(730.0, -30.0)(730.0, 620.2)(-30.0, 620.2)
Rule:GATE(5,5);SD(5,5);GATE_SD(0.5);GATE_ITO(0.5);SD_ITO(0.5)
Module:M14
Boundary:(578.3, 139.2)(674.9, 139.2)(674.9, 342.9)(578.3, 342.9);GATE
Port:(590.8, 337.7)(662.4, 337.7)(662.4, 342.9)(590.8, 342.9);SD
Port:(578.3, 139.2)(674.9, 139.2)(674.9, 334.7)(578.3, 334.7);GATE
Port:(583.9, 143.8)(669.3, 143.8)(669.3, 149.1)(583.9, 149.1);SD
Module:M9
Boundary:(195.4, 465.1)(195.4, 563.7)(195.0, 563.7)(195.0, 580.2)(10.0, 580.2)(10.0, 465.1);GATE
Port:(10.0, 478.2)(14.7, 478.2)(14.7, 567.1)(10.0, 567.1);SD
Port:(195.4, 465.1)(195.4, 563.7)(195.0, 563.7)(195.0, 580.2)(17.5, 580.2)(17.5, 465.1);GATE
Port:(185.6, 470.6)(190.9, 470.6)(190.9, 558.2)(185.6, 558.2);SD
Module:M5
Boundary:(20.0, 20.0)(128.1, 20.0)(128.1, 182.5)(20.0, 182.5);GATE
Port:(32.1, 177.9)(116.0, 177.9)(116.0, 182.5)(32.1, 182.5);SD
Port:(20.0, 20.0)(128.1, 20.0)(128.1, 175.3)(20.0, 175.3);GATE
Port:(25.3, 24.3)(122.8, 24.3)(122.8, 29.6)(25.3, 29.6);SD
Module:M11
Boundary:(577.8, 382.9)(690.0, 382.9)(690.0, 563.3)(577.8, 563.3);GATE
Port:(590.6, 558.6)(677.2, 558.6)(677.2, 563.3)(590.6, 563.3);SD
Port:(577.8, 382.9)(690.0, 382.9)(690.0, 556.1)(577.8, 556.1);GATE
Port:(584.0, 388.1)(683.8, 388.1)(683.8, 393.0)(584.0, 393.0);SD
Module:M1
Boundary:(482.0, 30.0)(482.0, 79.3)(481.8, 79.3)(481.8, 94.2)(361.5, 94.2)(361.5, 30.0);GATE
Port:(361.5, 43.6)(367.2, 43.6)(367.2, 80.6)(361.5, 80.6);SD
Port:(482.0, 30.0)(482.0, 79.3)(481.8, 79.3)(481.8, 94.2)(368.3, 94.2)(368.3, 30.0);GATE
Port:(470.3, 36.8)(476.2, 36.8)(476.2, 72.5)(470.3, 72.5);SD
Module:M6
Boundary:(366.7, 320.0)(366.7, 400.1)(366.5, 400.1)(366.5, 415.2)(166.7, 415.2)(166.7, 320.0);GATE
Port:(166.7, 334.0)(171.0, 334.0)(171.0, 401.2)(166.7, 401.2);SD
Port:(366.7, 320.0)(366.7, 400.1)(366.5, 400.1)(366.5, 415.2)(173.4, 415.2)(173.4, 320.0);GATE
Port:(354.7, 326.5)(361.2, 326.5)(361.2, 393.6)(354.7, 393.6);SD
Module:M2
Boundary:(528.3, 144.2)(528.3, 214.4)(528.3, 214.4)(528.3, 231.4)(351.5, 231.4)(351.5, 144.2);GATE
Port:(351.5, 158.5)(356.6, 158.5)(356.6, 217.1)(351.5, 217.1);SD
Port:(528.3, 144.2)(528.3, 214.4)(528.3, 214.4)(528.3, 231.4)(358.4, 231.4)(358.4, 144.2);GATE
Port:(516.4, 150.7)(522.8, 150.7)(522.8, 207.9)(516.4, 207.9);SD
Module:M16
Boundary:(161.7, 212.5)(161.7, 282.3)(161.5, 282.3)(161.5, 300.0)(10.0, 300.0)(10.0, 212.5);GATE
Port:(10.0, 226.5)(15.5, 226.5)(15.5, 286.0)(10.0, 286.0);SD
Port:(161.7, 212.5)(161.7, 282.3)(161.5, 282.3)(161.5, 300.0)(17.8, 300.0)(17.8, 212.5);GATE
Port:(151.2, 217.8)(157.4, 217.8)(157.4, 277.0)(151.2, 277.0);SD
Module:M13
Boundary:(478.0, 443.9)(542.3, 443.9)(542.3, 444.2)(557.8, 444.2)(557.8, 555.1)(478.0, 555.1);GATE
Port:(491.5, 550.9)(544.3, 550.9)(544.3, 555.1)(491.5, 555.1);SD
Port:(478.0, 443.9)(542.3, 443.9)(542.3, 444.2)(557.8, 444.2)(557.8, 549.7)(478.0, 549.7);GATE
Port:(483.0, 447.9)(537.3, 447.9)(537.3, 454.8)(483.0, 454.8);SD
Module:M10
Boundary:(537.8, 333.9)(537.8, 423.9)(386.7, 423.9)(386.7, 333.9);GATE
Port:(386.7, 346.9)(390.8, 346.9)(390.8, 410.9)(386.7, 410.9);SD
Port:(537.8, 333.9)(537.8, 423.9)(393.5, 423.9)(393.5, 333.9);GATE
Port:(526.4, 340.8)(531.9, 340.8)(531.9, 417.0)(526.4, 417.0);SD
Module:M7
Boundary:(448.0, 453.9)(448.0, 553.8)(447.7, 553.8)(447.7, 569.8)(225.4, 569.8)(225.4, 453.9);GATE
Port:(225.4, 468.3)(229.6, 468.3)(229.6, 555.4)(225.4, 555.4);SD
Port:(448.0, 453.9)(448.0, 553.8)(447.7, 553.8)(447.7, 569.8)(232.3, 569.8)(232.3, 453.9);GATE
Port:(435.6, 460.8)(442.1, 460.8)(442.1, 546.9)(435.6, 546.9);SD
Module:M3
Boundary:(146.7, 320.0)(146.7, 445.1)(10.0, 445.1)(10.0, 320.0);GATE
Port:(10.0, 334.4)(14.7, 334.4)(14.7, 430.7)(10.0, 430.7);SD
Port:(146.7, 320.0)(146.7, 445.1)(16.3, 445.1)(16.3, 320.0);GATE
Port:(135.1, 325.6)(142.1, 325.6)(142.1, 439.5)(135.1, 439.5);SD
Module:M15
Boundary:(684.3, 10.0)(684.3, 99.2)(522.0, 99.2)(522.0, 10.0);GATE
Port:(522.0, 24.4)(528.0, 24.4)(528.0, 84.8)(522.0, 84.8);SD
Port:(684.3, 10.0)(684.3, 99.2)(529.5, 99.2)(529.5, 10.0);GATE
Port:(672.3, 15.8)(679.5, 15.8)(679.5, 93.4)(672.3, 93.4);SD
Module:M12
Boundary:(537.3, 261.4)(537.3, 296.6)(537.2, 296.6)(537.2, 313.9)(386.7, 313.9)(386.7, 261.4);GATE
Port:(386.7, 275.3)(390.9, 275.3)(390.9, 300.0)(386.7, 300.0);SD
Port:(537.3, 261.4)(537.3, 296.6)(537.2, 296.6)(537.2, 313.9)(392.5, 313.9)(392.5, 261.4);GATE
Port:(526.8, 267.8)(531.9, 267.8)(531.9, 290.2)(526.8, 290.2);SD
Module:M8
Boundary:(191.7, 134.3)(291.4, 134.3)(291.4, 280.5)(191.7, 280.5);GATE
Port:(208.5, 275.8)(274.6, 275.8)(274.6, 280.5)(208.5, 280.5);SD
Port:(191.7, 134.3)(291.4, 134.3)(291.4, 273.0)(191.7, 273.0);GATE
Port:(198.3, 139.9)(284.8, 139.9)(284.8, 147.8)(198.3, 147.8);SD
Module:M4
Boundary:(311.5, 20.0)(311.5, 94.3)(168.1, 94.3)(168.1, 20.0);GATE
Port:(168.1, 32.7)(172.5, 32.7)(172.5, 81.6)(168.1, 81.6);SD
Port:(311.5, 20.0)(311.5, 94.3)(174.3, 94.3)(174.3, 20.0);GATE
Port:(300.7, 25.5)(307.0, 25.5)(307.0, 88.8)(300.7, 88.8);SD
