Area:(-20.0, -30.0)(863.3, -30.0)(863.3, 426.4)(-20.0, 426.4)
Rule:GATE(5,5);SD(5,5);GATE_SD(0.5);GATE_ITO(0.5);SD_ITO(0.5)
Module:M14
Boundary:(251.7, 169.8)(251.7, 221.6)(251.4, 221.6)(251.4, 239.8)(131.4, 239.8)(131.4, 169.8);GATE
Port:(131.4, 182.7)(136.4, 182.7)(136.4, 226.9)(131.4, 226.9);SD
Port:(251.7, 169.8)(251.7, 221.6)(251.4, 221.6)(251.4, 239.8)(137.8, 239.8)(137.8, 169.8);GATE
Port:(242.3, 175.2)(247.3, 175.2)(247.3, 216.2)(242.3, 216.2);SD
Module:M9
Boundary:(675.5, 185.5)(675.5, 268.8)(540.2, 268.8)(540.2, 185.5);GATE
Port:(540.2, 199.2)(545.1, 199.2)(545.1, 255.1)(540.2, 255.1);SD
Port:(675.5, 185.5)(675.5, 268.8)(546.9, 268.8)(546.9, 185.5);GATE
Port:(664.5, 191.4)(670.6, 191.4)(670.6, 262.9)(664.5, 262.9);SD
Module:M5
Boundary:(418.7, 167.0)(418.7, 235.3)(418.6, 235.3)(418.6, 250.7)(301.7, 250.7)(301.7, 167.0);GATE
Port:(301.7, 182.0)(307.6, 182.0)(307.6, 235.7)(301.7, 235.7);SD
Port:(418.7, 167.0)(418.7, 235.3)(418.6, 235.3)(418.6, 250.7)(310.5, 250.7)(310.5, 167.0);GATE
Port:(405.4, 173.8)(412.9, 173.8)(412.9, 228.5)(405.4, 228.5);SD
Module:M11
Boundary:(376.2, 280.7)(376.2, 369.2)(376.0, 369.2)(376.0, 386.4)(168.8, 386.4)(168.8, 280.7);GATE
Port:(168.8, 296.1)(173.1, 296.1)(173.1, 371.0)(168.8, 371.0);SD
Port:(376.2, 280.7)(376.2, 369.2)(376.0, 369.2)(376.0, 386.4)(175.9, 386.4)(175.9, 280.7);GATE
Port:(364.0, 286.6)(371.3, 286.6)(371.3, 363.3)(364.0, 363.3);SD
Module:M1
Boundary:(169.7, 30.0)(169.7, 81.1)(169.7, 81.1)(169.7, 98.2)(30.0, 98.2)(30.0, 30.0);GATE
Port:(30.0, 43.1)(35.4, 43.1)(35.4, 85.1)(30.0, 85.1);SD
Port:(169.7, 30.0)(169.7, 81.1)(169.7, 81.1)(169.7, 98.2)(37.6, 98.2)(37.6, 30.0);GATE
Port:(159.2, 35.7)(165.0, 35.7)(165.0, 75.4)(159.2, 75.4);SD
Module:M6
Boundary:(819.7, 224.4)(819.7, 276.2)(695.5, 276.2)(695.5, 224.4);GATE
Port:(695.5, 238.6)(699.8, 238.6)(699.8, 262.0)(695.5, 262.0);SD
Port:(819.7, 224.4)(819.7, 276.2)(700.9, 276.2)(700.9, 224.4);GATE
Port:(808.9, 230.9)(814.2, 230.9)(814.2, 269.7)(808.9, 269.7);SD
Module:M2
Boundary:(20.0, 148.2)(66.5, 148.2)(66.5, 148.3)(81.4, 148.3)(81.4, 275.9)(20.0, 275.9);GATE
Port:(32.4, 271.9)(69.0, 271.9)(69.0, 275.9)(32.4, 275.9);SD
Port:(20.0, 148.2)(66.5, 148.2)(66.5, 148.3)(81.4, 148.3)(81.4, 270.9)(20.0, 270.9);GATE
Port:(25.5, 152.7)(61.0, 152.7)(61.0, 158.4)(25.5, 158.4);SD
Module:M16
Boundary:(823.3, 296.2)(823.3, 362.4)(822.9, 362.4)(822.9, 379.3)(690.7, 379.3)(690.7, 296.2);GATE
Port:(690.7, 308.9)(694.7, 308.9)(694.7, 366.6)(690.7, 366.6);SD
Port:(823.3, 296.2)(823.3, 362.4)(822.9, 362.4)(822.9, 379.3)(697.0, 379.3)(697.0, 296.2);GATE
Port:(814.0, 301.2)(819.3, 301.2)(819.3, 357.4)(814.0, 357.4);SD
Module:M13
Boundary:(448.7, 185.5)(502.8, 185.5)(502.8, 185.8)(520.2, 185.8)(520.2, 380.3)(448.7, 380.3);GATE
Port:(463.4, 375.4)(505.5, 375.4)(505.5, 380.3)(463.4, 380.3);SD
Port:(448.7, 185.5)(502.8, 185.5)(502.8, 185.8)(520.2, 185.8)(520.2, 374.1)(448.7, 374.1);GATE
Port:(455.0, 190.8)(496.5, 190.8)(496.5, 197.0)(455.0, 197.0);SD
Module:M10
Boundary:(353.3, 10.0)(441.8, 10.0)(441.8, 137.0)(353.3, 137.0);GATE
Port:(368.5, 131.3)(426.6, 131.3)(426.6, 137.0)(368.5, 137.0);SD
Port:(353.3, 10.0)(441.8, 10.0)(441.8, 129.7)(353.3, 129.7);GATE
Port:(360.2, 15.9)(434.9, 15.9)(434.9, 22.2)(360.2, 22.2);SD
Module:M7
Boundary:(219.7, 20.0)(323.3, 20.0)(323.3, 119.8)(219.7, 119.8);GATE
Port:(233.9, 115.7)(309.1, 115.7)(309.1, 119.8)(233.9, 119.8);SD
Port:(219.7, 20.0)(323.3, 20.0)(323.3, 113.6)(219.7, 113.6);GATE
Port:(226.6, 25.9)(316.4, 25.9)(316.4, 30.9)(226.6, 30.9);SD
Module:M3
Boundary:(707.0, 10.0)(794.8, 10.0)(794.8, 10.4)(812.0, 10.4)(812.0, 204.4)(707.0, 204.4);GATE
Port:(721.4, 199.1)(797.6, 199.1)(797.6, 204.4)(721.4, 204.4);SD
Port:(707.0, 10.0)(794.8, 10.0)(794.8, 10.4)(812.0, 10.4)(812.0, 196.8)(707.0, 196.8);GATE
Port:(713.8, 15.8)(788.0, 15.8)(788.0, 21.1)(713.8, 21.1);SD
Module:M15
Boundary:(588.3, 117.3)(588.3, 165.5)(461.8, 165.5)(461.8, 117.3);GATE
Port:(461.8, 130.8)(466.2, 130.8)(466.2, 152.0)(461.8, 152.0);SD
Port:(588.3, 117.3)(588.3, 165.5)(468.3, 165.5)(468.3, 117.3);GATE
Port:(577.1, 122.9)(583.7, 122.9)(583.7, 159.9)(577.1, 159.9);SD
Module:M12
Boundary:(687.0, 10.0)(687.0, 80.4)(686.7, 80.4)(686.7, 97.3)(461.8, 97.3)(461.8, 10.0);GATE
Port:(461.8, 24.7)(467.3, 24.7)(467.3, 82.6)(461.8, 82.6);SD
Port:(687.0, 10.0)(687.0, 80.4)(686.7, 80.4)(686.7, 97.3)(468.6, 97.3)(468.6, 10.0);GATE
Port:(675.3, 16.2)(681.8, 16.2)(681.8, 74.2)(675.3, 74.2);SD
Module:M8
Boundary:(138.8, 315.9)(138.8, 368.3)(20.0, 368.3)(20.0, 315.9);GATE
Port:(20.0, 330.1)(24.6, 330.1)(24.6, 354.1)(20.0, 354.1);SD
Port:(138.8, 315.9)(138.8, 368.3)(26.1, 368.3)(26.1, 315.9);GATE
Port:(127.4, 322.4)(133.3, 322.4)(133.3, 361.8)(127.4, 361.8);SD
Module:M4
Boundary:(660.7, 298.8)(660.7, 366.3)(660.3, 366.3)(660.3, 383.1)(550.2, 383.1)(550.2, 298.8);GATE
Port:(550.2, 312.4)(555.9, 312.4)(555.9, 369.5)(550.2, 369.5);SD
Port:(660.7, 298.8)(660.7, 366.3)(660.3, 366.3)(660.3, 383.1)(557.5, 383.1)(557.5, 298.8);GATE
Port:(650.2, 304.7)(655.8, 304.7)(655.8, 360.4)(650.2, 360.4);SD
