Area:(-30.0, -30.0)(607.8, -30.0)(607.8, 579.1)(-30.0, 579.1)
Rule:GATE(5,5);SD(5,5);GATE_SD(0.5);GATE_ITO(0.5);SD_ITO(0.5)
Module:M14
Boundary:(273.6, 220.0)(322.7, 220.0)(322.7, 220.2)(338.6, 220.2)(338.6, 312.3)(273.6, 312.3);GATE
Port:(286.9, 307.7)(325.3, 307.7)(325.3, 312.3)(286.9, 312.3);SD
Port:(273.6, 220.0)(322.7, 220.0)(322.7, 220.2)(338.6, 220.2)(338.6, 304.9)(273.6, 304.9);GATE
Port:(278.9, 224.3)(317.4, 224.3)(317.4, 230.4)(278.9, 230.4);SD
Module:M9
Boundary:(410.8, 10.0)(410.8, 62.3)(253.6, 62.3)(253.6, 10.0);GATE
Port:(253.6, 24.0)(259.0, 24.0)(259.0, 48.3)(253.6, 48.3);SD
Port:(410.8, 10.0)(410.8, 62.3)(260.3, 62.3)(260.3, 10.0);GATE
Port:(399.2, 16.9)(404.9, 16.9)(404.9, 55.4)(399.2, 55.4);SD
Module:M5
Boundary:(339.1, 433.4)(339.1, 511.3)(339.1, 511.3)(339.1, 526.9)(239.3, 526.9)(239.3, 433.4);GATE
Port:(239.3, 445.5)(243.7, 445.5)(243.7, 514.8)(239.3, 514.8);SD
Port:(339.1, 433.4)(339.1, 511.3)(339.1, 511.3)(339.1, 526.9)(246.2, 526.9)(246.2, 433.4);GATE
Port:(329.4, 439.0)(334.5, 439.0)(334.5, 505.7)(329.4, 505.7);SD
Module:M11
Boundary:(148.0, 10.0)(148.0, 83.1)(10.0, 83.1)(10.0, 10.0);GATE
Port:(10.0, 22.2)(15.5, 22.2)(15.5, 70.9)(10.0, 70.9);SD
Port:(148.0, 10.0)(148.0, 83.1)(17.4, 83.1)(17.4, 10.0);GATE
Port:(137.8, 15.7)(143.3, 15.7)(143.3, 77.4)(137.8, 77.4);SD
Module:M1
Boundary:(189.3, 399.5)(189.3, 501.7)(188.9, 501.7)(188.9, 518.6)(30.0, 518.6)(30.0, 399.5);GATE
Port:(30.0, 413.3)(35.7, 413.3)(35.7, 504.8)(30.0, 504.8);SD
Port:(189.3, 399.5)(189.3, 501.7)(188.9, 501.7)(188.9, 518.6)(36.7, 518.6)(36.7, 399.5);GATE
Port:(178.0, 404.7)(185.1, 404.7)(185.1, 496.5)(178.0, 496.5);SD
Module:M6
Boundary:(529.8, 141.6)(529.8, 172.1)(529.7, 172.1)(529.7, 187.1)(416.6, 187.1)(416.6, 141.6);GATE
Port:(416.6, 153.8)(421.5, 153.8)(421.5, 174.9)(416.6, 174.9);SD
Port:(529.8, 141.6)(529.8, 172.1)(529.7, 172.1)(529.7, 187.1)(422.8, 187.1)(422.8, 141.6);GATE
Port:(520.0, 146.8)(525.6, 146.8)(525.6, 166.9)(520.0, 166.9);SD
Module:M2
Boundary:(136.3, 113.1)(136.3, 199.9)(20.0, 199.9)(20.0, 113.1);GATE
Port:(20.0, 127.6)(25.4, 127.6)(25.4, 185.4)(20.0, 185.4);SD
Port:(136.3, 113.1)(136.3, 199.9)(27.3, 199.9)(27.3, 113.1);GATE
Port:(124.8, 120.1)(130.3, 120.1)(130.3, 192.9)(124.8, 192.9);SD
Module:M16
Boundary:(566.5, 207.1)(566.5, 294.7)(480.3, 294.7)(480.3, 207.1);GATE
Port:(480.3, 221.8)(484.6, 221.8)(484.6, 280.0)(480.3, 280.0);SD
Port:(566.5, 207.1)(566.5, 294.7)(487.3, 294.7)(487.3, 207.1);GATE
Port:(555.0, 212.9)(561.7, 212.9)(561.7, 288.9)(555.0, 288.9);SD
Module:M13
Boundary:(168.0, 10.0)(218.8, 10.0)(218.8, 10.2)(233.6, 10.2)(233.6, 176.3)(168.0, 176.3);GATE
Port:(182.7, 171.6)(218.9, 171.6)(218.9, 176.3)(182.7, 176.3);SD
Port:(168.0, 10.0)(218.8, 10.0)(218.8, 10.2)(233.6, 10.2)(233.6, 169.1)(168.0, 169.1);GATE
Port:(174.8, 15.8)(212.0, 15.8)(212.0, 22.5)(174.8, 22.5);SD
Module:M10
Boundary:(383.3, 352.3)(383.3, 403.4)(238.7, 403.4)(238.7, 352.3);GATE
Port:(238.7, 366.1)(242.9, 366.1)(242.9, 389.6)(238.7, 389.6);SD
Port:(383.3, 352.3)(383.3, 403.4)(244.2, 403.4)(244.2, 352.3);GATE
Port:(371.7, 358.1)(378.5, 358.1)(378.5, 397.6)(371.7, 397.6);SD
Module:M7
Boundary:(208.7, 239.9)(208.7, 349.5)(20.0, 349.5)(20.0, 239.9);GATE
Port:(20.0, 254.5)(24.3, 254.5)(24.3, 334.9)(20.0, 334.9);SD
Port:(208.7, 239.9)(208.7, 349.5)(26.6, 349.5)(26.6, 239.9);GATE
Port:(197.3, 246.7)(202.9, 246.7)(202.9, 342.7)(197.3, 342.7);SD
Module:M3
Boundary:(567.8, 460.3)(567.8, 523.8)(567.8, 523.8)(567.8, 539.1)(369.1, 539.1)(369.1, 460.3);GATE
Port:(369.1, 473.6)(373.9, 473.6)(373.9, 525.8)(369.1, 525.8);SD
Port:(567.8, 460.3)(567.8, 523.8)(567.8, 523.8)(567.8, 539.1)(376.7, 539.1)(376.7, 460.3);GATE
Port:(556.8, 465.4)(563.7, 465.4)(563.7, 518.7)(556.8, 518.7);SD
Module:M15
Boundary:(430.8, 10.0)(535.5, 10.0)(535.5, 10.0)(552.4, 10.0)(552.4, 121.6)(430.8, 121.6);GATE
Port:(446.0, 116.6)(537.2, 116.6)(537.2, 121.6)(446.0, 121.6);SD
Port:(430.8, 10.0)(535.5, 10.0)(535.5, 10.0)(552.4, 10.0)(552.4, 113.8)(430.8, 113.8);GATE
Port:(437.5, 15.7)(528.8, 15.7)(528.8, 22.5)(437.5, 22.5);SD
Module:M12
Boundary:(378.6, 207.1)(444.0, 207.1)(444.0, 207.3)(460.3, 207.3)(460.3, 319.4)(378.6, 319.4);GATE
Port:(391.9, 314.3)(447.0, 314.3)(447.0, 319.4)(391.9, 319.4);SD
Port:(378.6, 207.1)(444.0, 207.1)(444.0, 207.3)(460.3, 207.3)(460.3, 312.2)(378.6, 312.2);GATE
Port:(384.0, 211.5)(438.6, 211.5)(438.6, 217.6)(384.0, 217.6);SD
Module:M8
Boundary:(386.6, 92.3)(386.6, 156.2)(377.0, 156.2)(377.0, 170.0)(263.6, 170.0)(263.6, 92.3);GATE
Port:(263.6, 105.8)(268.6, 105.8)(268.6, 156.5)(263.6, 156.5);SD
Port:(386.6, 92.3)(386.6, 156.2)(377.0, 156.2)(377.0, 170.0)(270.8, 170.0)(270.8, 92.3);GATE
Port:(374.9, 97.7)(382.2, 97.7)(382.2, 149.8)(374.9, 149.8);SD
Module:M4
Boundary:(413.3, 349.4)(515.8, 349.4)(515.8, 383.1)(531.4, 383.1)(531.4, 430.3)(413.3, 430.3);GATE
Port:(427.3, 425.3)(517.4, 425.3)(517.4, 430.3)(427.3, 430.3);SD
Port:(413.3, 349.4)(515.8, 349.4)(515.8, 383.1)(531.4, 383.1)(531.4, 423.3)(413.3, 423.3);GATE
Port:(419.5, 354.6)(508.6, 354.6)(508.6, 361.1)(419.5, 361.1);SD
