Area:(-30.0, -30.0)(370.9, -30.0)(370.9, 1032.2)(-30.0, 1032.2)
Rule:GATE(5,5);SD(5,5);GATE_SD(0.5);GATE_ITO(0.5);SD_ITO(0.5)
Module:M14
Boundary:(30.0, 375.0)(95.7, 375.0)(95.7, 375.1)(111.6, 375.1)(111.6, 504.2)(30.0, 504.2);GATE
Port:(43.9, 500.0)(97.7, 500.0)(97.7, 504.2)(43.9, 504.2);SD
Port:(30.0, 375.0)(95.7, 375.0)(95.7, 375.1)(111.6, 375.1)(111.6, 498.5)(30.0, 498.5);GATE
Port:(35.6, 379.6)(90.1, 379.6)(90.1, 385.9)(35.6, 385.9);SD
Module:M9
Boundary:(294.1, 10.0)(294.1, 58.9)(293.9, 58.9)(293.9, 75.0)(96.5, 75.0)(96.5, 10.0);GATE
Port:(96.5, 23.2)(101.8, 23.2)(101.8, 61.8)(96.5, 61.8);SD
Port:(294.1, 10.0)(294.1, 58.9)(293.9, 58.9)(293.9, 75.0)(103.6, 75.0)(103.6, 10.0);GATE
Port:(283.5, 15.6)(289.5, 15.6)(289.5, 53.3)(283.5, 53.3);SD
Module:M5
Boundary:(194.8, 483.8)(302.4, 483.8)(302.4, 484.4)(320.4, 484.4)(320.4, 625.3)(194.8, 625.3);GATE
Port:(209.1, 619.4)(306.1, 619.4)(306.1, 625.3)(209.1, 625.3);SD
Port:(194.8, 483.8)(302.4, 483.8)(302.4, 484.4)(320.4, 484.4)(320.4, 616.5)(194.8, 616.5);GATE
Port:(200.0, 488.0)(297.2, 488.0)(297.2, 494.9)(200.0, 494.9);SD
Module:M11
Boundary:(10.0, 10.0)(61.5, 10.0)(61.5, 10.2)(76.5, 10.2)(76.5, 133.8)(10.0, 133.8);GATE
Port:(25.0, 129.1)(61.5, 129.1)(61.5, 133.8)(25.0, 133.8);SD
Port:(10.0, 10.0)(61.5, 10.0)(61.5, 10.2)(76.5, 10.2)(76.5, 127.3)(10.0, 127.3);GATE
Port:(16.6, 15.6)(54.9, 15.6)(54.9, 22.9)(16.6, 22.9);SD
Module:M1
Boundary:(147.4, 688.9)(147.4, 738.1)(30.0, 738.1)(30.0, 688.9);GATE
Port:(30.0, 702.1)(35.2, 702.1)(35.2, 724.9)(30.0, 724.9);SD
Port:(147.4, 688.9)(147.4, 738.1)(37.7, 738.1)(37.7, 688.9);GATE
Port:(136.6, 694.9)(142.4, 694.9)(142.4, 732.1)(136.6, 732.1);SD
Module:M6
Boundary:(297.4, 723.5)(297.4, 757.0)(297.3, 757.0)(297.3, 771.1)(187.4, 771.1)(187.4, 723.5);GATE
Port:(187.4, 736.6)(192.7, 736.6)(192.7, 758.0)(187.4, 758.0);SD
Port:(297.4, 723.5)(297.4, 757.0)(297.3, 757.0)(297.3, 771.1)(194.5, 771.1)(194.5, 723.5);GATE
Port:(285.9, 729.7)(292.2, 729.7)(292.2, 750.8)(285.9, 750.8);SD
Module:M2
Boundary:(320.3, 105.0)(320.3, 186.5)(106.5, 186.5)(106.5, 105.0);GATE
Port:(106.5, 118.4)(111.3, 118.4)(111.3, 173.1)(106.5, 173.1);SD
Port:(320.3, 105.0)(320.3, 186.5)(112.5, 186.5)(112.5, 105.0);GATE
Port:(309.5, 110.8)(315.5, 110.8)(315.5, 180.7)(309.5, 180.7);SD
Module:M16
Boundary:(253.6, 791.1)(316.0, 791.1)(316.0, 791.2)(330.9, 791.2)(330.9, 975.5)(253.6, 975.5);GATE
Port:(266.6, 971.3)(317.9, 971.3)(317.9, 975.5)(266.6, 975.5);SD
Port:(253.6, 791.1)(316.0, 791.1)(316.0, 791.2)(330.9, 791.2)(330.9, 969.0)(253.6, 969.0);GATE
Port:(258.7, 795.2)(310.9, 795.2)(310.9, 802.2)(258.7, 802.2);SD
Module:M13
Boundary:(262.4, 216.5)(327.0, 216.5)(327.0, 300.8)(262.4, 300.8);GATE
Port:(275.8, 295.1)(313.6, 295.1)(313.6, 300.8)(275.8, 300.8);SD
Port:(262.4, 216.5)(327.0, 216.5)(327.0, 292.3)(262.4, 292.3);GATE
Port:(268.7, 221.8)(320.7, 221.8)(320.7, 228.2)(268.7, 228.2);SD
Module:M10
Boundary:(134.1, 791.1)(217.6, 791.1)(217.6, 791.3)(233.6, 791.3)(233.6, 911.4)(134.1, 911.4);GATE
Port:(148.2, 907.1)(219.5, 907.1)(219.5, 911.4)(148.2, 911.4);SD
Port:(134.1, 791.1)(217.6, 791.1)(217.6, 791.3)(233.6, 791.3)(233.6, 905.0)(134.1, 905.0);GATE
Port:(140.6, 796.6)(211.1, 796.6)(211.1, 802.6)(140.6, 802.6);SD
Module:M7
Boundary:(301.0, 365.0)(301.0, 428.1)(300.8, 428.1)(300.8, 443.8)(161.6, 443.8)(161.6, 365.0);GATE
Port:(161.6, 377.7)(166.2, 377.7)(166.2, 431.1)(161.6, 431.1);SD
Port:(301.0, 365.0)(301.0, 428.1)(300.8, 428.1)(300.8, 443.8)(167.6, 443.8)(167.6, 365.0);GATE
Port:(291.2, 370.6)(296.4, 370.6)(296.4, 422.5)(291.2, 422.5);SD
Module:M3
Boundary:(10.0, 778.1)(99.8, 778.1)(99.8, 778.3)(114.1, 778.3)(114.1, 908.2)(10.0, 908.2);GATE
Port:(23.1, 902.6)(101.0, 902.6)(101.0, 908.2)(23.1, 908.2);SD
Port:(10.0, 778.1)(99.8, 778.1)(99.8, 778.3)(114.1, 778.3)(114.1, 900.4)(10.0, 900.4);GATE
Port:(16.3, 783.4)(93.5, 783.4)(93.5, 789.6)(16.3, 789.6);SD
Module:M15
Boundary:(306.8, 655.3)(306.8, 689.7)(306.8, 689.7)(306.8, 703.5)(187.4, 703.5)(187.4, 655.3);GATE
Port:(187.4, 669.3)(191.8, 669.3)(191.8, 689.5)(187.4, 689.5);SD
Port:(306.8, 655.3)(306.8, 689.7)(306.8, 689.7)(306.8, 703.5)(192.8, 703.5)(192.8, 655.3);GATE
Port:(294.5, 661.6)(301.5, 661.6)(301.5, 683.4)(294.5, 683.4);SD
Module:M12
Boundary:(164.8, 544.2)(164.8, 634.4)(164.5, 634.4)(164.5, 648.9)(10.0, 648.9)(10.0, 544.2);GATE
Port:(10.0, 556.6)(14.0, 556.6)(14.0, 636.5)(10.0, 636.5);SD
Port:(164.8, 544.2)(164.8, 634.4)(164.5, 634.4)(164.5, 648.9)(16.0, 648.9)(16.0, 544.2);GATE
Port:(154.1, 550.1)(159.9, 550.1)(159.9, 628.5)(154.1, 628.5);SD
Module:M8
Boundary:(214.2, 941.4)(214.2, 976.6)(214.1, 976.6)(214.1, 992.2)(20.0, 992.2)(20.0, 941.4);GATE
Port:(20.0, 955.1)(25.6, 955.1)(25.6, 978.5)(20.0, 978.5);SD
Port:(214.2, 941.4)(214.2, 976.6)(214.1, 976.6)(214.1, 992.2)(26.9, 992.2)(26.9, 941.4);GATE
Port:(202.4, 948.3)(208.3, 948.3)(208.3, 969.7)(202.4, 969.7);SD
Module:M4
Boundary:(232.4, 226.5)(232.4, 325.0)(20.0, 325.0)(20.0, 226.5);GATE
Port:(20.0, 241.4)(25.7, 241.4)(25.7, 310.1)(20.0, 310.1);SD
Port:(232.4, 226.5)(232.4, 325.0)(28.2, 325.0)(28.2, 226.5);GATE
Port:(219.0, 233.2)(226.7, 233.2)(226.7, 318.3)(219.0, 318.3);SD
