Area:(-30.0, -30.0)(544.1, -30.0)(544.1, 760.7)(-30.0, 760.7)
Rule:GATE(5,5);SD(5,5);GATE_SD(0.5);GATE_ITO(0.5);SD_ITO(0.5)
Module:M14
Boundary:(484.7, 578.3)(484.7, 699.4)(382.7, 699.4)(382.7, 578.3);GATE
Port:(382.7, 593.0)(387.2, 593.0)(387.2, 684.7)(382.7, 684.7);SD
Port:(484.7, 578.3)(484.7, 699.4)(389.4, 699.4)(389.4, 578.3);GATE
Port:(473.0, 584.4)(479.6, 584.4)(479.6, 693.3)(473.0, 693.3);SD
Module:M9
Boundary:(504.1, 240.4)(504.1, 320.7)(503.7, 320.7)(503.7, 336.6)(364.9, 336.6)(364.9, 240.4);GATE
Port:(364.9, 253.3)(368.9, 253.3)(368.9, 323.7)(364.9, 323.7);SD
Port:(504.1, 240.4)(504.1, 320.7)(503.7, 320.7)(503.7, 336.6)(370.5, 336.6)(370.5, 240.4);GATE
Port:(494.2, 247.2)(498.3, 247.2)(498.3, 313.9)(494.2, 313.9);SD
Module:M5
Boundary:(403.3, 20.0)(478.7, 20.0)(478.7, 20.2)(493.3, 20.2)(493.3, 210.4)(403.3, 210.4);GATE
Port:(415.6, 205.3)(481.0, 205.3)(481.0, 210.4)(415.6, 210.4);SD
Port:(403.3, 20.0)(478.7, 20.0)(478.7, 20.2)(493.3, 20.2)(493.3, 203.3)(403.3, 203.3);GATE
Port:(408.6, 24.3)(473.4, 24.3)(473.4, 30.4)(408.6, 30.4);SD
Module:M11
Boundary:(260.9, 533.6)(342.7, 533.6)(342.7, 707.3)(260.9, 707.3);GATE
Port:(274.1, 703.1)(329.5, 703.1)(329.5, 707.3)(274.1, 707.3);SD
Port:(260.9, 533.6)(342.7, 533.6)(342.7, 701.5)(260.9, 701.5);GATE
Port:(266.6, 538.3)(337.0, 538.3)(337.0, 544.3)(266.6, 544.3);SD
Module:M1
Boundary:(251.1, 412.3)(332.1, 412.3)(332.1, 412.4)(348.5, 412.4)(348.5, 493.6)(251.1, 493.6);GATE
Port:(263.6, 488.8)(336.0, 488.8)(336.0, 493.6)(263.6, 493.6);SD
Port:(251.1, 412.3)(332.1, 412.3)(332.1, 412.4)(348.5, 412.4)(348.5, 486.7)(251.1, 486.7);GATE
Port:(256.7, 416.9)(326.5, 416.9)(326.5, 421.8)(256.7, 421.8);SD
Module:M6
Boundary:(234.7, 223.4)(329.7, 223.4)(329.7, 223.5)(344.9, 223.5)(344.9, 372.3)(234.7, 372.3);GATE
Port:(248.3, 367.3)(331.3, 367.3)(331.3, 372.3)(248.3, 372.3);SD
Port:(234.7, 223.4)(329.7, 223.4)(329.7, 223.5)(344.9, 223.5)(344.9, 365.5)(234.7, 365.5);GATE
Port:(241.5, 229.2)(322.9, 229.2)(322.9, 234.4)(241.5, 234.4);SD
Module:M2
Boundary:(204.7, 233.4)(204.7, 319.3)(204.5, 319.3)(204.5, 336.2)(20.0, 336.2)(20.0, 233.4);GATE
Port:(20.0, 247.5)(24.5, 247.5)(24.5, 322.1)(20.0, 322.1);SD
Port:(204.7, 233.4)(204.7, 319.3)(204.5, 319.3)(204.5, 336.2)(25.8, 336.2)(25.8, 233.4);GATE
Port:(193.2, 239.8)(199.3, 239.8)(199.3, 312.9)(193.2, 312.9);SD
Module:M16
Boundary:(249.9, 10.0)(249.9, 83.4)(249.4, 83.4)(249.4, 97.6)(134.4, 97.6)(134.4, 10.0);GATE
Port:(134.4, 22.3)(139.1, 22.3)(139.1, 85.3)(134.4, 85.3);SD
Port:(249.9, 10.0)(249.9, 83.4)(249.4, 83.4)(249.4, 97.6)(141.2, 97.6)(141.2, 10.0);GATE
Port:(240.0, 16.5)(244.4, 16.5)(244.4, 76.9)(240.0, 76.9);SD
Module:M13
Boundary:(10.0, 10.0)(114.4, 10.0)(114.4, 188.5)(10.0, 188.5);GATE
Port:(24.0, 184.2)(100.4, 184.2)(100.4, 188.5)(24.0, 188.5);SD
Port:(10.0, 10.0)(114.4, 10.0)(114.4, 181.7)(10.0, 181.7);GATE
Port:(16.5, 15.5)(107.9, 15.5)(107.9, 21.7)(16.5, 21.7);SD
Module:M10
Boundary:(373.3, 10.0)(373.3, 94.5)(269.9, 94.5)(269.9, 10.0);GATE
Port:(269.9, 23.6)(275.7, 23.6)(275.7, 80.9)(269.9, 80.9);SD
Port:(373.3, 10.0)(373.3, 94.5)(277.0, 94.5)(277.0, 10.0);GATE
Port:(362.2, 15.2)(369.1, 15.2)(369.1, 89.3)(362.2, 89.3);SD
Module:M7
Boundary:(361.2, 127.6)(361.2, 193.4)(144.4, 193.4)(144.4, 127.6);GATE
Port:(144.4, 141.7)(149.3, 141.7)(149.3, 179.3)(144.4, 179.3);SD
Port:(361.2, 127.6)(361.2, 193.4)(151.2, 193.4)(151.2, 127.6);GATE
Port:(349.8, 134.3)(355.5, 134.3)(355.5, 186.7)(349.8, 186.7);SD
Module:M3
Boundary:(227.7, 675.9)(227.7, 720.7)(10.0, 720.7)(10.0, 675.9);GATE
Port:(10.0, 687.3)(14.3, 687.3)(14.3, 709.3)(10.0, 709.3);SD
Port:(227.7, 675.9)(227.7, 720.7)(15.6, 720.7)(15.6, 675.9);GATE
Port:(219.0, 681.3)(223.3, 681.3)(223.3, 715.3)(219.0, 715.3);SD
Module:M15
Boundary:(388.5, 356.6)(488.0, 356.6)(488.0, 356.8)(504.0, 356.8)(504.0, 538.3)(388.5, 538.3);GATE
Port:(402.9, 533.7)(489.6, 533.7)(489.6, 538.3)(402.9, 538.3);SD
Port:(388.5, 356.6)(488.0, 356.6)(488.0, 356.8)(504.0, 356.8)(504.0, 531.2)(388.5, 531.2);GATE
Port:(395.0, 362.1)(481.5, 362.1)(481.5, 368.8)(395.0, 368.8);SD
Module:M12
Boundary:(211.1, 366.2)(211.1, 448.9)(210.8, 448.9)(210.8, 464.9)(10.0, 464.9)(10.0, 366.2);GATE
Port:(10.0, 379.7)(15.1, 379.7)(15.1, 451.4)(10.0, 451.4);SD
Port:(211.1, 366.2)(211.1, 448.9)(210.8, 448.9)(210.8, 464.9)(17.6, 464.9)(17.6, 366.2);GATE
Port:(200.1, 373.0)(205.3, 373.0)(205.3, 442.1)(200.1, 442.1);SD
Module:M8
Boundary:(20.0, 494.9)(119.1, 494.9)(119.1, 495.4)(134.9, 495.4)(134.9, 635.3)(20.0, 635.3);GATE
Port:(34.5, 629.9)(120.4, 629.9)(120.4, 635.3)(34.5, 635.3);SD
Port:(20.0, 494.9)(119.1, 494.9)(119.1, 495.4)(134.9, 495.4)(134.9, 628.2)(20.0, 628.2);GATE
Port:(26.5, 500.4)(112.6, 500.4)(112.6, 507.1)(26.5, 507.1);SD
Module:M4
Boundary:(174.9, 543.6)(230.9, 543.6)(230.9, 645.9)(174.9, 645.9);GATE
Port:(186.8, 640.1)(219.0, 640.1)(219.0, 645.9)(186.8, 645.9);SD
Port:(174.9, 543.6)(230.9, 543.6)(230.9, 638.2)(174.9, 638.2);GATE
Port:(180.3, 548.0)(225.5, 548.0)(225.5, 554.0)(180.3, 554.0);SD
