Area:(-30.0, -30.0)(1024.7, -30.0)(1024.7, 385.9)(-30.0, 385.9)
Rule:GATE(5,5);SD(5,5);GATE_SD(0.5);GATE_ITO(0.5);SD_ITO(0.5)
Module:M14
Boundary:(425.6, 30.0)(506.3, 30.0)(506.3, 30.2)(522.5, 30.2)(522.5, 181.1)(425.6, 181.1);GATE
Port:(438.6, 175.8)(509.5, 175.8)(509.5, 181.1)(438.6, 181.1);SD
Port:(425.6, 30.0)(506.3, 30.0)(506.3, 30.2)(522.5, 30.2)(522.5, 174.2)(425.6, 174.2);GATE
Port:(431.6, 35.0)(500.3, 35.0)(500.3, 39.8)(431.6, 39.8);SD
Module:M9
Boundary:(885.6, 10.0)(984.7, 10.0)(984.7, 148.9)(885.6, 148.9);GATE
Port:(898.3, 143.2)(972.0, 143.2)(972.0, 148.9)(898.3, 148.9);SD
Port:(885.6, 10.0)(984.7, 10.0)(984.7, 140.5)(885.6, 140.5);GATE
Port:(891.4, 14.8)(978.9, 14.8)(978.9, 19.8)(891.4, 19.8);SD
Module:M5
Boundary:(775.6, 119.5)(775.6, 174.1)(775.2, 174.1)(775.2, 192.3)(681.1, 192.3)(681.1, 119.5);GATE
Port:(681.1, 134.6)(685.4, 134.6)(685.4, 177.2)(681.1, 177.2);SD
Port:(775.6, 119.5)(775.6, 174.1)(775.2, 174.1)(775.2, 192.3)(686.8, 192.3)(686.8, 119.5);GATE
Port:(764.0, 125.0)(771.1, 125.0)(771.1, 168.6)(764.0, 168.6);SD
Module:M11
Boundary:(249.5, 10.0)(249.5, 106.0)(80.2, 106.0)(80.2, 10.0);GATE
Port:(80.2, 22.2)(86.1, 22.2)(86.1, 93.8)(80.2, 93.8);SD
Port:(249.5, 10.0)(249.5, 106.0)(88.2, 106.0)(88.2, 10.0);GATE
Port:(239.0, 16.1)(244.4, 16.1)(244.4, 99.9)(239.0, 99.9);SD
Module:M1
Boundary:(100.2, 146.0)(196.9, 146.0)(196.9, 146.3)(212.8, 146.3)(212.8, 245.5)(100.2, 245.5);GATE
Port:(113.7, 241.3)(199.3, 241.3)(199.3, 245.5)(113.7, 245.5);SD
Port:(100.2, 146.0)(196.9, 146.0)(196.9, 146.3)(212.8, 146.3)(212.8, 239.1)(100.2, 239.1);GATE
Port:(105.4, 150.2)(191.7, 150.2)(191.7, 156.2)(105.4, 156.2);SD
Module:M6
Boundary:(269.5, 10.0)(385.6, 10.0)(385.6, 152.5)(269.5, 152.5);GATE
Port:(283.2, 147.9)(371.9, 147.9)(371.9, 152.5)(283.2, 152.5);SD
Port:(269.5, 10.0)(385.6, 10.0)(385.6, 145.0)(269.5, 145.0);GATE
Port:(275.2, 14.7)(379.9, 14.7)(379.9, 21.9)(275.2, 21.9);SD
Module:M2
Boundary:(500.1, 231.1)(500.1, 336.3)(415.3, 336.3)(415.3, 231.1);GATE
Port:(415.3, 243.6)(419.7, 243.6)(419.7, 323.8)(415.3, 323.8);SD
Port:(500.1, 231.1)(500.1, 336.3)(422.1, 336.3)(422.1, 231.1);GATE
Port:(489.4, 236.6)(495.6, 236.6)(495.6, 330.8)(489.4, 330.8);SD
Module:M16
Boundary:(790.9, 222.3)(790.9, 321.8)(658.9, 321.8)(658.9, 222.3);GATE
Port:(658.9, 235.6)(664.4, 235.6)(664.4, 308.5)(658.9, 308.5);SD
Port:(790.9, 222.3)(790.9, 321.8)(666.2, 321.8)(666.2, 222.3);GATE
Port:(780.1, 228.0)(786.2, 228.0)(786.2, 316.1)(780.1, 316.1);SD
Module:M13
Boundary:(562.5, 10.0)(633.1, 10.0)(633.1, 10.0)(651.1, 10.0)(651.1, 142.0)(562.5, 142.0);GATE
Port:(576.0, 137.9)(637.6, 137.9)(637.6, 142.0)(576.0, 142.0);SD
Port:(562.5, 10.0)(633.1, 10.0)(633.1, 10.0)(651.1, 10.0)(651.1, 136.3)(562.5, 136.3);GATE
Port:(568.3, 14.8)(627.3, 14.8)(627.3, 20.4)(568.3, 20.4);SD
Module:M10
Boundary:(865.6, 10.0)(865.6, 74.0)(865.6, 74.0)(865.6, 89.5)(671.1, 89.5)(671.1, 10.0);GATE
Port:(671.1, 22.7)(675.4, 22.7)(675.4, 76.8)(671.1, 76.8);SD
Port:(865.6, 10.0)(865.6, 74.0)(865.6, 74.0)(865.6, 89.5)(677.0, 89.5)(677.0, 10.0);GATE
Port:(855.0, 16.2)(860.4, 16.2)(860.4, 67.8)(855.0, 67.8);SD
Module:M7
Boundary:(572.5, 172.0)(628.9, 172.0)(628.9, 312.7)(572.5, 312.7);GATE
Port:(583.8, 308.1)(617.6, 308.1)(617.6, 312.7)(583.8, 312.7);SD
Port:(572.5, 172.0)(628.9, 172.0)(628.9, 306.5)(572.5, 306.5);GATE
Port:(578.5, 177.0)(622.9, 177.0)(622.9, 181.8)(578.5, 181.8);SD
Module:M3
Boundary:(207.2, 285.5)(207.2, 331.8)(207.0, 331.8)(207.0, 345.9)(10.0, 345.9)(10.0, 285.5);GATE
Port:(10.0, 298.5)(14.6, 298.5)(14.6, 332.9)(10.0, 332.9);SD
Port:(207.2, 285.5)(207.2, 331.8)(207.0, 331.8)(207.0, 345.9)(16.3, 345.9)(16.3, 285.5);GATE
Port:(195.9, 291.3)(202.4, 291.3)(202.4, 326.0)(195.9, 326.0);SD
Module:M15
Boundary:(10.0, 10.0)(44.5, 10.0)(44.5, 10.0)(60.2, 10.0)(60.2, 233.2)(10.0, 233.2);GATE
Port:(23.5, 228.7)(46.7, 228.7)(46.7, 233.2)(23.5, 233.2);SD
Port:(10.0, 10.0)(44.5, 10.0)(44.5, 10.0)(60.2, 10.0)(60.2, 227.0)(10.0, 227.0);GATE
Port:(16.9, 15.9)(37.6, 15.9)(37.6, 21.1)(16.9, 21.1);SD
Module:M12
Boundary:(810.9, 109.5)(863.1, 109.5)(863.1, 314.1)(810.9, 314.1);GATE
Port:(825.1, 308.2)(848.9, 308.2)(848.9, 314.1)(825.1, 314.1);SD
Port:(810.9, 109.5)(863.1, 109.5)(863.1, 305.8)(810.9, 305.8);GATE
Port:(815.9, 113.5)(858.1, 113.5)(858.1, 120.2)(815.9, 120.2);SD
Module:M8
Boundary:(893.1, 178.9)(958.2, 178.9)(958.2, 178.9)(974.1, 178.9)(974.1, 311.9)(893.1, 311.9);GATE
Port:(906.5, 307.3)(960.7, 307.3)(960.7, 311.9)(906.5, 311.9);SD
Port:(893.1, 178.9)(958.2, 178.9)(958.2, 178.9)(974.1, 178.9)(974.1, 304.6)(893.1, 304.6);GATE
Port:(899.7, 184.5)(951.6, 184.5)(951.6, 189.5)(899.7, 189.5);SD
Module:M4
Boundary:(262.8, 182.5)(375.3, 182.5)(375.3, 337.5)(262.8, 337.5);GATE
Port:(275.3, 332.1)(362.8, 332.1)(362.8, 337.5)(275.3, 337.5);SD
Port:(262.8, 182.5)(375.3, 182.5)(375.3, 329.5)(262.8, 329.5);GATE
Port:(269.6, 188.3)(368.5, 188.3)(368.5, 192.6)(269.6, 192.6);SD
