Area:(-30.0, -30.0)(448.1, -30.0)(448.1, 860.0)(-30.0, 860.0)
Rule:GATE(5,5);SD(5,5);GATE_SD(0.5);GATE_ITO(0.5);SD_ITO(0.5)
Module:M14
Boundary:(162.6, 382.5)(162.6, 467.6)(162.3, 467.6)(162.3, 484.7)(30.0, 484.7)(30.0, 382.5);GATE
Port:(30.0, 395.7)(34.4, 395.7)(34.4, 471.5)(30.0, 471.5);SD
Port:(162.6, 382.5)(162.6, 467.6)(162.3, 467.6)(162.3, 484.7)(36.8, 484.7)(36.8, 382.5);GATE
Port:(152.3, 388.0)(158.1, 388.0)(158.1, 462.1)(152.3, 462.1);SD
Module:M9
Boundary:(388.0, 160.6)(388.0, 238.3)(243.4, 238.3)(243.4, 160.6);GATE
Port:(243.4, 172.7)(249.3, 172.7)(249.3, 226.2)(243.4, 226.2);SD
Port:(388.0, 160.6)(388.0, 238.3)(251.5, 238.3)(251.5, 160.6);GATE
Port:(377.4, 166.0)(383.6, 166.0)(383.6, 232.9)(377.4, 232.9);SD
Module:M5
Boundary:(212.6, 268.3)(282.6, 268.3)(282.6, 435.4)(212.6, 435.4);GATE
Port:(226.2, 430.3)(269.0, 430.3)(269.0, 435.4)(226.2, 435.4);SD
Port:(212.6, 268.3)(282.6, 268.3)(282.6, 428.2)(212.6, 428.2);GATE
Port:(218.0, 272.7)(277.2, 272.7)(277.2, 279.1)(218.0, 279.1);SD
Module:M11
Boundary:(96.9, 10.0)(149.8, 10.0)(149.8, 10.1)(165.5, 10.1)(165.5, 115.5)(96.9, 115.5);GATE
Port:(111.8, 110.0)(150.6, 110.0)(150.6, 115.5)(111.8, 115.5);SD
Port:(96.9, 10.0)(149.8, 10.0)(149.8, 10.1)(165.5, 10.1)(165.5, 107.3)(96.9, 107.3);GATE
Port:(103.4, 15.5)(143.3, 15.5)(143.3, 23.2)(103.4, 23.2);SD
Module:M1
Boundary:(332.6, 416.1)(367.4, 416.1)(367.4, 416.1)(384.8, 416.1)(384.8, 632.6)(332.6, 632.6);GATE
Port:(347.0, 626.7)(370.4, 626.7)(370.4, 632.6)(347.0, 632.6);SD
Port:(332.6, 416.1)(367.4, 416.1)(367.4, 416.1)(384.8, 416.1)(384.8, 625.5)(332.6, 625.5);GATE
Port:(338.3, 420.8)(361.7, 420.8)(361.7, 427.0)(338.3, 427.0);SD
Module:M6
Boundary:(125.3, 250.4)(125.3, 327.7)(125.0, 327.7)(125.0, 342.5)(10.0, 342.5)(10.0, 250.4);GATE
Port:(10.0, 263.1)(15.6, 263.1)(15.6, 329.8)(10.0, 329.8);SD
Port:(125.3, 250.4)(125.3, 327.7)(125.0, 327.7)(125.0, 342.5)(17.1, 342.5)(17.1, 250.4);GATE
Port:(114.6, 256.1)(120.6, 256.1)(120.6, 322.0)(114.6, 322.0);SD
Module:M2
Boundary:(322.6, 268.3)(402.7, 268.3)(402.7, 366.1)(322.6, 366.1);GATE
Port:(334.0, 360.2)(391.3, 360.2)(391.3, 366.1)(334.0, 366.1);SD
Port:(322.6, 268.3)(402.7, 268.3)(402.7, 357.5)(322.6, 357.5);GATE
Port:(327.7, 272.4)(397.6, 272.4)(397.6, 278.1)(327.7, 278.1);SD
Module:M16
Boundary:(215.6, 678.0)(285.6, 678.0)(285.6, 819.1)(215.6, 819.1);GATE
Port:(228.9, 814.4)(272.3, 814.4)(272.3, 819.1)(228.9, 819.1);SD
Port:(215.6, 678.0)(285.6, 678.0)(285.6, 813.0)(215.6, 813.0);GATE
Port:(221.5, 682.9)(279.7, 682.9)(279.7, 687.8)(221.5, 687.8);SD
Module:M13
Boundary:(223.4, 160.6)(223.4, 213.6)(223.2, 213.6)(223.2, 230.4)(96.9, 230.4)(96.9, 160.6);GATE
Port:(96.9, 175.2)(101.6, 175.2)(101.6, 215.8)(96.9, 215.8);SD
Port:(223.4, 160.6)(223.4, 213.6)(223.2, 213.6)(223.2, 230.4)(104.5, 230.4)(104.5, 160.6);GATE
Port:(211.3, 166.7)(218.3, 166.7)(218.3, 207.5)(211.3, 207.5);SD
Module:M10
Boundary:(206.7, 465.4)(287.9, 465.4)(287.9, 658.0)(206.7, 658.0);GATE
Port:(220.3, 652.7)(274.3, 652.7)(274.3, 658.0)(220.3, 658.0);SD
Port:(206.7, 465.4)(287.9, 465.4)(287.9, 651.0)(206.7, 651.0);GATE
Port:(212.3, 470.0)(282.3, 470.0)(282.3, 477.0)(212.3, 477.0);SD
Module:M7
Boundary:(317.9, 682.6)(390.1, 682.6)(390.1, 683.0)(407.9, 683.0)(407.9, 808.8)(317.9, 808.8);GATE
Port:(333.0, 803.9)(392.8, 803.9)(392.8, 808.8)(333.0, 808.8);SD
Port:(317.9, 682.6)(390.1, 682.6)(390.1, 683.0)(407.9, 683.0)(407.9, 802.2)(317.9, 802.2);GATE
Port:(323.5, 687.2)(384.5, 687.2)(384.5, 694.2)(323.5, 694.2);SD
Module:M3
Boundary:(195.6, 724.5)(195.6, 820.0)(10.0, 820.0)(10.0, 724.5);GATE
Port:(10.0, 739.3)(15.8, 739.3)(15.8, 805.2)(10.0, 805.2);SD
Port:(195.6, 724.5)(195.6, 820.0)(18.8, 820.0)(18.8, 724.5);GATE
Port:(184.2, 729.6)(191.5, 729.6)(191.5, 814.9)(184.2, 814.9);SD
Module:M15
Boundary:(10.0, 10.0)(61.0, 10.0)(61.0, 10.2)(76.9, 10.2)(76.9, 196.8)(10.0, 196.8);GATE
Port:(23.6, 191.1)(63.3, 191.1)(63.3, 196.8)(23.6, 196.8);SD
Port:(10.0, 10.0)(61.0, 10.0)(61.0, 10.2)(76.9, 10.2)(76.9, 189.9)(10.0, 189.9);GATE
Port:(16.9, 15.9)(54.1, 15.9)(54.1, 21.6)(16.9, 21.6);SD
Module:M12
Boundary:(174.5, 636.8)(174.5, 704.5)(10.0, 704.5)(10.0, 636.8);GATE
Port:(10.0, 650.0)(14.2, 650.0)(14.2, 691.3)(10.0, 691.3);SD
Port:(174.5, 636.8)(174.5, 704.5)(16.1, 704.5)(16.1, 636.8);GATE
Port:(164.4, 643.4)(168.9, 643.4)(168.9, 697.9)(164.4, 697.9);SD
Module:M8
Boundary:(176.7, 534.7)(176.7, 593.7)(176.4, 593.7)(176.4, 606.8)(20.0, 606.8)(20.0, 534.7);GATE
Port:(20.0, 547.8)(25.2, 547.8)(25.2, 593.7)(20.0, 593.7);SD
Port:(176.7, 534.7)(176.7, 593.7)(176.4, 593.7)(176.4, 606.8)(27.7, 606.8)(27.7, 534.7);GATE
Port:(165.1, 541.0)(171.4, 541.0)(171.4, 587.4)(165.1, 587.4);SD
Module:M4
Boundary:(408.1, 20.0)(408.1, 130.6)(195.5, 130.6)(195.5, 20.0);GATE
Port:(195.5, 34.7)(201.0, 34.7)(201.0, 115.9)(195.5, 115.9);SD
Port:(408.1, 20.0)(408.1, 130.6)(203.1, 130.6)(203.1, 20.0);GATE
Port:(396.4, 26.3)(402.8, 26.3)(402.8, 124.3)(396.4, 124.3);SD
