Area:(-30.0, -30.0)(643.4, -30.0)(643.4, 613.2)(-30.0, 613.2)
Rule:GATE(5,5);SD(5,5);GATE_SD(0.5);GATE_ITO(0.5);SD_ITO(0.5)
Module:M14
Boundary:(570.3, 490.4)(570.3, 537.3)(570.1, 537.3)(570.1, 551.7)(416.7, 551.7)(416.7, 490.4);GATE
Port:(416.7, 503.3)(420.8, 503.3)(420.8, 538.8)(416.7, 538.8);SD
Port:(570.3, 490.4)(570.3, 537.3)(570.1, 537.3)(570.1, 551.7)(422.0, 551.7)(422.0, 490.4);GATE
Port:(559.0, 495.8)(565.9, 495.8)(565.9, 531.9)(559.0, 531.9);SD
Module:M9
Boundary:(234.2, 323.9)(234.2, 432.3)(233.9, 432.3)(233.9, 450.1)(10.0, 450.1)(10.0, 323.9);GATE
Port:(10.0, 338.5)(14.9, 338.5)(14.9, 435.5)(10.0, 435.5);SD
Port:(234.2, 323.9)(234.2, 432.3)(233.9, 432.3)(233.9, 450.1)(16.3, 450.1)(16.3, 323.9);GATE
Port:(222.5, 330.0)(229.1, 330.0)(229.1, 426.2)(222.5, 426.2);SD
Module:M5
Boundary:(405.1, 320.1)(405.1, 420.7)(264.2, 420.7)(264.2, 320.1);GATE
Port:(264.2, 336.9)(268.7, 336.9)(268.7, 403.9)(264.2, 403.9);SD
Port:(405.1, 320.1)(405.1, 420.7)(270.7, 420.7)(270.7, 320.1);GATE
Port:(391.7, 327.0)(399.2, 327.0)(399.2, 413.8)(391.7, 413.8);SD
Module:M11
Boundary:(427.6, 10.0)(477.2, 10.0)(477.2, 10.1)(492.4, 10.1)(492.4, 199.8)(427.6, 199.8);GATE
Port:(441.1, 195.3)(478.9, 195.3)(478.9, 199.8)(441.1, 199.8);SD
Port:(427.6, 10.0)(477.2, 10.0)(477.2, 10.1)(492.4, 10.1)(492.4, 193.5)(427.6, 193.5);GATE
Port:(434.5, 15.9)(470.3, 15.9)(470.3, 21.6)(434.5, 21.6);SD
Module:M1
Boundary:(112.0, 30.0)(149.5, 30.0)(149.5, 30.2)(168.0, 30.2)(168.0, 122.6)(112.0, 122.6);GATE
Port:(127.0, 117.7)(153.0, 117.7)(153.0, 122.6)(127.0, 122.6);SD
Port:(112.0, 30.0)(149.5, 30.0)(149.5, 30.2)(168.0, 30.2)(168.0, 114.8)(112.0, 114.8);GATE
Port:(118.1, 35.1)(143.4, 35.1)(143.4, 41.7)(118.1, 41.7);SD
Module:M6
Boundary:(376.7, 450.7)(376.7, 551.2)(376.5, 551.2)(376.5, 568.3)(254.2, 568.3)(254.2, 450.7);GATE
Port:(254.2, 463.3)(259.8, 463.3)(259.8, 555.7)(254.2, 555.7);SD
Port:(376.7, 450.7)(376.7, 551.2)(376.5, 551.2)(376.5, 568.3)(262.4, 568.3)(262.4, 450.7);GATE
Port:(367.4, 456.1)(372.3, 456.1)(372.3, 545.8)(367.4, 545.8);SD
Module:M2
Boundary:(193.1, 185.1)(193.1, 278.5)(192.7, 278.5)(192.7, 293.9)(20.0, 293.9)(20.0, 185.1);GATE
Port:(20.0, 197.0)(25.1, 197.0)(25.1, 282.0)(20.0, 282.0);SD
Port:(193.1, 185.1)(193.1, 278.5)(192.7, 278.5)(192.7, 293.9)(27.9, 293.9)(27.9, 185.1);GATE
Port:(183.1, 191.4)(187.8, 191.4)(187.8, 272.2)(183.1, 272.2);SD
Module:M16
Boundary:(10.0, 10.0)(57.7, 10.0)(57.7, 10.1)(72.0, 10.1)(72.0, 155.1)(10.0, 155.1);GATE
Port:(23.4, 149.5)(58.6, 149.5)(58.6, 155.1)(23.4, 155.1);SD
Port:(10.0, 10.0)(57.7, 10.0)(57.7, 10.1)(72.0, 10.1)(72.0, 146.6)(10.0, 146.6);GATE
Port:(16.5, 15.5)(51.2, 15.5)(51.2, 21.5)(16.5, 21.5);SD
Module:M13
Boundary:(223.1, 137.4)(274.9, 137.4)(274.9, 137.5)(290.8, 137.5)(290.8, 284.0)(223.1, 284.0);GATE
Port:(237.5, 278.3)(276.4, 278.3)(276.4, 284.0)(237.5, 284.0);SD
Port:(223.1, 137.4)(274.9, 137.4)(274.9, 137.5)(290.8, 137.5)(290.8, 277.1)(223.1, 277.1);GATE
Port:(229.2, 142.5)(268.8, 142.5)(268.8, 149.8)(229.2, 149.8);SD
Module:M10
Boundary:(543.6, 379.7)(543.6, 450.4)(435.1, 450.4)(435.1, 379.7);GATE
Port:(435.1, 391.2)(439.9, 391.2)(439.9, 438.9)(435.1, 438.9);SD
Port:(543.6, 379.7)(543.6, 450.4)(441.8, 450.4)(441.8, 379.7);GATE
Port:(534.2, 385.3)(539.0, 385.3)(539.0, 444.8)(534.2, 444.8);SD
Module:M7
Boundary:(522.4, 20.0)(583.8, 20.0)(583.8, 20.3)(598.7, 20.3)(598.7, 225.4)(522.4, 225.4);GATE
Port:(534.5, 220.7)(586.6, 220.7)(586.6, 225.4)(534.5, 225.4);SD
Port:(522.4, 20.0)(583.8, 20.0)(583.8, 20.3)(598.7, 20.3)(598.7, 218.3)(522.4, 218.3);GATE
Port:(528.0, 24.6)(578.2, 24.6)(578.2, 30.2)(528.0, 30.2);SD
Module:M3
Boundary:(225.9, 470.1)(225.9, 556.2)(225.9, 556.2)(225.9, 573.2)(10.0, 573.2)(10.0, 470.1);GATE
Port:(10.0, 484.1)(14.9, 484.1)(14.9, 559.2)(10.0, 559.2);SD
Port:(225.9, 470.1)(225.9, 556.2)(225.9, 556.2)(225.9, 573.2)(17.3, 573.2)(17.3, 470.1);GATE
Port:(214.9, 476.5)(220.5, 476.5)(220.5, 549.8)(214.9, 549.8);SD
Module:M15
Boundary:(603.4, 255.4)(603.4, 342.3)(603.4, 342.3)(603.4, 359.7)(435.1, 359.7)(435.1, 255.4);GATE
Port:(435.1, 268.8)(439.2, 268.8)(439.2, 346.3)(435.1, 346.3);SD
Port:(603.4, 255.4)(603.4, 342.3)(603.4, 342.3)(603.4, 359.7)(441.8, 359.7)(441.8, 255.4);GATE
Port:(593.1, 262.3)(597.5, 262.3)(597.5, 335.4)(593.1, 335.4);SD
Module:M12
Boundary:(321.2, 10.0)(382.3, 10.0)(382.3, 10.2)(397.1, 10.2)(397.1, 145.3)(321.2, 145.3);GATE
Port:(333.8, 140.4)(384.5, 140.4)(384.5, 145.3)(333.8, 145.3);SD
Port:(321.2, 10.0)(382.3, 10.0)(382.3, 10.2)(397.1, 10.2)(397.1, 138.3)(321.2, 138.3);GATE
Port:(327.1, 14.9)(376.4, 14.9)(376.4, 20.1)(327.1, 20.1);SD
Module:M8
Boundary:(331.2, 175.3)(397.6, 175.3)(397.6, 280.1)(331.2, 280.1);GATE
Port:(344.7, 274.3)(384.1, 274.3)(384.1, 280.1)(344.7, 280.1);SD
Port:(331.2, 175.3)(397.6, 175.3)(397.6, 272.5)(331.2, 272.5);GATE
Port:(336.3, 179.4)(392.5, 179.4)(392.5, 186.3)(336.3, 186.3);SD
Module:M4
Boundary:(291.2, 20.0)(291.2, 107.4)(218.0, 107.4)(218.0, 20.0);GATE
Port:(218.0, 33.3)(223.4, 33.3)(223.4, 94.1)(218.0, 94.1);SD
Port:(291.2, 20.0)(291.2, 107.4)(225.8, 107.4)(225.8, 20.0);GATE
Port:(281.1, 25.1)(287.1, 25.1)(287.1, 102.3)(281.1, 102.3);SD
