Area:(-30.0, -30.0)(1004.9, -30.0)(1004.9, 417.1)(-30.0, 417.1)
Rule:GATE(5,5);SD(5,5);GATE_SD(0.5);GATE_ITO(0.5);SD_ITO(0.5)
Module:M14
Boundary:(540.0, 248.2)(540.0, 331.9)(357.9, 331.9)(357.9, 248.2);GATE
Port:(357.9, 261.1)(363.1, 261.1)(363.1, 319.0)(357.9, 319.0);SD
Port:(540.0, 248.2)(540.0, 331.9)(365.2, 331.9)(365.2, 248.2);GATE
Port:(530.3, 254.0)(535.2, 254.0)(535.2, 326.1)(530.3, 326.1);SD
Module:M9
Boundary:(220.2, 10.0)(318.3, 10.0)(318.3, 141.8)(220.2, 141.8);GATE
Port:(233.9, 137.5)(304.6, 137.5)(304.6, 141.8)(233.9, 141.8);SD
Port:(220.2, 10.0)(318.3, 10.0)(318.3, 135.6)(220.2, 135.6);GATE
Port:(227.2, 16.0)(311.3, 16.0)(311.3, 21.5)(227.2, 21.5);SD
Module:M5
Boundary:(869.9, 20.0)(964.9, 20.0)(964.9, 234.5)(869.9, 234.5);GATE
Port:(883.0, 229.1)(951.8, 229.1)(951.8, 234.5)(883.0, 234.5);SD
Port:(869.9, 20.0)(964.9, 20.0)(964.9, 228.0)(869.9, 228.0);GATE
Port:(875.5, 24.6)(959.3, 24.6)(959.3, 30.8)(875.5, 30.8);SD
Module:M11
Boundary:(701.2, 189.9)(701.2, 243.6)(700.9, 243.6)(700.9, 261.4)(580.7, 261.4)(580.7, 189.9);GATE
Port:(580.7, 204.1)(585.8, 204.1)(585.8, 247.2)(580.7, 247.2);SD
Port:(701.2, 189.9)(701.2, 243.6)(700.9, 243.6)(700.9, 261.4)(588.2, 261.4)(588.2, 189.9);GATE
Port:(689.7, 196.4)(695.7, 196.4)(695.7, 237.1)(689.7, 237.1);SD
Module:M1
Boundary:(240.8, 181.8)(294.9, 181.8)(294.9, 281.5)(240.8, 281.5);GATE
Port:(255.2, 276.4)(280.5, 276.4)(280.5, 281.5)(255.2, 281.5);SD
Port:(240.8, 181.8)(294.9, 181.8)(294.9, 273.5)(240.8, 273.5);GATE
Port:(246.7, 186.7)(289.0, 186.7)(289.0, 193.2)(246.7, 193.2);SD
Module:M6
Boundary:(10.0, 10.0)(66.7, 10.0)(66.7, 10.0)(85.1, 10.0)(85.1, 145.7)(10.0, 145.7);GATE
Port:(25.3, 140.3)(69.8, 140.3)(69.8, 145.7)(25.3, 145.7);SD
Port:(10.0, 10.0)(66.7, 10.0)(66.7, 10.0)(85.1, 10.0)(85.1, 137.4)(10.0, 137.4);GATE
Port:(16.5, 15.5)(60.2, 15.5)(60.2, 22.0)(16.5, 22.0);SD
Module:M2
Boundary:(590.7, 20.0)(692.0, 20.0)(692.0, 159.9)(590.7, 159.9);GATE
Port:(605.2, 155.2)(677.5, 155.2)(677.5, 159.9)(605.2, 159.9);SD
Port:(590.7, 20.0)(692.0, 20.0)(692.0, 154.0)(590.7, 154.0);GATE
Port:(596.6, 24.9)(686.1, 24.9)(686.1, 31.3)(596.6, 31.3);SD
Module:M16
Boundary:(789.9, 281.4)(789.9, 364.0)(580.0, 364.0)(580.0, 281.4);GATE
Port:(580.0, 295.4)(584.9, 295.4)(584.9, 350.0)(580.0, 350.0);SD
Port:(789.9, 281.4)(789.9, 364.0)(586.3, 364.0)(586.3, 281.4);GATE
Port:(779.2, 288.0)(784.3, 288.0)(784.3, 357.4)(779.2, 357.4);SD
Module:M13
Boundary:(338.3, 10.0)(444.1, 10.0)(444.1, 10.3)(461.3, 10.3)(461.3, 208.2)(338.3, 208.2);GATE
Port:(353.6, 203.7)(446.0, 203.7)(446.0, 208.2)(353.6, 208.2);SD
Port:(338.3, 10.0)(444.1, 10.0)(444.1, 10.3)(461.3, 10.3)(461.3, 202.2)(338.3, 202.2);GATE
Port:(344.8, 15.5)(437.6, 15.5)(437.6, 22.2)(344.8, 22.2);SD
Module:M10
Boundary:(200.2, 10.0)(200.2, 90.5)(105.1, 90.5)(105.1, 10.0);GATE
Port:(105.1, 23.0)(110.3, 23.0)(110.3, 77.5)(105.1, 77.5);SD
Port:(200.2, 10.0)(200.2, 90.5)(112.1, 90.5)(112.1, 10.0);GATE
Port:(189.7, 15.1)(196.1, 15.1)(196.1, 85.4)(189.7, 85.4);SD
Module:M7
Boundary:(190.8, 175.7)(190.8, 256.1)(190.4, 256.1)(190.4, 271.7)(20.0, 271.7)(20.0, 175.7);GATE
Port:(20.0, 188.8)(24.7, 188.8)(24.7, 258.6)(20.0, 258.6);SD
Port:(190.8, 175.7)(190.8, 256.1)(190.4, 256.1)(190.4, 271.7)(27.2, 271.7)(27.2, 175.7);GATE
Port:(179.8, 181.2)(186.3, 181.2)(186.3, 250.6)(179.8, 250.6);SD
Module:M3
Boundary:(128.9, 301.7)(128.9, 358.3)(128.7, 358.3)(128.7, 377.1)(10.0, 377.1)(10.0, 301.7);GATE
Port:(10.0, 317.0)(15.4, 317.0)(15.4, 361.8)(10.0, 361.8);SD
Port:(128.9, 301.7)(128.9, 358.3)(128.7, 358.3)(128.7, 377.1)(17.6, 377.1)(17.6, 301.7);GATE
Port:(117.0, 307.9)(123.7, 307.9)(123.7, 352.1)(117.0, 352.1);SD
Module:M15
Boundary:(964.1, 264.5)(964.1, 347.9)(964.0, 347.9)(964.0, 363.9)(809.9, 363.9)(809.9, 264.5);GATE
Port:(809.9, 278.2)(815.6, 278.2)(815.6, 350.2)(809.9, 350.2);SD
Port:(964.1, 264.5)(964.1, 347.9)(964.0, 347.9)(964.0, 363.9)(816.9, 363.9)(816.9, 264.5);GATE
Port:(952.7, 270.6)(959.0, 270.6)(959.0, 341.8)(952.7, 341.8);SD
Module:M12
Boundary:(317.9, 321.5)(317.9, 359.3)(317.8, 359.3)(317.8, 376.9)(148.9, 376.9)(148.9, 321.5);GATE
Port:(148.9, 337.2)(154.7, 337.2)(154.7, 361.2)(148.9, 361.2);SD
Port:(317.9, 321.5)(317.9, 359.3)(317.8, 359.3)(317.8, 376.9)(156.3, 376.9)(156.3, 321.5);GATE
Port:(305.6, 328.5)(311.9, 328.5)(311.9, 352.3)(305.6, 352.3);SD
Module:M8
Boundary:(732.0, 20.0)(829.9, 20.0)(829.9, 226.4)(732.0, 226.4);GATE
Port:(746.5, 222.1)(815.4, 222.1)(815.4, 226.4)(746.5, 226.4);SD
Port:(732.0, 20.0)(829.9, 20.0)(829.9, 219.7)(732.0, 219.7);GATE
Port:(738.3, 25.3)(823.6, 25.3)(823.6, 32.3)(738.3, 32.3);SD
Module:M4
Boundary:(491.3, 20.0)(537.2, 20.0)(537.2, 20.2)(550.7, 20.2)(550.7, 176.0)(491.3, 176.0);GATE
Port:(504.2, 171.0)(537.8, 171.0)(537.8, 176.0)(504.2, 176.0);SD
Port:(491.3, 20.0)(537.2, 20.0)(537.2, 20.2)(550.7, 20.2)(550.7, 169.6)(491.3, 169.6);GATE
Port:(497.8, 25.5)(530.7, 25.5)(530.7, 31.4)(497.8, 31.4);SD
