Area:(-30.0, -30.0)(393.2, -30.0)(393.2, 1116.0)(-30.0, 1116.0)
Rule:GATE(5,5);SD(5,5);GATE_SD(0.5);GATE_ITO(0.5);SD_ITO(0.5)
Module:M14
Boundary:(90.6, 218.8)(170.6, 218.8)(170.6, 219.0)(186.3, 219.0)(186.3, 368.5)(90.6, 368.5);GATE
Port:(103.7, 363.8)(173.2, 363.8)(173.2, 368.5)(103.7, 368.5);SD
Port:(90.6, 218.8)(170.6, 218.8)(170.6, 219.0)(186.3, 219.0)(186.3, 360.8)(90.6, 360.8);GATE
Port:(97.5, 224.7)(163.7, 224.7)(163.7, 228.9)(97.5, 228.9);SD
Module:M9
Boundary:(238.6, 10.0)(238.6, 93.1)(70.6, 93.1)(70.6, 10.0);GATE
Port:(70.6, 23.1)(76.4, 23.1)(76.4, 80.0)(70.6, 80.0);SD
Port:(238.6, 10.0)(238.6, 93.1)(78.2, 93.1)(78.2, 10.0);GATE
Port:(227.6, 15.4)(234.2, 15.4)(234.2, 87.7)(227.6, 87.7);SD
Module:M5
Boundary:(236.3, 210.0)(328.6, 210.0)(328.6, 210.3)(343.4, 210.3)(343.4, 405.4)(236.3, 405.4);GATE
Port:(249.4, 401.1)(330.3, 401.1)(330.3, 405.4)(249.4, 405.4);SD
Port:(236.3, 210.0)(328.6, 210.0)(328.6, 210.3)(343.4, 210.3)(343.4, 398.7)(236.3, 398.7);GATE
Port:(242.9, 215.6)(322.0, 215.6)(322.0, 221.3)(242.9, 221.3);SD
Module:M11
Boundary:(324.9, 959.2)(324.9, 1076.0)(179.7, 1076.0)(179.7, 959.2);GATE
Port:(179.7, 972.2)(185.2, 972.2)(185.2, 1063.0)(179.7, 1063.0);SD
Port:(324.9, 959.2)(324.9, 1076.0)(187.4, 1076.0)(187.4, 959.2);GATE
Port:(314.6, 964.8)(320.3, 964.8)(320.3, 1070.4)(314.6, 1070.4);SD
Module:M1
Boundary:(90.6, 428.5)(124.3, 428.5)(124.3, 428.6)(140.1, 428.6)(140.1, 541.7)(90.6, 541.7);GATE
Port:(103.6, 536.4)(127.1, 536.4)(127.1, 541.7)(103.6, 541.7);SD
Port:(90.6, 428.5)(124.3, 428.5)(124.3, 428.6)(140.1, 428.6)(140.1, 535.1)(90.6, 535.1);GATE
Port:(96.0, 432.9)(118.9, 432.9)(118.9, 439.6)(96.0, 439.6);SD
Module:M6
Boundary:(258.6, 10.0)(353.2, 10.0)(353.2, 180.0)(258.6, 180.0);GATE
Port:(271.8, 174.9)(340.0, 174.9)(340.0, 180.0)(271.8, 180.0);SD
Port:(258.6, 10.0)(353.2, 10.0)(353.2, 173.4)(258.6, 173.4);GATE
Port:(264.4, 14.8)(347.4, 14.8)(347.4, 21.5)(264.4, 21.5);SD
Module:M2
Boundary:(235.9, 708.6)(316.9, 708.6)(316.9, 708.7)(332.6, 708.7)(332.6, 929.2)(235.9, 929.2);GATE
Port:(249.5, 925.0)(319.0, 925.0)(319.0, 929.2)(249.5, 929.2);SD
Port:(235.9, 708.6)(316.9, 708.6)(316.9, 708.7)(332.6, 708.7)(332.6, 923.0)(235.9, 923.0);GATE
Port:(242.6, 714.3)(310.2, 714.3)(310.2, 720.0)(242.6, 720.0);SD
Module:M16
Boundary:(10.0, 10.0)(50.6, 10.0)(50.6, 145.9)(10.0, 145.9);GATE
Port:(20.3, 140.5)(40.3, 140.5)(40.3, 145.9)(20.3, 145.9);SD
Port:(10.0, 10.0)(50.6, 10.0)(50.6, 138.1)(10.0, 138.1);GATE
Port:(15.2, 14.2)(45.4, 14.2)(45.4, 18.2)(15.2, 18.2);SD
Module:M13
Boundary:(228.9, 113.1)(228.9, 163.0)(228.8, 163.0)(228.8, 178.8)(70.6, 178.8)(70.6, 113.1);GATE
Port:(70.6, 126.2)(75.6, 126.2)(75.6, 165.7)(70.6, 165.7);SD
Port:(228.9, 113.1)(228.9, 163.0)(228.8, 163.0)(228.8, 178.8)(77.3, 178.8)(77.3, 113.1);GATE
Port:(217.4, 119.3)(223.7, 119.3)(223.7, 156.8)(217.4, 156.8);SD
Module:M10
Boundary:(120.6, 790.6)(204.1, 790.6)(204.1, 908.3)(120.6, 908.3);GATE
Port:(134.2, 903.9)(190.5, 903.9)(190.5, 908.3)(134.2, 908.3);SD
Port:(120.6, 790.6)(204.1, 790.6)(204.1, 902.0)(120.6, 902.0);GATE
Port:(125.7, 794.7)(199.0, 794.7)(199.0, 800.9)(125.7, 800.9);SD
Module:M7
Boundary:(190.1, 445.4)(242.3, 445.4)(242.3, 445.5)(259.9, 445.5)(259.9, 560.4)(190.1, 560.4);GATE
Port:(203.6, 555.0)(246.4, 555.0)(246.4, 560.4)(203.6, 560.4);SD
Port:(190.1, 445.4)(242.3, 445.4)(242.3, 445.5)(259.9, 445.5)(259.9, 552.7)(190.1, 552.7);GATE
Port:(196.1, 450.4)(236.3, 450.4)(236.3, 456.3)(196.1, 456.3);SD
Module:M3
Boundary:(205.9, 698.6)(205.9, 757.4)(205.6, 757.4)(205.6, 770.6)(70.6, 770.6)(70.6, 698.6);GATE
Port:(70.6, 711.6)(76.0, 711.6)(76.0, 757.6)(70.6, 757.6);SD
Port:(205.9, 698.6)(205.9, 757.4)(205.6, 757.4)(205.6, 770.6)(78.7, 770.6)(78.7, 698.6);GATE
Port:(194.5, 704.5)(201.0, 704.5)(201.0, 751.5)(194.5, 751.5);SD
Module:M15
Boundary:(289.9, 435.4)(351.3, 435.4)(351.3, 557.0)(289.9, 557.0);GATE
Port:(302.4, 551.3)(338.8, 551.3)(338.8, 557.0)(302.4, 557.0);SD
Port:(289.9, 435.4)(351.3, 435.4)(351.3, 549.4)(289.9, 549.4);GATE
Port:(295.6, 440.1)(345.6, 440.1)(345.6, 446.0)(295.6, 446.0);SD
Module:M12
Boundary:(10.0, 790.6)(100.6, 790.6)(100.6, 935.0)(10.0, 935.0);GATE
Port:(25.3, 930.2)(85.3, 930.2)(85.3, 935.0)(25.3, 935.0);SD
Port:(10.0, 790.6)(100.6, 790.6)(100.6, 929.2)(10.0, 929.2);GATE
Port:(16.5, 796.1)(94.1, 796.1)(94.1, 802.5)(16.5, 802.5);SD
Module:M8
Boundary:(292.1, 600.4)(292.1, 651.8)(292.0, 651.8)(292.0, 668.6)(80.6, 668.6)(80.6, 600.4);GATE
Port:(80.6, 614.2)(85.6, 614.2)(85.6, 654.8)(80.6, 654.8);SD
Port:(292.1, 600.4)(292.1, 651.8)(292.0, 651.8)(292.0, 668.6)(87.5, 668.6)(87.5, 600.4);GATE
Port:(281.1, 606.4)(287.1, 606.4)(287.1, 645.8)(281.1, 645.8);SD
Module:M4
Boundary:(20.0, 965.0)(131.0, 965.0)(131.0, 965.4)(149.7, 965.4)(149.7, 1065.1)(20.0, 1065.1);GATE
Port:(34.1, 1060.2)(135.6, 1060.2)(135.6, 1065.1)(34.1, 1065.1);SD
Port:(20.0, 965.0)(131.0, 965.0)(131.0, 965.4)(149.7, 965.4)(149.7, 1058.9)(20.0, 1058.9);GATE
Port:(25.9, 969.9)(125.1, 969.9)(125.1, 976.0)(25.9, 976.0);SD
