Area:(-30.0, -20.0)(637.6, -20.0)(637.6, 633.5)(-30.0, 633.5)
Rule:GATE(5,5);SD(5,5);GATE_SD(0.5);GATE_ITO(0.5);SD_ITO(0.5)
Module:M14
Boundary:(30.0, 30.0)(125.7, 30.0)(125.7, 234.5)(30.0, 234.5);GATE
Port:(42.8, 229.1)(112.9, 229.1)(112.9, 234.5)(42.8, 234.5);SD
Port:(30.0, 30.0)(125.7, 30.0)(125.7, 228.1)(30.0, 228.1);GATE
Port:(36.2, 35.2)(119.5, 35.2)(119.5, 41.2)(36.2, 41.2);SD
Module:M9
Boundary:(216.5, 498.4)(216.5, 575.2)(216.4, 575.2)(216.4, 589.6)(10.0, 589.6)(10.0, 498.4);GATE
Port:(10.0, 511.8)(15.8, 511.8)(15.8, 576.2)(10.0, 576.2);SD
Port:(216.5, 498.4)(216.5, 575.2)(216.4, 575.2)(216.4, 589.6)(17.6, 589.6)(17.6, 498.4);GATE
Port:(205.4, 505.2)(210.7, 505.2)(210.7, 568.4)(205.4, 568.4);SD
Module:M5
Boundary:(261.2, 353.7)(345.4, 353.7)(345.4, 458.4)(261.2, 458.4);GATE
Port:(275.7, 453.5)(330.9, 453.5)(330.9, 458.4)(275.7, 458.4);SD
Port:(261.2, 353.7)(345.4, 353.7)(345.4, 452.5)(261.2, 452.5);GATE
Port:(267.5, 359.0)(339.1, 359.0)(339.1, 366.0)(267.5, 366.0);SD
Module:M11
Boundary:(496.4, 522.8)(496.4, 572.0)(496.3, 572.0)(496.3, 587.5)(375.4, 587.5)(375.4, 522.8);GATE
Port:(375.4, 536.0)(380.2, 536.0)(380.2, 574.3)(375.4, 574.3);SD
Port:(496.4, 522.8)(496.4, 572.0)(496.3, 572.0)(496.3, 587.5)(381.8, 587.5)(381.8, 522.8);GATE
Port:(485.0, 528.9)(491.3, 528.9)(491.3, 565.9)(485.0, 565.9);SD
Module:M1
Boundary:(386.7, 141.3)(386.7, 189.8)(386.4, 189.8)(386.4, 205.8)(185.7, 205.8)(185.7, 141.3);GATE
Port:(185.7, 154.2)(190.9, 154.2)(190.9, 192.9)(185.7, 192.9);SD
Port:(386.7, 141.3)(386.7, 189.8)(386.4, 189.8)(386.4, 205.8)(192.5, 205.8)(192.5, 141.3);GATE
Port:(376.9, 146.4)(382.6, 146.4)(382.6, 184.7)(376.9, 184.7);SD
Module:M6
Boundary:(10.0, 343.8)(102.6, 343.8)(102.6, 343.9)(121.9, 343.9)(121.9, 478.4)(10.0, 478.4);GATE
Port:(23.6, 473.9)(108.3, 473.9)(108.3, 478.4)(23.6, 478.4);SD
Port:(10.0, 343.8)(102.6, 343.8)(102.6, 343.9)(121.9, 343.9)(121.9, 472.6)(10.0, 472.6);GATE
Port:(15.1, 347.9)(97.5, 347.9)(97.5, 354.0)(15.1, 354.0);SD
Module:M2
Boundary:(575.3, 277.4)(575.3, 348.4)(385.4, 348.4)(385.4, 277.4);GATE
Port:(385.4, 293.4)(389.9, 293.4)(389.9, 332.4)(385.4, 332.4);SD
Port:(575.3, 277.4)(575.3, 348.4)(392.7, 348.4)(392.7, 277.4);GATE
Port:(561.6, 284.4)(569.3, 284.4)(569.3, 341.4)(561.6, 341.4);SD
Module:M16
Boundary:(355.0, 245.8)(355.0, 308.1)(354.8, 308.1)(354.8, 323.7)(165.7, 323.7)(165.7, 245.8);GATE
Port:(165.7, 257.9)(171.2, 257.9)(171.2, 311.6)(165.7, 311.6);SD
Port:(355.0, 245.8)(355.0, 308.1)(354.8, 308.1)(354.8, 323.7)(173.4, 323.7)(173.4, 245.8);GATE
Port:(344.8, 251.1)(350.7, 251.1)(350.7, 302.8)(344.8, 302.8);SD
Module:M13
Boundary:(520.2, 378.4)(582.6, 378.4)(582.6, 378.5)(597.6, 378.5)(597.6, 593.5)(520.2, 593.5);GATE
Port:(533.0, 589.0)(584.8, 589.0)(584.8, 593.5)(533.0, 593.5);SD
Port:(520.2, 378.4)(582.6, 378.4)(582.6, 378.5)(597.6, 378.5)(597.6, 586.7)(520.2, 586.7);GATE
Port:(526.4, 383.6)(576.4, 383.6)(576.4, 388.6)(526.4, 388.6);SD
Module:M10
Boundary:(500.2, 378.4)(500.2, 485.4)(500.0, 485.4)(500.0, 502.8)(375.4, 502.8)(375.4, 378.4);GATE
Port:(375.4, 393.1)(381.1, 393.1)(381.1, 488.1)(375.4, 488.1);SD
Port:(500.2, 378.4)(500.2, 485.4)(500.0, 485.4)(500.0, 502.8)(383.7, 502.8)(383.7, 378.4);GATE
Port:(488.0, 385.3)(494.3, 385.3)(494.3, 478.5)(488.0, 478.5);SD
Module:M7
Boundary:(590.8, 20.0)(590.8, 142.1)(443.8, 142.1)(443.8, 20.0);GATE
Port:(443.8, 33.2)(448.9, 33.2)(448.9, 128.9)(443.8, 128.9);SD
Port:(590.8, 20.0)(590.8, 142.1)(450.0, 142.1)(450.0, 20.0);GATE
Port:(580.3, 25.7)(586.1, 25.7)(586.1, 136.4)(580.3, 136.4);SD
Module:M3
Boundary:(231.2, 343.7)(231.2, 427.3)(230.9, 427.3)(230.9, 443.9)(141.9, 443.9)(141.9, 343.7);GATE
Port:(141.9, 356.7)(146.1, 356.7)(146.1, 430.9)(141.9, 430.9);SD
Port:(231.2, 343.7)(231.2, 427.3)(230.9, 427.3)(230.9, 443.9)(147.5, 443.9)(147.5, 343.7);GATE
Port:(221.0, 348.8)(227.1, 348.8)(227.1, 422.2)(221.0, 422.2);SD
Module:M15
Boundary:(594.9, 172.1)(594.9, 247.4)(426.7, 247.4)(426.7, 172.1);GATE
Port:(426.7, 185.0)(431.0, 185.0)(431.0, 234.5)(426.7, 234.5);SD
Port:(594.9, 172.1)(594.9, 247.4)(432.6, 247.4)(432.6, 172.1);GATE
Port:(583.7, 179.0)(589.0, 179.0)(589.0, 240.5)(583.7, 240.5);SD
Module:M12
Boundary:(100.3, 274.5)(100.3, 323.8)(10.0, 323.8)(10.0, 274.5);GATE
Port:(10.0, 287.7)(14.4, 287.7)(14.4, 310.6)(10.0, 310.6);SD
Port:(100.3, 274.5)(100.3, 323.8)(15.6, 323.8)(15.6, 274.5);GATE
Port:(89.6, 281.1)(94.7, 281.1)(94.7, 317.2)(89.6, 317.2);SD
Module:M8
Boundary:(403.8, 20.0)(403.8, 91.3)(175.7, 91.3)(175.7, 20.0);GATE
Port:(175.7, 35.2)(181.2, 35.2)(181.2, 76.1)(175.7, 76.1);SD
Port:(403.8, 20.0)(403.8, 91.3)(184.0, 91.3)(184.0, 20.0);GATE
Port:(391.8, 25.8)(399.0, 25.8)(399.0, 85.5)(391.8, 85.5);SD
Module:M4
Boundary:(246.5, 498.4)(329.3, 498.4)(329.3, 498.8)(345.4, 498.8)(345.4, 581.8)(246.5, 581.8);GATE
Port:(259.8, 576.8)(332.1, 576.8)(332.1, 581.8)(259.8, 581.8);SD
Port:(246.5, 498.4)(329.3, 498.4)(329.3, 498.8)(345.4, 498.8)(345.4, 573.9)(246.5, 573.9);GATE
Port:(252.4, 503.3)(323.4, 503.3)(323.4, 509.3)(252.4, 509.3);SD
