Area:(-30.0, -30.0)(712.3, -30.0)(712.3, 562.0)(-30.0, 562.0)
Rule:GATE(5,5);SD(5,5);GATE_SD(0.5);GATE_ITO(0.5);SD_ITO(0.5)
Module:M14
Boundary:(212.6, 428.6)(277.5, 428.6)(277.5, 428.6)(292.8, 428.6)(292.8, 499.5)(212.6, 499.5);GATE
Port:(226.2, 495.4)(279.2, 495.4)(279.2, 499.5)(226.2, 499.5);SD
Port:(212.6, 428.6)(277.5, 428.6)(277.5, 428.6)(292.8, 428.6)(292.8, 494.0)(212.6, 494.0);GATE
Port:(218.1, 433.1)(272.0, 433.1)(272.0, 440.3)(218.1, 440.3);SD
Module:M9
Boundary:(356.1, 10.0)(391.3, 10.0)(391.3, 10.1)(407.2, 10.1)(407.2, 152.3)(356.1, 152.3);GATE
Port:(370.7, 146.7)(392.6, 146.7)(392.6, 152.3)(370.7, 152.3);SD
Port:(356.1, 10.0)(391.3, 10.0)(391.3, 10.1)(407.2, 10.1)(407.2, 144.0)(356.1, 144.0);GATE
Port:(363.1, 16.0)(384.3, 16.0)(384.3, 21.2)(363.1, 21.2);SD
Module:M5
Boundary:(227.4, 20.0)(326.1, 20.0)(326.1, 123.2)(227.4, 123.2);GATE
Port:(240.8, 118.1)(312.7, 118.1)(312.7, 123.2)(240.8, 123.2);SD
Port:(227.4, 20.0)(326.1, 20.0)(326.1, 115.5)(227.4, 115.5);GATE
Port:(233.0, 24.6)(320.5, 24.6)(320.5, 31.8)(233.0, 31.8);SD
Module:M11
Boundary:(538.0, 10.0)(647.8, 10.0)(647.8, 10.4)(665.6, 10.4)(665.6, 175.9)(538.0, 175.9);GATE
Port:(554.1, 171.3)(649.5, 171.3)(649.5, 175.9)(554.1, 175.9);SD
Port:(538.0, 10.0)(647.8, 10.0)(647.8, 10.4)(665.6, 10.4)(665.6, 168.7)(538.0, 168.7);GATE
Port:(544.5, 15.5)(641.3, 15.5)(641.3, 22.8)(544.5, 22.8);SD
Module:M1
Boundary:(558.0, 215.9)(641.8, 215.9)(641.8, 216.0)(657.8, 216.0)(657.8, 338.2)(558.0, 338.2);GATE
Port:(572.4, 333.0)(643.4, 333.0)(643.4, 338.2)(572.4, 338.2);SD
Port:(558.0, 215.9)(641.8, 215.9)(641.8, 216.0)(657.8, 216.0)(657.8, 330.7)(558.0, 330.7);GATE
Port:(564.6, 221.5)(635.2, 221.5)(635.2, 227.5)(564.6, 227.5);SD
Module:M6
Boundary:(10.0, 10.0)(56.9, 10.0)(56.9, 182.2)(10.0, 182.2);GATE
Port:(21.8, 177.3)(45.1, 177.3)(45.1, 182.2)(21.8, 182.2);SD
Port:(10.0, 10.0)(56.9, 10.0)(56.9, 174.8)(10.0, 174.8);GATE
Port:(15.3, 14.3)(51.6, 14.3)(51.6, 18.9)(15.3, 18.9);SD
Module:M2
Boundary:(86.9, 20.0)(171.6, 20.0)(171.6, 20.2)(187.4, 20.2)(187.4, 244.0)(86.9, 244.0);GATE
Port:(101.8, 239.5)(172.5, 239.5)(172.5, 244.0)(101.8, 244.0);SD
Port:(86.9, 20.0)(171.6, 20.0)(171.6, 20.2)(187.4, 20.2)(187.4, 238.0)(86.9, 238.0);GATE
Port:(93.4, 25.5)(165.1, 25.5)(165.1, 33.1)(93.4, 33.1);SD
Module:M16
Boundary:(420.3, 211.7)(501.0, 211.7)(501.0, 211.9)(516.8, 211.9)(516.8, 387.6)(420.3, 387.6);GATE
Port:(433.3, 383.2)(503.8, 383.2)(503.8, 387.6)(433.3, 387.6);SD
Port:(420.3, 211.7)(501.0, 211.7)(501.0, 211.9)(516.8, 211.9)(516.8, 380.7)(420.3, 380.7);GATE
Port:(425.5, 215.9)(495.8, 215.9)(495.8, 222.2)(425.5, 222.2);SD
Module:M13
Boundary:(427.2, 10.0)(500.7, 10.0)(500.7, 10.4)(518.0, 10.4)(518.0, 191.7)(427.2, 191.7);GATE
Port:(443.5, 185.8)(501.7, 185.8)(501.7, 191.7)(443.5, 191.7);SD
Port:(427.2, 10.0)(500.7, 10.0)(500.7, 10.4)(518.0, 10.4)(518.0, 183.9)(427.2, 183.9);GATE
Port:(434.2, 16.0)(493.7, 16.0)(493.7, 23.2)(434.2, 23.2);SD
Module:M10
Boundary:(172.6, 408.6)(172.6, 485.3)(172.5, 485.3)(172.5, 504.5)(10.0, 504.5)(10.0, 408.6);GATE
Port:(10.0, 423.9)(14.3, 423.9)(14.3, 489.2)(10.0, 489.2);SD
Port:(172.6, 408.6)(172.6, 485.3)(172.5, 485.3)(172.5, 504.5)(16.3, 504.5)(16.3, 408.6);GATE
Port:(160.6, 415.6)(166.6, 415.6)(166.6, 478.3)(160.6, 478.3);SD
Module:M7
Boundary:(227.4, 260.0)(305.0, 260.0)(305.0, 376.4)(227.4, 376.4);GATE
Port:(240.2, 372.4)(292.2, 372.4)(292.2, 376.4)(240.2, 376.4);SD
Port:(227.4, 260.0)(305.0, 260.0)(305.0, 370.2)(227.4, 370.2);GATE
Port:(233.7, 265.3)(298.7, 265.3)(298.7, 270.8)(233.7, 270.8);SD
Module:M3
Boundary:(189.5, 274.0)(189.5, 388.6)(10.0, 388.6)(10.0, 274.0);GATE
Port:(10.0, 286.9)(14.9, 286.9)(14.9, 375.7)(10.0, 375.7);SD
Port:(189.5, 274.0)(189.5, 388.6)(16.7, 388.6)(16.7, 274.0);GATE
Port:(179.5, 279.0)(185.5, 279.0)(185.5, 383.6)(179.5, 383.6);SD
Module:M15
Boundary:(564.7, 378.2)(657.4, 378.2)(657.4, 378.5)(672.3, 378.5)(672.3, 522.0)(564.7, 522.0);GATE
Port:(577.6, 517.2)(659.4, 517.2)(659.4, 522.0)(577.6, 522.0);SD
Port:(564.7, 378.2)(657.4, 378.2)(657.4, 378.5)(672.3, 378.5)(672.3, 514.2)(564.7, 514.2);GATE
Port:(571.0, 383.5)(651.1, 383.5)(651.1, 389.1)(571.0, 389.1);SD
Module:M12
Boundary:(217.4, 153.2)(286.3, 153.2)(286.3, 230.0)(217.4, 230.0);GATE
Port:(232.0, 225.0)(271.7, 225.0)(271.7, 230.0)(232.0, 230.0);SD
Port:(217.4, 153.2)(286.3, 153.2)(286.3, 223.0)(217.4, 223.0);GATE
Port:(224.3, 159.1)(279.4, 159.1)(279.4, 165.1)(224.3, 165.1);SD
Module:M8
Boundary:(534.7, 417.6)(534.7, 497.4)(534.3, 497.4)(534.3, 510.3)(342.8, 510.3)(342.8, 417.6);GATE
Port:(342.8, 428.7)(347.7, 428.7)(347.7, 499.2)(342.8, 499.2);SD
Port:(534.7, 417.6)(534.7, 497.4)(534.3, 497.4)(534.3, 510.3)(349.9, 510.3)(349.9, 417.6);GATE
Port:(525.5, 423.1)(530.2, 423.1)(530.2, 491.9)(525.5, 491.9);SD
Module:M4
Boundary:(345.0, 182.3)(375.3, 182.3)(375.3, 182.4)(390.3, 182.4)(390.3, 362.7)(345.0, 362.7);GATE
Port:(356.8, 357.3)(378.5, 357.3)(378.5, 362.7)(356.8, 362.7);SD
Port:(345.0, 182.3)(375.3, 182.3)(375.3, 182.4)(390.3, 182.4)(390.3, 355.7)(345.0, 355.7);GATE
Port:(350.2, 186.5)(370.1, 186.5)(370.1, 192.0)(350.2, 192.0);SD
