Area:(-30.0, -30.0)(966.6, -30.0)(966.6, 388.8)(-30.0, 388.8)
Rule:GATE(5,5);SD(5,5);GATE_SD(0.5);GATE_ITO(0.5);SD_ITO(0.5)
Module:M14
Boundary:(581.1, 226.3)(581.1, 309.6)(446.9, 309.6)(446.9, 226.3);GATE
Port:(446.9, 240.0)(451.7, 240.0)(451.7, 295.9)(446.9, 295.9);SD
Port:(581.1, 226.3)(581.1, 309.6)(454.4, 309.6)(454.4, 226.3);GATE
Port:(570.8, 233.1)(575.3, 233.1)(575.3, 302.8)(570.8, 302.8);SD
Module:M9
Boundary:(837.1, 244.2)(837.1, 347.6)(621.1, 347.6)(621.1, 244.2);GATE
Port:(621.1, 258.1)(626.3, 258.1)(626.3, 333.7)(621.1, 333.7);SD
Port:(837.1, 244.2)(837.1, 347.6)(629.0, 347.6)(629.0, 244.2);GATE
Port:(826.5, 250.7)(831.6, 250.7)(831.6, 341.1)(826.5, 341.1);SD
Module:M5
Boundary:(256.5, 127.2)(256.5, 218.9)(172.4, 218.9)(172.4, 127.2);GATE
Port:(172.4, 139.9)(177.7, 139.9)(177.7, 206.2)(172.4, 206.2);SD
Port:(256.5, 127.2)(256.5, 218.9)(179.5, 218.9)(179.5, 127.2);GATE
Port:(245.5, 133.1)(251.6, 133.1)(251.6, 213.0)(245.5, 213.0);SD
Module:M11
Boundary:(385.7, 10.0)(418.4, 10.0)(418.4, 10.1)(433.7, 10.1)(433.7, 175.0)(385.7, 175.0);GATE
Port:(398.4, 169.6)(421.0, 169.6)(421.0, 175.0)(398.4, 175.0);SD
Port:(385.7, 10.0)(418.4, 10.0)(418.4, 10.1)(433.7, 10.1)(433.7, 168.4)(385.7, 168.4);GATE
Port:(392.5, 15.8)(411.6, 15.8)(411.6, 20.5)(392.5, 20.5);SD
Module:M1
Boundary:(473.7, 30.0)(584.8, 30.0)(584.8, 166.3)(473.7, 166.3);GATE
Port:(489.3, 160.4)(569.2, 160.4)(569.2, 166.3)(489.3, 166.3);SD
Port:(473.7, 30.0)(584.8, 30.0)(584.8, 158.0)(473.7, 158.0);GATE
Port:(480.5, 35.8)(578.0, 35.8)(578.0, 42.5)(480.5, 42.5);SD
Module:M6
Boundary:(926.6, 108.4)(926.6, 178.9)(791.4, 178.9)(791.4, 108.4);GATE
Port:(791.4, 120.4)(797.3, 120.4)(797.3, 166.9)(791.4, 166.9);SD
Port:(926.6, 108.4)(926.6, 178.9)(798.6, 178.9)(798.6, 108.4);GATE
Port:(916.4, 114.2)(921.8, 114.2)(921.8, 173.1)(916.4, 173.1);SD
Module:M2
Boundary:(634.8, 118.4)(668.4, 118.4)(668.4, 118.5)(684.5, 118.5)(684.5, 214.2)(634.8, 214.2);GATE
Port:(648.2, 208.6)(671.1, 208.6)(671.1, 214.2)(648.2, 214.2);SD
Port:(634.8, 118.4)(668.4, 118.4)(668.4, 118.5)(684.5, 118.5)(684.5, 206.6)(634.8, 206.6);GATE
Port:(641.4, 124.0)(661.8, 124.0)(661.8, 129.2)(641.4, 129.2);SD
Module:M16
Boundary:(922.6, 10.0)(922.6, 45.0)(922.5, 45.0)(922.5, 62.2)(825.0, 62.2)(825.0, 10.0);GATE
Port:(825.0, 24.2)(829.7, 24.2)(829.7, 48.0)(825.0, 48.0);SD
Port:(922.6, 10.0)(922.6, 45.0)(922.5, 45.0)(922.5, 62.2)(832.7, 62.2)(832.7, 10.0);GATE
Port:(911.4, 16.0)(917.6, 16.0)(917.6, 39.0)(911.4, 39.0);SD
Module:M13
Boundary:(240.3, 248.9)(240.3, 319.6)(240.2, 319.6)(240.2, 336.6)(10.0, 336.6)(10.0, 248.9);GATE
Port:(10.0, 263.4)(15.8, 263.4)(15.8, 322.1)(10.0, 322.1);SD
Port:(240.3, 248.9)(240.3, 319.6)(240.2, 319.6)(240.2, 336.6)(17.1, 336.6)(17.1, 248.9);GATE
Port:(228.2, 255.6)(234.6, 255.6)(234.6, 312.9)(228.2, 312.9);SD
Module:M10
Boundary:(857.1, 198.9)(920.1, 198.9)(920.1, 348.8)(857.1, 348.8);GATE
Port:(871.0, 343.9)(906.2, 343.9)(906.2, 348.8)(871.0, 348.8);SD
Port:(857.1, 198.9)(920.1, 198.9)(920.1, 341.9)(857.1, 341.9);GATE
Port:(863.7, 204.5)(913.5, 204.5)(913.5, 210.9)(863.7, 210.9);SD
Module:M7
Boundary:(795.0, 20.0)(795.0, 65.1)(795.0, 65.1)(795.0, 78.4)(634.8, 78.4)(634.8, 20.0);GATE
Port:(634.8, 32.7)(639.8, 32.7)(639.8, 65.7)(634.8, 65.7);SD
Port:(795.0, 20.0)(795.0, 65.1)(795.0, 65.1)(795.0, 78.4)(640.9, 78.4)(640.9, 20.0);GATE
Port:(783.8, 25.9)(790.1, 25.9)(790.1, 59.2)(783.8, 59.2);SD
Module:M3
Boundary:(714.5, 108.4)(771.4, 108.4)(771.4, 212.3)(714.5, 212.3);GATE
Port:(730.1, 207.9)(755.8, 207.9)(755.8, 212.3)(730.1, 212.3);SD
Port:(714.5, 108.4)(771.4, 108.4)(771.4, 206.9)(714.5, 206.9);GATE
Port:(721.5, 114.4)(764.4, 114.4)(764.4, 120.5)(721.5, 120.5);SD
Module:M15
Boundary:(406.9, 256.6)(406.9, 329.5)(406.6, 329.5)(406.6, 343.5)(260.3, 343.5)(260.3, 256.6);GATE
Port:(260.3, 268.4)(265.5, 268.4)(265.5, 331.7)(260.3, 331.7);SD
Port:(406.9, 256.6)(406.9, 329.5)(406.6, 329.5)(406.6, 343.5)(267.4, 343.5)(267.4, 256.6);GATE
Port:(396.6, 263.1)(401.4, 263.1)(401.4, 323.0)(396.6, 323.0);SD
Module:M12
Boundary:(365.7, 10.0)(365.7, 80.1)(365.6, 80.1)(365.6, 97.2)(162.4, 97.2)(162.4, 10.0);GATE
Port:(162.4, 24.1)(167.7, 24.1)(167.7, 83.1)(162.4, 83.1);SD
Port:(365.7, 10.0)(365.7, 80.1)(365.6, 80.1)(365.6, 97.2)(170.2, 97.2)(170.2, 10.0);GATE
Port:(353.9, 15.1)(361.6, 15.1)(361.6, 75.0)(353.9, 75.0);SD
Module:M8
Boundary:(296.5, 127.2)(332.7, 127.2)(332.7, 127.3)(349.8, 127.3)(349.8, 226.6)(296.5, 226.6);GATE
Port:(310.8, 221.3)(335.5, 221.3)(335.5, 226.6)(310.8, 226.6);SD
Port:(296.5, 127.2)(332.7, 127.2)(332.7, 127.3)(349.8, 127.3)(349.8, 219.0)(296.5, 219.0);GATE
Port:(303.0, 132.7)(326.2, 132.7)(326.2, 138.7)(303.0, 138.7);SD
Module:M4
Boundary:(20.0, 20.0)(116.8, 20.0)(116.8, 20.2)(132.4, 20.2)(132.4, 203.8)(20.0, 203.8);GATE
Port:(33.5, 198.3)(118.9, 198.3)(118.9, 203.8)(33.5, 203.8);SD
Port:(20.0, 20.0)(116.8, 20.0)(116.8, 20.2)(132.4, 20.2)(132.4, 196.4)(20.0, 196.4);GATE
Port:(26.7, 25.7)(110.1, 25.7)(110.1, 31.5)(26.7, 31.5);SD
