Area:(-30.0, -30.0)(376.1, -30.0)(376.1, 1064.9)(-30.0, 1064.9)
Rule:GATE(5,5);SD(5,5);GATE_SD(0.5);GATE_ITO(0.5);SD_ITO(0.5)
Module:M14
Boundary:(256.7, 465.7)(321.4, 465.7)(321.4, 642.8)(256.7, 642.8);GATE
Port:(269.1, 638.4)(309.0, 638.4)(309.0, 642.8)(269.1, 642.8);SD
Port:(256.7, 465.7)(321.4, 465.7)(321.4, 635.8)(256.7, 635.8);GATE
Port:(262.1, 470.1)(316.0, 470.1)(316.0, 475.1)(262.1, 475.1);SD
Module:M9
Boundary:(107.3, 898.7)(107.3, 1006.9)(107.1, 1006.9)(107.1, 1024.9)(10.0, 1024.9)(10.0, 898.7);GATE
Port:(10.0, 913.4)(15.8, 913.4)(15.8, 1010.2)(10.0, 1010.2);SD
Port:(107.3, 898.7)(107.3, 1006.9)(107.1, 1006.9)(107.1, 1024.9)(17.1, 1024.9)(17.1, 898.7);GATE
Port:(95.8, 904.3)(102.7, 904.3)(102.7, 1001.3)(95.8, 1001.3);SD
Module:M5
Boundary:(148.7, 455.7)(192.2, 455.7)(192.2, 455.8)(206.7, 455.8)(206.7, 656.0)(148.7, 656.0);GATE
Port:(159.3, 650.7)(196.1, 650.7)(196.1, 656.0)(159.3, 656.0);SD
Port:(148.7, 455.7)(192.2, 455.7)(192.2, 455.8)(206.7, 455.8)(206.7, 647.8)(148.7, 647.8);GATE
Port:(154.2, 460.2)(186.7, 460.2)(186.7, 464.5)(154.2, 464.5);SD
Module:M11
Boundary:(84.4, 788.9)(84.4, 878.7)(10.0, 878.7)(10.0, 788.9);GATE
Port:(10.0, 803.3)(14.9, 803.3)(14.9, 864.3)(10.0, 864.3);SD
Port:(84.4, 788.9)(84.4, 878.7)(17.5, 878.7)(17.5, 788.9);GATE
Port:(73.3, 795.3)(79.0, 795.3)(79.0, 872.3)(73.3, 872.3);SD
Module:M1
Boundary:(121.1, 349.9)(121.1, 385.8)(121.0, 385.8)(121.0, 402.6)(30.0, 402.6)(30.0, 349.9);GATE
Port:(30.0, 364.3)(35.3, 364.3)(35.3, 388.2)(30.0, 388.2);SD
Port:(121.1, 349.9)(121.1, 385.8)(121.0, 385.8)(121.0, 402.6)(36.8, 402.6)(36.8, 349.9);GATE
Port:(109.4, 356.5)(115.5, 356.5)(115.5, 379.2)(109.4, 379.2);SD
Module:M6
Boundary:(127.3, 797.9)(225.6, 797.9)(225.6, 798.2)(241.2, 798.2)(241.2, 1007.2)(127.3, 1007.2);GATE
Port:(142.0, 1002.7)(226.5, 1002.7)(226.5, 1007.2)(142.0, 1007.2);SD
Port:(127.3, 797.9)(225.6, 797.9)(225.6, 798.2)(241.2, 798.2)(241.2, 1001.5)(127.3, 1001.5);GATE
Port:(133.4, 803.0)(219.5, 803.0)(219.5, 810.4)(133.4, 810.4);SD
Module:M2
Boundary:(304.3, 20.0)(304.3, 105.2)(304.0, 105.2)(304.0, 122.5)(151.0, 122.5)(151.0, 20.0);GATE
Port:(151.0, 33.4)(156.3, 33.4)(156.3, 109.1)(151.0, 109.1);SD
Port:(304.3, 20.0)(304.3, 105.2)(304.0, 105.2)(304.0, 122.5)(159.1, 122.5)(159.1, 20.0);GATE
Port:(294.0, 25.4)(299.9, 25.4)(299.9, 99.8)(294.0, 99.8);SD
Module:M16
Boundary:(165.8, 152.5)(214.6, 152.5)(214.6, 152.5)(230.1, 152.5)(230.1, 308.8)(165.8, 308.8);GATE
Port:(179.0, 304.2)(216.9, 304.2)(216.9, 308.8)(179.0, 308.8);SD
Port:(165.8, 152.5)(214.6, 152.5)(214.6, 152.5)(230.1, 152.5)(230.1, 301.5)(165.8, 301.5);GATE
Port:(172.5, 158.2)(207.9, 158.2)(207.9, 163.4)(172.5, 163.4);SD
Module:M13
Boundary:(121.0, 10.0)(121.0, 133.0)(10.0, 133.0)(10.0, 10.0);GATE
Port:(10.0, 24.8)(15.2, 24.8)(15.2, 118.2)(10.0, 118.2);SD
Port:(121.0, 10.0)(121.0, 133.0)(18.1, 133.0)(18.1, 10.0);GATE
Port:(109.6, 16.3)(115.7, 16.3)(115.7, 126.7)(109.6, 126.7);SD
Module:M10
Boundary:(10.0, 654.8)(102.6, 654.8)(102.6, 768.9)(10.0, 768.9);GATE
Port:(22.2, 763.9)(90.4, 763.9)(90.4, 768.9)(22.2, 768.9);SD
Port:(10.0, 654.8)(102.6, 654.8)(102.6, 761.1)(10.0, 761.1);GATE
Port:(15.8, 659.6)(96.8, 659.6)(96.8, 664.7)(15.8, 664.7);SD
Module:M7
Boundary:(20.0, 163.0)(116.9, 163.0)(116.9, 163.0)(135.8, 163.0)(135.8, 299.9)(20.0, 299.9);GATE
Port:(36.4, 294.6)(119.4, 294.6)(119.4, 299.9)(36.4, 299.9);SD
Port:(20.0, 163.0)(116.9, 163.0)(116.9, 163.0)(135.8, 163.0)(135.8, 292.3)(20.0, 292.3);GATE
Port:(26.6, 168.6)(110.3, 168.6)(110.3, 176.1)(26.6, 176.1);SD
Module:M3
Boundary:(10.0, 442.6)(118.7, 442.6)(118.7, 634.8)(10.0, 634.8);GATE
Port:(24.5, 630.3)(104.2, 630.3)(104.2, 634.8)(24.5, 634.8);SD
Port:(10.0, 442.6)(118.7, 442.6)(118.7, 628.5)(10.0, 628.5);GATE
Port:(16.7, 448.3)(112.0, 448.3)(112.0, 454.7)(16.7, 454.7);SD
Module:M15
Boundary:(276.3, 329.9)(276.3, 410.2)(276.2, 410.2)(276.2, 425.7)(161.1, 425.7)(161.1, 329.9);GATE
Port:(161.1, 343.4)(166.2, 343.4)(166.2, 412.2)(161.1, 412.2);SD
Port:(276.3, 329.9)(276.3, 410.2)(276.2, 410.2)(276.2, 425.7)(168.7, 425.7)(168.7, 329.9);GATE
Port:(264.7, 336.3)(270.9, 336.3)(270.9, 403.8)(264.7, 403.8);SD
Module:M12
Boundary:(336.1, 686.0)(336.1, 777.9)(138.7, 777.9)(138.7, 686.0);GATE
Port:(138.7, 699.7)(142.8, 699.7)(142.8, 764.2)(138.7, 764.2);SD
Port:(336.1, 686.0)(336.1, 777.9)(144.5, 777.9)(144.5, 686.0);GATE
Port:(324.1, 692.0)(331.1, 692.0)(331.1, 771.9)(324.1, 771.9);SD
Module:M8
Boundary:(260.1, 162.5)(326.2, 162.5)(326.2, 292.9)(260.1, 292.9);GATE
Port:(273.0, 288.6)(313.3, 288.6)(313.3, 292.9)(273.0, 292.9);SD
Port:(260.1, 162.5)(326.2, 162.5)(326.2, 286.3)(260.1, 286.3);GATE
Port:(266.1, 167.5)(320.2, 167.5)(320.2, 173.6)(266.1, 173.6);SD
Module:M4
Boundary:(271.2, 807.9)(319.9, 807.9)(319.9, 808.0)(334.4, 808.0)(334.4, 990.4)(271.2, 990.4);GATE
Port:(285.2, 986.4)(320.4, 986.4)(320.4, 990.4)(285.2, 990.4);SD
Port:(271.2, 807.9)(319.9, 807.9)(319.9, 808.0)(334.4, 808.0)(334.4, 984.9)(271.2, 984.9);GATE
Port:(278.0, 813.7)(313.1, 813.7)(313.1, 819.3)(278.0, 819.3);SD
