Area:(-30.0, -30.0)(728.3, -30.0)(728.3, 545.9)(-30.0, 545.9)
Rule:GATE(5,5);SD(5,5);GATE_SD(0.5);GATE_ITO(0.5);SD_ITO(0.5)
Module:M14
Boundary:(135.2, 241.6)(231.1, 241.6)(231.1, 241.6)(246.5, 241.6)(246.5, 370.5)(135.2, 370.5);GATE
Port:(148.5, 364.8)(233.2, 364.8)(233.2, 370.5)(148.5, 370.5);SD
Port:(135.2, 241.6)(231.1, 241.6)(231.1, 241.6)(246.5, 241.6)(246.5, 363.6)(135.2, 363.6);GATE
Port:(141.4, 246.8)(224.9, 246.8)(224.9, 252.7)(141.4, 252.7);SD
Module:M9
Boundary:(539.6, 403.9)(539.6, 489.1)(539.4, 489.1)(539.4, 505.9)(410.0, 505.9)(410.0, 403.9);GATE
Port:(410.0, 417.7)(415.8, 417.7)(415.8, 492.1)(410.0, 492.1);SD
Port:(539.6, 403.9)(539.6, 489.1)(539.4, 489.1)(539.4, 505.9)(418.6, 505.9)(418.6, 403.9);GATE
Port:(528.8, 410.5)(534.0, 410.5)(534.0, 482.5)(528.8, 482.5);SD
Module:M5
Boundary:(581.6, 280.4)(663.1, 280.4)(663.1, 280.7)(679.0, 280.7)(679.0, 499.0)(581.6, 499.0);GATE
Port:(595.3, 493.5)(665.3, 493.5)(665.3, 499.0)(595.3, 499.0);SD
Port:(581.6, 280.4)(663.1, 280.4)(663.1, 280.7)(679.0, 280.7)(679.0, 491.6)(581.6, 491.6);GATE
Port:(587.9, 285.7)(656.8, 285.7)(656.8, 291.4)(587.9, 291.4);SD
Module:M11
Boundary:(10.0, 10.0)(122.1, 10.0)(122.1, 87.2)(10.0, 87.2);GATE
Port:(22.5, 83.0)(109.6, 83.0)(109.6, 87.2)(22.5, 87.2);SD
Port:(10.0, 10.0)(122.1, 10.0)(122.1, 80.6)(10.0, 80.6);GATE
Port:(15.7, 14.7)(116.4, 14.7)(116.4, 19.1)(15.7, 19.1);SD
Module:M1
Boundary:(531.6, 266.5)(531.6, 363.9)(306.5, 363.9)(306.5, 266.5);GATE
Port:(306.5, 280.2)(310.7, 280.2)(310.7, 350.2)(306.5, 350.2);SD
Port:(531.6, 266.5)(531.6, 363.9)(312.1, 363.9)(312.1, 266.5);GATE
Port:(520.4, 272.9)(526.2, 272.9)(526.2, 357.5)(520.4, 357.5);SD
Module:M6
Boundary:(242.4, 410.5)(242.4, 492.6)(115.2, 492.6)(115.2, 410.5);GATE
Port:(115.2, 425.2)(119.7, 425.2)(119.7, 477.9)(115.2, 477.9);SD
Port:(242.4, 410.5)(242.4, 492.6)(121.1, 492.6)(121.1, 410.5);GATE
Port:(230.1, 416.5)(237.4, 416.5)(237.4, 486.6)(230.1, 486.6);SD
Module:M2
Boundary:(238.6, 20.0)(336.6, 20.0)(336.6, 20.3)(352.6, 20.3)(352.6, 190.0)(238.6, 190.0);GATE
Port:(251.8, 184.3)(339.4, 184.3)(339.4, 190.0)(251.8, 190.0);SD
Port:(238.6, 20.0)(336.6, 20.0)(336.6, 20.3)(352.6, 20.3)(352.6, 182.7)(238.6, 182.7);GATE
Port:(243.8, 24.2)(331.4, 24.2)(331.4, 31.4)(243.8, 31.4);SD
Module:M16
Boundary:(571.6, 141.6)(671.5, 141.6)(671.5, 141.9)(688.3, 141.9)(688.3, 250.4)(571.6, 250.4);GATE
Port:(584.4, 246.3)(675.5, 246.3)(675.5, 250.4)(584.4, 250.4);SD
Port:(571.6, 141.6)(671.5, 141.6)(671.5, 141.9)(688.3, 141.9)(688.3, 245.0)(571.6, 245.0);GATE
Port:(576.6, 145.6)(666.5, 145.6)(666.5, 151.1)(576.6, 151.1);SD
Module:M13
Boundary:(118.3, 107.2)(118.3, 171.4)(118.2, 171.4)(118.2, 186.5)(10.0, 186.5)(10.0, 107.2);GATE
Port:(10.0, 120.4)(14.4, 120.4)(14.4, 173.3)(10.0, 173.3);SD
Port:(118.3, 107.2)(118.3, 171.4)(118.2, 171.4)(118.2, 186.5)(17.2, 186.5)(17.2, 107.2);GATE
Port:(106.8, 112.7)(113.8, 112.7)(113.8, 165.9)(106.8, 165.9);SD
Module:M10
Boundary:(10.0, 206.5)(73.0, 206.5)(73.0, 206.8)(88.5, 206.8)(88.5, 344.3)(10.0, 344.3);GATE
Port:(22.0, 338.9)(76.5, 338.9)(76.5, 344.3)(22.0, 344.3);SD
Port:(10.0, 206.5)(73.0, 206.5)(73.0, 206.8)(88.5, 206.8)(88.5, 336.6)(10.0, 336.6);GATE
Port:(15.5, 211.0)(67.5, 211.0)(67.5, 216.4)(15.5, 216.4);SD
Module:M7
Boundary:(20.0, 374.3)(85.2, 374.3)(85.2, 498.7)(20.0, 498.7);GATE
Port:(33.9, 494.4)(71.3, 494.4)(71.3, 498.7)(33.9, 498.7);SD
Port:(20.0, 374.3)(85.2, 374.3)(85.2, 493.3)(20.0, 493.3);GATE
Port:(26.6, 379.9)(78.6, 379.9)(78.6, 385.7)(26.6, 385.7);SD
Module:M3
Boundary:(382.6, 10.0)(418.1, 10.0)(418.1, 10.1)(435.0, 10.1)(435.0, 159.5)(382.6, 159.5);GATE
Port:(397.3, 154.8)(420.3, 154.8)(420.3, 159.5)(397.3, 159.5);SD
Port:(382.6, 10.0)(418.1, 10.0)(418.1, 10.1)(435.0, 10.1)(435.0, 153.6)(382.6, 153.6);GATE
Port:(388.7, 15.1)(412.0, 15.1)(412.0, 21.8)(388.7, 21.8);SD
Module:M15
Boundary:(142.1, 10.0)(192.7, 10.0)(192.7, 10.0)(208.6, 10.0)(208.6, 201.6)(142.1, 201.6);GATE
Port:(156.1, 196.6)(194.6, 196.6)(194.6, 201.6)(156.1, 201.6);SD
Port:(142.1, 10.0)(192.7, 10.0)(192.7, 10.0)(208.6, 10.0)(208.6, 193.7)(142.1, 193.7);GATE
Port:(148.5, 15.4)(186.3, 15.4)(186.3, 21.2)(148.5, 21.2);SD
Module:M12
Boundary:(525.3, 179.5)(525.3, 226.5)(382.6, 226.5)(382.6, 179.5);GATE
Port:(382.6, 192.4)(388.2, 192.4)(388.2, 213.6)(382.6, 213.6);SD
Port:(525.3, 179.5)(525.3, 226.5)(390.7, 226.5)(390.7, 179.5);GATE
Port:(514.5, 186.3)(519.5, 186.3)(519.5, 219.7)(514.5, 219.7);SD
Module:M8
Boundary:(668.0, 20.0)(668.0, 93.7)(667.6, 93.7)(667.6, 111.6)(465.0, 111.6)(465.0, 20.0);GATE
Port:(465.0, 35.2)(470.7, 35.2)(470.7, 96.4)(465.0, 96.4);SD
Port:(668.0, 20.0)(668.0, 93.7)(667.6, 93.7)(667.6, 111.6)(471.9, 111.6)(471.9, 20.0);GATE
Port:(655.7, 26.6)(662.4, 26.6)(662.4, 87.1)(655.7, 87.1);SD
Module:M4
Boundary:(296.5, 413.9)(363.6, 413.9)(363.6, 414.0)(380.0, 414.0)(380.0, 496.9)(296.5, 496.9);GATE
Port:(310.1, 492.2)(366.4, 492.2)(366.4, 496.9)(310.1, 496.9);SD
Port:(296.5, 413.9)(363.6, 413.9)(363.6, 414.0)(380.0, 414.0)(380.0, 489.9)(296.5, 489.9);GATE
Port:(302.6, 419.0)(357.5, 419.0)(357.5, 424.5)(302.6, 424.5);SD
