Area:(-30.0, -30.0)(442.4, -30.0)(442.4, 860.5)(-30.0, 860.5)
Rule:GATE(5,5);SD(5,5);GATE_SD(0.5);GATE_ITO(0.5);SD_ITO(0.5)
Module:M14
Boundary:(313.1, 174.5)(366.6, 174.5)(366.6, 174.7)(384.2, 174.7)(384.2, 370.9)(313.1, 370.9);GATE
Port:(327.1, 365.2)(370.2, 365.2)(370.2, 370.9)(327.1, 370.9);SD
Port:(313.1, 174.5)(366.6, 174.5)(366.6, 174.7)(384.2, 174.7)(384.2, 362.4)(313.1, 362.4);GATE
Port:(319.9, 180.3)(359.8, 180.3)(359.8, 185.5)(319.9, 185.5);SD
Module:M9
Boundary:(174.7, 412.4)(174.7, 468.5)(174.6, 468.5)(174.6, 481.6)(95.1, 481.6)(95.1, 412.4);GATE
Port:(95.1, 424.0)(100.5, 424.0)(100.5, 470.0)(95.1, 470.0);SD
Port:(174.7, 412.4)(174.7, 468.5)(174.6, 468.5)(174.6, 481.6)(102.9, 481.6)(102.9, 412.4);GATE
Port:(164.6, 417.5)(170.6, 417.5)(170.6, 463.4)(164.6, 463.4);SD
Module:M5
Boundary:(180.4, 591.3)(180.4, 678.0)(20.0, 678.0)(20.0, 591.3);GATE
Port:(20.0, 604.4)(25.4, 604.4)(25.4, 664.9)(20.0, 664.9);SD
Port:(180.4, 591.3)(180.4, 678.0)(28.1, 678.0)(28.1, 591.3);GATE
Port:(170.3, 597.6)(175.1, 597.6)(175.1, 671.7)(170.3, 671.7);SD
Module:M11
Boundary:(163.1, 501.6)(163.1, 546.9)(163.1, 546.9)(163.1, 561.3)(95.1, 561.3)(95.1, 501.6);GATE
Port:(95.1, 513.9)(99.5, 513.9)(99.5, 549.0)(95.1, 549.0);SD
Port:(163.1, 501.6)(163.1, 546.9)(163.1, 546.9)(163.1, 561.3)(102.0, 561.3)(102.0, 501.6);GATE
Port:(153.3, 507.5)(158.2, 507.5)(158.2, 541.0)(153.3, 541.0);SD
Module:M1
Boundary:(30.0, 146.3)(103.1, 146.3)(103.1, 340.8)(30.0, 340.8);GATE
Port:(41.8, 336.2)(91.3, 336.2)(91.3, 340.8)(41.8, 340.8);SD
Port:(30.0, 146.3)(103.1, 146.3)(103.1, 333.3)(30.0, 333.3);GATE
Port:(35.1, 150.4)(98.0, 150.4)(98.0, 156.3)(35.1, 156.3);SD
Module:M6
Boundary:(149.9, 10.0)(229.3, 10.0)(229.3, 171.9)(149.9, 171.9);GATE
Port:(161.5, 167.3)(217.7, 167.3)(217.7, 171.9)(161.5, 171.9);SD
Port:(149.9, 10.0)(229.3, 10.0)(229.3, 164.4)(149.9, 164.4);GATE
Port:(155.3, 14.4)(223.9, 14.4)(223.9, 19.3)(155.3, 19.3);SD
Module:M2
Boundary:(383.9, 718.9)(383.9, 796.4)(383.8, 796.4)(383.8, 810.9)(174.4, 810.9)(174.4, 718.9);GATE
Port:(174.4, 732.7)(179.7, 732.7)(179.7, 797.1)(174.4, 797.1);SD
Port:(383.9, 718.9)(383.9, 796.4)(383.8, 796.4)(383.8, 810.9)(181.4, 810.9)(181.4, 718.9);GATE
Port:(371.8, 725.5)(378.3, 725.5)(378.3, 789.8)(371.8, 789.8);SD
Module:M16
Boundary:(402.4, 412.4)(402.4, 463.2)(402.2, 463.2)(402.2, 480.8)(194.7, 480.8)(194.7, 412.4);GATE
Port:(194.7, 425.0)(199.5, 425.0)(199.5, 468.2)(194.7, 468.2);SD
Port:(402.4, 412.4)(402.4, 463.2)(402.2, 463.2)(402.2, 480.8)(201.9, 480.8)(201.9, 412.4);GATE
Port:(392.3, 417.6)(398.2, 417.6)(398.2, 458.0)(392.3, 458.0);SD
Module:M13
Boundary:(210.4, 586.6)(263.5, 586.6)(263.5, 586.8)(281.1, 586.8)(281.1, 666.0)(210.4, 666.0);GATE
Port:(224.2, 660.8)(267.3, 660.8)(267.3, 666.0)(224.2, 666.0);SD
Port:(210.4, 586.6)(263.5, 586.6)(263.5, 586.8)(281.1, 586.8)(281.1, 658.6)(210.4, 658.6);GATE
Port:(215.6, 590.8)(258.3, 590.8)(258.3, 598.0)(215.6, 598.0);SD
Module:M10
Boundary:(287.3, 500.8)(287.3, 550.8)(287.3, 550.8)(287.3, 566.6)(210.4, 566.6)(210.4, 500.8);GATE
Port:(210.4, 514.7)(215.1, 514.7)(215.1, 552.7)(210.4, 552.7);SD
Port:(287.3, 500.8)(287.3, 550.8)(287.3, 550.8)(287.3, 566.6)(216.4, 566.6)(216.4, 500.8);GATE
Port:(275.8, 506.6)(282.5, 506.6)(282.5, 545.0)(275.8, 545.0);SD
Module:M7
Boundary:(376.3, 20.0)(376.3, 124.5)(259.3, 124.5)(259.3, 20.0);GATE
Port:(259.3, 33.9)(264.3, 33.9)(264.3, 110.6)(259.3, 110.6);SD
Port:(376.3, 20.0)(376.3, 124.5)(266.8, 124.5)(266.8, 20.0);GATE
Port:(365.7, 26.4)(370.9, 26.4)(370.9, 118.1)(365.7, 118.1);SD
Module:M3
Boundary:(129.9, 10.0)(129.9, 90.2)(129.9, 90.2)(129.9, 106.3)(10.0, 106.3)(10.0, 10.0);GATE
Port:(10.0, 22.8)(14.2, 22.8)(14.2, 93.5)(10.0, 93.5);SD
Port:(129.9, 10.0)(129.9, 90.2)(129.9, 90.2)(129.9, 106.3)(16.6, 106.3)(16.6, 10.0);GATE
Port:(120.3, 15.6)(125.3, 15.6)(125.3, 84.6)(120.3, 84.6);SD
Module:M15
Boundary:(144.4, 708.0)(144.4, 805.1)(144.3, 805.1)(144.3, 820.5)(10.0, 820.5)(10.0, 708.0);GATE
Port:(10.0, 722.5)(14.5, 722.5)(14.5, 806.0)(10.0, 806.0);SD
Port:(144.4, 708.0)(144.4, 805.1)(144.3, 805.1)(144.3, 820.5)(15.8, 820.5)(15.8, 708.0);GATE
Port:(132.2, 714.8)(138.6, 714.8)(138.6, 798.3)(132.2, 798.3);SD
Module:M12
Boundary:(10.0, 380.8)(75.1, 380.8)(75.1, 554.6)(10.0, 554.6);GATE
Port:(23.6, 550.1)(61.5, 550.1)(61.5, 554.6)(23.6, 554.6);SD
Port:(10.0, 380.8)(75.1, 380.8)(75.1, 548.9)(10.0, 548.9);GATE
Port:(16.6, 386.4)(68.5, 386.4)(68.5, 392.3)(16.6, 392.3);SD
Module:M8
Boundary:(153.1, 201.9)(263.1, 201.9)(263.1, 382.4)(153.1, 382.4);GATE
Port:(167.1, 378.3)(249.1, 378.3)(249.1, 382.4)(167.1, 382.4);SD
Port:(153.1, 201.9)(263.1, 201.9)(263.1, 376.3)(153.1, 376.3);GATE
Port:(160.1, 207.9)(256.1, 207.9)(256.1, 213.8)(160.1, 213.8);SD
Module:M4
Boundary:(317.3, 510.8)(392.7, 510.8)(392.7, 678.9)(317.3, 678.9);GATE
Port:(330.2, 673.8)(379.8, 673.8)(379.8, 678.9)(330.2, 678.9);SD
Port:(317.3, 510.8)(392.7, 510.8)(392.7, 672.7)(317.3, 672.7);GATE
Port:(324.2, 516.7)(385.8, 516.7)(385.8, 521.9)(324.2, 521.9);SD
