Area:(-30.0, -30.0)(614.5, -30.0)(614.5, 704.1)(-30.0, 704.1)
Rule:GATE(5,5);SD(5,5);GATE_SD(0.5);GATE_ITO(0.5);SD_ITO(0.5)
Module:M14
Boundary:(470.3, 208.4)(552.0, 208.4)(552.0, 403.8)(470.3, 403.8);GATE
Port:(483.2, 399.4)(539.1, 399.4)(539.1, 403.8)(483.2, 403.8);SD
Port:(470.3, 208.4)(552.0, 208.4)(552.0, 397.2)(470.3, 397.2);GATE
Port:(476.6, 213.7)(545.7, 213.7)(545.7, 218.4)(476.6, 218.4);SD
Module:M9
Boundary:(10.0, 10.0)(119.5, 10.0)(119.5, 192.4)(10.0, 192.4);GATE
Port:(24.0, 187.3)(105.5, 187.3)(105.5, 192.4)(24.0, 192.4);SD
Port:(10.0, 10.0)(119.5, 10.0)(119.5, 184.9)(10.0, 184.9);GATE
Port:(15.6, 14.6)(113.9, 14.6)(113.9, 21.2)(15.6, 21.2);SD
Module:M5
Boundary:(302.5, 194.2)(403.9, 194.2)(403.9, 194.7)(419.9, 194.7)(419.9, 335.2)(302.5, 335.2);GATE
Port:(317.6, 330.6)(404.8, 330.6)(404.8, 335.2)(317.6, 335.2);SD
Port:(302.5, 194.2)(403.9, 194.2)(403.9, 194.7)(419.9, 194.7)(419.9, 328.6)(302.5, 328.6);GATE
Port:(309.4, 200.1)(397.0, 200.1)(397.0, 206.9)(309.4, 206.9);SD
Module:M11
Boundary:(191.4, 347.8)(191.4, 385.0)(191.3, 385.0)(191.3, 403.2)(10.0, 403.2)(10.0, 347.8);GATE
Port:(10.0, 362.5)(15.0, 362.5)(15.0, 388.5)(10.0, 388.5);SD
Port:(191.4, 347.8)(191.4, 385.0)(191.3, 385.0)(191.3, 403.2)(17.9, 403.2)(17.9, 347.8);GATE
Port:(180.2, 353.9)(186.3, 353.9)(186.3, 378.9)(180.2, 378.9);SD
Module:M1
Boundary:(30.0, 443.2)(128.3, 443.2)(128.3, 650.2)(30.0, 650.2);GATE
Port:(43.6, 644.9)(114.7, 644.9)(114.7, 650.2)(43.6, 650.2);SD
Port:(30.0, 443.2)(128.3, 443.2)(128.3, 643.4)(30.0, 643.4);GATE
Port:(35.4, 447.6)(122.9, 447.6)(122.9, 454.0)(35.4, 454.0);SD
Module:M6
Boundary:(139.5, 10.0)(218.7, 10.0)(218.7, 10.4)(233.9, 10.4)(233.9, 116.0)(139.5, 116.0);GATE
Port:(152.3, 111.4)(221.1, 111.4)(221.1, 116.0)(152.3, 116.0);SD
Port:(139.5, 10.0)(218.7, 10.0)(218.7, 10.4)(233.9, 10.4)(233.9, 108.8)(139.5, 108.8);GATE
Port:(145.4, 14.9)(212.8, 14.9)(212.8, 21.1)(145.4, 21.1);SD
Module:M2
Boundary:(178.3, 464.5)(260.3, 464.5)(260.3, 464.7)(273.1, 464.7)(273.1, 654.2)(178.3, 654.2);GATE
Port:(190.7, 649.8)(260.7, 649.8)(260.7, 654.2)(190.7, 654.2);SD
Port:(178.3, 464.5)(260.3, 464.5)(260.3, 464.7)(273.1, 464.7)(273.1, 648.2)(178.3, 648.2);GATE
Port:(184.3, 469.5)(254.3, 469.5)(254.3, 475.2)(184.3, 475.2);SD
Module:M16
Boundary:(211.4, 337.8)(258.2, 337.8)(258.2, 338.0)(272.1, 338.0)(272.1, 434.5)(211.4, 434.5);GATE
Port:(224.6, 428.9)(258.9, 428.9)(258.9, 434.5)(224.6, 434.5);SD
Port:(211.4, 337.8)(258.2, 337.8)(258.2, 338.0)(272.1, 338.0)(272.1, 427.1)(211.4, 427.1);GATE
Port:(217.4, 342.8)(252.2, 342.8)(252.2, 348.9)(217.4, 348.9);SD
Module:M13
Boundary:(303.1, 494.3)(367.8, 494.3)(367.8, 494.4)(382.7, 494.4)(382.7, 664.1)(303.1, 664.1);GATE
Port:(317.4, 659.3)(368.4, 659.3)(368.4, 664.1)(317.4, 664.1);SD
Port:(303.1, 494.3)(367.8, 494.3)(367.8, 494.4)(382.7, 494.4)(382.7, 656.5)(303.1, 656.5);GATE
Port:(308.9, 499.1)(362.0, 499.1)(362.0, 506.5)(308.9, 506.5);SD
Module:M10
Boundary:(253.9, 10.0)(332.5, 10.0)(332.5, 129.7)(253.9, 129.7);GATE
Port:(266.3, 124.4)(320.1, 124.4)(320.1, 129.7)(266.3, 129.7);SD
Port:(253.9, 10.0)(332.5, 10.0)(332.5, 121.8)(253.9, 121.8);GATE
Port:(259.5, 14.6)(326.9, 14.6)(326.9, 20.5)(259.5, 20.5);SD
Module:M7
Boundary:(420.3, 375.2)(420.3, 446.5)(420.2, 446.5)(420.2, 464.3)(313.1, 464.3)(313.1, 375.2);GATE
Port:(313.1, 389.3)(318.1, 389.3)(318.1, 450.2)(313.1, 450.2);SD
Port:(420.3, 375.2)(420.3, 446.5)(420.2, 446.5)(420.2, 464.3)(319.2, 464.3)(319.2, 375.2);GATE
Port:(409.6, 380.7)(415.8, 380.7)(415.8, 441.0)(409.6, 441.0);SD
Module:M3
Boundary:(352.5, 10.0)(429.4, 10.0)(429.4, 10.2)(444.3, 10.2)(444.3, 164.2)(352.5, 164.2);GATE
Port:(365.5, 158.7)(431.3, 158.7)(431.3, 164.2)(365.5, 164.2);SD
Port:(352.5, 10.0)(429.4, 10.0)(429.4, 10.2)(444.3, 10.2)(444.3, 155.9)(352.5, 155.9);GATE
Port:(357.6, 14.1)(424.3, 14.1)(424.3, 21.0)(357.6, 21.0);SD
Module:M15
Boundary:(464.3, 10.0)(559.4, 10.0)(559.4, 10.1)(574.5, 10.1)(574.5, 168.4)(464.3, 168.4);GATE
Port:(478.5, 163.3)(560.3, 163.3)(560.3, 168.4)(478.5, 168.4);SD
Port:(464.3, 10.0)(559.4, 10.0)(559.4, 10.1)(574.5, 10.1)(574.5, 162.2)(464.3, 162.2);GATE
Port:(470.6, 15.3)(553.1, 15.3)(553.1, 22.2)(470.6, 22.2);SD
Module:M12
Boundary:(10.0, 212.4)(104.3, 212.4)(104.3, 212.8)(120.2, 212.8)(120.2, 327.8)(10.0, 327.8);GATE
Port:(21.4, 323.2)(108.8, 323.2)(108.8, 327.8)(21.4, 327.8);SD
Port:(10.0, 212.4)(104.3, 212.4)(104.3, 212.8)(120.2, 212.8)(120.2, 321.0)(10.0, 321.0);GATE
Port:(15.7, 217.1)(98.6, 217.1)(98.6, 221.5)(15.7, 221.5);SD
Module:M8
Boundary:(150.2, 159.7)(262.5, 159.7)(262.5, 307.8)(150.2, 307.8);GATE
Port:(164.8, 301.8)(247.9, 301.8)(247.9, 307.8)(164.8, 307.8);SD
Port:(150.2, 159.7)(262.5, 159.7)(262.5, 299.9)(150.2, 299.9);GATE
Port:(155.6, 164.1)(257.1, 164.1)(257.1, 171.0)(155.6, 171.0);SD
Module:M4
Boundary:(460.3, 453.8)(546.1, 453.8)(546.1, 453.9)(563.7, 453.9)(563.7, 656.9)(460.3, 656.9);GATE
Port:(473.0, 652.2)(551.0, 652.2)(551.0, 656.9)(473.0, 656.9);SD
Port:(460.3, 453.8)(546.1, 453.8)(546.1, 453.9)(563.7, 453.9)(563.7, 650.5)(460.3, 650.5);GATE
Port:(465.9, 458.4)(540.5, 458.4)(540.5, 463.1)(465.9, 463.1);SD
