Area:(-30.0, -30.0)(750.3, -30.0)(750.3, 574.9)(-30.0, 574.9)
Rule:GATE(5,5);SD(5,5);GATE_SD(0.5);GATE_ITO(0.5);SD_ITO(0.5)
Module:M14
Boundary:(299.4, 279.5)(402.5, 279.5)(402.5, 376.2)(299.4, 376.2);GATE
Port:(314.1, 372.1)(387.8, 372.1)(387.8, 376.2)(314.1, 376.2);SD
Port:(299.4, 279.5)(402.5, 279.5)(402.5, 371.0)(299.4, 371.0);GATE
Port:(306.3, 285.4)(395.6, 285.4)(395.6, 291.8)(306.3, 291.8);SD
Module:M9
Boundary:(459.8, 109.5)(543.1, 109.5)(543.1, 109.5)(559.5, 109.5)(559.5, 276.7)(459.8, 276.7);GATE
Port:(472.9, 270.9)(546.4, 270.9)(546.4, 276.7)(472.9, 276.7);SD
Port:(459.8, 109.5)(543.1, 109.5)(543.1, 109.5)(559.5, 109.5)(559.5, 269.8)(459.8, 269.8);GATE
Port:(464.9, 113.6)(538.0, 113.6)(538.0, 120.4)(464.9, 120.4);SD
Module:M5
Boundary:(249.4, 278.4)(249.4, 384.9)(20.0, 384.9)(20.0, 278.4);GATE
Port:(20.0, 292.6)(25.0, 292.6)(25.0, 370.7)(20.0, 370.7);SD
Port:(249.4, 278.4)(249.4, 384.9)(27.7, 384.9)(27.7, 278.4);GATE
Port:(237.8, 284.0)(244.8, 284.0)(244.8, 379.3)(237.8, 379.3);SD
Module:M11
Boundary:(579.5, 142.2)(632.9, 142.2)(632.9, 232.3)(579.5, 232.3);GATE
Port:(593.4, 227.2)(619.0, 227.2)(619.0, 232.3)(593.4, 232.3);SD
Port:(579.5, 142.2)(632.9, 142.2)(632.9, 225.8)(579.5, 225.8);GATE
Port:(586.3, 148.0)(626.1, 148.0)(626.1, 152.9)(586.3, 152.9);SD
Module:M1
Boundary:(235.2, 30.0)(311.1, 30.0)(311.1, 30.4)(329.3, 30.4)(329.3, 219.5)(235.2, 219.5);GATE
Port:(251.0, 214.9)(313.5, 214.9)(313.5, 219.5)(251.0, 219.5);SD
Port:(235.2, 30.0)(311.1, 30.0)(311.1, 30.4)(329.3, 30.4)(329.3, 212.6)(235.2, 212.6);GATE
Port:(242.0, 35.8)(304.3, 35.8)(304.3, 42.8)(242.0, 42.8);SD
Module:M6
Boundary:(660.8, 142.2)(710.3, 142.2)(710.3, 362.3)(660.8, 362.3);GATE
Port:(674.8, 357.7)(696.3, 357.7)(696.3, 362.3)(674.8, 362.3);SD
Port:(660.8, 142.2)(710.3, 142.2)(710.3, 356.4)(660.8, 356.4);GATE
Port:(666.5, 146.9)(704.6, 146.9)(704.6, 153.1)(666.5, 153.1);SD
Module:M2
Boundary:(675.2, 459.3)(675.2, 528.1)(531.9, 528.1)(531.9, 459.3);GATE
Port:(531.9, 473.0)(536.8, 473.0)(536.8, 514.4)(531.9, 514.4);SD
Port:(675.2, 459.3)(675.2, 528.1)(538.1, 528.1)(538.1, 459.3);GATE
Port:(663.5, 464.9)(670.6, 464.9)(670.6, 522.5)(663.5, 522.5);SD
Module:M16
Boundary:(195.2, 10.0)(195.2, 100.0)(10.0, 100.0)(10.0, 10.0);GATE
Port:(10.0, 23.6)(15.8, 23.6)(15.8, 86.4)(10.0, 86.4);SD
Port:(195.2, 10.0)(195.2, 100.0)(18.6, 100.0)(18.6, 10.0);GATE
Port:(185.0, 15.4)(190.8, 15.4)(190.8, 94.6)(185.0, 94.6);SD
Module:M13
Boundary:(369.3, 109.5)(421.8, 109.5)(421.8, 109.7)(439.8, 109.7)(439.8, 201.6)(369.3, 201.6);GATE
Port:(382.7, 197.1)(426.4, 197.1)(426.4, 201.6)(382.7, 201.6);SD
Port:(369.3, 109.5)(421.8, 109.5)(421.8, 109.7)(439.8, 109.7)(439.8, 194.1)(369.3, 194.1);GATE
Port:(374.9, 114.1)(416.2, 114.1)(416.2, 119.8)(374.9, 119.8);SD
Module:M10
Boundary:(585.6, 10.0)(691.6, 10.0)(691.6, 10.3)(709.3, 10.3)(709.3, 122.2)(585.6, 122.2);GATE
Port:(599.6, 117.3)(695.3, 117.3)(695.3, 122.2)(599.6, 122.2);SD
Port:(585.6, 10.0)(691.6, 10.0)(691.6, 10.3)(709.3, 10.3)(709.3, 116.2)(585.6, 116.2);GATE
Port:(590.8, 14.2)(686.4, 14.2)(686.4, 20.8)(590.8, 20.8);SD
Module:M7
Boundary:(491.9, 459.3)(491.9, 534.9)(289.4, 534.9)(289.4, 459.3);GATE
Port:(289.4, 474.7)(293.7, 474.7)(293.7, 519.5)(289.4, 519.5);SD
Port:(491.9, 459.3)(491.9, 534.9)(294.9, 534.9)(294.9, 459.3);GATE
Port:(479.4, 466.1)(486.1, 466.1)(486.1, 528.1)(479.4, 528.1);SD
Module:M3
Boundary:(565.6, 10.0)(565.6, 89.5)(369.3, 89.5)(369.3, 10.0);GATE
Port:(369.3, 22.6)(374.2, 22.6)(374.2, 76.9)(369.3, 76.9);SD
Port:(565.6, 10.0)(565.6, 89.5)(376.5, 89.5)(376.5, 10.0);GATE
Port:(556.2, 15.4)(561.2, 15.4)(561.2, 84.1)(556.2, 84.1);SD
Module:M15
Boundary:(637.9, 369.4)(637.9, 429.3)(442.5, 429.3)(442.5, 369.4);GATE
Port:(442.5, 381.9)(446.5, 381.9)(446.5, 416.8)(442.5, 416.8);SD
Port:(637.9, 369.4)(637.9, 429.3)(448.0, 429.3)(448.0, 369.4);GATE
Port:(627.6, 374.4)(633.9, 374.4)(633.9, 424.3)(627.6, 424.3);SD
Module:M12
Boundary:(640.8, 296.7)(640.8, 332.4)(640.8, 332.4)(640.8, 349.4)(459.8, 349.4)(459.8, 296.7);GATE
Port:(459.8, 310.9)(465.7, 310.9)(465.7, 335.2)(459.8, 335.2);SD
Port:(640.8, 296.7)(640.8, 332.4)(640.8, 332.4)(640.8, 349.4)(467.0, 349.4)(467.0, 296.7);GATE
Port:(629.3, 302.2)(636.3, 302.2)(636.3, 326.9)(629.3, 326.9);SD
Module:M8
Boundary:(223.9, 424.9)(223.9, 526.9)(20.0, 526.9)(20.0, 424.9);GATE
Port:(20.0, 438.4)(25.6, 438.4)(25.6, 513.4)(20.0, 513.4);SD
Port:(223.9, 424.9)(223.9, 526.9)(28.0, 526.9)(28.0, 424.9);GATE
Port:(213.8, 430.9)(218.9, 430.9)(218.9, 520.9)(213.8, 520.9);SD
Module:M4
Boundary:(171.2, 130.0)(171.2, 222.9)(171.0, 222.9)(171.0, 238.4)(20.0, 238.4)(20.0, 130.0);GATE
Port:(20.0, 141.5)(24.1, 141.5)(24.1, 226.9)(20.0, 226.9);SD
Port:(171.2, 130.0)(171.2, 222.9)(171.0, 222.9)(171.0, 238.4)(25.4, 238.4)(25.4, 130.0);GATE
Port:(161.3, 135.2)(167.0, 135.2)(167.0, 217.7)(161.3, 217.7);SD
