Area:(-30.0, -30.0)(427.3, -30.0)(427.3, 781.9)(-30.0, 781.9)
Rule:GATE(5,5);SD(5,5);GATE_SD(0.5);GATE_ITO(0.5);SD_ITO(0.5)
Module:M14
Boundary:(193.4, 478.3)(241.6, 478.3)(241.6, 478.5)(256.7, 478.5)(256.7, 553.7)(193.4, 553.7);GATE
Port:(206.6, 549.1)(243.5, 549.1)(243.5, 553.7)(206.6, 553.7);SD
Port:(193.4, 478.3)(241.6, 478.3)(241.6, 478.5)(256.7, 478.5)(256.7, 547.3)(193.4, 547.3);GATE
Port:(199.5, 483.4)(235.5, 483.4)(235.5, 489.2)(199.5, 489.2);SD
Module:M9
Boundary:(117.9, 260.5)(182.5, 260.5)(182.5, 369.4)(117.9, 369.4);GATE
Port:(130.7, 364.3)(169.7, 364.3)(169.7, 369.4)(130.7, 369.4);SD
Port:(117.9, 260.5)(182.5, 260.5)(182.5, 362.7)(117.9, 362.7);GATE
Port:(124.6, 266.2)(175.8, 266.2)(175.8, 271.1)(124.6, 271.1);SD
Module:M5
Boundary:(143.4, 399.4)(143.4, 478.6)(20.0, 478.6)(20.0, 399.4);GATE
Port:(20.0, 413.4)(24.3, 413.4)(24.3, 464.6)(20.0, 464.6);SD
Port:(143.4, 399.4)(143.4, 478.6)(26.7, 478.6)(26.7, 399.4);GATE
Port:(131.7, 405.8)(138.0, 405.8)(138.0, 472.2)(131.7, 472.2);SD
Module:M11
Boundary:(135.8, 508.6)(135.8, 580.8)(10.0, 580.8)(10.0, 508.6);GATE
Port:(10.0, 523.3)(15.4, 523.3)(15.4, 566.1)(10.0, 566.1);SD
Port:(135.8, 508.6)(135.8, 580.8)(17.7, 580.8)(17.7, 508.6);GATE
Port:(124.2, 515.5)(129.9, 515.5)(129.9, 573.9)(124.2, 573.9);SD
Module:M1
Boundary:(214.2, 620.8)(214.2, 730.4)(30.0, 730.4)(30.0, 620.8);GATE
Port:(30.0, 635.9)(35.5, 635.9)(35.5, 715.3)(30.0, 715.3);SD
Port:(214.2, 620.8)(214.2, 730.4)(38.2, 730.4)(38.2, 620.8);GATE
Port:(202.5, 626.9)(209.1, 626.9)(209.1, 724.3)(202.5, 724.3);SD
Module:M6
Boundary:(205.6, 149.2)(267.9, 149.2)(267.9, 149.4)(282.4, 149.4)(282.4, 346.2)(205.6, 346.2);GATE
Port:(219.0, 340.9)(269.0, 340.9)(269.0, 346.2)(219.0, 346.2);SD
Port:(205.6, 149.2)(267.9, 149.2)(267.9, 149.4)(282.4, 149.4)(282.4, 339.6)(205.6, 339.6);GATE
Port:(211.4, 154.0)(262.1, 154.0)(262.1, 160.9)(211.4, 160.9);SD
Module:M2
Boundary:(312.4, 226.9)(362.4, 226.9)(362.4, 227.2)(379.3, 227.2)(379.3, 427.8)(312.4, 427.8);GATE
Port:(325.8, 423.7)(365.9, 423.7)(365.9, 427.8)(325.8, 427.8);SD
Port:(312.4, 226.9)(362.4, 226.9)(362.4, 227.2)(379.3, 227.2)(379.3, 421.0)(312.4, 421.0);GATE
Port:(317.4, 230.9)(357.4, 230.9)(357.4, 237.1)(317.4, 237.1);SD
Module:M16
Boundary:(365.0, 641.0)(365.0, 724.8)(364.9, 724.8)(364.9, 741.9)(254.2, 741.9)(254.2, 641.0);GATE
Port:(254.2, 653.7)(259.9, 653.7)(259.9, 729.2)(254.2, 729.2);SD
Port:(365.0, 641.0)(365.0, 724.8)(364.9, 724.8)(364.9, 741.9)(261.9, 741.9)(261.9, 641.0);GATE
Port:(355.1, 646.5)(360.5, 646.5)(360.5, 719.3)(355.1, 719.3);SD
Module:M13
Boundary:(117.9, 149.2)(173.3, 149.2)(173.3, 149.4)(185.6, 149.4)(185.6, 240.5)(117.9, 240.5);GATE
Port:(130.3, 234.9)(173.2, 234.9)(173.2, 240.5)(130.3, 240.5);SD
Port:(117.9, 149.2)(173.3, 149.2)(173.3, 149.4)(185.6, 149.4)(185.6, 232.1)(117.9, 232.1);GATE
Port:(124.2, 154.5)(167.0, 154.5)(167.0, 160.0)(124.2, 160.0);SD
Module:M10
Boundary:(202.5, 366.2)(266.4, 366.2)(266.4, 366.3)(281.1, 366.3)(281.1, 438.3)(202.5, 438.3);GATE
Port:(216.4, 432.4)(267.2, 432.4)(267.2, 438.3)(216.4, 438.3);SD
Port:(202.5, 366.2)(266.4, 366.2)(266.4, 366.3)(281.1, 366.3)(281.1, 431.0)(202.5, 431.0);GATE
Port:(208.9, 371.6)(260.0, 371.6)(260.0, 378.5)(208.9, 378.5);SD
Module:M7
Boundary:(20.0, 167.5)(70.7, 167.5)(70.7, 167.8)(87.9, 167.8)(87.9, 358.7)(20.0, 358.7);GATE
Port:(32.9, 353.7)(75.0, 353.7)(75.0, 358.7)(32.9, 358.7);SD
Port:(20.0, 167.5)(70.7, 167.5)(70.7, 167.8)(87.9, 167.8)(87.9, 351.3)(20.0, 351.3);GATE
Port:(25.5, 172.0)(65.2, 172.0)(65.2, 177.3)(25.5, 177.3);SD
Module:M3
Boundary:(292.8, 10.0)(292.8, 112.6)(292.4, 112.6)(292.4, 129.2)(203.9, 129.2)(203.9, 10.0);GATE
Port:(203.9, 24.1)(208.1, 24.1)(208.1, 115.1)(203.9, 115.1);SD
Port:(292.8, 10.0)(292.8, 112.6)(292.4, 112.6)(292.4, 129.2)(209.4, 129.2)(209.4, 10.0);GATE
Port:(280.7, 15.9)(287.9, 15.9)(287.9, 106.7)(280.7, 106.7);SD
Module:M15
Boundary:(312.8, 10.0)(373.4, 10.0)(373.4, 10.2)(387.3, 10.2)(387.3, 196.9)(312.8, 196.9);GATE
Port:(326.0, 192.7)(374.1, 192.7)(374.1, 196.9)(326.0, 196.9);SD
Port:(312.8, 10.0)(373.4, 10.0)(373.4, 10.2)(387.3, 10.2)(387.3, 190.6)(312.8, 190.6);GATE
Port:(319.0, 15.2)(367.2, 15.2)(367.2, 21.1)(319.0, 21.1);SD
Module:M12
Boundary:(94.4, 10.0)(94.4, 137.5)(10.0, 137.5)(10.0, 10.0);GATE
Port:(10.0, 24.5)(14.8, 24.5)(14.8, 123.0)(10.0, 123.0);SD
Port:(94.4, 10.0)(94.4, 137.5)(17.3, 137.5)(17.3, 10.0);GATE
Port:(82.8, 16.1)(89.3, 16.1)(89.3, 131.4)(82.8, 131.4);SD
Module:M8
Boundary:(124.4, 20.0)(156.9, 20.0)(156.9, 20.1)(173.9, 20.1)(173.9, 114.2)(124.4, 114.2);GATE
Port:(136.8, 109.6)(161.5, 109.6)(161.5, 114.2)(136.8, 114.2);SD
Port:(124.4, 20.0)(156.9, 20.0)(156.9, 20.1)(173.9, 20.1)(173.9, 106.9)(124.4, 106.9);GATE
Port:(130.2, 24.8)(151.1, 24.8)(151.1, 29.7)(130.2, 29.7);SD
Module:M4
Boundary:(306.7, 468.3)(360.0, 468.3)(360.0, 468.5)(377.7, 468.5)(377.7, 611.0)(306.7, 611.0);GATE
Port:(320.6, 605.3)(363.8, 605.3)(363.8, 611.0)(320.6, 611.0);SD
Port:(306.7, 468.3)(360.0, 468.3)(360.0, 468.5)(377.7, 468.5)(377.7, 603.3)(306.7, 603.3);GATE
Port:(312.6, 473.2)(354.1, 473.2)(354.1, 479.3)(312.6, 479.3);SD
