Area:(-30.0, -30.0)(449.9, -30.0)(449.9, 998.2)(-30.0, 998.2)
Rule:GATE(5,5);SD(5,5);GATE_SD(0.5);GATE_ITO(0.5);SD_ITO(0.5)
Module:M14
Boundary:(172.3, 166.3)(252.7, 166.3)(252.7, 166.5)(269.1, 166.5)(269.1, 368.5)(172.3, 368.5);GATE
Port:(184.5, 364.0)(256.9, 364.0)(256.9, 368.5)(184.5, 368.5);SD
Port:(172.3, 166.3)(252.7, 166.3)(252.7, 166.5)(269.1, 166.5)(269.1, 361.9)(172.3, 361.9);GATE
Port:(177.4, 170.4)(247.6, 170.4)(247.6, 175.4)(177.4, 175.4);SD
Module:M9
Boundary:(132.3, 422.0)(132.3, 503.0)(132.2, 503.0)(132.2, 518.3)(10.0, 518.3)(10.0, 422.0);GATE
Port:(10.0, 436.5)(14.2, 436.5)(14.2, 503.8)(10.0, 503.8);SD
Port:(132.3, 422.0)(132.3, 503.0)(132.2, 503.0)(132.2, 518.3)(16.1, 518.3)(16.1, 422.0);GATE
Port:(119.9, 428.7)(126.6, 428.7)(126.6, 496.3)(119.9, 496.3);SD
Module:M5
Boundary:(273.7, 590.7)(373.6, 590.7)(373.6, 591.3)(389.6, 591.3)(389.6, 768.4)(273.7, 768.4);GATE
Port:(288.5, 762.8)(374.8, 762.8)(374.8, 768.4)(288.5, 768.4);SD
Port:(273.7, 590.7)(373.6, 590.7)(373.6, 591.3)(389.6, 591.3)(389.6, 760.0)(273.7, 760.0);GATE
Port:(280.4, 596.4)(366.9, 596.4)(366.9, 602.4)(280.4, 602.4);SD
Module:M11
Boundary:(360.0, 888.5)(360.0, 958.2)(163.5, 958.2)(163.5, 888.5);GATE
Port:(163.5, 902.1)(168.7, 902.1)(168.7, 944.6)(163.5, 944.6);SD
Port:(360.0, 888.5)(360.0, 958.2)(171.3, 958.2)(171.3, 888.5);GATE
Port:(349.5, 894.4)(355.1, 894.4)(355.1, 952.3)(349.5, 952.3);SD
Module:M1
Boundary:(30.0, 168.4)(108.7, 168.4)(108.7, 382.0)(30.0, 382.0);GATE
Port:(42.6, 376.0)(96.1, 376.0)(96.1, 382.0)(42.6, 382.0);SD
Port:(30.0, 168.4)(108.7, 168.4)(108.7, 373.8)(30.0, 373.8);GATE
Port:(35.4, 172.8)(103.3, 172.8)(103.3, 178.7)(35.4, 178.7);SD
Module:M6
Boundary:(10.0, 10.0)(79.0, 10.0)(79.0, 10.2)(95.8, 10.2)(95.8, 128.4)(10.0, 128.4);GATE
Port:(24.2, 123.7)(81.6, 123.7)(81.6, 128.4)(24.2, 128.4);SD
Port:(10.0, 10.0)(79.0, 10.0)(79.0, 10.2)(95.8, 10.2)(95.8, 122.4)(10.0, 122.4);GATE
Port:(16.0, 15.0)(73.0, 15.0)(73.0, 21.7)(16.0, 21.7);SD
Module:M2
Boundary:(319.1, 258.8)(380.4, 258.8)(380.4, 258.9)(395.3, 258.9)(395.3, 413.9)(319.1, 413.9);GATE
Port:(331.8, 408.0)(382.6, 408.0)(382.6, 413.9)(331.8, 413.9);SD
Port:(319.1, 258.8)(380.4, 258.8)(380.4, 258.9)(395.3, 258.9)(395.3, 405.6)(319.1, 405.6);GATE
Port:(324.9, 263.6)(374.6, 263.6)(374.6, 269.3)(324.9, 269.3);SD
Module:M16
Boundary:(404.3, 443.9)(404.3, 544.4)(403.8, 544.4)(403.8, 560.7)(269.9, 560.7)(269.9, 443.9);GATE
Port:(269.9, 457.9)(274.0, 457.9)(274.0, 546.7)(269.9, 546.7);SD
Port:(404.3, 443.9)(404.3, 544.4)(403.8, 544.4)(403.8, 560.7)(275.7, 560.7)(275.7, 443.9);GATE
Port:(392.7, 449.5)(399.7, 449.5)(399.7, 538.8)(392.7, 538.8);SD
Module:M13
Boundary:(152.3, 408.5)(236.5, 408.5)(236.5, 408.8)(249.9, 408.8)(249.9, 557.8)(152.3, 557.8);GATE
Port:(164.1, 551.8)(238.1, 551.8)(238.1, 557.8)(164.1, 557.8);SD
Port:(152.3, 408.5)(236.5, 408.5)(236.5, 408.8)(249.9, 408.8)(249.9, 550.0)(152.3, 550.0);GATE
Port:(158.5, 413.7)(230.3, 413.7)(230.3, 418.6)(158.5, 418.6);SD
Module:M10
Boundary:(127.4, 577.8)(226.9, 577.8)(226.9, 578.3)(243.7, 578.3)(243.7, 759.6)(127.4, 759.6);GATE
Port:(140.3, 754.7)(230.8, 754.7)(230.8, 759.6)(140.3, 759.6);SD
Port:(127.4, 577.8)(226.9, 577.8)(226.9, 578.3)(243.7, 578.3)(243.7, 752.9)(127.4, 752.9);GATE
Port:(132.9, 582.3)(221.4, 582.3)(221.4, 587.4)(132.9, 587.4);SD
Module:M7
Boundary:(20.0, 789.6)(117.6, 789.6)(117.6, 789.8)(133.5, 789.8)(133.5, 958.1)(20.0, 958.1);GATE
Port:(33.2, 952.8)(120.3, 952.8)(120.3, 958.1)(33.2, 958.1);SD
Port:(20.0, 789.6)(117.6, 789.6)(117.6, 789.8)(133.5, 789.8)(133.5, 949.9)(20.0, 949.9);GATE
Port:(26.6, 795.2)(111.0, 795.2)(111.0, 800.3)(26.6, 800.3);SD
Module:M3
Boundary:(229.1, 10.0)(297.7, 10.0)(297.7, 10.1)(315.4, 10.1)(315.4, 124.4)(229.1, 124.4);GATE
Port:(241.9, 119.8)(302.6, 119.8)(302.6, 124.4)(241.9, 124.4);SD
Port:(229.1, 10.0)(297.7, 10.0)(297.7, 10.1)(315.4, 10.1)(315.4, 116.8)(229.1, 116.8);GATE
Port:(234.3, 14.2)(292.5, 14.2)(292.5, 19.3)(234.3, 19.3);SD
Module:M15
Boundary:(335.4, 10.0)(409.9, 10.0)(409.9, 228.8)(335.4, 228.8);GATE
Port:(350.3, 223.0)(395.0, 223.0)(395.0, 228.8)(350.3, 228.8);SD
Port:(335.4, 10.0)(409.9, 10.0)(409.9, 220.5)(335.4, 220.5);GATE
Port:(342.1, 15.7)(403.2, 15.7)(403.2, 21.4)(342.1, 21.4);SD
Module:M12
Boundary:(10.0, 538.3)(91.2, 538.3)(91.2, 538.6)(107.4, 538.6)(107.4, 736.6)(10.0, 736.6);GATE
Port:(22.6, 732.5)(94.8, 732.5)(94.8, 736.6)(22.6, 736.6);SD
Port:(10.0, 538.3)(91.2, 538.3)(91.2, 538.6)(107.4, 538.6)(107.4, 729.6)(10.0, 729.6);GATE
Port:(16.1, 543.4)(85.1, 543.4)(85.1, 548.1)(16.1, 548.1);SD
Module:M8
Boundary:(125.8, 20.0)(180.8, 20.0)(180.8, 20.0)(199.1, 20.0)(199.1, 116.3)(125.8, 116.3);GATE
Port:(140.3, 111.4)(184.6, 111.4)(184.6, 116.3)(140.3, 116.3);SD
Port:(125.8, 20.0)(180.8, 20.0)(180.8, 20.0)(199.1, 20.0)(199.1, 108.6)(125.8, 108.6);GATE
Port:(132.0, 25.2)(174.6, 25.2)(174.6, 31.3)(132.0, 31.3);SD
Module:M4
Boundary:(398.8, 808.4)(398.8, 858.5)(173.5, 858.5)(173.5, 808.4);GATE
Port:(173.5, 822.0)(178.6, 822.0)(178.6, 844.9)(173.5, 844.9);SD
Port:(398.8, 808.4)(398.8, 858.5)(179.8, 858.5)(179.8, 808.4);GATE
Port:(387.7, 814.6)(393.6, 814.6)(393.6, 852.3)(387.7, 852.3);SD
