Area:(-30.0, -30.0)(675.9, -30.0)(675.9, 613.7)(-30.0, 613.7)
Rule:GATE(5,5);SD(5,5);GATE_SD(0.5);GATE_ITO(0.5);SD_ITO(0.5)
Module:M14
Boundary:(232.5, 295.0)(232.5, 390.5)(232.2, 390.5)(232.2, 405.8)(30.0, 405.8)(30.0, 295.0);GATE
Port:(30.0, 308.4)(35.9, 308.4)(35.9, 392.4)(30.0, 392.4);SD
Port:(232.5, 295.0)(232.5, 390.5)(232.2, 390.5)(232.2, 405.8)(38.8, 405.8)(38.8, 295.0);GATE
Port:(221.1, 301.2)(227.3, 301.2)(227.3, 384.3)(221.1, 384.3);SD
Module:M9
Boundary:(81.5, 10.0)(167.1, 10.0)(167.1, 10.2)(183.1, 10.2)(183.1, 163.4)(81.5, 163.4);GATE
Port:(96.4, 158.1)(168.2, 158.1)(168.2, 163.4)(96.4, 163.4);SD
Port:(81.5, 10.0)(167.1, 10.0)(167.1, 10.2)(183.1, 10.2)(183.1, 156.4)(81.5, 156.4);GATE
Port:(88.4, 15.9)(160.2, 15.9)(160.2, 23.0)(88.4, 23.0);SD
Module:M5
Boundary:(477.6, 20.0)(477.6, 71.0)(477.4, 71.0)(477.4, 87.8)(316.6, 87.8)(316.6, 20.0);GATE
Port:(316.6, 33.3)(320.8, 33.3)(320.8, 74.5)(316.6, 74.5);SD
Port:(477.6, 20.0)(477.6, 71.0)(477.4, 71.0)(477.4, 87.8)(322.6, 87.8)(322.6, 20.0);GATE
Port:(466.7, 25.8)(472.8, 25.8)(472.8, 65.2)(466.7, 65.2);SD
Module:M11
Boundary:(510.5, 10.0)(617.9, 10.0)(617.9, 10.7)(635.9, 10.7)(635.9, 196.3)(510.5, 196.3);GATE
Port:(524.3, 191.6)(622.1, 191.6)(622.1, 196.3)(524.3, 196.3);SD
Port:(510.5, 10.0)(617.9, 10.0)(617.9, 10.7)(635.9, 10.7)(635.9, 190.4)(510.5, 190.4);GATE
Port:(516.5, 15.0)(611.9, 15.0)(611.9, 20.5)(516.5, 20.5);SD
Module:M1
Boundary:(214.9, 465.8)(214.9, 534.9)(214.6, 534.9)(214.6, 552.1)(30.0, 552.1)(30.0, 465.8);GATE
Port:(30.0, 479.5)(34.0, 479.5)(34.0, 538.4)(30.0, 538.4);SD
Port:(214.9, 465.8)(214.9, 534.9)(214.6, 534.9)(214.6, 552.1)(36.3, 552.1)(36.3, 465.8);GATE
Port:(203.8, 472.0)(209.7, 472.0)(209.7, 528.7)(203.8, 528.7);SD
Module:M6
Boundary:(527.6, 339.9)(627.3, 339.9)(627.3, 560.1)(527.6, 560.1);GATE
Port:(542.2, 554.2)(612.7, 554.2)(612.7, 560.1)(542.2, 560.1);SD
Port:(527.6, 339.9)(627.3, 339.9)(627.3, 551.3)(527.6, 551.3);GATE
Port:(533.3, 344.6)(621.6, 344.6)(621.6, 352.0)(533.3, 352.0);SD
Module:M2
Boundary:(389.9, 349.9)(497.6, 349.9)(497.6, 510.3)(389.9, 510.3);GATE
Port:(403.8, 505.8)(483.7, 505.8)(483.7, 510.3)(403.8, 510.3);SD
Port:(389.9, 349.9)(497.6, 349.9)(497.6, 503.6)(389.9, 503.6);GATE
Port:(396.4, 355.4)(491.1, 355.4)(491.1, 360.6)(396.4, 360.6);SD
Module:M16
Boundary:(327.5, 150.0)(327.5, 245.2)(233.6, 245.2)(233.6, 150.0);GATE
Port:(233.6, 162.5)(239.0, 162.5)(239.0, 232.7)(233.6, 232.7);SD
Port:(327.5, 150.0)(327.5, 245.2)(241.9, 245.2)(241.9, 150.0);GATE
Port:(317.6, 156.2)(322.3, 156.2)(322.3, 239.0)(317.6, 239.0);SD
Module:M13
Boundary:(213.6, 183.4)(213.6, 255.0)(10.0, 255.0)(10.0, 183.4);GATE
Port:(10.0, 198.6)(14.9, 198.6)(14.9, 239.8)(10.0, 239.8);SD
Port:(213.6, 183.4)(213.6, 255.0)(17.4, 255.0)(17.4, 183.4);GATE
Port:(201.1, 189.6)(208.4, 189.6)(208.4, 248.8)(201.1, 248.8);SD
Module:M10
Boundary:(493.8, 235.5)(493.8, 288.0)(493.5, 288.0)(493.5, 305.2)(347.5, 305.2)(347.5, 235.5);GATE
Port:(347.5, 249.5)(352.5, 249.5)(352.5, 291.2)(347.5, 291.2);SD
Port:(493.8, 235.5)(493.8, 288.0)(493.5, 288.0)(493.5, 305.2)(355.4, 305.2)(355.4, 235.5);GATE
Port:(482.9, 242.2)(488.1, 242.2)(488.1, 281.3)(482.9, 281.3);SD
Module:M7
Boundary:(624.5, 226.3)(624.5, 292.7)(624.2, 292.7)(624.2, 309.9)(523.8, 309.9)(523.8, 226.3);GATE
Port:(523.8, 238.9)(529.6, 238.9)(529.6, 297.3)(523.8, 297.3);SD
Port:(624.5, 226.3)(624.5, 292.7)(624.2, 292.7)(624.2, 309.9)(531.0, 309.9)(531.0, 226.3);GATE
Port:(615.3, 231.6)(620.2, 231.6)(620.2, 287.4)(615.3, 287.4);SD
Module:M3
Boundary:(254.9, 463.5)(348.6, 463.5)(348.6, 573.7)(254.9, 573.7);GATE
Port:(268.0, 569.3)(335.5, 569.3)(335.5, 573.7)(268.0, 573.7);SD
Port:(254.9, 463.5)(348.6, 463.5)(348.6, 567.4)(254.9, 567.4);GATE
Port:(260.2, 467.8)(343.3, 467.8)(343.3, 473.6)(260.2, 473.6);SD
Module:M15
Boundary:(203.1, 10.0)(286.6, 10.0)(286.6, 130.0)(203.1, 130.0);GATE
Port:(217.5, 124.6)(272.2, 124.6)(272.2, 130.0)(217.5, 130.0);SD
Port:(203.1, 10.0)(286.6, 10.0)(286.6, 122.1)(203.1, 122.1);GATE
Port:(209.8, 15.7)(279.9, 15.7)(279.9, 21.6)(209.8, 21.6);SD
Module:M12
Boundary:(10.0, 10.0)(61.5, 10.0)(61.5, 160.5)(10.0, 160.5);GATE
Port:(24.0, 156.2)(47.5, 156.2)(47.5, 160.5)(24.0, 160.5);SD
Port:(10.0, 10.0)(61.5, 10.0)(61.5, 154.6)(10.0, 154.6);GATE
Port:(15.4, 14.4)(56.1, 14.4)(56.1, 21.7)(15.4, 21.7);SD
Module:M8
Boundary:(480.5, 127.8)(480.5, 191.7)(470.9, 191.7)(470.9, 205.5)(357.5, 205.5)(357.5, 127.8);GATE
Port:(357.5, 141.3)(362.5, 141.3)(362.5, 192.0)(357.5, 192.0);SD
Port:(480.5, 127.8)(480.5, 191.7)(470.9, 191.7)(470.9, 205.5)(364.7, 205.5)(364.7, 127.8);GATE
Port:(468.8, 133.2)(476.1, 133.2)(476.1, 185.3)(468.8, 185.3);SD
Module:M4
Boundary:(282.5, 335.2)(332.9, 335.2)(332.9, 335.5)(349.9, 335.5)(349.9, 433.5)(282.5, 433.5);GATE
Port:(295.5, 428.4)(336.9, 428.4)(336.9, 433.5)(295.5, 433.5);SD
Port:(282.5, 335.2)(332.9, 335.2)(332.9, 335.5)(349.9, 335.5)(349.9, 427.0)(282.5, 427.0);GATE
Port:(287.6, 339.3)(327.8, 339.3)(327.8, 345.2)(287.6, 345.2);SD
