Area:(-30.0, -30.0)(377.3, -30.0)(377.3, 1039.7)(-30.0, 1039.7)
Rule:GATE(5,5);SD(5,5);GATE_SD(0.5);GATE_ITO(0.5);SD_ITO(0.5)
Module:M14
Boundary:(30.0, 659.6)(76.1, 659.6)(76.1, 825.6)(30.0, 825.6);GATE
Port:(42.4, 821.6)(63.7, 821.6)(63.7, 825.6)(42.4, 825.6);SD
Port:(30.0, 659.6)(76.1, 659.6)(76.1, 819.1)(30.0, 819.1);GATE
Port:(36.7, 665.3)(69.4, 665.3)(69.4, 670.5)(36.7, 670.5);SD
Module:M9
Boundary:(236.8, 219.8)(236.8, 273.6)(130.3, 273.6)(130.3, 219.8);GATE
Port:(130.3, 234.7)(134.8, 234.7)(134.8, 258.7)(130.3, 258.7);SD
Port:(236.8, 219.8)(236.8, 273.6)(137.1, 273.6)(137.1, 219.8);GATE
Port:(225.0, 226.3)(231.3, 226.3)(231.3, 267.1)(225.0, 267.1);SD
Module:M5
Boundary:(20.0, 310.1)(103.5, 310.1)(103.5, 521.7)(20.0, 521.7);GATE
Port:(33.7, 516.1)(89.8, 516.1)(89.8, 521.7)(33.7, 521.7);SD
Port:(20.0, 310.1)(103.5, 310.1)(103.5, 514.0)(20.0, 514.0);GATE
Port:(25.6, 314.7)(97.9, 314.7)(97.9, 321.1)(25.6, 321.1);SD
Module:M11
Boundary:(114.2, 551.7)(114.2, 603.2)(114.0, 603.2)(114.0, 619.6)(10.0, 619.6)(10.0, 551.7);GATE
Port:(10.0, 565.7)(14.8, 565.7)(14.8, 605.6)(10.0, 605.6);SD
Port:(114.2, 551.7)(114.2, 603.2)(114.0, 603.2)(114.0, 619.6)(17.0, 619.6)(17.0, 551.7);GATE
Port:(103.2, 557.7)(109.2, 557.7)(109.2, 597.2)(103.2, 597.2);SD
Module:M1
Boundary:(153.5, 313.6)(199.5, 313.6)(199.5, 313.8)(214.2, 313.8)(214.2, 504.0)(153.5, 504.0);GATE
Port:(165.6, 498.1)(202.1, 498.1)(202.1, 504.0)(165.6, 504.0);SD
Port:(153.5, 313.6)(199.5, 313.6)(199.5, 313.8)(214.2, 313.8)(214.2, 496.2)(153.5, 496.2);GATE
Port:(159.9, 319.0)(193.1, 319.0)(193.1, 323.6)(159.9, 323.6);SD
Module:M6
Boundary:(10.0, 118.8)(93.7, 118.8)(93.7, 118.9)(110.3, 118.9)(110.3, 280.1)(10.0, 280.1);GATE
Port:(23.1, 275.4)(97.2, 275.4)(97.2, 280.1)(23.1, 280.1);SD
Port:(10.0, 118.8)(93.7, 118.8)(93.7, 118.9)(110.3, 118.9)(110.3, 274.1)(10.0, 274.1);GATE
Port:(15.3, 123.1)(88.4, 123.1)(88.4, 129.5)(15.3, 129.5);SD
Module:M2
Boundary:(126.1, 722.4)(240.8, 722.4)(240.8, 842.9)(126.1, 842.9);GATE
Port:(140.4, 838.1)(226.5, 838.1)(226.5, 842.9)(140.4, 842.9);SD
Port:(126.1, 722.4)(240.8, 722.4)(240.8, 836.8)(126.1, 836.8);GATE
Port:(131.5, 726.8)(235.4, 726.8)(235.4, 733.8)(131.5, 733.8);SD
Module:M16
Boundary:(269.8, 885.1)(319.6, 885.1)(319.6, 885.2)(335.6, 885.2)(335.6, 999.7)(269.8, 999.7);GATE
Port:(283.2, 995.0)(322.2, 995.0)(322.2, 999.7)(283.2, 999.7);SD
Port:(269.8, 885.1)(319.6, 885.1)(319.6, 885.2)(335.6, 885.2)(335.6, 992.8)(269.8, 992.8);GATE
Port:(275.4, 889.7)(314.0, 889.7)(314.0, 895.9)(275.4, 895.9);SD
Module:M13
Boundary:(239.7, 118.8)(239.7, 199.8)(130.3, 199.8)(130.3, 118.8);GATE
Port:(130.3, 132.3)(135.5, 132.3)(135.5, 186.3)(130.3, 186.3);SD
Port:(239.7, 118.8)(239.7, 199.8)(138.4, 199.8)(138.4, 118.8);GATE
Port:(228.8, 124.4)(235.1, 124.4)(235.1, 194.2)(228.8, 194.2);SD
Module:M10
Boundary:(259.7, 114.4)(335.7, 114.4)(335.7, 285.4)(259.7, 285.4);GATE
Port:(271.0, 279.6)(324.4, 279.6)(324.4, 285.4)(271.0, 285.4);SD
Port:(259.7, 114.4)(335.7, 114.4)(335.7, 276.9)(259.7, 276.9);GATE
Port:(265.3, 119.0)(330.1, 119.0)(330.1, 123.1)(265.3, 123.1);SD
Module:M7
Boundary:(239.8, 882.9)(239.8, 999.4)(20.0, 999.4)(20.0, 882.9);GATE
Port:(20.0, 897.0)(24.9, 897.0)(24.9, 985.3)(20.0, 985.3);SD
Port:(239.8, 882.9)(239.8, 999.4)(27.9, 999.4)(27.9, 882.9);GATE
Port:(228.8, 889.6)(234.1, 889.6)(234.1, 992.7)(228.8, 992.7);SD
Module:M3
Boundary:(270.8, 712.4)(321.3, 712.4)(321.3, 712.6)(337.3, 712.6)(337.3, 865.1)(270.8, 865.1);GATE
Port:(284.1, 859.4)(324.0, 859.4)(324.0, 865.1)(284.1, 865.1);SD
Port:(270.8, 712.4)(321.3, 712.4)(321.3, 712.6)(337.3, 712.6)(337.3, 857.7)(270.8, 857.7);GATE
Port:(276.3, 716.9)(315.8, 716.9)(315.8, 724.1)(276.3, 724.1);SD
Module:M15
Boundary:(149.8, 10.0)(149.8, 98.8)(10.0, 98.8)(10.0, 10.0);GATE
Port:(10.0, 22.5)(14.5, 22.5)(14.5, 86.3)(10.0, 86.3);SD
Port:(149.8, 10.0)(149.8, 98.8)(15.7, 98.8)(15.7, 10.0);GATE
Port:(139.5, 16.6)(144.2, 16.6)(144.2, 92.2)(139.5, 92.2);SD
Module:M12
Boundary:(325.4, 10.0)(325.4, 77.5)(325.1, 77.5)(325.1, 94.4)(169.8, 94.4)(169.8, 10.0);GATE
Port:(169.8, 22.9)(173.9, 22.9)(173.9, 81.5)(169.8, 81.5);SD
Port:(325.4, 10.0)(325.4, 77.5)(325.1, 77.5)(325.1, 94.4)(175.9, 94.4)(175.9, 10.0);GATE
Port:(314.6, 15.6)(320.8, 15.6)(320.8, 71.9)(314.6, 71.9);SD
Module:M8
Boundary:(264.2, 315.4)(327.4, 315.4)(327.4, 456.1)(264.2, 456.1);GATE
Port:(277.1, 450.7)(314.5, 450.7)(314.5, 456.1)(277.1, 456.1);SD
Port:(264.2, 315.4)(327.4, 315.4)(327.4, 449.3)(264.2, 449.3);GATE
Port:(270.0, 320.2)(321.6, 320.2)(321.6, 326.5)(270.0, 326.5);SD
Module:M4
Boundary:(326.2, 554.0)(326.2, 664.4)(325.8, 664.4)(325.8, 682.4)(144.2, 682.4)(144.2, 554.0);GATE
Port:(144.2, 569.8)(149.0, 569.8)(149.0, 666.6)(144.2, 666.6);SD
Port:(326.2, 554.0)(326.2, 664.4)(325.8, 664.4)(325.8, 682.4)(150.8, 682.4)(150.8, 554.0);GATE
Port:(313.6, 559.8)(321.4, 559.8)(321.4, 658.6)(313.6, 658.6);SD
