Area:(-30.0, -30.0)(378.6, -30.0)(378.6, 1055.6)(-30.0, 1055.6)
Rule:GATE(5,5);SD(5,5);GATE_SD(0.5);GATE_ITO(0.5);SD_ITO(0.5)
Module:M14
Boundary:(30.0, 30.0)(83.9, 30.0)(83.9, 30.3)(100.8, 30.3)(100.8, 205.4)(30.0, 205.4);GATE
Port:(44.5, 200.7)(86.3, 200.7)(86.3, 205.4)(44.5, 205.4);SD
Port:(30.0, 30.0)(83.9, 30.0)(83.9, 30.3)(100.8, 30.3)(100.8, 198.0)(30.0, 198.0);GATE
Port:(36.9, 35.9)(77.0, 35.9)(77.0, 42.2)(36.9, 42.2);SD
Module:M9
Boundary:(152.0, 534.2)(152.0, 639.6)(151.3, 639.6)(151.3, 657.1)(10.0, 657.1)(10.0, 534.2);GATE
Port:(10.0, 548.2)(14.7, 548.2)(14.7, 643.1)(10.0, 643.1);SD
Port:(152.0, 534.2)(152.0, 639.6)(151.3, 639.6)(151.3, 657.1)(17.0, 657.1)(17.0, 534.2);GATE
Port:(141.2, 540.8)(146.4, 540.8)(146.4, 633.0)(141.2, 633.0);SD
Module:M5
Boundary:(20.0, 687.1)(119.9, 687.1)(119.9, 802.5)(20.0, 802.5);GATE
Port:(34.3, 796.8)(105.6, 796.8)(105.6, 802.5)(34.3, 802.5);SD
Port:(20.0, 687.1)(119.9, 687.1)(119.9, 794.4)(20.0, 794.4);GATE
Port:(25.9, 692.0)(114.0, 692.0)(114.0, 698.6)(25.9, 698.6);SD
Module:M11
Boundary:(221.8, 259.5)(221.8, 330.9)(119.5, 330.9)(119.5, 259.5);GATE
Port:(119.5, 274.2)(124.4, 274.2)(124.4, 316.2)(119.5, 316.2);SD
Port:(221.8, 259.5)(221.8, 330.9)(127.2, 330.9)(127.2, 259.5);GATE
Port:(210.4, 265.9)(216.4, 265.9)(216.4, 324.5)(210.4, 324.5);SD
Module:M1
Boundary:(300.5, 370.9)(300.5, 476.5)(300.0, 476.5)(300.0, 494.2)(139.5, 494.2)(139.5, 370.9);GATE
Port:(139.5, 384.7)(145.2, 384.7)(145.2, 480.4)(139.5, 480.4);SD
Port:(300.5, 370.9)(300.5, 476.5)(300.0, 476.5)(300.0, 494.2)(146.7, 494.2)(146.7, 370.9);GATE
Port:(289.6, 376.3)(296.1, 376.3)(296.1, 471.1)(289.6, 471.1);SD
Module:M6
Boundary:(127.0, 836.1)(239.2, 836.1)(239.2, 1014.0)(127.0, 1014.0);GATE
Port:(140.0, 1009.3)(226.2, 1009.3)(226.2, 1014.0)(140.0, 1014.0);SD
Port:(127.0, 836.1)(239.2, 836.1)(239.2, 1007.1)(127.0, 1007.1);GATE
Port:(133.2, 841.3)(233.0, 841.3)(233.0, 846.2)(133.2, 846.2);SD
Module:M2
Boundary:(322.1, 242.0)(322.1, 303.5)(251.8, 303.5)(251.8, 242.0);GATE
Port:(251.8, 254.6)(256.9, 254.6)(256.9, 290.9)(251.8, 290.9);SD
Port:(322.1, 242.0)(322.1, 303.5)(258.3, 303.5)(258.3, 242.0);GATE
Port:(312.0, 247.5)(317.6, 247.5)(317.6, 298.0)(312.0, 298.0);SD
Module:M16
Boundary:(10.0, 398.0)(99.5, 398.0)(99.5, 508.5)(10.0, 508.5);GATE
Port:(22.3, 503.5)(87.2, 503.5)(87.2, 508.5)(22.3, 508.5);SD
Port:(10.0, 398.0)(99.5, 398.0)(99.5, 501.8)(10.0, 501.8);GATE
Port:(15.6, 402.6)(93.9, 402.6)(93.9, 408.2)(15.6, 408.2);SD
Module:M13
Boundary:(331.6, 534.2)(331.6, 602.5)(331.6, 602.5)(331.6, 617.9)(172.0, 617.9)(172.0, 534.2);GATE
Port:(172.0, 549.9)(176.7, 549.9)(176.7, 602.2)(172.0, 602.2);SD
Port:(331.6, 534.2)(331.6, 602.5)(331.6, 602.5)(331.6, 617.9)(179.1, 617.9)(179.1, 534.2);GATE
Port:(318.1, 541.0)(325.8, 541.0)(325.8, 595.7)(318.1, 595.7);SD
Module:M10
Boundary:(252.4, 637.9)(335.9, 637.9)(335.9, 781.8)(252.4, 781.8);GATE
Port:(267.4, 776.7)(320.9, 776.7)(320.9, 781.8)(267.4, 781.8);SD
Port:(252.4, 637.9)(335.9, 637.9)(335.9, 774.0)(252.4, 774.0);GATE
Port:(259.1, 643.6)(329.2, 643.6)(329.2, 650.3)(259.1, 650.3);SD
Module:M7
Boundary:(20.0, 842.5)(97.0, 842.5)(97.0, 1004.9)(20.0, 1004.9);GATE
Port:(32.4, 999.0)(84.6, 999.0)(84.6, 1004.9)(32.4, 1004.9);SD
Port:(20.0, 842.5)(97.0, 842.5)(97.0, 996.5)(20.0, 996.5);GATE
Port:(25.8, 847.3)(91.2, 847.3)(91.2, 853.1)(25.8, 853.1);SD
Module:M3
Boundary:(259.2, 801.8)(327.8, 801.8)(327.8, 1015.6)(259.2, 1015.6);GATE
Port:(272.5, 1009.7)(314.5, 1009.7)(314.5, 1015.6)(272.5, 1015.6);SD
Port:(259.2, 801.8)(327.8, 801.8)(327.8, 1007.1)(259.2, 1007.1);GATE
Port:(264.2, 805.8)(322.8, 805.8)(322.8, 811.9)(264.2, 811.9);SD
Module:M15
Boundary:(229.2, 10.0)(338.6, 10.0)(338.6, 212.0)(229.2, 212.0);GATE
Port:(242.3, 207.8)(325.5, 207.8)(325.5, 212.0)(242.3, 212.0);SD
Port:(229.2, 10.0)(338.6, 10.0)(338.6, 206.0)(229.2, 206.0);GATE
Port:(234.6, 14.4)(333.2, 14.4)(333.2, 21.2)(234.6, 21.2);SD
Module:M12
Boundary:(140.8, 10.0)(209.2, 10.0)(209.2, 239.5)(140.8, 239.5);GATE
Port:(154.4, 233.6)(195.6, 233.6)(195.6, 239.5)(154.4, 239.5);SD
Port:(140.8, 10.0)(209.2, 10.0)(209.2, 231.2)(140.8, 231.2);GATE
Port:(147.3, 15.5)(202.7, 15.5)(202.7, 20.5)(147.3, 20.5);SD
Module:M8
Boundary:(20.0, 255.4)(65.8, 255.4)(65.8, 255.6)(80.2, 255.6)(80.2, 368.0)(20.0, 368.0);GATE
Port:(32.0, 363.4)(68.2, 363.4)(68.2, 368.0)(32.0, 368.0);SD
Port:(20.0, 255.4)(65.8, 255.4)(65.8, 255.6)(80.2, 255.6)(80.2, 361.7)(20.0, 361.7);GATE
Port:(25.4, 259.8)(60.4, 259.8)(60.4, 265.5)(25.4, 265.5);SD
Module:M4
Boundary:(159.9, 687.1)(207.5, 687.1)(207.5, 687.2)(222.4, 687.2)(222.4, 806.1)(159.9, 806.1);GATE
Port:(173.1, 800.4)(209.2, 800.4)(209.2, 806.1)(173.1, 806.1);SD
Port:(159.9, 687.1)(207.5, 687.1)(207.5, 687.2)(222.4, 687.2)(222.4, 797.4)(159.9, 797.4);GATE
Port:(166.5, 692.7)(200.9, 692.7)(200.9, 697.8)(166.5, 697.8);SD
