Area:(-30.0, -30.0)(618.9, -30.0)(618.9, 585.4)(-30.0, 585.4)
Rule:GATE(5,5);SD(5,5);GATE_SD(0.5);GATE_ITO(0.5);SD_ITO(0.5)
Module:M14
Boundary:(213.3, 30.0)(213.3, 97.4)(116.2, 97.4)(116.2, 30.0);GATE
Port:(116.2, 44.6)(121.4, 44.6)(121.4, 82.8)(116.2, 82.8);SD
Port:(213.3, 30.0)(213.3, 97.4)(123.0, 97.4)(123.0, 30.0);GATE
Port:(201.7, 36.5)(207.8, 36.5)(207.8, 90.9)(201.7, 90.9);SD
Module:M9
Boundary:(156.2, 478.3)(156.2, 542.2)(10.0, 542.2)(10.0, 478.3);GATE
Port:(10.0, 491.4)(14.5, 491.4)(14.5, 529.1)(10.0, 529.1);SD
Port:(156.2, 478.3)(156.2, 542.2)(17.0, 542.2)(17.0, 478.3);GATE
Port:(146.1, 483.4)(152.1, 483.4)(152.1, 537.1)(146.1, 537.1);SD
Module:M5
Boundary:(186.2, 395.1)(291.0, 395.1)(291.0, 497.4)(186.2, 497.4);GATE
Port:(198.3, 493.0)(278.9, 493.0)(278.9, 497.4)(198.3, 497.4);SD
Port:(186.2, 395.1)(291.0, 395.1)(291.0, 491.0)(186.2, 491.0);GATE
Port:(191.4, 399.3)(285.8, 399.3)(285.8, 405.4)(191.4, 405.4);SD
Module:M11
Boundary:(321.0, 385.1)(425.7, 385.1)(425.7, 544.1)(321.0, 544.1);GATE
Port:(335.6, 539.6)(411.1, 539.6)(411.1, 544.1)(335.6, 544.1);SD
Port:(321.0, 385.1)(425.7, 385.1)(425.7, 538.4)(321.0, 538.4);GATE
Port:(327.1, 390.2)(419.6, 390.2)(419.6, 396.3)(327.1, 396.3);SD
Module:M1
Boundary:(184.7, 263.9)(184.7, 315.1)(184.6, 315.1)(184.6, 331.2)(30.0, 331.2)(30.0, 263.9);GATE
Port:(30.0, 277.8)(35.5, 277.8)(35.5, 317.3)(30.0, 317.3);SD
Port:(184.7, 263.9)(184.7, 315.1)(184.6, 315.1)(184.6, 331.2)(37.9, 331.2)(37.9, 263.9);GATE
Port:(173.1, 269.6)(180.0, 269.6)(180.0, 309.4)(173.1, 309.4);SD
Module:M6
Boundary:(578.9, 159.7)(578.9, 223.7)(401.0, 223.7)(401.0, 159.7);GATE
Port:(401.0, 173.4)(405.5, 173.4)(405.5, 210.0)(401.0, 210.0);SD
Port:(578.9, 159.7)(578.9, 223.7)(407.8, 223.7)(407.8, 159.7);GATE
Port:(567.7, 165.9)(573.7, 165.9)(573.7, 217.5)(567.7, 217.5);SD
Module:M2
Boundary:(424.8, 265.2)(424.8, 355.1)(234.7, 355.1)(234.7, 265.2);GATE
Port:(234.7, 280.2)(239.5, 280.2)(239.5, 340.1)(234.7, 340.1);SD
Port:(424.8, 265.2)(424.8, 355.1)(241.6, 355.1)(241.6, 265.2);GATE
Port:(413.3, 270.2)(420.8, 270.2)(420.8, 350.1)(413.3, 350.1);SD
Module:M16
Boundary:(287.0, 137.4)(287.0, 223.9)(96.2, 223.9)(96.2, 137.4);GATE
Port:(96.2, 151.7)(101.4, 151.7)(101.4, 209.6)(96.2, 209.6);SD
Port:(287.0, 137.4)(287.0, 223.9)(102.7, 223.9)(102.7, 137.4);GATE
Port:(275.9, 143.1)(282.3, 143.1)(282.3, 218.2)(275.9, 218.2);SD
Module:M13
Boundary:(331.0, 10.0)(331.0, 89.2)(330.9, 89.2)(330.9, 104.4)(253.3, 104.4)(253.3, 10.0);GATE
Port:(253.3, 23.4)(259.3, 23.4)(259.3, 91.0)(253.3, 91.0);SD
Port:(331.0, 10.0)(331.0, 89.2)(330.9, 89.2)(330.9, 104.4)(261.6, 104.4)(261.6, 10.0);GATE
Port:(319.3, 15.6)(326.4, 15.6)(326.4, 83.6)(319.3, 83.6);SD
Module:M10
Boundary:(10.0, 10.0)(59.7, 10.0)(59.7, 10.3)(76.2, 10.3)(76.2, 189.6)(10.0, 189.6);GATE
Port:(23.2, 184.6)(63.0, 184.6)(63.0, 189.6)(23.2, 189.6);SD
Port:(10.0, 10.0)(59.7, 10.0)(59.7, 10.3)(76.2, 10.3)(76.2, 182.6)(10.0, 182.6);GATE
Port:(16.6, 15.6)(53.1, 15.6)(53.1, 19.9)(16.6, 19.9);SD
Module:M7
Boundary:(464.8, 253.7)(543.1, 253.7)(543.1, 429.3)(464.8, 429.3);GATE
Port:(477.7, 423.8)(530.2, 423.8)(530.2, 429.3)(477.7, 429.3);SD
Port:(464.8, 253.7)(543.1, 253.7)(543.1, 422.6)(464.8, 422.6);GATE
Port:(470.1, 258.0)(537.8, 258.0)(537.8, 263.6)(470.1, 263.6);SD
Module:M3
Boundary:(381.0, 151.5)(381.0, 218.9)(380.9, 218.9)(380.9, 235.2)(307.0, 235.2)(307.0, 151.5);GATE
Port:(307.0, 165.0)(311.3, 165.0)(311.3, 221.7)(307.0, 221.7);SD
Port:(381.0, 151.5)(381.0, 218.9)(380.9, 218.9)(380.9, 235.2)(313.5, 235.2)(313.5, 151.5);GATE
Port:(369.4, 156.9)(376.6, 156.9)(376.6, 213.5)(369.4, 213.5);SD
Module:M15
Boundary:(578.8, 459.3)(578.8, 532.0)(578.6, 532.0)(578.6, 545.4)(445.7, 545.4)(445.7, 459.3);GATE
Port:(445.7, 472.5)(451.0, 472.5)(451.0, 532.2)(445.7, 532.2);SD
Port:(578.8, 459.3)(578.8, 532.0)(578.6, 532.0)(578.6, 545.4)(453.2, 545.4)(453.2, 459.3);GATE
Port:(567.2, 465.8)(573.3, 465.8)(573.3, 525.5)(567.2, 525.5);SD
Module:M12
Boundary:(500.4, 10.0)(578.0, 10.0)(578.0, 139.7)(500.4, 139.7);GATE
Port:(513.9, 134.2)(564.5, 134.2)(564.5, 139.7)(513.9, 139.7);SD
Port:(500.4, 10.0)(578.0, 10.0)(578.0, 131.5)(500.4, 131.5);GATE
Port:(507.4, 16.0)(571.0, 16.0)(571.0, 21.1)(507.4, 21.1);SD
Module:M8
Boundary:(132.6, 381.2)(132.6, 432.7)(132.4, 432.7)(132.4, 448.3)(20.0, 448.3)(20.0, 381.2);GATE
Port:(20.0, 395.6)(24.5, 395.6)(24.5, 433.9)(20.0, 433.9);SD
Port:(132.6, 381.2)(132.6, 432.7)(132.4, 432.7)(132.4, 448.3)(27.4, 448.3)(27.4, 381.2);GATE
Port:(120.4, 387.4)(127.4, 387.4)(127.4, 426.5)(120.4, 426.5);SD
Module:M4
Boundary:(470.4, 20.0)(470.4, 121.5)(361.0, 121.5)(361.0, 20.0);GATE
Port:(361.0, 34.7)(365.8, 34.7)(365.8, 106.8)(361.0, 106.8);SD
Port:(470.4, 20.0)(470.4, 121.5)(368.6, 121.5)(368.6, 20.0);GATE
Port:(459.1, 26.5)(464.9, 26.5)(464.9, 115.0)(459.1, 115.0);SD
