Area:(-30.0, -30.0)(971.1, -30.0)(971.1, 388.2)(-30.0, 388.2)
Rule:GATE(5,5);SD(5,5);GATE_SD(0.5);GATE_ITO(0.5);SD_ITO(0.5)
Module:M14
Boundary:(845.8, 30.0)(925.6, 30.0)(925.6, 253.4)(845.8, 253.4);GATE
Port:(857.7, 247.7)(913.7, 247.7)(913.7, 253.4)(857.7, 253.4);SD
Port:(845.8, 30.0)(925.6, 30.0)(925.6, 245.2)(845.8, 245.2);GATE
Port:(851.4, 34.6)(920.0, 34.6)(920.0, 39.8)(851.4, 39.8);SD
Module:M9
Boundary:(357.7, 131.8)(357.7, 163.5)(357.6, 163.5)(357.6, 178.6)(206.9, 178.6)(206.9, 131.8);GATE
Port:(206.9, 144.2)(211.9, 144.2)(211.9, 166.2)(206.9, 166.2);SD
Port:(357.7, 131.8)(357.7, 163.5)(357.6, 163.5)(357.6, 178.6)(213.7, 178.6)(213.7, 131.8);GATE
Port:(347.8, 137.9)(352.6, 137.9)(352.6, 157.4)(347.8, 157.4);SD
Module:M5
Boundary:(695.4, 20.0)(795.8, 20.0)(795.8, 174.1)(695.4, 174.1);GATE
Port:(706.9, 169.1)(784.3, 169.1)(784.3, 174.1)(706.9, 174.1);SD
Port:(695.4, 20.0)(795.8, 20.0)(795.8, 167.7)(695.4, 167.7);GATE
Port:(700.9, 24.5)(790.3, 24.5)(790.3, 29.2)(700.9, 29.2);SD
Module:M11
Boundary:(228.9, 229.5)(228.9, 343.0)(10.0, 343.0)(10.0, 229.5);GATE
Port:(10.0, 243.5)(14.8, 243.5)(14.8, 329.0)(10.0, 329.0);SD
Port:(228.9, 229.5)(228.9, 343.0)(16.6, 343.0)(16.6, 229.5);GATE
Port:(218.2, 236.3)(223.1, 236.3)(223.1, 336.2)(218.2, 336.2);SD
Module:M1
Boundary:(119.9, 30.0)(166.9, 30.0)(166.9, 189.5)(119.9, 189.5);GATE
Port:(132.2, 183.8)(154.6, 183.8)(154.6, 189.5)(132.2, 189.5);SD
Port:(119.9, 30.0)(166.9, 30.0)(166.9, 181.4)(119.9, 181.4);GATE
Port:(125.6, 34.7)(161.2, 34.7)(161.2, 40.8)(125.6, 40.8);SD
Module:M6
Boundary:(248.9, 198.6)(300.5, 198.6)(300.5, 198.9)(318.1, 198.9)(318.1, 322.2)(248.9, 322.2);GATE
Port:(262.0, 317.0)(305.0, 317.0)(305.0, 322.2)(262.0, 322.2);SD
Port:(248.9, 198.6)(300.5, 198.6)(300.5, 198.9)(318.1, 198.9)(318.1, 314.8)(248.9, 314.8);GATE
Port:(254.9, 203.6)(294.5, 203.6)(294.5, 208.5)(254.9, 208.5);SD
Module:M2
Boundary:(716.8, 214.1)(771.0, 214.1)(771.0, 214.3)(788.9, 214.3)(788.9, 331.4)(716.8, 331.4);GATE
Port:(731.5, 326.8)(774.2, 326.8)(774.2, 331.4)(731.5, 331.4);SD
Port:(716.8, 214.1)(771.0, 214.1)(771.0, 214.3)(788.9, 214.3)(788.9, 324.7)(716.8, 324.7);GATE
Port:(723.5, 219.8)(764.3, 219.8)(764.3, 225.5)(723.5, 225.5);SD
Module:M16
Boundary:(458.4, 133.6)(458.4, 183.8)(458.3, 183.8)(458.3, 198.9)(377.7, 198.9)(377.7, 133.6);GATE
Port:(377.7, 148.0)(382.6, 148.0)(382.6, 184.5)(377.7, 184.5);SD
Port:(458.4, 133.6)(458.4, 183.8)(458.3, 183.8)(458.3, 198.9)(384.6, 198.9)(384.6, 133.6);GATE
Port:(446.8, 140.0)(453.0, 140.0)(453.0, 177.4)(446.8, 177.4);SD
Module:M13
Boundary:(449.2, 218.9)(449.2, 323.3)(338.1, 323.3)(338.1, 218.9);GATE
Port:(338.1, 232.2)(344.0, 232.2)(344.0, 310.0)(338.1, 310.0);SD
Port:(449.2, 218.9)(449.2, 323.3)(346.0, 323.3)(346.0, 218.9);GATE
Port:(438.3, 224.0)(445.1, 224.0)(445.1, 318.2)(438.3, 318.2);SD
Module:M10
Boundary:(931.1, 293.4)(931.1, 331.4)(931.1, 331.4)(931.1, 348.2)(818.9, 348.2)(818.9, 293.4);GATE
Port:(818.9, 308.5)(823.6, 308.5)(823.6, 333.1)(818.9, 333.1);SD
Port:(931.1, 293.4)(931.1, 331.4)(931.1, 331.4)(931.1, 348.2)(826.5, 348.2)(826.5, 293.4);GATE
Port:(918.2, 300.3)(925.2, 300.3)(925.2, 324.5)(918.2, 324.5);SD
Module:M7
Boundary:(399.3, 20.0)(454.5, 20.0)(454.5, 20.1)(471.7, 20.1)(471.7, 103.6)(399.3, 103.6);GATE
Port:(414.6, 97.8)(456.4, 97.8)(456.4, 103.6)(414.6, 103.6);SD
Port:(399.3, 20.0)(454.5, 20.0)(454.5, 20.1)(471.7, 20.1)(471.7, 95.7)(399.3, 95.7);GATE
Port:(405.8, 25.5)(448.0, 25.5)(448.0, 32.8)(405.8, 32.8);SD
Module:M3
Boundary:(369.3, 10.0)(369.3, 111.8)(206.9, 111.8)(206.9, 10.0);GATE
Port:(206.9, 22.0)(212.4, 22.0)(212.4, 99.8)(206.9, 99.8);SD
Port:(369.3, 10.0)(369.3, 111.8)(214.7, 111.8)(214.7, 10.0);GATE
Port:(360.6, 15.5)(364.8, 15.5)(364.8, 106.3)(360.6, 106.3);SD
Module:M15
Boundary:(665.4, 10.0)(665.4, 89.5)(665.0, 89.5)(665.0, 104.9)(501.7, 104.9)(501.7, 10.0);GATE
Port:(501.7, 23.6)(506.7, 23.6)(506.7, 91.3)(501.7, 91.3);SD
Port:(665.4, 10.0)(665.4, 89.5)(665.0, 89.5)(665.0, 104.9)(507.9, 104.9)(507.9, 10.0);GATE
Port:(654.4, 16.2)(660.2, 16.2)(660.2, 83.3)(654.4, 83.3);SD
Module:M12
Boundary:(662.1, 124.9)(662.1, 202.6)(661.8, 202.6)(661.8, 218.0)(501.7, 218.0)(501.7, 124.9);GATE
Port:(501.7, 136.8)(507.7, 136.8)(507.7, 206.1)(501.7, 206.1);SD
Port:(662.1, 124.9)(662.1, 202.6)(661.8, 202.6)(661.8, 218.0)(508.8, 218.0)(508.8, 124.9);GATE
Port:(652.3, 131.2)(656.8, 131.2)(656.8, 196.3)(652.3, 196.3);SD
Module:M8
Boundary:(20.0, 20.0)(69.9, 20.0)(69.9, 196.4)(20.0, 196.4);GATE
Port:(33.3, 191.8)(56.6, 191.8)(56.6, 196.4)(33.3, 196.4);SD
Port:(20.0, 20.0)(69.9, 20.0)(69.9, 190.2)(20.0, 190.2);GATE
Port:(26.3, 25.3)(63.6, 25.3)(63.6, 30.4)(26.3, 30.4);SD
Module:M4
Boundary:(676.8, 248.0)(676.8, 317.3)(676.6, 317.3)(676.6, 335.2)(488.4, 335.2)(488.4, 248.0);GATE
Port:(488.4, 261.1)(494.1, 261.1)(494.1, 322.1)(488.4, 322.1);SD
Port:(676.8, 248.0)(676.8, 317.3)(676.6, 317.3)(676.6, 335.2)(495.6, 335.2)(495.6, 248.0);GATE
Port:(667.0, 253.6)(672.2, 253.6)(672.2, 311.7)(667.0, 311.7);SD
