Area:(-20.0, -30.0)(652.5, -30.0)(652.5, 537.5)(-20.0, 537.5)
Rule:GATE(5,5);SD(5,5);GATE_SD(0.5);GATE_ITO(0.5);SD_ITO(0.5)
Module:M14
Boundary:(349.7, 152.9)(349.7, 241.5)(258.8, 241.5)(258.8, 152.9);GATE
Port:(258.8, 167.2)(263.5, 167.2)(263.5, 227.2)(258.8, 227.2);SD
Port:(349.7, 152.9)(349.7, 241.5)(264.6, 241.5)(264.6, 152.9);GATE
Port:(338.7, 159.0)(344.6, 159.0)(344.6, 235.4)(338.7, 235.4);SD
Module:M9
Boundary:(218.8, 110.9)(218.8, 208.3)(218.3, 208.3)(218.3, 224.3)(119.6, 224.3)(119.6, 110.9);GATE
Port:(119.6, 123.9)(124.3, 123.9)(124.3, 211.3)(119.6, 211.3);SD
Port:(218.8, 110.9)(218.8, 208.3)(218.3, 208.3)(218.3, 224.3)(127.0, 224.3)(127.0, 110.9);GATE
Port:(208.2, 116.5)(214.2, 116.5)(214.2, 202.7)(208.2, 202.7);SD
Module:M5
Boundary:(200.2, 265.5)(200.2, 325.7)(200.1, 325.7)(200.1, 340.1)(20.0, 340.1)(20.0, 265.5);GATE
Port:(20.0, 277.9)(25.7, 277.9)(25.7, 327.7)(20.0, 327.7);SD
Port:(200.2, 265.5)(200.2, 325.7)(200.1, 325.7)(200.1, 340.1)(28.3, 340.1)(28.3, 265.5);GATE
Port:(189.8, 271.4)(195.3, 271.4)(195.3, 319.8)(189.8, 319.8);SD
Module:M11
Boundary:(479.4, 269.9)(592.4, 269.9)(592.4, 270.2)(610.6, 270.2)(610.6, 367.3)(479.4, 367.3);GATE
Port:(495.9, 361.4)(594.1, 361.4)(594.1, 367.3)(495.9, 367.3);SD
Port:(479.4, 269.9)(592.4, 269.9)(592.4, 270.2)(610.6, 270.2)(610.6, 359.4)(479.4, 359.4);GATE
Port:(486.0, 275.5)(585.8, 275.5)(585.8, 283.4)(486.0, 283.4);SD
Module:M1
Boundary:(212.4, 390.1)(212.4, 457.5)(212.3, 457.5)(212.3, 473.9)(30.0, 473.9)(30.0, 390.1);GATE
Port:(30.0, 404.1)(36.0, 404.1)(36.0, 459.9)(30.0, 459.9);SD
Port:(212.4, 390.1)(212.4, 457.5)(212.3, 457.5)(212.3, 473.9)(38.4, 473.9)(38.4, 390.1);GATE
Port:(201.2, 395.6)(207.9, 395.6)(207.9, 452.0)(201.2, 452.0);SD
Module:M6
Boundary:(581.2, 387.3)(581.2, 482.4)(581.2, 482.4)(581.2, 497.5)(406.8, 497.5)(406.8, 387.3);GATE
Port:(406.8, 401.1)(411.4, 401.1)(411.4, 483.7)(406.8, 483.7);SD
Port:(581.2, 387.3)(581.2, 482.4)(581.2, 482.4)(581.2, 497.5)(413.6, 497.5)(413.6, 387.3);GATE
Port:(569.4, 393.4)(576.1, 393.4)(576.1, 476.3)(569.4, 476.3);SD
Module:M2
Boundary:(376.8, 396.5)(376.8, 472.5)(376.5, 472.5)(376.5, 486.8)(262.4, 486.8)(262.4, 396.5);GATE
Port:(262.4, 409.9)(268.2, 409.9)(268.2, 473.4)(262.4, 473.4);SD
Port:(376.8, 396.5)(376.8, 472.5)(376.5, 472.5)(376.5, 486.8)(269.9, 486.8)(269.9, 396.5);GATE
Port:(365.1, 401.9)(372.4, 401.9)(372.4, 467.1)(365.1, 467.1);SD
Module:M16
Boundary:(600.8, 185.7)(600.8, 233.9)(600.6, 233.9)(600.6, 249.9)(470.6, 249.9)(470.6, 185.7);GATE
Port:(470.6, 198.7)(475.8, 198.7)(475.8, 236.9)(470.6, 236.9);SD
Port:(600.8, 185.7)(600.8, 233.9)(600.6, 233.9)(600.6, 249.9)(477.6, 249.9)(477.6, 185.7);GATE
Port:(591.1, 191.7)(595.8, 191.7)(595.8, 227.9)(591.1, 227.9);SD
Module:M13
Boundary:(389.7, 132.9)(450.6, 132.9)(450.6, 278.8)(389.7, 278.8);GATE
Port:(402.4, 273.5)(437.9, 273.5)(437.9, 278.8)(402.4, 278.8);SD
Port:(389.7, 132.9)(450.6, 132.9)(450.6, 271.5)(389.7, 271.5);GATE
Port:(395.9, 138.1)(444.4, 138.1)(444.4, 143.5)(395.9, 143.5);SD
Module:M10
Boundary:(353.7, 281.5)(353.7, 366.5)(252.4, 366.5)(252.4, 281.5);GATE
Port:(252.4, 293.9)(258.0, 293.9)(258.0, 354.1)(252.4, 354.1);SD
Port:(353.7, 281.5)(353.7, 366.5)(259.4, 366.5)(259.4, 281.5);GATE
Port:(344.1, 286.6)(349.6, 286.6)(349.6, 361.4)(344.1, 361.4);SD
Module:M7
Boundary:(441.0, 20.0)(441.0, 87.6)(440.9, 87.6)(440.9, 102.9)(321.0, 102.9)(321.0, 20.0);GATE
Port:(321.0, 34.7)(325.8, 34.7)(325.8, 88.2)(321.0, 88.2);SD
Port:(441.0, 20.0)(441.0, 87.6)(440.9, 87.6)(440.9, 102.9)(327.9, 102.9)(327.9, 20.0);GATE
Port:(427.9, 26.9)(435.1, 26.9)(435.1, 80.7)(427.9, 80.7);SD
Module:M3
Boundary:(459.4, 298.8)(459.4, 342.5)(459.2, 342.5)(459.2, 356.9)(373.7, 356.9)(373.7, 298.8);GATE
Port:(373.7, 309.5)(379.5, 309.5)(379.5, 346.2)(373.7, 346.2);SD
Port:(459.4, 298.8)(459.4, 342.5)(459.2, 342.5)(459.2, 356.9)(381.5, 356.9)(381.5, 298.8);GATE
Port:(450.4, 304.0)(455.2, 304.0)(455.2, 337.3)(450.4, 337.3);SD
Module:M15
Boundary:(471.0, 10.0)(525.5, 10.0)(525.5, 165.7)(471.0, 165.7);GATE
Port:(481.9, 160.0)(514.6, 160.0)(514.6, 165.7)(481.9, 165.7);SD
Port:(471.0, 10.0)(525.5, 10.0)(525.5, 158.4)(471.0, 158.4);GATE
Port:(476.6, 14.6)(519.9, 14.6)(519.9, 19.3)(476.6, 19.3);SD
Module:M12
Boundary:(545.5, 10.0)(599.6, 10.0)(599.6, 10.1)(612.5, 10.1)(612.5, 139.9)(545.5, 139.9);GATE
Port:(556.6, 135.9)(601.4, 135.9)(601.4, 139.9)(556.6, 139.9);SD
Port:(545.5, 10.0)(599.6, 10.0)(599.6, 10.1)(612.5, 10.1)(612.5, 133.2)(545.5, 133.2);GATE
Port:(551.2, 14.7)(593.9, 14.7)(593.9, 19.4)(551.2, 19.4);SD
Module:M8
Boundary:(20.0, 20.0)(89.6, 20.0)(89.6, 225.5)(20.0, 225.5);GATE
Port:(34.1, 221.3)(75.5, 221.3)(75.5, 225.5)(34.1, 225.5);SD
Port:(20.0, 20.0)(89.6, 20.0)(89.6, 218.4)(20.0, 218.4);GATE
Port:(25.7, 24.7)(83.9, 24.7)(83.9, 32.0)(25.7, 32.0);SD
Module:M4
Boundary:(281.0, 20.0)(281.0, 67.1)(280.8, 67.1)(280.8, 80.9)(129.6, 80.9)(129.6, 20.0);GATE
Port:(129.6, 33.2)(134.9, 33.2)(134.9, 67.7)(129.6, 67.7);SD
Port:(281.0, 20.0)(281.0, 67.1)(280.8, 67.1)(280.8, 80.9)(136.4, 80.9)(136.4, 20.0);GATE
Port:(269.7, 26.6)(275.4, 26.6)(275.4, 60.5)(269.7, 60.5);SD
