Area:(-30.0, -30.0)(706.7, -30.0)(706.7, 576.1)(-30.0, 576.1)
Rule:GATE(5,5);SD(5,5);GATE_SD(0.5);GATE_ITO(0.5);SD_ITO(0.5)
Module:M14
Boundary:(447.0, 394.6)(447.0, 518.1)(261.8, 518.1)(261.8, 394.6);GATE
Port:(261.8, 410.0)(266.1, 410.0)(266.1, 502.7)(261.8, 502.7);SD
Port:(447.0, 394.6)(447.0, 518.1)(267.5, 518.1)(267.5, 394.6);GATE
Port:(434.6, 400.8)(441.8, 400.8)(441.8, 511.9)(434.6, 511.9);SD
Module:M9
Boundary:(605.4, 122.6)(665.2, 122.6)(665.2, 333.0)(605.4, 333.0);GATE
Port:(618.6, 328.4)(652.0, 328.4)(652.0, 333.0)(618.6, 333.0);SD
Port:(605.4, 122.6)(665.2, 122.6)(665.2, 326.2)(605.4, 326.2);GATE
Port:(611.1, 127.3)(659.5, 127.3)(659.5, 133.6)(611.1, 133.6);SD
Module:M5
Boundary:(659.3, 363.0)(659.3, 457.6)(497.0, 457.6)(497.0, 363.0);GATE
Port:(497.0, 377.5)(502.0, 377.5)(502.0, 443.1)(497.0, 443.1);SD
Port:(659.3, 363.0)(659.3, 457.6)(504.0, 457.6)(504.0, 363.0);GATE
Port:(648.2, 369.0)(654.3, 369.0)(654.3, 451.6)(648.2, 451.6);SD
Module:M11
Boundary:(252.9, 10.0)(316.5, 10.0)(316.5, 10.1)(332.1, 10.1)(332.1, 216.4)(252.9, 216.4);GATE
Port:(265.2, 211.5)(319.8, 211.5)(319.8, 216.4)(265.2, 216.4);SD
Port:(252.9, 10.0)(316.5, 10.0)(316.5, 10.1)(332.1, 10.1)(332.1, 209.7)(252.9, 209.7);GATE
Port:(258.6, 14.7)(310.8, 14.7)(310.8, 20.6)(258.6, 20.6);SD
Module:M1
Boundary:(212.9, 30.0)(212.9, 120.2)(30.0, 120.2)(30.0, 30.0);GATE
Port:(30.0, 46.1)(34.7, 46.1)(34.7, 104.1)(30.0, 104.1);SD
Port:(212.9, 30.0)(212.9, 120.2)(36.9, 120.2)(36.9, 30.0);GATE
Port:(200.1, 36.2)(207.7, 36.2)(207.7, 114.0)(200.1, 114.0);SD
Module:M6
Boundary:(241.8, 236.4)(333.1, 236.4)(333.1, 343.4)(241.8, 343.4);GATE
Port:(256.0, 337.9)(318.9, 337.9)(318.9, 343.4)(256.0, 343.4);SD
Port:(241.8, 236.4)(333.1, 236.4)(333.1, 336.8)(241.8, 336.8);GATE
Port:(247.4, 241.0)(327.5, 241.0)(327.5, 247.4)(247.4, 247.4);SD
Module:M2
Boundary:(190.1, 446.2)(190.1, 493.1)(190.0, 493.1)(190.0, 506.9)(20.0, 506.9)(20.0, 446.2);GATE
Port:(20.0, 459.3)(24.6, 459.3)(24.6, 493.8)(20.0, 493.8);SD
Port:(190.1, 446.2)(190.1, 493.1)(190.0, 493.1)(190.0, 506.9)(25.9, 506.9)(25.9, 446.2);GATE
Port:(178.6, 452.0)(185.3, 452.0)(185.3, 487.3)(178.6, 487.3);SD
Module:M16
Boundary:(612.0, 10.0)(648.3, 10.0)(648.3, 10.1)(666.7, 10.1)(666.7, 101.4)(612.0, 101.4);GATE
Port:(626.5, 96.7)(652.2, 96.7)(652.2, 101.4)(626.5, 101.4);SD
Port:(612.0, 10.0)(648.3, 10.0)(648.3, 10.1)(666.7, 10.1)(666.7, 95.7)(612.0, 95.7);GATE
Port:(618.0, 15.0)(642.3, 15.0)(642.3, 21.1)(618.0, 21.1);SD
Module:M13
Boundary:(609.3, 487.6)(609.3, 536.1)(487.0, 536.1)(487.0, 487.6);GATE
Port:(487.0, 499.8)(491.7, 499.8)(491.7, 523.9)(487.0, 523.9);SD
Port:(609.3, 487.6)(609.3, 536.1)(492.9, 536.1)(492.9, 487.6);GATE
Port:(600.4, 492.8)(605.1, 492.8)(605.1, 530.9)(600.4, 530.9);SD
Module:M10
Boundary:(489.5, 10.0)(575.5, 10.0)(575.5, 10.4)(592.0, 10.4)(592.0, 102.6)(489.5, 102.6);GATE
Port:(504.3, 97.5)(577.2, 97.5)(577.2, 102.6)(504.3, 102.6);SD
Port:(489.5, 10.0)(575.5, 10.0)(575.5, 10.4)(592.0, 10.4)(592.0, 95.8)(489.5, 95.8);GATE
Port:(496.2, 15.7)(568.8, 15.7)(568.8, 21.9)(496.2, 21.9);SD
Module:M7
Boundary:(363.1, 138.6)(474.7, 138.6)(474.7, 274.7)(363.1, 274.7);GATE
Port:(377.4, 270.1)(460.4, 270.1)(460.4, 274.7)(377.4, 274.7);SD
Port:(363.1, 138.6)(474.7, 138.6)(474.7, 267.8)(363.1, 267.8);GATE
Port:(369.7, 144.2)(468.1, 144.2)(468.1, 150.4)(369.7, 150.4);SD
Module:M3
Boundary:(218.1, 160.2)(218.1, 281.1)(10.0, 281.1)(10.0, 160.2);GATE
Port:(10.0, 174.2)(14.9, 174.2)(14.9, 267.1)(10.0, 267.1);SD
Port:(218.1, 160.2)(218.1, 281.1)(17.3, 281.1)(17.3, 160.2);GATE
Port:(206.2, 165.3)(214.0, 165.3)(214.0, 276.0)(206.2, 276.0);SD
Module:M15
Boundary:(446.6, 304.7)(446.6, 338.1)(446.4, 338.1)(446.4, 354.6)(353.1, 354.6)(353.1, 304.7);GATE
Port:(353.1, 317.5)(357.4, 317.5)(357.4, 341.8)(353.1, 341.8);SD
Port:(446.6, 304.7)(446.6, 338.1)(446.4, 338.1)(446.4, 354.6)(360.1, 354.6)(360.1, 304.7);GATE
Port:(436.6, 310.1)(442.2, 310.1)(442.2, 332.7)(436.6, 332.7);SD
Module:M12
Boundary:(504.7, 122.6)(569.2, 122.6)(569.2, 123.0)(585.4, 123.0)(585.4, 296.3)(504.7, 296.3);GATE
Port:(517.3, 291.8)(572.8, 291.8)(572.8, 296.3)(517.3, 296.3);SD
Port:(504.7, 122.6)(569.2, 122.6)(569.2, 123.0)(585.4, 123.0)(585.4, 288.9)(504.7, 288.9);GATE
Port:(510.2, 127.1)(563.7, 127.1)(563.7, 132.2)(510.2, 132.2);SD
Module:M8
Boundary:(362.1, 20.0)(443.6, 20.0)(443.6, 20.3)(459.5, 20.3)(459.5, 98.6)(362.1, 98.6);GATE
Port:(375.1, 93.6)(446.5, 93.6)(446.5, 98.6)(375.1, 98.6);SD
Port:(362.1, 20.0)(443.6, 20.0)(443.6, 20.3)(459.5, 20.3)(459.5, 91.7)(362.1, 91.7);GATE
Port:(368.7, 25.6)(437.0, 25.6)(437.0, 30.5)(368.7, 30.5);SD
Module:M4
Boundary:(211.8, 311.1)(211.8, 390.8)(211.4, 390.8)(211.4, 406.2)(20.0, 406.2)(20.0, 311.1);GATE
Port:(20.0, 324.0)(24.5, 324.0)(24.5, 393.3)(20.0, 393.3);SD
Port:(211.8, 311.1)(211.8, 390.8)(211.4, 390.8)(211.4, 406.2)(25.5, 406.2)(25.5, 311.1);GATE
Port:(201.1, 316.8)(207.1, 316.8)(207.1, 385.1)(201.1, 385.1);SD
