Area:(-30.0, -30.0)(511.3, -30.0)(511.3, 725.8)(-30.0, 725.8)
Rule:GATE(5,5);SD(5,5);GATE_SD(0.5);GATE_ITO(0.5);SD_ITO(0.5)
Module:M14
Boundary:(30.0, 30.0)(129.6, 30.0)(129.6, 213.4)(30.0, 213.4);GATE
Port:(44.3, 208.1)(115.3, 208.1)(115.3, 213.4)(44.3, 213.4);SD
Port:(30.0, 30.0)(129.6, 30.0)(129.6, 206.7)(30.0, 206.7);GATE
Port:(35.8, 34.8)(123.8, 34.8)(123.8, 42.2)(35.8, 42.2);SD
Module:M9
Boundary:(331.5, 103.5)(384.9, 103.5)(384.9, 103.5)(401.9, 103.5)(401.9, 214.5)(331.5, 214.5);GATE
Port:(345.9, 209.7)(387.5, 209.7)(387.5, 214.5)(345.9, 214.5);SD
Port:(331.5, 103.5)(384.9, 103.5)(384.9, 103.5)(401.9, 103.5)(401.9, 208.3)(331.5, 208.3);GATE
Port:(338.0, 109.0)(378.4, 109.0)(378.4, 114.8)(338.0, 114.8);SD
Module:M5
Boundary:(259.7, 20.0)(259.7, 83.4)(179.6, 83.4)(179.6, 20.0);GATE
Port:(179.6, 33.1)(185.3, 33.1)(185.3, 70.3)(179.6, 70.3);SD
Port:(259.7, 20.0)(259.7, 83.4)(187.3, 83.4)(187.3, 20.0);GATE
Port:(248.6, 26.3)(254.4, 26.3)(254.4, 77.1)(248.6, 77.1);SD
Module:M11
Boundary:(396.0, 310.7)(454.4, 310.7)(454.4, 311.0)(467.9, 311.0)(467.9, 482.1)(396.0, 482.1);GATE
Port:(408.6, 476.6)(455.3, 476.6)(455.3, 482.1)(408.6, 482.1);SD
Port:(396.0, 310.7)(454.4, 310.7)(454.4, 311.0)(467.9, 311.0)(467.9, 473.7)(396.0, 473.7);GATE
Port:(402.6, 316.3)(447.8, 316.3)(447.8, 321.4)(402.6, 321.4);SD
Module:M1
Boundary:(30.0, 568.8)(102.7, 568.8)(102.7, 568.9)(116.7, 568.9)(116.7, 663.4)(30.0, 663.4);GATE
Port:(42.3, 658.0)(104.4, 658.0)(104.4, 663.4)(42.3, 663.4);SD
Port:(30.0, 568.8)(102.7, 568.8)(102.7, 568.9)(116.7, 568.9)(116.7, 655.3)(30.0, 655.3);GATE
Port:(36.3, 574.1)(96.4, 574.1)(96.4, 579.1)(36.3, 579.1);SD
Module:M6
Boundary:(143.8, 464.8)(143.8, 528.8)(10.0, 528.8)(10.0, 464.8);GATE
Port:(10.0, 478.3)(15.0, 478.3)(15.0, 515.3)(10.0, 515.3);SD
Port:(143.8, 464.8)(143.8, 528.8)(16.6, 528.8)(16.6, 464.8);GATE
Port:(132.1, 471.4)(138.2, 471.4)(138.2, 522.2)(132.1, 522.2);SD
Module:M2
Boundary:(179.6, 123.4)(301.5, 123.4)(301.5, 193.9)(179.6, 193.9);GATE
Port:(193.9, 188.9)(287.2, 188.9)(287.2, 193.9)(193.9, 193.9);SD
Port:(179.6, 123.4)(301.5, 123.4)(301.5, 187.7)(179.6, 187.7);GATE
Port:(185.1, 127.9)(296.0, 127.9)(296.0, 135.1)(185.1, 135.1);SD
Module:M16
Boundary:(365.7, 234.5)(365.7, 330.3)(365.5, 330.3)(365.5, 345.6)(169.6, 345.6)(169.6, 234.5);GATE
Port:(169.6, 248.4)(174.1, 248.4)(174.1, 331.7)(169.6, 331.7);SD
Port:(365.7, 234.5)(365.7, 330.3)(365.5, 330.3)(365.5, 345.6)(176.0, 345.6)(176.0, 234.5);GATE
Port:(354.1, 241.3)(359.9, 241.3)(359.9, 323.5)(354.1, 323.5);SD
Module:M13
Boundary:(383.8, 611.1)(453.9, 611.1)(453.9, 611.4)(471.3, 611.4)(471.3, 685.8)(383.8, 685.8);GATE
Port:(397.6, 680.4)(457.5, 680.4)(457.5, 685.8)(397.6, 685.8);SD
Port:(383.8, 611.1)(453.9, 611.1)(453.9, 611.4)(471.3, 611.4)(471.3, 678.3)(383.8, 678.3);GATE
Port:(390.4, 616.7)(447.3, 616.7)(447.3, 621.9)(390.4, 621.9);SD
Module:M10
Boundary:(466.3, 502.1)(466.3, 577.0)(466.0, 577.0)(466.0, 591.1)(396.0, 591.1)(396.0, 502.1);GATE
Port:(396.0, 514.5)(401.4, 514.5)(401.4, 578.7)(396.0, 578.7);SD
Port:(466.3, 502.1)(466.3, 577.0)(466.0, 577.0)(466.0, 591.1)(403.5, 591.1)(403.5, 502.1);GATE
Port:(455.5, 508.1)(461.3, 508.1)(461.3, 571.0)(455.5, 571.0);SD
Module:M7
Boundary:(20.0, 263.4)(117.7, 263.4)(117.7, 263.9)(133.3, 263.9)(133.3, 434.8)(20.0, 434.8);GATE
Port:(34.5, 429.5)(118.8, 429.5)(118.8, 434.8)(34.5, 434.8);SD
Port:(20.0, 263.4)(117.7, 263.4)(117.7, 263.9)(133.3, 263.9)(133.3, 427.4)(20.0, 427.4);GATE
Port:(25.7, 268.1)(112.0, 268.1)(112.0, 275.6)(25.7, 275.6);SD
Module:M3
Boundary:(376.0, 481.6)(376.0, 572.6)(163.8, 572.6)(163.8, 481.6);GATE
Port:(163.8, 493.0)(168.1, 493.0)(168.1, 561.2)(163.8, 561.2);SD
Port:(376.0, 481.6)(376.0, 572.6)(170.5, 572.6)(170.5, 481.6);GATE
Port:(366.2, 488.2)(370.4, 488.2)(370.4, 566.0)(366.2, 566.0);SD
Module:M15
Boundary:(421.9, 103.5)(452.9, 103.5)(452.9, 103.6)(468.2, 103.6)(468.2, 290.7)(421.9, 290.7);GATE
Port:(434.4, 286.5)(455.7, 286.5)(455.7, 290.7)(434.4, 290.7);SD
Port:(421.9, 103.5)(452.9, 103.5)(452.9, 103.6)(468.2, 103.6)(468.2, 284.6)(421.9, 284.6);GATE
Port:(427.3, 107.9)(447.5, 107.9)(447.5, 113.8)(427.3, 113.8);SD
Module:M12
Boundary:(466.7, 10.0)(466.7, 66.2)(466.5, 66.2)(466.5, 83.5)(289.7, 83.5)(289.7, 10.0);GATE
Port:(289.7, 26.2)(294.1, 26.2)(294.1, 67.3)(289.7, 67.3);SD
Port:(466.7, 10.0)(466.7, 66.2)(466.5, 66.2)(466.5, 83.5)(296.3, 83.5)(296.3, 10.0);GATE
Port:(453.7, 16.7)(461.0, 16.7)(461.0, 59.5)(453.7, 59.5);SD
Module:M8
Boundary:(365.4, 375.6)(365.4, 437.3)(365.4, 437.3)(365.4, 451.6)(173.8, 451.6)(173.8, 375.6);GATE
Port:(173.8, 388.9)(178.2, 388.9)(178.2, 438.3)(173.8, 438.3);SD
Port:(365.4, 375.6)(365.4, 437.3)(365.4, 437.3)(365.4, 451.6)(179.7, 451.6)(179.7, 375.6);GATE
Port:(353.7, 380.9)(361.1, 380.9)(361.1, 432.0)(353.7, 432.0);SD
Module:M4
Boundary:(353.8, 602.6)(353.8, 670.9)(166.7, 670.9)(166.7, 602.6);GATE
Port:(166.7, 615.8)(171.7, 615.8)(171.7, 657.7)(166.7, 657.7);SD
Port:(353.8, 602.6)(353.8, 670.9)(174.5, 670.9)(174.5, 602.6);GATE
Port:(343.3, 608.8)(348.6, 608.8)(348.6, 664.7)(343.3, 664.7);SD
