Area:(-30.0, -30.0)(658.9, -30.0)(658.9, 592.9)(-30.0, 592.9)
Rule:GATE(5,5);SD(5,5);GATE_SD(0.5);GATE_ITO(0.5);SD_ITO(0.5)
Module:M14
Boundary:(335.7, 430.9)(335.7, 522.0)(335.3, 522.0)(335.3, 536.8)(175.4, 536.8)(175.4, 430.9);GATE
Port:(175.4, 443.7)(179.8, 443.7)(179.8, 524.0)(175.4, 524.0);SD
Port:(335.7, 430.9)(335.7, 522.0)(335.3, 522.0)(335.3, 536.8)(182.3, 536.8)(182.3, 430.9);GATE
Port:(325.2, 436.2)(331.4, 436.2)(331.4, 516.7)(325.2, 516.7);SD
Module:M9
Boundary:(375.6, 10.0)(375.6, 92.7)(206.2, 92.7)(206.2, 10.0);GATE
Port:(206.2, 24.3)(211.3, 24.3)(211.3, 78.4)(206.2, 78.4);SD
Port:(375.6, 10.0)(375.6, 92.7)(212.8, 92.7)(212.8, 10.0);GATE
Port:(364.2, 15.3)(371.3, 15.3)(371.3, 87.4)(364.2, 87.4);SD
Module:M5
Boundary:(125.4, 450.1)(125.4, 512.8)(125.2, 512.8)(125.2, 528.2)(20.0, 528.2)(20.0, 450.1);GATE
Port:(20.0, 462.9)(25.9, 462.9)(25.9, 515.4)(20.0, 515.4);SD
Port:(125.4, 450.1)(125.4, 512.8)(125.2, 512.8)(125.2, 528.2)(27.7, 528.2)(27.7, 450.1);GATE
Port:(114.8, 455.3)(121.2, 455.3)(121.2, 507.6)(114.8, 507.6);SD
Module:M11
Boundary:(10.0, 221.3)(60.2, 221.3)(60.2, 221.4)(76.6, 221.4)(76.6, 420.1)(10.0, 420.1);GATE
Port:(23.4, 414.9)(63.2, 414.9)(63.2, 420.1)(23.4, 420.1);SD
Port:(10.0, 221.3)(60.2, 221.3)(60.2, 221.4)(76.6, 221.4)(76.6, 412.5)(10.0, 412.5);GATE
Port:(17.0, 227.3)(53.2, 227.3)(53.2, 231.6)(17.0, 231.6);SD
Module:M1
Boundary:(569.4, 360.2)(569.4, 428.8)(404.7, 428.8)(404.7, 360.2);GATE
Port:(404.7, 375.1)(408.8, 375.1)(408.8, 413.9)(404.7, 413.9);SD
Port:(569.4, 360.2)(569.4, 428.8)(411.1, 428.8)(411.1, 360.2);GATE
Port:(557.2, 366.4)(564.2, 366.4)(564.2, 422.6)(557.2, 422.6);SD
Module:M6
Boundary:(395.6, 126.7)(457.1, 126.7)(457.1, 126.9)(472.0, 126.9)(472.0, 320.2)(395.6, 320.2);GATE
Port:(408.1, 315.6)(459.5, 315.6)(459.5, 320.2)(408.1, 320.2);SD
Port:(395.6, 126.7)(457.1, 126.7)(457.1, 126.9)(472.0, 126.9)(472.0, 313.8)(395.6, 313.8);GATE
Port:(401.3, 131.4)(451.4, 131.4)(451.4, 137.4)(401.3, 137.4);SD
Module:M2
Boundary:(362.0, 122.7)(362.0, 172.0)(217.5, 172.0)(217.5, 122.7);GATE
Port:(217.5, 136.0)(223.0, 136.0)(223.0, 158.7)(217.5, 158.7);SD
Port:(362.0, 122.7)(362.0, 172.0)(224.2, 172.0)(224.2, 122.7);GATE
Port:(350.8, 129.4)(356.3, 129.4)(356.3, 165.3)(350.8, 165.3);SD
Module:M16
Boundary:(317.0, 202.0)(348.7, 202.0)(348.7, 202.1)(364.7, 202.1)(364.7, 380.0)(317.0, 380.0);GATE
Port:(329.6, 374.9)(352.1, 374.9)(352.1, 380.0)(329.6, 380.0);SD
Port:(317.0, 202.0)(348.7, 202.0)(348.7, 202.1)(364.7, 202.1)(364.7, 373.7)(317.0, 373.7);GATE
Port:(322.2, 206.2)(343.5, 206.2)(343.5, 211.9)(322.2, 211.9);SD
Module:M13
Boundary:(544.1, 10.0)(616.1, 10.0)(616.1, 140.7)(544.1, 140.7);GATE
Port:(556.1, 136.2)(604.1, 136.2)(604.1, 140.7)(556.1, 140.7);SD
Port:(544.1, 10.0)(616.1, 10.0)(616.1, 134.2)(544.1, 134.2);GATE
Port:(549.8, 14.7)(610.4, 14.7)(610.4, 20.1)(549.8, 20.1);SD
Module:M10
Boundary:(225.4, 202.0)(297.0, 202.0)(297.0, 390.9)(225.4, 390.9);GATE
Port:(240.1, 386.5)(282.3, 386.5)(282.3, 390.9)(240.1, 390.9);SD
Port:(225.4, 202.0)(297.0, 202.0)(297.0, 385.1)(225.4, 385.1);GATE
Port:(231.2, 206.8)(291.2, 206.8)(291.2, 214.2)(231.2, 214.2);SD
Module:M7
Boundary:(514.1, 20.0)(514.1, 81.1)(514.0, 81.1)(514.0, 96.7)(405.6, 96.7)(405.6, 20.0);GATE
Port:(405.6, 31.5)(410.4, 31.5)(410.4, 85.2)(405.6, 85.2);SD
Port:(514.1, 20.0)(514.1, 81.1)(514.0, 81.1)(514.0, 96.7)(412.6, 96.7)(412.6, 20.0);GATE
Port:(505.3, 25.4)(509.7, 25.4)(509.7, 75.7)(505.3, 75.7);SD
Module:M3
Boundary:(492.0, 160.7)(600.5, 160.7)(600.5, 161.1)(618.9, 161.1)(618.9, 310.0)(492.0, 310.0);GATE
Port:(505.6, 304.7)(605.3, 304.7)(605.3, 310.0)(505.6, 310.0);SD
Port:(492.0, 160.7)(600.5, 160.7)(600.5, 161.1)(618.9, 161.1)(618.9, 302.6)(492.0, 302.6);GATE
Port:(497.3, 165.0)(595.2, 165.0)(595.2, 171.0)(497.3, 171.0);SD
Module:M15
Boundary:(566.9, 468.8)(566.9, 537.3)(566.9, 537.3)(566.9, 552.9)(375.7, 552.9)(375.7, 468.8);GATE
Port:(375.7, 484.4)(381.7, 484.4)(381.7, 537.3)(375.7, 537.3);SD
Port:(566.9, 468.8)(566.9, 537.3)(566.9, 537.3)(566.9, 552.9)(382.8, 552.9)(382.8, 468.8);GATE
Port:(553.8, 475.6)(561.1, 475.6)(561.1, 530.5)(553.8, 530.5);SD
Module:M12
Boundary:(186.2, 10.0)(186.2, 105.6)(10.0, 105.6)(10.0, 10.0);GATE
Port:(10.0, 23.4)(14.7, 23.4)(14.7, 92.2)(10.0, 92.2);SD
Port:(186.2, 10.0)(186.2, 105.6)(17.3, 105.6)(17.3, 10.0);GATE
Port:(175.8, 15.4)(181.8, 15.4)(181.8, 100.2)(175.8, 100.2);SD
Module:M8
Boundary:(177.5, 135.6)(177.5, 191.3)(20.0, 191.3)(20.0, 135.6);GATE
Port:(20.0, 146.8)(25.4, 146.8)(25.4, 180.1)(20.0, 180.1);SD
Port:(177.5, 135.6)(177.5, 191.3)(26.6, 191.3)(26.6, 135.6);GATE
Port:(167.8, 141.2)(172.9, 141.2)(172.9, 185.7)(167.8, 185.7);SD
Module:M4
Boundary:(106.6, 231.3)(195.4, 231.3)(195.4, 377.3)(106.6, 377.3);GATE
Port:(120.7, 372.8)(181.3, 372.8)(181.3, 377.3)(120.7, 377.3);SD
Port:(106.6, 231.3)(195.4, 231.3)(195.4, 370.0)(106.6, 370.0);GATE
Port:(112.8, 236.5)(189.2, 236.5)(189.2, 242.4)(112.8, 242.4);SD
