Area:(-30.0, -30.0)(547.5, -30.0)(547.5, 676.0)(-30.0, 676.0)
Rule:GATE(5,5);SD(5,5);GATE_SD(0.5);GATE_ITO(0.5);SD_ITO(0.5)
Module:M14
Boundary:(258.4, 535.8)(258.4, 600.8)(258.2, 600.8)(258.2, 616.2)(30.0, 616.2)(30.0, 535.8);GATE
Port:(30.0, 549.5)(34.9, 549.5)(34.9, 602.5)(30.0, 602.5);SD
Port:(258.4, 535.8)(258.4, 600.8)(258.2, 600.8)(258.2, 616.2)(37.1, 616.2)(37.1, 535.8);GATE
Port:(246.7, 541.3)(253.9, 541.3)(253.9, 595.3)(246.7, 595.3);SD
Module:M9
Boundary:(284.5, 10.0)(370.6, 10.0)(370.6, 188.3)(284.5, 188.3);GATE
Port:(297.9, 183.5)(357.2, 183.5)(357.2, 188.3)(297.9, 188.3);SD
Port:(284.5, 10.0)(370.6, 10.0)(370.6, 181.8)(284.5, 181.8);GATE
Port:(290.0, 14.5)(365.1, 14.5)(365.1, 20.3)(290.0, 20.3);SD
Module:M5
Boundary:(381.6, 218.3)(381.6, 252.3)(381.5, 252.3)(381.5, 268.2)(294.5, 268.2)(294.5, 218.3);GATE
Port:(294.5, 232.1)(298.8, 232.1)(298.8, 254.4)(294.5, 254.4);SD
Port:(381.6, 218.3)(381.6, 252.3)(381.5, 252.3)(381.5, 268.2)(301.0, 268.2)(301.0, 218.3);GATE
Port:(370.6, 224.9)(376.0, 224.9)(376.0, 245.7)(370.6, 245.7);SD
Module:M11
Boundary:(495.7, 337.3)(495.7, 418.3)(338.7, 418.3)(338.7, 337.3);GATE
Port:(338.7, 350.3)(343.9, 350.3)(343.9, 405.3)(338.7, 405.3);SD
Port:(495.7, 337.3)(495.7, 418.3)(345.7, 418.3)(345.7, 337.3);GATE
Port:(485.0, 343.7)(490.3, 343.7)(490.3, 411.9)(485.0, 411.9);SD
Module:M1
Boundary:(30.0, 359.2)(75.4, 359.2)(75.4, 359.2)(90.6, 359.2)(90.6, 475.8)(30.0, 475.8);GATE
Port:(41.5, 470.4)(79.1, 470.4)(79.1, 475.8)(41.5, 475.8);SD
Port:(30.0, 359.2)(75.4, 359.2)(75.4, 359.2)(90.6, 359.2)(90.6, 469.1)(30.0, 469.1);GATE
Port:(35.3, 363.5)(70.1, 363.5)(70.1, 368.4)(35.3, 368.4);SD
Module:M6
Boundary:(438.2, 438.3)(489.1, 438.3)(489.1, 438.4)(506.5, 438.4)(506.5, 636.0)(438.2, 636.0);GATE
Port:(451.1, 631.8)(493.6, 631.8)(493.6, 636.0)(451.1, 636.0);SD
Port:(438.2, 438.3)(489.1, 438.3)(489.1, 438.4)(506.5, 438.4)(506.5, 630.7)(438.2, 630.7);GATE
Port:(443.2, 442.3)(484.1, 442.3)(484.1, 448.0)(443.2, 448.0);SD
Module:M2
Boundary:(131.4, 117.7)(224.3, 117.7)(224.3, 118.2)(239.4, 118.2)(239.4, 196.5)(131.4, 196.5);GATE
Port:(144.0, 191.6)(226.8, 191.6)(226.8, 196.5)(144.0, 196.5);SD
Port:(131.4, 117.7)(224.3, 117.7)(224.3, 118.2)(239.4, 118.2)(239.4, 189.4)(131.4, 189.4);GATE
Port:(137.0, 122.3)(218.7, 122.3)(218.7, 127.9)(137.0, 127.9);SD
Module:M16
Boundary:(260.8, 226.5)(260.8, 319.2)(105.4, 319.2)(105.4, 226.5);GATE
Port:(105.4, 239.2)(110.0, 239.2)(110.0, 306.5)(105.4, 306.5);SD
Port:(260.8, 226.5)(260.8, 319.2)(112.5, 319.2)(112.5, 226.5);GATE
Port:(250.0, 232.0)(256.3, 232.0)(256.3, 313.7)(250.0, 313.7);SD
Module:M13
Boundary:(318.7, 339.2)(318.7, 368.2)(318.7, 368.2)(318.7, 383.1)(130.6, 383.1)(130.6, 339.2);GATE
Port:(130.6, 350.2)(135.2, 350.2)(135.2, 372.1)(130.6, 372.1);SD
Port:(318.7, 339.2)(318.7, 368.2)(318.7, 368.2)(318.7, 383.1)(137.9, 383.1)(137.9, 339.2);GATE
Port:(310.0, 344.4)(314.5, 344.4)(314.5, 363.0)(310.0, 363.0);SD
Module:M10
Boundary:(264.5, 10.0)(264.5, 72.2)(264.4, 72.2)(264.4, 87.7)(121.4, 87.7)(121.4, 10.0);GATE
Port:(121.4, 22.3)(126.5, 22.3)(126.5, 75.4)(121.4, 75.4);SD
Port:(264.5, 10.0)(264.5, 72.2)(264.4, 72.2)(264.4, 87.7)(129.1, 87.7)(129.1, 10.0);GATE
Port:(255.1, 15.4)(260.1, 15.4)(260.1, 66.8)(255.1, 66.8);SD
Module:M7
Boundary:(497.3, 20.0)(497.3, 79.3)(497.3, 79.3)(497.3, 93.5)(400.6, 93.5)(400.6, 20.0);GATE
Port:(400.6, 32.4)(406.5, 32.4)(406.5, 81.1)(400.6, 81.1);SD
Port:(497.3, 20.0)(497.3, 79.3)(497.3, 79.3)(497.3, 93.5)(409.0, 93.5)(409.0, 20.0);GATE
Port:(486.7, 25.1)(493.2, 25.1)(493.2, 74.2)(486.7, 74.2);SD
Module:M3
Boundary:(411.6, 123.5)(491.8, 123.5)(491.8, 123.7)(507.5, 123.7)(507.5, 317.3)(411.6, 317.3);GATE
Port:(425.1, 312.1)(494.0, 312.1)(494.0, 317.3)(425.1, 317.3);SD
Port:(411.6, 123.5)(491.8, 123.5)(491.8, 123.7)(507.5, 123.7)(507.5, 310.1)(411.6, 310.1);GATE
Port:(417.2, 128.1)(486.2, 128.1)(486.2, 134.0)(417.2, 134.0);SD
Module:M15
Boundary:(248.1, 403.1)(248.1, 481.9)(130.6, 481.9)(130.6, 403.1);GATE
Port:(130.6, 416.2)(135.9, 416.2)(135.9, 468.8)(130.6, 468.8);SD
Port:(248.1, 403.1)(248.1, 481.9)(138.8, 481.9)(138.8, 403.1);GATE
Port:(237.1, 409.2)(243.0, 409.2)(243.0, 475.8)(237.1, 475.8);SD
Module:M12
Boundary:(10.0, 223.6)(70.3, 223.6)(70.3, 223.9)(85.4, 223.9)(85.4, 317.2)(10.0, 317.2);GATE
Port:(21.9, 313.1)(73.5, 313.1)(73.5, 317.2)(21.9, 317.2);SD
Port:(10.0, 223.6)(70.3, 223.6)(70.3, 223.9)(85.4, 223.9)(85.4, 312.0)(10.0, 312.0);GATE
Port:(15.7, 228.3)(64.6, 228.3)(64.6, 232.8)(15.7, 232.8);SD
Module:M8
Boundary:(308.4, 448.3)(408.2, 448.3)(408.2, 602.5)(308.4, 602.5);GATE
Port:(325.0, 598.3)(391.6, 598.3)(391.6, 602.5)(325.0, 602.5);SD
Port:(308.4, 448.3)(408.2, 448.3)(408.2, 595.8)(308.4, 595.8);GATE
Port:(314.8, 453.7)(401.8, 453.7)(401.8, 461.5)(314.8, 461.5);SD
Module:M4
Boundary:(20.0, 20.0)(91.4, 20.0)(91.4, 193.6)(20.0, 193.6);GATE
Port:(34.1, 188.2)(77.3, 188.2)(77.3, 193.6)(34.1, 193.6);SD
Port:(20.0, 20.0)(91.4, 20.0)(91.4, 186.0)(20.0, 186.0);GATE
Port:(25.4, 24.4)(86.0, 24.4)(86.0, 31.4)(25.4, 31.4);SD
