Area:(-20.0, -30.0)(590.6, -30.0)(590.6, 825.8)(-20.0, 825.8)
Rule:GATE(5,5);SD(5,5);GATE_SD(0.5);GATE_ITO(0.5);SD_ITO(0.5)
Module:M14
Boundary:(30.0, 30.0)(138.5, 30.0)(138.5, 225.9)(30.0, 225.9);GATE
Port:(44.8, 221.6)(123.7, 221.6)(123.7, 225.9)(44.8, 225.9);SD
Port:(30.0, 30.0)(138.5, 30.0)(138.5, 218.8)(30.0, 218.8);GATE
Port:(35.3, 34.3)(133.2, 34.3)(133.2, 42.0)(35.3, 42.0);SD
Module:M9
Boundary:(299.9, 203.4)(413.3, 203.4)(413.3, 372.8)(299.9, 372.8);GATE
Port:(315.7, 368.0)(397.5, 368.0)(397.5, 372.8)(315.7, 372.8);SD
Port:(299.9, 203.4)(413.3, 203.4)(413.3, 365.8)(299.9, 365.8);GATE
Port:(306.1, 208.6)(407.1, 208.6)(407.1, 215.8)(306.1, 215.8);SD
Module:M5
Boundary:(453.2, 20.0)(535.3, 20.0)(535.3, 242.4)(453.2, 242.4);GATE
Port:(467.0, 237.0)(521.5, 237.0)(521.5, 242.4)(467.0, 242.4);SD
Port:(453.2, 20.0)(535.3, 20.0)(535.3, 235.2)(453.2, 235.2);GATE
Port:(460.0, 25.8)(528.5, 25.8)(528.5, 30.6)(460.0, 30.6);SD
Module:M11
Boundary:(351.7, 10.0)(423.2, 10.0)(423.2, 179.7)(351.7, 179.7);GATE
Port:(365.5, 175.2)(409.4, 175.2)(409.4, 179.7)(365.5, 179.7);SD
Port:(351.7, 10.0)(423.2, 10.0)(423.2, 173.9)(351.7, 173.9);GATE
Port:(357.6, 14.9)(417.3, 14.9)(417.3, 20.7)(357.6, 20.7);SD
Module:M1
Boundary:(422.7, 701.2)(422.7, 764.1)(422.6, 764.1)(422.6, 779.2)(214.7, 779.2)(214.7, 701.2);GATE
Port:(214.7, 713.9)(219.5, 713.9)(219.5, 766.5)(214.7, 766.5);SD
Port:(422.7, 701.2)(422.7, 764.1)(422.6, 764.1)(422.6, 779.2)(221.0, 779.2)(221.0, 701.2);GATE
Port:(412.3, 707.8)(417.1, 707.8)(417.1, 757.5)(412.3, 757.5);SD
Module:M6
Boundary:(178.5, 247.9)(279.9, 247.9)(279.9, 404.9)(178.5, 404.9);GATE
Port:(190.0, 399.9)(268.4, 399.9)(268.4, 404.9)(190.0, 404.9);SD
Port:(178.5, 247.9)(279.9, 247.9)(279.9, 398.1)(178.5, 398.1);GATE
Port:(183.7, 252.1)(274.7, 252.1)(274.7, 257.2)(183.7, 257.2);SD
Module:M2
Boundary:(217.8, 553.6)(217.8, 646.2)(20.0, 646.2)(20.0, 553.6);GATE
Port:(20.0, 567.4)(24.1, 567.4)(24.1, 632.4)(20.0, 632.4);SD
Port:(217.8, 553.6)(217.8, 646.2)(26.2, 646.2)(26.2, 553.6);GATE
Port:(206.3, 559.6)(212.8, 559.6)(212.8, 640.2)(206.3, 640.2);SD
Module:M16
Boundary:(178.5, 10.0)(212.2, 10.0)(212.2, 10.1)(227.1, 10.1)(227.1, 227.9)(178.5, 227.9);GATE
Port:(192.2, 222.9)(213.4, 222.9)(213.4, 227.9)(192.2, 227.9);SD
Port:(178.5, 10.0)(212.2, 10.0)(212.2, 10.1)(227.1, 10.1)(227.1, 220.4)(178.5, 220.4);GATE
Port:(184.7, 15.2)(206.0, 15.2)(206.0, 21.2)(184.7, 21.2);SD
Module:M13
Boundary:(247.1, 10.0)(331.7, 10.0)(331.7, 183.4)(247.1, 183.4);GATE
Port:(260.7, 179.2)(318.1, 179.2)(318.1, 183.4)(260.7, 183.4);SD
Port:(247.1, 10.0)(331.7, 10.0)(331.7, 177.8)(247.1, 177.8);GATE
Port:(252.5, 14.4)(326.3, 14.4)(326.3, 20.4)(252.5, 20.4);SD
Module:M10
Boundary:(462.7, 556.7)(550.6, 556.7)(550.6, 744.1)(462.7, 744.1);GATE
Port:(477.8, 739.8)(535.5, 739.8)(535.5, 744.1)(477.8, 744.1);SD
Port:(462.7, 556.7)(550.6, 556.7)(550.6, 737.8)(462.7, 737.8);GATE
Port:(469.3, 562.3)(544.0, 562.3)(544.0, 569.0)(469.3, 569.0);SD
Module:M7
Boundary:(164.7, 686.2)(164.7, 785.8)(20.0, 785.8)(20.0, 686.2);GATE
Port:(20.0, 700.2)(24.9, 700.2)(24.9, 771.8)(20.0, 771.8);SD
Port:(164.7, 686.2)(164.7, 785.8)(26.2, 785.8)(26.2, 686.2);GATE
Port:(153.5, 692.8)(159.1, 692.8)(159.1, 779.2)(153.5, 779.2);SD
Module:M3
Boundary:(339.3, 424.9)(339.3, 504.0)(339.2, 504.0)(339.2, 523.6)(178.5, 523.6)(178.5, 424.9);GATE
Port:(178.5, 441.0)(183.9, 441.0)(183.9, 507.5)(178.5, 507.5);SD
Port:(339.3, 424.9)(339.3, 504.0)(339.2, 504.0)(339.2, 523.6)(186.0, 523.6)(186.0, 424.9);GATE
Port:(326.7, 431.1)(334.1, 431.1)(334.1, 497.8)(326.7, 497.8);SD
Module:M15
Boundary:(420.8, 556.7)(420.8, 647.2)(420.7, 647.2)(420.7, 661.2)(247.8, 661.2)(247.8, 556.7);GATE
Port:(247.8, 570.4)(253.7, 570.4)(253.7, 647.5)(247.8, 647.5);SD
Port:(420.8, 556.7)(420.8, 647.2)(420.7, 647.2)(420.7, 661.2)(254.8, 661.2)(254.8, 556.7);GATE
Port:(408.7, 563.3)(415.2, 563.3)(415.2, 640.6)(408.7, 640.6);SD
Module:M12
Boundary:(538.9, 272.4)(538.9, 360.3)(433.3, 360.3)(433.3, 272.4);GATE
Port:(433.3, 286.4)(437.8, 286.4)(437.8, 346.3)(433.3, 346.3);SD
Port:(538.9, 272.4)(538.9, 360.3)(440.5, 360.3)(440.5, 272.4);GATE
Port:(528.1, 278.5)(533.8, 278.5)(533.8, 354.2)(528.1, 354.2);SD
Module:M8
Boundary:(544.0, 402.8)(544.0, 509.0)(543.6, 509.0)(543.6, 526.7)(369.3, 526.7)(369.3, 402.8);GATE
Port:(369.3, 416.9)(373.9, 416.9)(373.9, 512.6)(369.3, 512.6);SD
Port:(544.0, 402.8)(544.0, 509.0)(543.6, 509.0)(543.6, 526.7)(376.1, 526.7)(376.1, 402.8);GATE
Port:(532.7, 409.1)(538.7, 409.1)(538.7, 502.7)(532.7, 502.7);SD
Module:M4
Boundary:(20.0, 275.9)(117.9, 275.9)(117.9, 276.3)(134.3, 276.3)(134.3, 481.0)(20.0, 481.0);GATE
Port:(32.7, 476.9)(121.6, 476.9)(121.6, 481.0)(32.7, 481.0);SD
Port:(20.0, 275.9)(117.9, 275.9)(117.9, 276.3)(134.3, 276.3)(134.3, 475.8)(20.0, 475.8);GATE
Port:(25.1, 280.0)(112.8, 280.0)(112.8, 286.2)(25.1, 286.2);SD
