Area:(-30.0, -30.0)(453.1, -30.0)(453.1, 879.7)(-30.0, 879.7)
Rule:GATE(5,5);SD(5,5);GATE_SD(0.5);GATE_ITO(0.5);SD_ITO(0.5)
Module:M14
Boundary:(30.0, 145.8)(112.6, 145.8)(112.6, 145.9)(129.1, 145.9)(129.1, 337.6)(30.0, 337.6);GATE
Port:(43.4, 331.6)(115.7, 331.6)(115.7, 337.6)(43.4, 337.6);SD
Port:(30.0, 145.8)(112.6, 145.8)(112.6, 145.9)(129.1, 145.9)(129.1, 329.5)(30.0, 329.5);GATE
Port:(36.4, 151.2)(106.2, 151.2)(106.2, 155.8)(36.4, 155.8);SD
Module:M9
Boundary:(174.8, 10.0)(174.8, 89.8)(174.6, 89.8)(174.6, 105.8)(10.0, 105.8)(10.0, 10.0);GATE
Port:(10.0, 22.1)(14.4, 22.1)(14.4, 93.7)(10.0, 93.7);SD
Port:(174.8, 10.0)(174.8, 89.8)(174.6, 89.8)(174.6, 105.8)(16.1, 105.8)(16.1, 10.0);GATE
Port:(164.9, 15.5)(170.3, 15.5)(170.3, 84.3)(164.9, 84.3);SD
Module:M5
Boundary:(375.9, 471.4)(375.9, 520.9)(375.7, 520.9)(375.7, 536.2)(239.5, 536.2)(239.5, 471.4);GATE
Port:(239.5, 485.4)(245.4, 485.4)(245.4, 522.2)(239.5, 522.2);SD
Port:(375.9, 471.4)(375.9, 520.9)(375.7, 520.9)(375.7, 536.2)(247.7, 536.2)(247.7, 471.4);GATE
Port:(364.1, 477.9)(370.4, 477.9)(370.4, 514.4)(364.1, 514.4);SD
Module:M11
Boundary:(124.8, 707.1)(202.1, 707.1)(202.1, 707.3)(216.7, 707.3)(216.7, 832.9)(124.8, 832.9);GATE
Port:(138.4, 826.9)(203.1, 826.9)(203.1, 832.9)(138.4, 832.9);SD
Port:(124.8, 707.1)(202.1, 707.1)(202.1, 707.3)(216.7, 707.3)(216.7, 824.5)(124.8, 824.5);GATE
Port:(130.9, 712.2)(196.0, 712.2)(196.0, 718.1)(130.9, 718.1);SD
Module:M1
Boundary:(355.9, 586.2)(355.9, 667.1)(152.3, 667.1)(152.3, 586.2);GATE
Port:(152.3, 598.8)(157.9, 598.8)(157.9, 654.5)(152.3, 654.5);SD
Port:(355.9, 586.2)(355.9, 667.1)(160.6, 667.1)(160.6, 586.2);GATE
Port:(345.6, 591.4)(351.7, 591.4)(351.7, 661.9)(345.6, 661.9);SD
Module:M6
Boundary:(362.0, 266.4)(395.5, 266.4)(395.5, 266.6)(413.1, 266.6)(413.1, 397.1)(362.0, 397.1);GATE
Port:(375.3, 391.6)(399.8, 391.6)(399.8, 397.1)(375.3, 397.1);SD
Port:(362.0, 266.4)(395.5, 266.4)(395.5, 266.6)(413.1, 266.6)(413.1, 389.4)(362.0, 389.4);GATE
Port:(367.2, 270.6)(390.3, 270.6)(390.3, 276.5)(367.2, 276.5);SD
Module:M2
Boundary:(199.5, 441.4)(199.5, 520.3)(121.9, 520.3)(121.9, 441.4);GATE
Port:(121.9, 454.1)(126.2, 454.1)(126.2, 507.6)(121.9, 507.6);SD
Port:(199.5, 441.4)(199.5, 520.3)(128.7, 520.3)(128.7, 441.4);GATE
Port:(189.3, 446.7)(195.2, 446.7)(195.2, 515.0)(189.3, 515.0);SD
Module:M16
Boundary:(258.5, 266.4)(326.0, 266.4)(326.0, 266.6)(342.0, 266.6)(342.0, 441.4)(258.5, 441.4);GATE
Port:(273.2, 435.8)(327.3, 435.8)(327.3, 441.4)(273.2, 441.4);SD
Port:(258.5, 266.4)(326.0, 266.4)(326.0, 266.6)(342.0, 266.6)(342.0, 433.8)(258.5, 433.8);GATE
Port:(265.2, 272.1)(319.3, 272.1)(319.3, 278.2)(265.2, 278.2);SD
Module:M13
Boundary:(10.0, 682.7)(104.8, 682.7)(104.8, 839.7)(10.0, 839.7);GATE
Port:(23.0, 835.2)(91.8, 835.2)(91.8, 839.7)(23.0, 839.7);SD
Port:(10.0, 682.7)(104.8, 682.7)(104.8, 833.2)(10.0, 833.2);GATE
Port:(15.5, 687.2)(99.3, 687.2)(99.3, 693.6)(15.5, 693.6);SD
Module:M10
Boundary:(323.9, 10.0)(391.5, 10.0)(391.5, 10.2)(407.9, 10.2)(407.9, 112.0)(323.9, 112.0);GATE
Port:(338.1, 106.2)(393.7, 106.2)(393.7, 112.0)(338.1, 112.0);SD
Port:(323.9, 10.0)(391.5, 10.0)(391.5, 10.2)(407.9, 10.2)(407.9, 104.2)(323.9, 104.2);GATE
Port:(330.1, 15.2)(385.3, 15.2)(385.3, 21.2)(330.1, 21.2);SD
Module:M7
Boundary:(399.3, 717.1)(399.3, 828.4)(246.7, 828.4)(246.7, 717.1);GATE
Port:(246.7, 732.7)(250.8, 732.7)(250.8, 812.8)(246.7, 812.8);SD
Port:(399.3, 717.1)(399.3, 828.4)(252.2, 828.4)(252.2, 717.1);GATE
Port:(387.2, 723.9)(393.5, 723.9)(393.5, 821.6)(387.2, 821.6);SD
Module:M3
Boundary:(323.9, 132.0)(393.5, 132.0)(393.5, 132.4)(410.4, 132.4)(410.4, 246.4)(323.9, 246.4);GATE
Port:(338.5, 241.6)(395.8, 241.6)(395.8, 246.4)(338.5, 246.4);SD
Port:(323.9, 132.0)(393.5, 132.0)(393.5, 132.4)(410.4, 132.4)(410.4, 239.0)(323.9, 239.0);GATE
Port:(330.0, 137.1)(387.4, 137.1)(387.4, 143.2)(330.0, 143.2);SD
Module:M15
Boundary:(112.3, 577.3)(112.3, 662.7)(10.0, 662.7)(10.0, 577.3);GATE
Port:(10.0, 588.5)(15.9, 588.5)(15.9, 651.5)(10.0, 651.5);SD
Port:(112.3, 577.3)(112.3, 662.7)(18.4, 662.7)(18.4, 577.3);GATE
Port:(103.2, 582.8)(107.8, 582.8)(107.8, 657.2)(103.2, 657.2);SD
Module:M12
Boundary:(169.1, 233.0)(238.5, 233.0)(238.5, 411.4)(169.1, 411.4);GATE
Port:(184.8, 405.8)(222.8, 405.8)(222.8, 411.4)(184.8, 411.4);SD
Port:(169.1, 233.0)(238.5, 233.0)(238.5, 403.0)(169.1, 403.0);GATE
Port:(175.3, 238.2)(232.3, 238.2)(232.3, 246.2)(175.3, 246.2);SD
Module:M8
Boundary:(204.8, 20.0)(279.5, 20.0)(279.5, 20.0)(293.9, 20.0)(293.9, 203.0)(204.8, 203.0);GATE
Port:(217.2, 198.1)(281.5, 198.1)(281.5, 203.0)(217.2, 203.0);SD
Port:(204.8, 20.0)(279.5, 20.0)(279.5, 20.0)(293.9, 20.0)(293.9, 195.6)(204.8, 195.6);GATE
Port:(211.1, 25.3)(273.2, 25.3)(273.2, 30.2)(211.1, 30.2);SD
Module:M4
Boundary:(20.0, 387.6)(81.9, 387.6)(81.9, 547.3)(20.0, 547.3);GATE
Port:(34.2, 542.2)(67.7, 542.2)(67.7, 547.3)(34.2, 547.3);SD
Port:(20.0, 387.6)(81.9, 387.6)(81.9, 539.5)(20.0, 539.5);GATE
Port:(26.8, 393.4)(75.1, 393.4)(75.1, 400.2)(26.8, 400.2);SD
