Area:(-30.0, -30.0)(403.8, -30.0)(403.8, 953.3)(-30.0, 953.3)
Rule:GATE(5,5);SD(5,5);GATE_SD(0.5);GATE_ITO(0.5);SD_ITO(0.5)
Module:M14
Boundary:(249.9, 721.6)(249.9, 765.3)(152.0, 765.3)(152.0, 721.6);GATE
Port:(152.0, 733.3)(156.1, 733.3)(156.1, 753.6)(152.0, 753.6);SD
Port:(249.9, 721.6)(249.9, 765.3)(157.4, 765.3)(157.4, 721.6);GATE
Port:(239.7, 728.4)(244.1, 728.4)(244.1, 758.5)(239.7, 758.5);SD
Module:M9
Boundary:(281.4, 396.6)(362.7, 396.6)(362.7, 528.0)(281.4, 528.0);GATE
Port:(294.2, 522.3)(349.9, 522.3)(349.9, 528.0)(294.2, 528.0);SD
Port:(281.4, 396.6)(362.7, 396.6)(362.7, 521.2)(281.4, 521.2);GATE
Port:(287.9, 402.1)(356.2, 402.1)(356.2, 406.5)(287.9, 406.5);SD
Module:M5
Boundary:(251.4, 498.3)(251.4, 579.6)(112.8, 579.6)(112.8, 498.3);GATE
Port:(112.8, 510.8)(118.2, 510.8)(118.2, 567.1)(112.8, 567.1);SD
Port:(251.4, 498.3)(251.4, 579.6)(120.8, 579.6)(120.8, 498.3);GATE
Port:(242.2, 504.1)(246.6, 504.1)(246.6, 573.8)(242.2, 573.8);SD
Module:M11
Boundary:(10.0, 488.3)(64.7, 488.3)(64.7, 488.5)(82.8, 488.5)(82.8, 688.4)(10.0, 688.4);GATE
Port:(24.9, 683.7)(67.9, 683.7)(67.9, 688.4)(24.9, 688.4);SD
Port:(10.0, 488.3)(64.7, 488.3)(64.7, 488.5)(82.8, 488.5)(82.8, 682.2)(10.0, 682.2);GATE
Port:(15.1, 492.4)(59.6, 492.4)(59.6, 500.0)(15.1, 500.0);SD
Module:M1
Boundary:(30.0, 30.0)(109.2, 30.0)(109.2, 30.4)(123.7, 30.4)(123.7, 188.9)(30.0, 188.9);GATE
Port:(44.8, 184.5)(108.9, 184.5)(108.9, 188.9)(44.8, 188.9);SD
Port:(30.0, 30.0)(109.2, 30.0)(109.2, 30.4)(123.7, 30.4)(123.7, 181.9)(30.0, 181.9);GATE
Port:(36.8, 35.8)(102.4, 35.8)(102.4, 43.0)(36.8, 43.0);SD
Module:M6
Boundary:(299.0, 10.0)(334.9, 10.0)(334.9, 10.0)(349.7, 10.0)(349.7, 147.2)(299.0, 147.2);GATE
Port:(313.4, 142.2)(335.3, 142.2)(335.3, 147.2)(313.4, 147.2);SD
Port:(299.0, 10.0)(334.9, 10.0)(334.9, 10.0)(349.7, 10.0)(349.7, 141.1)(299.0, 141.1);GATE
Port:(306.0, 16.0)(327.9, 16.0)(327.9, 22.4)(306.0, 22.4);SD
Module:M2
Boundary:(254.8, 619.6)(254.8, 671.6)(112.8, 671.6)(112.8, 619.6);GATE
Port:(112.8, 633.4)(118.2, 633.4)(118.2, 657.8)(112.8, 657.8);SD
Port:(254.8, 619.6)(254.8, 671.6)(119.3, 671.6)(119.3, 619.6);GATE
Port:(244.1, 625.1)(250.3, 625.1)(250.3, 666.1)(244.1, 666.1);SD
Module:M16
Boundary:(266.2, 167.2)(347.9, 167.2)(347.9, 167.7)(363.8, 167.7)(363.8, 376.6)(266.2, 376.6);GATE
Port:(279.6, 371.9)(350.4, 371.9)(350.4, 376.6)(279.6, 376.6);SD
Port:(266.2, 167.2)(347.9, 167.2)(347.9, 167.7)(363.8, 167.7)(363.8, 370.7)(266.2, 370.7);GATE
Port:(272.0, 172.0)(342.1, 172.0)(342.1, 177.8)(272.0, 177.8);SD
Module:M13
Boundary:(352.6, 805.3)(352.6, 898.9)(352.1, 898.9)(352.1, 913.3)(132.0, 913.3)(132.0, 805.3);GATE
Port:(132.0, 820.2)(136.4, 820.2)(136.4, 898.4)(132.0, 898.4);SD
Port:(352.6, 805.3)(352.6, 898.9)(352.1, 898.9)(352.1, 913.3)(138.7, 913.3)(138.7, 805.3);GATE
Port:(339.4, 812.0)(346.9, 812.0)(346.9, 892.2)(339.4, 892.2);SD
Module:M10
Boundary:(163.7, 10.0)(262.4, 10.0)(262.4, 10.4)(279.0, 10.4)(279.0, 122.9)(163.7, 122.9);GATE
Port:(176.7, 117.3)(266.0, 117.3)(266.0, 122.9)(176.7, 122.9);SD
Port:(163.7, 10.0)(262.4, 10.0)(262.4, 10.4)(279.0, 10.4)(279.0, 115.7)(163.7, 115.7);GATE
Port:(168.8, 14.1)(257.3, 14.1)(257.3, 19.6)(168.8, 19.6);SD
Module:M7
Boundary:(20.0, 308.1)(132.3, 308.1)(132.3, 458.3)(20.0, 458.3);GATE
Port:(34.9, 453.2)(117.4, 453.2)(117.4, 458.3)(34.9, 458.3);SD
Port:(20.0, 308.1)(132.3, 308.1)(132.3, 451.1)(20.0, 451.1);GATE
Port:(25.6, 312.7)(126.7, 312.7)(126.7, 319.5)(25.6, 319.5);SD
Module:M3
Boundary:(163.7, 142.9)(246.2, 142.9)(246.2, 265.4)(163.7, 265.4);GATE
Port:(178.3, 259.9)(231.6, 259.9)(231.6, 265.4)(178.3, 265.4);SD
Port:(163.7, 142.9)(246.2, 142.9)(246.2, 257.8)(163.7, 257.8);GATE
Port:(170.2, 148.4)(239.7, 148.4)(239.7, 155.6)(170.2, 155.6);SD
Module:M15
Boundary:(163.7, 285.4)(228.1, 285.4)(228.1, 285.8)(243.7, 285.8)(243.7, 456.0)(163.7, 456.0);GATE
Port:(177.0, 451.5)(230.4, 451.5)(230.4, 456.0)(177.0, 456.0);SD
Port:(163.7, 285.4)(228.1, 285.4)(228.1, 285.8)(243.7, 285.8)(243.7, 449.7)(163.7, 449.7);GATE
Port:(169.1, 289.8)(222.7, 289.8)(222.7, 296.4)(169.1, 296.4);SD
Module:M12
Boundary:(133.4, 228.9)(133.4, 278.1)(10.0, 278.1)(10.0, 228.9);GATE
Port:(10.0, 242.1)(15.2, 242.1)(15.2, 264.9)(10.0, 264.9);SD
Port:(133.4, 228.9)(133.4, 278.1)(17.2, 278.1)(17.2, 228.9);GATE
Port:(123.2, 234.1)(129.2, 234.1)(129.2, 272.9)(123.2, 272.9);SD
Module:M8
Boundary:(20.0, 718.4)(102.0, 718.4)(102.0, 899.1)(20.0, 899.1);GATE
Port:(33.7, 893.4)(88.3, 893.4)(88.3, 899.1)(33.7, 899.1);SD
Port:(20.0, 718.4)(102.0, 718.4)(102.0, 891.3)(20.0, 891.3);GATE
Port:(26.4, 723.8)(95.6, 723.8)(95.6, 729.8)(26.4, 729.8);SD
Module:M4
Boundary:(299.9, 558.0)(350.4, 558.0)(350.4, 761.4)(299.9, 761.4);GATE
Port:(313.3, 757.1)(337.0, 757.1)(337.0, 761.4)(313.3, 761.4);SD
Port:(299.9, 558.0)(350.4, 558.0)(350.4, 755.3)(299.9, 755.3);GATE
Port:(306.1, 563.2)(344.2, 563.2)(344.2, 568.6)(306.1, 568.6);SD
