Area:(-30.0, -30.0)(364.0, -30.0)(364.0, 1017.3)(-30.0, 1017.3)
Rule:GATE(5,5);SD(5,5);GATE_SD(0.5);GATE_ITO(0.5);SD_ITO(0.5)
Module:M14
Boundary:(212.3, 478.4)(212.3, 572.2)(120.7, 572.2)(120.7, 478.4);GATE
Port:(120.7, 492.0)(125.1, 492.0)(125.1, 558.6)(120.7, 558.6);SD
Port:(212.3, 478.4)(212.3, 572.2)(126.8, 572.2)(126.8, 478.4);GATE
Port:(201.2, 483.8)(207.9, 483.8)(207.9, 566.8)(201.2, 566.8);SD
Module:M9
Boundary:(237.2, 902.0)(237.2, 962.8)(236.9, 962.8)(236.9, 977.3)(10.0, 977.3)(10.0, 902.0);GATE
Port:(10.0, 914.8)(15.1, 914.8)(15.1, 964.5)(10.0, 964.5);SD
Port:(237.2, 902.0)(237.2, 962.8)(236.9, 962.8)(236.9, 977.3)(17.6, 977.3)(17.6, 902.0);GATE
Port:(226.4, 907.5)(232.7, 907.5)(232.7, 957.3)(226.4, 957.3);SD
Module:M5
Boundary:(150.6, 627.6)(150.6, 689.2)(20.0, 689.2)(20.0, 627.6);GATE
Port:(20.0, 640.2)(24.2, 640.2)(24.2, 676.6)(20.0, 676.6);SD
Port:(150.6, 627.6)(150.6, 689.2)(25.4, 689.2)(25.4, 627.6);GATE
Port:(140.7, 634.1)(145.1, 634.1)(145.1, 682.7)(140.7, 682.7);SD
Module:M11
Boundary:(299.4, 357.2)(299.4, 421.9)(299.2, 421.9)(299.2, 438.4)(138.4, 438.4)(138.4, 357.2);GATE
Port:(138.4, 370.0)(144.3, 370.0)(144.3, 425.6)(138.4, 425.6);SD
Port:(299.4, 357.2)(299.4, 421.9)(299.2, 421.9)(299.2, 438.4)(145.9, 438.4)(145.9, 357.2);GATE
Port:(289.9, 362.3)(295.3, 362.3)(295.3, 416.8)(289.9, 416.8);SD
Module:M1
Boundary:(114.9, 742.3)(201.0, 742.3)(201.0, 742.7)(218.0, 742.7)(218.0, 860.2)(114.9, 860.2);GATE
Port:(129.1, 855.8)(203.8, 855.8)(203.8, 860.2)(129.1, 860.2);SD
Port:(114.9, 742.3)(201.0, 742.3)(201.0, 742.7)(218.0, 742.7)(218.0, 853.9)(114.9, 853.9);GATE
Port:(120.9, 747.3)(195.0, 747.3)(195.0, 753.4)(120.9, 753.4);SD
Module:M6
Boundary:(258.0, 722.3)(323.4, 722.3)(323.4, 925.5)(258.0, 925.5);GATE
Port:(270.7, 919.6)(310.7, 919.6)(310.7, 925.5)(270.7, 925.5);SD
Port:(258.0, 722.3)(323.4, 722.3)(323.4, 916.6)(258.0, 916.6);GATE
Port:(263.6, 726.9)(317.8, 726.9)(317.8, 732.7)(263.6, 732.7);SD
Module:M2
Boundary:(180.3, 20.0)(212.0, 20.0)(212.0, 20.2)(228.3, 20.2)(228.3, 229.4)(180.3, 229.4);GATE
Port:(192.7, 224.3)(215.9, 224.3)(215.9, 229.4)(192.7, 229.4);SD
Port:(180.3, 20.0)(212.0, 20.0)(212.0, 20.2)(228.3, 20.2)(228.3, 221.7)(180.3, 221.7);GATE
Port:(186.2, 24.9)(206.1, 24.9)(206.1, 29.3)(186.2, 29.3);SD
Module:M16
Boundary:(252.3, 458.4)(306.0, 458.4)(306.0, 458.7)(324.0, 458.7)(324.0, 552.6)(252.3, 552.6);GATE
Port:(266.6, 547.5)(309.7, 547.5)(309.7, 552.6)(266.6, 552.6);SD
Port:(252.3, 458.4)(306.0, 458.4)(306.0, 458.7)(324.0, 458.7)(324.0, 546.1)(252.3, 546.1);GATE
Port:(257.9, 463.0)(300.4, 463.0)(300.4, 469.5)(257.9, 469.5);SD
Module:M13
Boundary:(10.0, 719.2)(74.9, 719.2)(74.9, 882.0)(10.0, 882.0);GATE
Port:(23.5, 877.3)(61.4, 877.3)(61.4, 882.0)(23.5, 882.0);SD
Port:(10.0, 719.2)(74.9, 719.2)(74.9, 874.7)(10.0, 874.7);GATE
Port:(16.0, 724.2)(68.9, 724.2)(68.9, 730.4)(16.0, 730.4);SD
Module:M10
Boundary:(313.7, 259.4)(313.7, 322.6)(313.5, 322.6)(313.5, 337.2)(170.3, 337.2)(170.3, 259.4);GATE
Port:(170.3, 273.3)(176.1, 273.3)(176.1, 323.3)(170.3, 323.3);SD
Port:(313.7, 259.4)(313.7, 322.6)(313.5, 322.6)(313.5, 337.2)(178.3, 337.2)(178.3, 259.4);GATE
Port:(301.6, 265.2)(308.9, 265.2)(308.9, 316.8)(301.6, 316.8);SD
Module:M7
Boundary:(20.0, 424.2)(53.7, 424.2)(53.7, 424.3)(70.7, 424.3)(70.7, 587.6)(20.0, 587.6);GATE
Port:(33.4, 582.8)(57.3, 582.8)(57.3, 587.6)(33.4, 587.6);SD
Port:(20.0, 424.2)(53.7, 424.2)(53.7, 424.3)(70.7, 424.3)(70.7, 580.3)(20.0, 580.3);GATE
Port:(25.5, 428.7)(48.2, 428.7)(48.2, 435.0)(25.5, 435.0);SD
Module:M3
Boundary:(322.1, 612.2)(322.1, 684.7)(321.8, 684.7)(321.8, 702.3)(180.6, 702.3)(180.6, 612.2);GATE
Port:(180.6, 627.4)(186.3, 627.4)(186.3, 687.1)(180.6, 687.1);SD
Port:(322.1, 612.2)(322.1, 684.7)(321.8, 684.7)(321.8, 702.3)(187.5, 702.3)(187.5, 612.2);GATE
Port:(310.2, 618.4)(316.9, 618.4)(316.9, 678.5)(310.2, 678.5);SD
Module:M15
Boundary:(150.3, 10.0)(150.3, 140.8)(10.0, 140.8)(10.0, 10.0);GATE
Port:(10.0, 24.4)(14.0, 24.4)(14.0, 126.4)(10.0, 126.4);SD
Port:(150.3, 10.0)(150.3, 140.8)(15.7, 140.8)(15.7, 10.0);GATE
Port:(139.3, 15.3)(146.0, 15.3)(146.0, 135.5)(139.3, 135.5);SD
Module:M12
Boundary:(258.3, 10.0)(321.0, 10.0)(321.0, 234.2)(258.3, 234.2);GATE
Port:(270.9, 228.8)(308.4, 228.8)(308.4, 234.2)(270.9, 234.2);SD
Port:(258.3, 10.0)(321.0, 10.0)(321.0, 226.0)(258.3, 226.0);GATE
Port:(264.5, 15.2)(314.8, 15.2)(314.8, 20.2)(264.5, 20.2);SD
Module:M8
Boundary:(20.0, 170.8)(139.0, 170.8)(139.0, 263.1)(20.0, 263.1);GATE
Port:(33.0, 258.3)(126.0, 258.3)(126.0, 263.1)(33.0, 263.1);SD
Port:(20.0, 170.8)(139.0, 170.8)(139.0, 257.2)(20.0, 257.2);GATE
Port:(25.3, 175.1)(133.7, 175.1)(133.7, 180.6)(25.3, 180.6);SD
Module:M4
Boundary:(108.4, 303.1)(108.4, 368.2)(108.4, 368.2)(108.4, 384.2)(20.0, 384.2)(20.0, 303.1);GATE
Port:(20.0, 316.0)(25.4, 316.0)(25.4, 371.3)(20.0, 371.3);SD
Port:(108.4, 303.1)(108.4, 368.2)(108.4, 368.2)(108.4, 384.2)(26.4, 384.2)(26.4, 303.1);GATE
Port:(98.3, 308.4)(104.1, 308.4)(104.1, 362.9)(98.3, 362.9);SD
