Area:(-30.0, -30.0)(606.7, -30.0)(606.7, 621.1)(-30.0, 621.1)
Rule:GATE(5,5);SD(5,5);GATE_SD(0.5);GATE_ITO(0.5);SD_ITO(0.5)
Module:M14
Boundary:(478.2, 272.7)(553.1, 272.7)(553.1, 435.5)(478.2, 435.5);GATE
Port:(493.7, 429.7)(537.6, 429.7)(537.6, 435.5)(493.7, 435.5);SD
Port:(478.2, 272.7)(553.1, 272.7)(553.1, 428.6)(478.2, 428.6);GATE
Port:(484.7, 278.2)(546.6, 278.2)(546.6, 285.0)(484.7, 285.0);SD
Module:M9
Boundary:(324.3, 339.4)(324.3, 429.0)(324.1, 429.0)(324.1, 443.1)(155.8, 443.1)(155.8, 339.4);GATE
Port:(155.8, 353.0)(161.5, 353.0)(161.5, 429.5)(155.8, 429.5);SD
Port:(324.3, 339.4)(324.3, 429.0)(324.1, 429.0)(324.1, 443.1)(163.0, 443.1)(163.0, 339.4);GATE
Port:(312.3, 345.2)(319.5, 345.2)(319.5, 423.2)(312.3, 423.2);SD
Module:M5
Boundary:(20.0, 453.0)(104.7, 453.0)(104.7, 453.3)(121.2, 453.3)(121.2, 576.5)(20.0, 576.5);GATE
Port:(34.0, 571.3)(107.2, 571.3)(107.2, 576.5)(34.0, 576.5);SD
Port:(20.0, 453.0)(104.7, 453.0)(104.7, 453.3)(121.2, 453.3)(121.2, 569.5)(20.0, 569.5);GATE
Port:(26.1, 458.1)(98.6, 458.1)(98.6, 463.9)(26.1, 463.9);SD
Module:M11
Boundary:(163.2, 10.0)(254.6, 10.0)(254.6, 10.1)(269.3, 10.1)(269.3, 106.2)(163.2, 106.2);GATE
Port:(176.5, 100.3)(256.0, 100.3)(256.0, 106.2)(176.5, 106.2);SD
Port:(163.2, 10.0)(254.6, 10.0)(254.6, 10.1)(269.3, 10.1)(269.3, 98.0)(163.2, 98.0);GATE
Port:(169.0, 14.8)(248.8, 14.8)(248.8, 21.3)(169.0, 21.3);SD
Module:M1
Boundary:(30.0, 30.0)(104.1, 30.0)(104.1, 30.0)(123.2, 30.0)(123.2, 224.9)(30.0, 224.9);GATE
Port:(44.1, 219.1)(109.1, 219.1)(109.1, 224.9)(44.1, 224.9);SD
Port:(30.0, 30.0)(104.1, 30.0)(104.1, 30.0)(123.2, 30.0)(123.2, 216.7)(30.0, 216.7);GATE
Port:(35.7, 34.7)(98.4, 34.7)(98.4, 40.7)(35.7, 40.7);SD
Module:M6
Boundary:(289.3, 10.0)(366.0, 10.0)(366.0, 93.8)(289.3, 93.8);GATE
Port:(302.7, 88.9)(352.6, 88.9)(352.6, 93.8)(302.7, 93.8);SD
Port:(289.3, 10.0)(366.0, 10.0)(366.0, 87.5)(289.3, 87.5);GATE
Port:(294.8, 14.5)(360.5, 14.5)(360.5, 21.4)(294.8, 21.4);SD
Module:M2
Boundary:(355.8, 156.4)(428.2, 156.4)(428.2, 370.4)(355.8, 370.4);GATE
Port:(371.3, 364.6)(412.7, 364.6)(412.7, 370.4)(371.3, 370.4);SD
Port:(355.8, 156.4)(428.2, 156.4)(428.2, 362.7)(355.8, 362.7);GATE
Port:(362.4, 162.0)(421.6, 162.0)(421.6, 168.7)(362.4, 168.7);SD
Module:M16
Boundary:(563.7, 475.5)(563.7, 577.7)(454.8, 577.7)(454.8, 475.5);GATE
Port:(454.8, 489.3)(460.8, 489.3)(460.8, 563.9)(454.8, 563.9);SD
Port:(563.7, 475.5)(563.7, 577.7)(462.2, 577.7)(462.2, 475.5);GATE
Port:(553.1, 482.4)(557.8, 482.4)(557.8, 570.8)(553.1, 570.8);SD
Module:M13
Boundary:(314.7, 238.8)(314.7, 303.5)(314.4, 303.5)(314.4, 319.4)(170.2, 319.4)(170.2, 238.8);GATE
Port:(170.2, 251.3)(174.4, 251.3)(174.4, 306.9)(170.2, 306.9);SD
Port:(314.7, 238.8)(314.7, 303.5)(314.4, 303.5)(314.4, 319.4)(176.0, 319.4)(176.0, 238.8);GATE
Port:(304.4, 245.3)(309.2, 245.3)(309.2, 297.0)(304.4, 297.0);SD
Module:M10
Boundary:(386.0, 10.0)(438.4, 10.0)(438.4, 10.4)(455.7, 10.4)(455.7, 126.4)(386.0, 126.4);GATE
Port:(400.4, 120.7)(441.3, 120.7)(441.3, 126.4)(400.4, 126.4);SD
Port:(386.0, 10.0)(438.4, 10.0)(438.4, 10.4)(455.7, 10.4)(455.7, 119.0)(386.0, 119.0);GATE
Port:(391.1, 14.1)(433.3, 14.1)(433.3, 21.1)(391.1, 21.1);SD
Module:M7
Boundary:(485.7, 20.0)(550.1, 20.0)(550.1, 20.3)(566.7, 20.3)(566.7, 222.7)(485.7, 222.7);GATE
Port:(498.2, 218.3)(554.2, 218.3)(554.2, 222.7)(498.2, 222.7);SD
Port:(485.7, 20.0)(550.1, 20.0)(550.1, 20.3)(566.7, 20.3)(566.7, 216.9)(485.7, 216.9);GATE
Port:(490.7, 24.0)(545.1, 24.0)(545.1, 29.5)(490.7, 29.5);SD
Module:M3
Boundary:(150.2, 264.9)(150.2, 313.3)(10.0, 313.3)(10.0, 264.9);GATE
Port:(10.0, 277.7)(14.3, 277.7)(14.3, 300.5)(10.0, 300.5);SD
Port:(150.2, 264.9)(150.2, 313.3)(16.6, 313.3)(16.6, 264.9);GATE
Port:(140.7, 270.4)(145.7, 270.4)(145.7, 307.8)(140.7, 307.8);SD
Module:M15
Boundary:(358.5, 400.4)(419.4, 400.4)(419.4, 400.8)(434.8, 400.8)(434.8, 558.3)(358.5, 558.3);GATE
Port:(370.3, 552.8)(423.0, 552.8)(423.0, 558.3)(370.3, 558.3);SD
Port:(358.5, 400.4)(419.4, 400.4)(419.4, 400.8)(434.8, 400.8)(434.8, 550.3)(358.5, 550.3);GATE
Port:(363.8, 404.7)(414.1, 404.7)(414.1, 409.4)(363.8, 409.4);SD
Module:M12
Boundary:(338.5, 463.1)(338.5, 564.5)(338.0, 564.5)(338.0, 581.1)(151.2, 581.1)(151.2, 463.1);GATE
Port:(151.2, 476.9)(156.6, 476.9)(156.6, 567.3)(151.2, 567.3);SD
Port:(338.5, 463.1)(338.5, 564.5)(338.0, 564.5)(338.0, 581.1)(158.7, 581.1)(158.7, 463.1);GATE
Port:(327.2, 469.3)(333.3, 469.3)(333.3, 558.3)(327.2, 558.3);SD
Module:M8
Boundary:(125.8, 343.3)(125.8, 413.0)(20.0, 413.0)(20.0, 343.3);GATE
Port:(20.0, 357.1)(24.4, 357.1)(24.4, 399.2)(20.0, 399.2);SD
Port:(125.8, 343.3)(125.8, 413.0)(26.9, 413.0)(26.9, 343.3);GATE
Port:(115.3, 349.9)(120.2, 349.9)(120.2, 406.4)(115.3, 406.4);SD
Module:M4
Boundary:(315.8, 136.2)(315.8, 189.9)(315.8, 189.9)(315.8, 208.8)(173.2, 208.8)(173.2, 136.2);GATE
Port:(173.2, 149.8)(177.9, 149.8)(177.9, 195.2)(173.2, 195.2);SD
Port:(315.8, 136.2)(315.8, 189.9)(315.8, 189.9)(315.8, 208.8)(179.8, 208.8)(179.8, 136.2);GATE
Port:(305.6, 141.5)(311.5, 141.5)(311.5, 184.6)(305.6, 184.6);SD
